38 38 38 38 38 38 38 38 39 39 39 39 39 39 39 39 38 38 38 38 38 38 38 38 38 36 35 35 35 35 35 35 35 35 34 34 34 33 39 39 39 39 39 39 39 39 39 39 39 39 38 38 38 38 38 38 38 38 38 38 38 36 36 36 35 35 35 35 35 35 35 35 34 34 34 34 33 33 39 39 39 39 39 39 39 39 39 39 39 39 39 38 38 38 38 38 38 38 38 38 38 37 37 36 36 36 36 36 36 35 35 35 35 35 35 35 35 34 34 34 34 34 33 33 33 33 32 32 40 40 39 39 39 39 39 39 39 39 39 39 39 39 39 39 39 38 38 38 38 38 38 38 38 38 38 38 38 37 37 36 36 36 36 36 36 36 36 36 36 35 35 35 35 35 35 35 35 34 34 34 34 34 34 34 34 34 33 33 33 33 33 33 33 33 32 32 32 32 40 40 39 39 39 39 39 39 39 39 39 39 39 39 39 39 39 38 38 38 38 38 38 38 38 38 38 38 38 37 37 37 37 37 37 37 36 36 36 36 36 36 36 36 36 36 36 35 35 35 35 35 35 35 35 35 34 34 34 34 34 34 34 34 34 34 33 33 33 33 33 33 33 33 33 33 32 32 32 32 40 40 39 39 39 39 39 39 39 39 39 39 39 39 39 39 39 38 38 38 38 38 38 38 38 38 38 38 37 37 37 37 37 37 37 37 37 37 37 37 36 36 36 36 36 36 36 36 36 36 36 35 35 35 35 35 35 35 35 34 34 34 34 34 34 34 34 34 34 34 33 33 33 33 33 33 33 33 33 33 32 32 32 32 32 32 40 39 39 39 39 39 39 39 39 39 39 39 39 39 39 39 38 38 38 38 38 38 38 38 38 38 38 37 37 37 37 37 37 37 37 37 37 37 37 36 36 36 36 36 36 36 36 36 36 36 35 35 35 35 35 35 35 35 34 34 34 34 34 34 34 34 34 34 34 33 33 33 33 33 33 33 33 33 32 32 32 32 32 32 32 32 32 40 40 40 40 39 39 39 39 39 39 39 39 39 39 39 39 39 39 38 38 38 38 38 38 38 38 38 38 38 38 37 37 37 37 37 37 37 37 37 37 37 37 36 36 36 36 36 36 36 36 36 36 36 35 35 35 35 35 35 35 35 34 34 34 34 34 34 34 34 34 34 33 33 33 33 33 33 33 33 33 32 32 32 32 32 32 32 32 32 32 31 31 40 40 40 40 40 40 39 39 39 39 39 39 39 39 39 39 39 39 39 39 38 38 38 38 38 38 38 38 38 38 38 38 37 37 37 37 37 37 37 37 37 37 37 37 36 36 36 36 36 36 36 36 36 36 35 35 35 35 35 35 35 35 35 34 34 34 34 34 34 34 34 34 34 33 33 33 33 33 33 33 33 33 33 32 32 32 32 32 32 32 32 32 31 40 40 40 40 40 40 40 40 40 39 39 39 39 39 39 39 39 39 39 39 39 39 39 39 38 38 38 38 38 38 38 38 38 38 38 37 37 37 37 37 37 37 37 37 37 37 37 36 36 36 36 36 36 36 36 36 36 36 35 35 35 35 35 35 35 35 34 34 34 34 34 34 34 34 34 34 34 33 33 33 33 33 33 33 33 33 32 32 32 32 32 32 32 32 32 31 31 31 40 40 40 40 40 40 40 40 40 39 39 39 39 39 39 39 39 39 39 39 39 39 39 39 38 38 38 38 38 38 38 38 38 38 38 38 37 37 37 37 37 37 37 37 37 37 37 36 36 36 36 36 36 36 36 36 36 36 35 35 35 35 35 35 35 35 35 34 34 34 34 34 34 34 34 34 34 33 33 33 33 33 33 33 33 33 32 32 32 32 32 32 32 32 32 31 31 31 31 31 40 40 40 40 40 40 40 40 40 40 40 39 39 39 39 39 39 39 39 39 39 39 39 39 39 38 38 38 38 38 38 38 38 38 38 38 38 37 37 37 37 37 37 37 37 37 37 37 37 36 36 36 36 36 36 36 36 36 36 36 35 35 35 35 35 35 35 35 34 34 34 34 34 34 34 34 34 34 33 33 33 33 33 33 33 33 33 32 32 32 32 32 32 32 32 32 32 31 31 31 31 31 40 40 40 40 40 40 40 40 40 40 40 40 39 39 39 39 39 39 39 39 39 39 39 39 39 39 38 38 38 38 38 38 38 38 38 38 38 38 38 37 37 37 37 37 37 37 37 37 37 37 36 36 36 36 36 36 36 36 36 36 36 35 35 35 35 35 35 35 35 34 34 34 34 34 34 34 34 34 34 33 33 33 33 33 33 33 33 33 32 32 32 32 32 32 32 32 32 32 31 31 31 31 31 41 40 40 40 40 40 40 40 40 40 40 40 40 40 39 39 39 39 39 39 39 39 39 39 39 39 39 39 39 38 38 38 38 38 38 38 38 38 38 38 38 37 37 37 37 37 37 37 37 37 37 37 36 36 36 36 36 36 36 36 36 36 36 35 35 35 35 35 35 35 35 34 34 34 34 34 34 34 34 34 34 33 33 33 33 33 33 33 33 33 33 32 32 32 32 32 32 32 32 32 31 31 31 31 31 31 31 41 41 40 40 40 40 40 40 40 40 40 40 40 40 40 39 39 39 39 39 39 39 39 39 39 39 39 39 39 39 39 38 38 38 38 38 38 38 38 38 38 38 37 37 37 37 37 37 37 37 37 37 37 37 36 36 36 36 36 36 36 36 36 36 35 35 35 35 35 35 35 35 34 34 34 34 34 34 34 34 34 34 33 33 33 33 33 33 33 33 33 33 32 32 32 32 32 32 32 32 32 32 31 31 31 31 31 31 31 41 41 41 41 41 41 40 40 40 40 40 40 40 40 40 40 40 40 40 40 39 39 39 39 39 39 39 39 39 39 39 39 39 39 39 38 38 38 38 38 38 38 38 38 38 38 38 37 37 37 37 37 37 37 37 37 37 37 36 36 36 36 36 36 36 36 36 36 35 35 35 35 35 35 35 35 34 34 34 34 34 34 34 34 34 34 33 33 33 33 33 33 33 33 33 33 32 32 32 32 32 32 32 32 32 32 31 31 31 31 31 31 31 31 43 43 43 41 41 41 41 41 41 41 41 41 41 41 41 41 40 40 40 40 40 40 40 40 40 40 40 40 40 39 39 39 39 39 39 39 39 39 39 39 39 39 39 39 38 38 38 38 38 38 38 38 38 38 38 38 37 37 37 37 37 37 37 37 37 37 37 36 36 36 36 36 36 36 36 36 36 36 35 35 35 35 35 35 35 34 34 34 34 34 34 34 34 34 34 34 33 33 33 33 33 33 33 33 33 32 32 32 32 32 32 32 32 32 32 31 31 31 31 31 31 31 31 43 43 43 43 43 43 42 42 42 41 41 41 41 41 41 41 41 41 41 41 41 41 40 40 40 40 40 40 40 40 40 40 40 40 40 39 39 39 39 39 39 39 39 39 39 39 39 39 39 39 39 38 38 38 38 38 38 38 38 38 38 38 37 37 37 37 37 37 37 37 37 37 37 37 36 36 36 36 36 36 36 36 36 36 35 35 35 35 35 35 35 35 34 34 34 34 34 34 34 34 34 34 33 33 33 33 33 33 33 33 33 33 32 32 32 32 32 32 32 32 32 31 31 31 31 31 31 31 31 43 43 43 43 43 43 43 42 42 42 42 42 42 41 41 41 41 41 41 41 41 41 41 41 41 41 40 40 40 40 40 40 40 40 40 40 40 40 40 39 39 39 39 39 39 39 39 39 39 39 39 39 39 39 39 38 38 38 38 38 38 38 38 38 38 38 38 37 37 37 37 37 37 37 37 37 37 37 36 36 36 36 36 36 36 36 36 36 35 35 35 35 35 35 35 35 34 34 34 34 34 34 34 34 34 34 34 33 33 33 33 33 33 33 33 33 32 32 32 32 32 32 32 32 32 31 31 31 31 31 31 31 31 31 43 43 43 43 43 43 43 43 42 42 42 42 42 42 42 41 41 41 41 41 41 41 41 41 41 41 41 41 40 40 40 40 40 40 40 40 40 40 40 40 40 39 39 39 40 39 39 39 39 39 39 39 39 39 39 39 39 38 38 38 38 38 38 38 38 38 38 38 38 37 37 37 37 37 37 37 37 37 37 37 36 36 36 36 36 36 36 36 36 35 35 35 35 35 35 35 35 35 34 34 34 34 34 34 34 34 34 34 34 33 33 33 33 33 33 33 33 33 32 32 32 32 32 32 32 32 32 32 31 31 31 31 31 31 31 31 31 44 43 43 43 43 43 43 43 43 43 42 42 42 42 42 42 41 41 41 41 41 41 41 41 41 41 41 41 41 40 40 40 40 40 40 40 40 40 40 40 40 40 40 39 39 40 39 39 39 39 39 39 39 39 39 39 39 39 38 38 38 38 38 38 38 38 38 38 38 38 37 37 37 37 37 37 37 37 37 37 37 36 36 36 36 36 36 36 36 36 35 35 35 35 35 35 35 35 35 35 34 34 34 34 34 34 34 34 34 34 33 33 33 33 33 33 33 33 33 33 32 32 32 32 32 32 32 32 32 31 31 31 31 31 31 31 31 44 43 43 43 43 43 43 43 43 43 43 43 43 43 43 42 42 42 42 42 42 42 42 42 42 42 41 41 41 41 41 41 41 41 41 41 41 41 41 40 40 40 40 40 40 40 40 40 40 40 40 40 39 39 40 39 39 39 39 39 39 39 39 39 39 39 39 39 38 38 38 38 38 38 38 38 38 38 38 38 37 37 37 37 37 37 37 37 37 37 36 36 36 36 36 36 36 36 36 36 35 35 35 35 35 35 35 35 35 34 34 34 34 34 34 34 34 34 34 34 33 33 33 33 33 33 33 33 33 32 32 32 32 32 32 32 32 32 31 31 31 31 31 31 31 31 31 44 43 43 43 43 43 43 43 43 43 43 43 43 43 43 43 43 43 42 42 42 42 42 42 42 42 42 42 42 42 42 42 42 41 41 41 41 41 41 41 41 41 41 41 41 41 40 40 40 40 40 40 40 40 40 40 40 40 40 39 39 40 39 39 39 39 39 39 39 39 39 39 39 39 39 38 38 38 38 38 38 38 38 38 38 38 38 37 37 37 37 37 37 37 37 37 37 37 36 36 36 36 36 36 36 36 36 35 35 35 35 35 35 35 35 35 34 34 34 34 34 34 34 34 34 34 34 33 33 33 33 33 33 33 33 33 32 32 32 32 32 32 32 32 32 32 31 31 31 31 31 31 31 31 31 44 43 43 43 43 43 43 43 43 43 43 43 43 43 43 43 43 43 43 42 42 42 42 42 42 42 42 42 42 42 42 42 42 42 41 41 41 41 41 41 41 41 41 41 41 41 40 40 40 40 40 40 40 40 40 40 40 40 40 39 39 40 40 39 39 39 39 39 39 39 39 39 39 39 39 38 38 38 38 38 38 38 38 38 38 38 38 37 37 37 37 37 37 37 37 37 37 37 36 36 36 36 36 36 36 36 36 36 35 35 35 35 35 35 35 35 34 34 34 34 34 34 34 34 34 34 34 33 33 33 33 33 33 33 33 33 33 32 32 32 32 32 32 32 32 32 31 31 31 31 31 31 31 31 31 30 30 44 44 43 43 43 43 43 43 43 43 43 43 43 43 43 43 43 43 43 42 42 42 42 42 42 42 42 42 42 42 42 42 42 42 41 41 41 41 41 41 41 41 41 41 41 41 40 40 40 40 40 40 40 40 40 40 40 40 40 40 39 40 40 39 39 39 39 39 39 39 39 39 39 39 39 39 38 38 38 38 38 38 38 38 38 38 38 38 37 37 37 37 37 37 37 37 37 37 37 36 36 36 36 36 36 36 36 36 36 35 35 35 35 35 35 35 35 34 34 34 34 34 34 34 34 34 34 33 33 33 33 33 33 33 33 33 33 32 32 32 32 32 32 32 32 32 31 31 31 31 31 31 31 31 31 30 30 30 30 44 44 44 44 44 44 44 44 44 43 43 43 43 43 43 43 43 43 43 43 43 43 43 43 43 43 42 42 42 42 42 42 42 42 42 42 42 42 42 42 42 41 41 41 41 41 41 41 41 41 41 41 41 41 40 40 40 40 40 40 40 40 40 40 40 40 40 39 40 40 39 39 39 39 39 39 39 39 39 39 39 39 39 38 38 38 38 38 38 38 38 38 38 38 38 37 37 37 37 37 37 37 37 37 37 37 36 36 36 36 36 36 36 36 36 36 35 35 35 35 35 35 35 35 34 34 34 34 34 34 34 34 34 34 34 33 33 33 33 33 33 33 33 33 32 32 32 32 32 32 32 32 32 32 31 31 31 31 31 31 31 31 30 30 30 30 30 30 30 30 30 30 29 29 44 44 44 44 44 44 44 44 44 44 44 43 43 43 43 43 43 43 43 43 43 43 43 43 43 43 43 43 42 42 42 42 42 42 42 42 42 42 42 42 42 42 42 42 41 41 41 41 41 41 41 41 41 41 41 41 41 40 40 40 40 40 40 40 40 40 40 40 40 39 40 40 40 39 39 39 39 39 39 39 39 39 39 39 39 38 38 38 38 38 38 38 38 38 38 38 38 38 37 37 37 37 37 37 37 37 37 37 36 36 36 36 36 36 36 36 36 36 36 35 35 35 35 35 35 35 35 34 34 34 34 34 34 34 34 34 34 33 33 33 33 33 33 33 33 33 33 32 32 32 32 32 32 32 32 32 31 31 31 31 31 31 31 31 31 30 30 30 30 30 30 30 30 30 29 29 29 29 44 44 44 44 44 44 44 44 44 44 44 43 43 43 43 43 43 43 43 43 43 43 43 43 43 43 43 43 42 42 42 42 42 42 42 42 42 42 42 42 42 42 42 42 41 41 41 41 41 41 41 41 41 41 41 41 41 40 40 40 40 40 40 40 40 40 40 40 40 39 40 40 40 39 39 39 39 39 39 39 39 39 39 39 39 39 38 38 38 38 38 38 38 38 38 38 38 38 37 37 37 37 37 37 37 37 37 37 37 36 36 36 36 36 36 36 36 36 36 35 35 35 35 35 35 35 35 34 34 34 34 34 34 34 34 34 34 33 33 33 33 33 33 33 33 33 33 32 32 32 32 32 32 32 32 32 31 31 31 31 31 31 31 31 31 30 30 30 30 30 30 30 30 30 29 29 29 29 44 44 44 44 44 44 44 44 44 44 44 44 43 43 43 43 43 43 43 43 43 43 43 43 43 43 43 43 43 43 42 42 42 42 42 42 42 42 42 42 42 42 42 42 41 41 41 41 41 41 41 41 41 41 41 41 41 40 40 40 40 40 40 40 40 40 40 40 40 40 40 40 40 39 39 39 39 39 39 39 39 39 39 39 39 39 38 38 38 38 38 38 38 38 38 38 38 38 37 37 37 37 37 37 37 37 37 37 37 36 36 36 36 36 36 36 36 36 36 35 35 35 35 35 35 35 35 34 34 34 34 34 34 34 34 34 34 33 33 33 33 33 33 33 33 33 33 33 32 32 32 32 32 32 32 32 32 31 31 31 31 31 31 31 31 31 30 30 30 30 30 30 30 30 30 29 29 29 29 45 45 45 45 45 44 44 44 44 44 44 44 44 44 44 44 44 44 43 43 43 43 43 43 43 43 43 43 43 43 43 43 43 43 43 43 43 42 42 42 42 42 42 42 42 42 42 42 42 42 42 41 41 41 41 41 41 41 41 41 41 41 41 41 40 40 40 40 40 40 40 40 40 40 40 40 40 40 40 40 39 39 39 39 39 39 39 39 39 39 39 39 38 38 38 38 38 38 38 38 38 38 38 38 37 37 37 37 37 37 37 37 37 37 37 36 36 36 36 36 36 36 36 36 36 36 35 35 35 35 35 35 35 35 34 34 34 34 34 34 34 34 34 33 33 33 33 33 33 33 33 33 33 33 32 32 32 32 32 32 32 32 32 31 31 31 31 31 31 31 31 31 30 30 30 30 30 30 30 30 30 29 29 29 29 45 45 45 45 45 45 45 45 45 45 44 44 44 44 44 44 44 44 44 44 44 44 44 44 44 44 43 43 43 43 43 43 43 43 43 43 43 43 43 43 43 43 43 43 43 42 42 42 42 42 42 42 42 42 42 42 42 42 42 41 41 41 41 41 41 41 41 41 41 41 41 41 40 40 40 40 40 40 40 40 40 40 40 40 40 40 40 40 39 39 39 39 39 39 39 39 39 39 39 39 39 38 38 38 38 38 38 38 38 38 38 38 37 37 37 37 37 37 37 37 37 37 37 37 36 36 36 36 36 36 36 36 36 36 35 35 35 35 35 35 35 35 34 34 34 34 34 34 34 34 34 34 33 33 33 33 33 33 33 33 33 33 32 32 32 32 32 32 32 32 32 31 31 31 31 31 31 31 31 31 30 30 30 30 30 30 30 30 30 29 29 29 29 29 45 45 45 45 45 45 45 45 45 45 45 45 45 44 44 44 44 44 44 44 44 44 44 44 44 44 44 44 44 44 43 43 43 43 43 43 43 43 43 43 43 43 43 43 43 43 43 43 42 42 42 42 42 42 42 42 42 42 42 42 42 42 41 41 41 41 41 41 41 41 41 41 41 41 41 40 40 40 40 40 40 40 40 40 40 40 40 40 40 40 40 39 39 39 39 39 39 39 39 39 39 39 39 39 38 38 38 38 38 38 38 38 38 38 38 38 37 37 37 37 37 37 37 37 37 37 37 36 36 36 36 36 36 36 36 36 36 35 35 35 35 35 35 35 35 35 34 34 34 34 34 34 34 34 34 33 33 33 33 33 33 33 33 33 33 32 32 32 32 32 32 32 32 32 32 31 31 31 31 31 31 31 31 31 30 30 30 30 30 30 30 30 30 29 29 29 29 45 45 45 45 45 45 45 45 45 45 45 45 45 45 45 45 45 45 44 44 44 44 44 44 44 44 44 44 44 44 44 44 44 44 44 43 43 43 43 43 43 43 43 43 43 43 43 43 43 43 43 43 43 42 42 42 42 42 42 42 42 42 42 42 42 42 42 41 41 41 41 41 41 41 41 41 41 41 41 40 40 40 40 40 40 40 40 40 40 40 40 40 40 40 40 40 39 39 39 39 39 39 39 39 39 39 39 39 38 38 38 38 38 38 38 38 38 38 38 38 37 37 37 37 37 37 37 37 37 37 37 36 36 36 36 36 36 36 36 36 36 35 35 35 35 35 35 35 35 35 35 34 34 34 34 34 34 34 34 34 33 33 33 33 33 33 33 33 33 32 32 32 32 32 32 32 32 32 32 31 31 31 31 31 31 31 31 31 30 30 30 30 30 30 30 30 30 29 29 29 29 29 28 28 28 45 45 45 45 45 45 45 45 45 45 45 45 45 45 45 45 45 45 44 44 44 44 44 44 44 44 44 44 44 44 44 44 44 44 44 43 43 43 43 43 43 43 43 43 43 43 43 43 43 43 43 43 43 42 42 42 42 42 42 42 42 42 42 42 42 42 42 41 41 41 41 41 41 41 41 41 41 41 41 41 40 40 40 40 40 40 40 40 40 40 40 40 40 40 40 40 39 39 39 39 39 39 39 39 39 39 39 39 39 38 38 38 38 38 38 38 38 38 38 38 38 37 37 37 37 37 37 37 37 37 37 36 36 36 36 36 36 36 36 36 36 35 35 35 35 35 35 35 35 35 35 34 34 34 34 34 34 34 34 34 33 33 33 33 33 33 33 33 33 33 32 32 32 32 32 32 32 32 32 31 31 31 31 31 31 31 31 31 30 30 30 30 30 30 30 30 30 30 29 29 29 29 29 29 28 28 28 28 45 45 45 45 45 45 45 45 45 45 45 45 45 45 45 45 45 45 44 44 44 44 44 44 44 44 44 44 44 44 44 44 44 44 44 43 43 43 43 43 43 43 43 43 43 43 43 43 43 43 43 43 43 42 42 42 42 42 42 42 42 42 42 42 42 42 42 41 41 41 41 41 41 41 41 41 41 41 41 41 40 40 40 40 40 40 40 40 40 40 40 40 40 40 40 40 39 39 39 39 39 39 39 39 39 39 39 39 39 38 38 38 38 38 38 38 38 38 38 38 38 37 37 37 37 37 37 37 37 37 37 37 36 36 36 36 36 36 36 36 36 35 35 35 35 35 35 35 35 35 35 34 34 34 34 34 34 34 34 34 33 33 33 33 33 33 33 33 33 33 32 32 32 32 32 32 32 32 32 32 31 31 31 31 31 31 31 31 31 30 30 30 30 30 30 30 30 30 29 29 29 29 29 29 29 29 29 28 28 28 45 45 45 45 45 45 45 45 45 45 45 45 45 45 45 45 45 45 44 44 44 44 44 44 44 44 44 44 44 44 44 44 44 44 43 43 43 43 43 43 43 43 43 43 43 43 43 43 43 43 43 43 42 42 42 42 42 42 42 42 42 42 42 42 42 42 41 41 41 41 41 41 41 41 41 41 41 41 41 40 40 40 40 40 40 40 40 40 40 40 40 40 40 40 40 40 39 39 39 39 39 39 39 39 39 39 39 39 39 38 38 38 38 38 38 38 38 38 38 38 37 37 37 37 37 37 37 37 37 37 37 37 36 36 36 36 36 36 36 36 35 35 35 35 35 35 35 35 35 35 35 34 34 34 34 34 34 34 34 34 33 33 33 33 33 33 33 33 33 33 32 32 32 32 32 32 32 32 32 31 31 31 31 31 31 31 31 31 30 30 30 30 30 30 30 30 30 30 29 29 29 29 29 29 29 29 28 28 28 45 45 45 45 45 45 45 45 45 45 45 45 45 45 45 45 45 45 44 44 44 44 44 44 44 44 44 44 44 44 44 44 44 44 44 43 43 43 43 43 43 43 43 43 43 43 43 43 43 43 43 43 42 42 42 42 42 42 42 42 42 42 42 42 42 42 41 41 41 41 41 41 41 41 41 41 41 41 41 40 40 40 40 40 40 40 40 40 40 40 40 40 40 40 40 40 39 39 39 39 39 39 39 39 39 39 39 39 39 38 38 38 38 38 38 38 38 38 38 38 38 37 37 37 37 37 37 37 37 37 37 36 36 36 36 36 36 36 36 36 35 35 35 35 35 35 35 35 35 35 34 34 34 34 34 34 34 34 34 34 33 33 33 33 33 33 33 33 33 33 32 32 32 32 32 32 32 32 32 32 31 31 31 31 31 31 31 31 31 30 30 30 30 30 30 30 30 30 29 29 29 29 29 29 29 29 29 28 28 28 45 45 45 45 45 45 45 45 45 45 45 45 45 45 45 45 44 44 44 44 44 44 44 44 44 44 44 44 44 44 44 44 44 43 43 43 43 43 43 43 43 43 43 43 43 43 43 43 43 43 43 42 42 42 42 42 42 42 42 42 42 42 42 42 42 41 41 41 41 41 41 41 41 41 41 41 41 40 40 40 40 40 40 40 40 40 40 40 40 40 40 40 40 40 40 39 39 39 39 39 39 39 39 39 39 39 39 38 38 38 38 38 38 38 38 38 38 38 38 37 37 37 37 37 37 37 37 37 37 37 36 36 36 36 36 36 36 36 35 35 35 35 35 35 35 35 35 35 35 34 34 34 34 34 34 34 34 34 34 33 33 33 33 33 33 33 33 33 33 32 32 32 32 32 32 32 32 32 31 31 31 31 31 31 31 31 31 30 30 30 30 30 30 30 30 30 30 29 29 29 29 29 29 29 29 28 28 28 28 28 28 28 45 45 45 45 45 45 45 45 45 45 45 45 45 45 45 45 44 44 44 44 44 44 44 44 44 44 44 44 44 44 44 44 43 43 43 43 43 43 43 43 43 43 43 43 43 43 43 43 43 43 42 42 42 42 42 42 42 42 42 42 42 42 42 42 41 41 41 41 41 41 41 41 41 41 41 41 40 40 40 40 40 40 40 40 40 40 40 40 40 40 40 40 40 40 39 39 39 39 39 39 39 39 39 39 39 39 39 38 38 38 38 38 38 38 38 38 38 38 37 37 37 37 37 37 37 37 37 37 37 36 36 36 36 36 36 36 36 36 35 35 35 35 35 35 35 35 35 35 34 34 34 34 34 34 34 34 34 34 33 33 33 33 33 33 33 33 33 33 32 32 32 32 32 32 32 32 32 31 31 31 31 31 31 31 31 31 31 30 30 30 30 30 30 30 30 30 29 29 29 29 29 29 29 29 29 28 28 28 28 28 28 28 45 45 45 45 45 45 45 45 45 45 45 45 45 45 45 45 44 44 44 44 44 44 44 44 44 44 44 44 44 44 44 44 44 43 43 43 43 43 43 43 43 43 43 43 43 43 43 43 43 43 42 42 42 42 42 42 42 42 42 42 42 42 42 42 41 41 41 41 41 41 41 41 41 41 41 41 40 40 40 40 40 40 40 40 40 40 40 40 40 40 40 40 40 40 39 39 39 39 39 39 39 39 39 39 39 39 39 38 38 38 38 38 38 38 38 38 38 38 38 37 37 37 37 37 37 37 37 37 37 36 36 36 36 36 36 36 36 36 35 35 35 35 35 35 35 35 35 35 35 34 34 34 34 34 34 34 34 34 34 33 33 33 33 33 33 33 33 33 33 32 32 32 32 32 32 32 32 31 31 31 31 31 31 31 31 31 31 31 30 30 30 30 30 30 30 30 30 29 29 29 29 29 29 29 29 28 28 28 28 28 28 28 28 45 45 45 45 45 45 45 45 45 45 45 45 45 45 45 45 44 44 44 44 44 44 44 44 44 44 44 44 44 44 44 44 44 43 43 43 43 43 43 43 43 43 43 43 43 43 43 43 43 43 42 42 42 42 42 42 42 42 42 42 42 42 42 42 42 41 41 41 41 41 41 41 41 41 41 41 41 40 40 40 40 40 40 40 40 40 40 40 40 40 40 40 40 40 39 39 39 39 39 39 39 39 39 39 39 39 39 38 38 38 38 38 38 38 38 38 38 38 38 37 37 37 37 37 37 37 37 37 37 37 36 36 36 36 36 36 36 36 35 35 35 35 35 35 35 35 35 35 35 34 34 34 34 34 34 34 34 34 34 33 33 33 33 33 33 33 33 33 33 32 32 32 32 32 32 32 32 32 31 31 31 31 31 31 31 31 31 31 30 30 30 30 30 30 30 30 30 29 29 29 29 29 29 29 29 29 28 28 28 28 28 28 28 28 27 46 46 46 46 45 45 45 45 45 45 45 45 45 45 45 45 45 45 45 45 45 45 44 44 44 44 44 44 44 44 44 44 44 44 44 44 44 43 43 43 43 43 43 43 43 43 43 43 43 43 43 42 42 42 42 42 42 42 42 42 42 42 42 42 42 41 41 41 41 41 41 41 41 41 41 41 41 40 40 40 40 40 40 40 40 40 40 40 40 40 40 40 39 39 39 39 39 39 39 39 39 39 39 39 39 39 38 38 38 38 38 38 38 38 38 38 37 37 37 37 37 37 37 37 37 37 37 37 36 36 36 36 36 36 36 36 36 36 35 35 35 35 35 35 35 35 35 35 35 34 34 34 34 34 34 34 34 34 33 33 33 33 33 33 33 33 33 33 32 32 32 32 32 32 32 32 32 32 31 31 31 31 31 31 31 31 31 31 30 30 30 30 30 30 30 30 29 29 29 29 29 29 29 29 29 28 28 28 28 28 28 28 28 28 27 27 46 46 46 46 46 46 45 45 45 45 45 45 45 45 45 45 45 45 45 45 45 45 45 45 44 44 44 44 44 44 44 44 44 44 44 44 44 44 43 43 43 43 43 43 43 43 43 43 43 43 43 43 42 42 42 42 42 42 42 42 42 42 42 42 42 42 41 41 41 41 41 41 41 41 41 41 41 41 41 40 40 40 40 40 40 40 40 40 40 40 40 40 40 40 39 39 39 39 39 39 39 39 39 39 39 39 39 38 38 38 38 38 38 38 38 38 38 38 37 37 37 37 37 37 37 37 37 37 37 36 36 36 36 36 36 36 36 36 36 35 35 35 35 35 35 35 35 35 35 35 34 34 34 34 34 34 34 34 34 33 33 33 33 33 33 33 33 33 33 33 32 32 32 32 32 32 32 32 32 31 31 31 31 31 31 31 31 31 31 30 30 30 30 30 30 30 30 30 29 29 29 29 29 29 29 29 29 28 28 28 28 28 28 28 28 28 27 46 46 46 46 46 46 45 45 45 45 45 45 45 45 45 45 45 45 45 45 45 45 45 45 44 44 44 44 44 44 44 44 44 44 44 44 44 44 43 43 43 43 43 43 43 43 43 43 43 43 43 43 42 42 42 42 42 42 42 42 42 42 42 42 42 42 42 41 41 41 41 41 41 41 41 41 41 41 41 40 40 40 40 40 40 40 40 40 40 40 40 40 40 40 40 39 39 39 39 39 39 39 39 39 39 39 39 39 38 38 38 38 38 38 38 38 38 38 37 37 37 37 37 37 37 37 37 37 37 37 36 36 36 36 36 36 36 36 36 35 35 35 35 35 35 35 35 35 35 35 35 34 34 34 34 34 34 34 34 34 33 33 33 33 33 33 33 33 33 33 32 32 32 32 32 32 32 32 32 32 31 31 31 31 31 31 31 31 31 31 30 30 30 30 30 30 30 30 30 29 29 29 29 29 29 29 29 28 28 28 28 28 28 28 28 28 46 46 46 46 46 46 46 46 45 45 45 45 45 45 45 45 45 45 45 45 45 45 45 45 45 44 44 44 44 44 44 44 44 44 44 44 44 44 44 43 43 43 43 43 43 43 43 43 43 43 43 43 42 42 42 42 42 42 42 42 42 42 42 42 42 42 42 41 41 41 41 41 41 41 41 41 41 41 41 41 40 40 40 40 40 40 40 40 40 40 40 40 40 40 40 40 39 39 39 39 39 39 39 39 39 39 39 39 38 38 38 38 38 38 38 38 38 38 38 37 37 37 37 37 37 37 37 37 37 37 36 36 36 36 36 36 36 36 36 36 35 35 35 35 35 35 35 35 35 35 35 34 34 34 34 34 34 34 34 34 34 33 33 33 33 33 33 33 33 33 33 32 32 32 32 32 32 32 32 32 31 31 31 31 31 31 31 31 31 31 30 30 30 30 30 30 30 30 30 29 29 29 29 29 29 29 29 29 28 28 28 28 28 28 28 28 28 46 46 46 46 46 46 46 46 45 45 45 45 45 45 45 45 45 45 45 45 45 45 45 45 44 44 44 44 44 44 44 44 44 44 44 44 44 44 44 43 43 43 43 43 43 43 43 43 43 43 43 43 43 42 42 42 42 42 42 42 42 42 42 42 42 42 42 42 41 41 41 41 41 41 41 41 41 41 41 41 40 40 40 40 40 40 40 40 40 40 40 40 40 40 40 40 39 39 39 39 39 39 39 39 39 39 39 39 38 38 38 38 38 38 38 38 38 38 38 37 37 37 37 37 37 37 37 37 37 37 37 36 36 36 36 36 36 36 36 36 35 35 35 35 35 35 35 35 35 35 35 34 34 34 34 34 34 34 34 34 34 33 33 33 33 33 33 33 33 33 33 32 32 32 32 32 32 32 32 32 32 31 31 31 31 31 31 31 31 31 31 30 30 30 30 30 30 30 30 30 29 29 29 29 29 29 29 29 29 28 28 28 28 28 28 28 28 27 46 46 46 46 46 46 46 45 45 45 45 45 45 45 45 45 45 45 45 45 45 45 45 45 44 44 44 44 44 44 44 44 44 44 44 44 44 44 43 43 43 43 43 43 43 43 43 43 43 43 43 43 42 42 42 42 42 42 42 42 42 42 42 42 42 42 42 41 41 41 41 41 41 41 41 41 41 41 41 41 40 40 40 40 40 40 40 40 40 40 40 40 40 40 40 40 39 39 39 39 39 39 39 39 39 39 39 38 38 38 38 38 38 38 38 38 38 38 37 37 37 37 37 37 37 37 37 37 37 37 36 36 36 36 36 36 36 36 36 36 35 35 35 35 35 35 35 35 35 35 34 34 34 34 34 34 34 34 34 34 34 33 33 33 33 33 33 33 33 33 33 32 32 32 32 32 32 32 32 32 31 31 31 31 31 31 31 31 31 31 30 30 30 30 30 30 30 30 30 29 29 29 29 29 29 29 29 29 28 28 28 28 28 28 28 28 28 27 27 46 46 46 46 46 45 45 45 45 45 45 45 45 45 45 45 45 45 45 45 45 44 44 44 44 44 44 44 44 44 44 44 44 44 44 44 43 43 43 43 43 43 43 43 43 43 43 43 43 42 42 42 42 42 42 42 42 42 42 42 42 42 42 42 42 41 41 41 41 41 41 41 41 41 41 41 41 41 40 40 40 40 40 40 40 40 40 40 40 40 40 40 40 40 39 39 39 39 39 39 39 39 39 39 39 38 38 38 38 38 38 38 38 38 38 38 37 37 37 37 37 37 37 37 37 37 37 36 36 36 36 36 36 36 36 36 36 35 35 35 35 35 35 35 35 35 35 35 34 34 34 34 34 34 34 34 34 34 33 33 33 33 33 33 33 33 33 33 32 32 32 32 32 32 32 32 32 32 31 31 31 31 31 31 31 31 31 31 30 30 30 30 30 30 30 30 30 29 29 29 29 29 29 29 29 29 28 28 28 28 28 28 28 28 27 27 27 26 26 26 46 46 46 46 46 45 45 45 45 45 45 45 45 45 45 45 45 45 45 45 45 44 44 44 44 44 44 44 44 44 44 44 44 44 44 43 43 43 43 43 43 43 43 43 43 43 43 43 43 42 42 42 42 42 42 42 42 42 42 42 42 42 42 42 41 41 41 41 41 41 41 41 41 41 41 41 41 40 40 40 40 40 40 40 40 40 40 40 40 40 40 40 40 39 39 39 39 39 39 39 39 39 39 39 38 38 38 38 38 38 38 38 38 38 38 37 37 37 37 37 37 37 37 37 37 37 37 36 36 36 36 36 36 36 36 36 35 35 35 35 35 35 35 35 35 35 35 34 34 34 34 34 34 34 34 34 34 34 33 33 33 33 33 33 33 33 33 33 32 32 32 32 32 32 32 32 32 32 31 31 31 31 31 31 31 31 31 30 30 30 30 30 30 30 30 30 30 29 29 29 29 29 29 29 29 28 28 28 28 28 28 28 28 28 27 27 26 26 26 26 26 25 46 46 46 46 46 45 45 45 45 45 45 45 45 45 45 45 45 45 45 45 45 44 44 44 44 44 44 44 44 44 44 44 44 44 44 44 43 43 43 43 43 43 43 43 43 43 43 43 42 42 42 42 42 42 42 42 42 42 42 42 42 42 42 42 42 41 41 41 41 41 41 41 41 41 41 41 41 41 40 40 40 40 40 40 40 40 40 40 40 40 40 40 40 40 39 39 39 39 39 39 39 39 39 39 39 38 38 38 38 38 38 38 38 38 38 38 37 37 37 37 37 37 37 37 37 37 37 36 36 36 36 36 36 36 36 36 36 35 35 35 35 35 35 35 35 35 35 35 34 34 34 34 34 34 34 34 34 34 34 33 33 33 33 33 33 33 33 33 33 32 32 32 32 32 32 32 32 32 31 31 31 31 31 31 31 31 31 31 30 30 30 30 30 30 30 30 30 29 29 29 29 29 29 29 29 29 28 28 28 28 28 28 28 28 28 27 26 26 26 26 26 46 46 46 46 46 45 45 45 45 45 45 45 45 45 45 45 45 45 45 45 45 44 44 44 44 44 44 44 44 44 44 44 44 44 44 44 44 43 43 43 43 43 43 43 43 43 43 43 43 42 42 42 42 42 42 42 42 42 42 42 42 42 42 42 42 42 41 41 41 41 41 41 41 41 41 41 41 40 40 40 40 40 40 40 40 40 40 40 40 40 40 40 40 40 39 39 39 39 39 39 39 39 39 39 39 38 38 38 38 38 38 38 38 38 38 38 38 37 37 37 37 37 37 37 37 37 37 37 36 36 36 36 36 36 36 36 36 36 35 35 35 35 35 35 35 35 35 35 35 34 34 34 34 34 34 34 34 34 34 33 33 33 33 33 33 33 33 33 33 32 32 32 32 32 32 32 32 32 32 31 31 31 31 31 31 31 31 31 31 30 30 30 30 30 30 30 30 30 29 29 29 29 29 29 29 29 29 28 28 28 28 28 28 28 28 27 27 27 27 27 27 26 26 26 26 26 26 26 46 46 46 46 46 45 45 45 45 45 45 45 45 45 45 45 45 45 45 45 45 45 44 44 44 44 44 44 44 44 44 44 44 44 44 44 43 43 43 43 43 43 43 43 43 43 43 43 43 42 42 42 42 42 42 42 42 42 42 42 42 42 42 42 42 41 41 41 41 41 41 41 41 41 41 41 41 40 40 40 40 40 40 40 40 40 40 40 40 40 40 40 40 40 39 39 39 39 39 39 39 39 39 39 39 38 38 38 38 38 38 38 38 38 38 38 37 37 37 37 37 37 37 37 37 37 37 36 36 36 36 36 36 36 36 36 36 35 35 35 35 35 35 35 35 35 35 35 34 34 34 34 34 34 34 34 34 34 33 33 33 33 33 33 33 33 33 33 33 32 32 32 32 32 32 32 32 32 31 31 31 31 31 31 31 31 31 31 30 30 30 30 30 30 30 30 30 29 29 29 29 29 29 29 29 29 28 28 28 28 28 28 28 28 28 27 27 27 27 27 27 27 27 27 26 26 26 26 26 46 46 46 46 45 45 45 45 45 45 45 45 45 45 45 45 45 45 45 45 45 45 44 44 44 44 44 44 44 44 44 44 44 44 44 44 43 43 43 43 43 43 43 43 43 43 43 43 43 43 42 42 42 42 42 42 42 42 42 42 42 42 42 42 42 41 41 41 41 41 41 41 41 41 41 41 41 40 40 40 40 40 40 40 40 40 40 40 40 40 40 40 40 40 39 39 39 39 39 39 39 39 39 39 39 38 38 38 38 38 38 38 38 38 38 38 38 37 37 37 37 37 37 37 37 37 37 37 36 36 36 36 36 36 36 36 36 36 35 35 35 35 35 35 35 35 35 35 34 34 34 34 34 34 34 34 34 34 34 33 33 33 33 33 33 33 33 33 33 32 32 32 32 32 32 32 32 32 32 31 31 31 31 31 31 31 31 31 31 30 30 30 30 30 30 30 30 30 29 29 29 29 29 29 29 29 29 28 28 28 28 28 28 28 28 28 27 27 27 27 27 27 27 27 27 26 26 26 46 46 46 46 46 45 45 45 45 45 45 45 45 45 45 45 45 45 45 45 45 45 44 44 44 44 44 44 44 44 44 44 44 44 44 44 44 43 43 43 43 43 43 43 43 43 43 43 43 43 43 42 42 42 42 42 42 42 42 42 42 42 42 42 42 41 41 41 41 41 41 41 41 41 41 41 41 41 40 40 40 40 40 40 40 40 40 40 40 40 40 40 40 40 39 39 39 39 39 39 39 39 39 39 39 39 38 38 38 38 38 38 38 38 38 38 38 38 37 37 37 37 37 37 37 37 37 37 36 36 36 36 36 36 36 36 36 36 35 35 35 35 35 35 35 35 35 35 35 34 34 34 34 34 34 34 34 34 34 34 33 33 33 33 33 33 33 33 33 33 32 32 32 32 32 32 32 32 32 31 31 31 31 31 31 31 31 31 31 31 30 30 30 30 30 30 30 30 30 29 29 29 29 29 29 29 29 29 28 28 28 28 28 28 28 28 28 27 27 27 27 27 27 27 27 26 26 26 46 46 46 46 46 46 45 45 45 45 45 45 45 45 45 45 45 45 45 45 45 45 45 44 44 44 44 44 44 44 44 44 44 44 44 44 44 43 43 43 43 43 43 43 43 43 43 43 43 43 43 43 42 42 42 42 42 42 42 42 42 42 42 42 42 42 41 41 41 41 41 41 41 41 41 41 41 41 41 40 40 40 40 40 40 40 40 40 40 40 40 40 40 40 39 39 39 39 39 39 39 39 39 39 39 39 39 38 38 38 38 38 38 38 38 38 38 38 37 37 37 37 37 37 37 37 37 37 37 36 36 36 36 36 36 36 36 36 36 35 35 35 35 35 35 35 35 35 35 35 34 34 34 34 34 34 34 34 34 34 33 33 33 33 33 33 33 33 33 33 32 32 32 32 32 32 32 32 32 32 31 31 31 31 31 31 31 31 31 31 30 30 30 30 30 30 30 30 30 29 29 29 29 29 29 29 29 29 28 28 28 28 28 28 28 28 28 27 27 27 27 27 27 27 27 27 26 26 46 46 46 46 46 45 45 45 45 45 45 45 45 45 45 45 45 45 45 45 45 45 44 44 44 44 44 44 44 44 44 44 44 44 44 44 44 43 43 43 43 43 43 43 43 43 43 43 43 43 43 42 42 42 42 42 42 42 42 42 42 42 42 42 42 41 41 41 41 41 41 41 41 41 41 41 41 41 41 40 40 41 40 40 40 40 40 40 40 40 40 40 40 39 39 39 39 39 39 39 39 39 39 39 39 39 38 38 38 38 38 38 38 38 38 38 38 37 37 37 37 37 37 37 37 37 37 37 37 36 36 36 36 36 36 36 36 36 36 35 35 35 35 35 35 35 35 35 35 34 34 34 34 34 34 34 34 34 34 34 33 33 33 33 33 33 33 33 33 33 32 32 32 32 32 32 32 32 32 32 31 31 31 31 31 31 31 31 31 31 30 30 30 30 30 30 30 30 30 29 29 29 29 29 29 29 29 29 28 28 28 28 28 28 28 28 28 27 27 27 27 27 27 27 27 27 27 46 46 46 46 46 46 45 45 45 45 45 45 45 45 45 45 45 45 45 45 45 45 44 44 44 44 44 44 44 44 44 44 44 44 44 44 44 43 43 43 43 43 43 43 43 43 43 43 43 43 43 42 42 42 42 42 42 42 42 42 42 42 42 42 42 42 41 41 41 41 41 41 41 41 41 41 41 41 41 40 40 41 40 40 40 40 40 40 40 40 40 40 40 39 39 39 39 39 39 39 39 39 39 39 39 39 38 38 38 38 38 38 38 38 38 38 38 38 37 37 37 37 37 37 37 37 37 37 37 36 36 36 36 36 36 36 36 36 36 35 35 35 35 35 35 35 35 35 35 35 34 34 34 34 34 34 34 34 34 34 34 33 33 33 33 33 33 33 33 33 33 32 32 32 32 32 32 32 32 32 31 31 31 31 31 31 31 31 31 31 31 30 30 30 30 30 30 30 30 30 29 29 29 29 29 29 29 29 29 28 28 28 28 28 28 28 28 28 27 27 27 27 27 27 27 27 27 46 46 46 46 46 45 45 45 45 45 45 45 45 45 45 45 45 45 45 45 45 45 44 44 44 44 44 44 44 44 44 44 44 44 44 44 43 43 43 43 43 43 43 43 43 43 43 43 43 43 43 42 42 42 42 42 42 42 42 42 42 42 42 42 42 41 41 41 41 41 41 41 41 41 41 41 41 41 41 40 41 41 41 40 40 40 40 40 40 40 40 40 40 39 39 39 39 39 39 39 39 39 39 39 39 39 38 38 38 38 38 38 38 38 38 38 38 37 37 37 37 37 37 37 37 37 37 37 37 36 36 36 36 36 36 36 36 36 35 35 35 35 35 35 35 35 35 35 35 34 34 34 34 34 34 34 34 34 34 34 33 33 33 33 33 33 33 33 33 33 32 32 32 32 32 32 32 32 32 32 32 31 31 31 31 31 31 31 31 31 30 30 30 30 30 30 30 30 30 29 29 29 29 29 29 29 29 29 29 28 28 28 28 28 28 28 28 28 27 27 27 27 27 27 27 27 46 46 46 45 45 45 45 45 45 45 45 45 45 45 45 45 45 45 45 45 44 44 44 44 44 44 44 44 44 44 44 44 44 44 44 43 43 43 43 43 43 43 43 43 43 43 43 43 43 42 42 42 42 42 42 42 42 42 42 42 42 42 42 41 41 41 41 41 41 41 41 41 41 41 41 41 41 41 41 41 41 40 40 40 40 40 40 40 40 40 40 39 39 39 39 39 39 39 39 39 39 39 39 39 38 38 38 38 38 38 38 38 38 38 38 38 37 37 37 37 37 37 37 37 37 37 37 36 36 36 36 36 36 36 36 36 36 35 35 35 35 35 35 35 35 35 35 35 34 34 34 34 34 34 34 34 34 34 34 33 33 33 33 33 33 33 33 33 33 32 32 32 32 32 32 32 32 32 32 31 31 31 31 31 31 31 31 31 31 30 30 30 30 30 30 30 30 30 29 29 29 29 29 29 29 29 29 29 28 28 28 28 28 28 28 28 28 27 27 27 27 27 27 27 45 45 45 45 45 45 45 45 45 45 45 45 45 45 45 45 45 44 44 44 44 44 44 44 44 44 44 44 44 44 44 44 43 43 43 43 43 43 43 43 43 43 43 43 43 43 43 42 42 42 42 42 42 42 42 42 42 42 42 42 41 41 41 41 41 41 41 41 41 41 41 41 41 41 41 41 41 41 40 40 40 40 40 40 40 40 40 40 40 39 39 39 39 39 39 39 39 39 39 39 39 39 39 38 38 38 38 38 38 38 38 38 38 37 37 37 37 37 37 37 37 37 37 37 37 36 36 36 36 36 36 36 36 36 36 35 35 35 35 35 35 35 35 35 35 35 34 34 34 34 34 34 34 34 34 34 33 33 33 33 33 33 33 33 33 33 33 32 32 32 32 32 32 32 32 32 32 31 31 31 31 31 31 31 31 31 31 30 30 30 30 30 30 30 30 30 29 29 29 29 29 29 29 29 29 28 28 28 28 28 28 28 28 28 27 27 27 27 27 27 27 45 45 45 45 45 45 45 45 45 45 45 45 45 45 45 45 45 44 44 44 44 44 44 44 44 44 44 44 44 44 44 44 43 43 43 43 43 43 43 43 43 43 43 43 43 43 42 42 42 42 42 42 42 42 42 42 42 42 41 41 41 41 41 41 41 41 41 41 41 41 41 41 41 41 41 41 41 40 40 40 40 40 40 40 40 40 40 40 40 39 39 39 39 39 39 39 39 39 39 39 39 39 38 38 38 38 38 38 38 38 38 38 38 37 37 37 37 37 37 37 37 37 37 37 36 36 36 36 36 36 36 36 36 36 35 35 35 35 35 35 35 35 35 35 35 34 34 34 34 34 34 34 34 34 34 34 33 33 33 33 33 33 33 33 33 33 32 32 32 32 32 32 32 32 32 32 32 31 31 31 31 31 31 31 31 31 30 30 30 30 30 30 30 30 30 30 29 29 29 29 29 29 29 29 29 28 28 28 28 28 28 28 28 28 28 27 27 27 27 27 45 45 45 45 45 45 45 45 45 45 45 45 45 45 45 45 45 44 44 44 44 44 44 44 44 44 44 44 44 44 44 44 43 43 43 43 43 43 43 43 43 43 43 43 43 43 43 42 42 42 42 42 42 42 42 42 42 42 42 41 41 41 41 41 41 41 41 41 41 41 41 41 41 41 41 41 41 41 40 40 40 40 40 40 40 40 40 40 40 40 39 39 39 39 39 39 39 39 39 39 39 39 39 38 38 38 38 38 38 38 38 38 38 38 37 37 37 37 37 37 37 37 37 37 36 36 36 36 36 36 36 36 36 36 36 35 35 35 35 35 35 35 35 35 35 35 34 34 34 34 34 34 34 34 34 34 34 33 33 33 33 33 33 33 33 33 33 32 32 32 32 32 32 32 32 32 32 32 31 31 31 31 31 31 31 31 31 30 30 30 30 30 30 30 30 30 30 29 29 29 29 29 29 29 29 29 28 28 28 28 28 28 28 28 28 28 27 27 27 27 46 45 45 45 45 45 45 45 45 45 45 45 45 45 45 45 45 45 45 44 44 44 44 44 44 44 44 44 44 44 44 44 44 44 43 43 43 43 43 43 43 43 43 43 43 43 43 43 42 42 42 42 42 42 42 42 42 42 42 42 42 41 41 41 41 41 41 41 41 41 41 41 41 41 41 41 41 41 41 40 40 40 40 40 40 40 40 40 40 40 40 39 39 39 39 39 39 39 39 39 39 39 39 39 38 38 38 38 38 38 38 38 38 38 38 37 37 37 37 37 37 37 37 37 37 36 36 36 36 36 36 36 36 36 36 36 36 35 35 35 35 35 35 35 35 35 35 35 34 34 34 34 34 34 34 34 34 34 33 33 33 33 33 33 33 33 33 33 33 32 32 32 32 32 32 32 32 32 32 31 31 31 31 31 31 31 31 31 31 30 30 30 30 30 30 30 30 30 29 29 29 29 29 29 29 29 29 29 28 28 28 28 28 28 28 28 28 27 27 27 27 46 46 46 46 45 45 45 45 45 45 45 45 45 45 45 45 45 45 45 45 45 44 44 44 44 44 44 44 44 44 44 44 44 44 44 44 43 43 43 43 43 43 43 43 43 43 43 43 43 43 42 42 42 42 42 42 42 42 42 42 42 42 42 42 41 41 41 41 41 41 41 41 41 41 41 41 41 41 41 41 41 41 40 40 40 40 40 40 40 40 40 40 40 40 40 39 39 39 39 39 39 39 39 39 39 39 39 38 38 38 38 38 38 38 38 38 38 38 37 37 37 37 37 37 37 37 37 37 36 36 36 36 36 36 36 36 36 36 36 36 35 35 35 35 35 35 35 35 35 35 35 34 34 34 34 34 34 34 34 34 34 33 33 33 33 33 33 33 33 33 33 32 32 32 32 32 32 32 32 32 32 32 31 31 31 31 31 31 31 31 31 31 30 30 30 30 30 30 30 30 30 29 29 29 29 29 29 29 29 29 29 28 28 28 28 28 28 28 28 28 27 27 46 46 46 46 46 45 45 45 45 45 45 45 45 45 45 45 45 45 45 45 45 45 44 44 44 44 44 44 44 44 44 44 44 44 44 44 44 43 43 43 43 43 43 43 43 43 43 43 43 43 43 43 42 42 42 42 42 42 42 42 42 42 42 42 42 41 41 41 41 41 41 41 41 41 41 41 41 41 41 41 41 41 41 41 40 40 40 40 40 40 40 40 40 40 40 40 39 39 39 39 39 39 39 39 39 39 39 39 38 38 38 38 38 38 38 38 38 38 38 38 37 37 37 37 37 37 37 37 37 37 36 36 36 36 36 36 36 36 36 36 35 35 35 35 35 35 35 35 35 35 35 35 34 34 34 34 34 34 34 34 34 34 34 33 33 33 33 33 33 33 33 33 33 32 32 32 32 32 32 32 32 32 32 32 31 31 31 31 31 31 31 31 31 30 30 30 30 30 30 30 30 30 30 29 29 29 29 29 29 29 29 29 28 28 28 28 28 28 28 28 28 28 46 46 46 46 46 45 45 45 45 45 45 45 45 45 45 45 45 45 45 45 45 45 44 44 44 44 44 44 44 44 44 44 44 44 44 44 44 44 43 43 43 43 43 43 43 43 43 43 43 43 43 43 42 42 42 42 42 42 42 42 42 42 42 42 42 42 41 41 41 41 41 41 41 41 41 41 41 41 41 41 41 41 41 41 40 40 40 40 40 40 40 40 40 40 40 40 40 39 39 39 39 39 39 39 39 39 39 39 39 38 38 38 38 38 38 38 38 38 38 38 37 37 37 37 37 37 37 37 37 37 36 36 36 36 36 36 36 36 36 36 36 35 35 35 35 35 35 35 35 35 35 35 34 34 34 34 34 34 34 34 34 34 34 34 33 33 33 33 33 33 33 33 33 33 32 32 32 32 32 32 32 32 32 32 32 31 31 31 31 31 31 31 31 31 30 30 30 30 30 30 30 30 30 30 29 29 29 29 29 29 29 29 29 28 28 28 28 28 28 28 28 28 46 46 46 46 46 46 46 46 45 45 45 45 45 45 45 45 45 45 45 45 45 45 45 45 45 45 44 44 44 44 44 44 44 44 44 44 44 44 44 44 44 43 43 43 43 43 43 43 43 43 43 43 43 43 43 43 42 42 42 42 42 42 42 42 42 42 42 42 42 42 41 41 41 41 41 41 41 41 41 41 41 41 41 41 41 41 41 41 40 40 40 40 40 40 40 40 40 40 40 40 39 39 39 39 39 39 39 39 39 39 39 39 38 38 38 38 38 38 38 38 38 38 38 38 37 37 37 37 37 37 37 37 37 37 36 36 36 36 36 36 36 36 36 36 36 35 35 35 35 35 35 35 35 35 35 35 34 34 34 34 34 34 34 34 34 34 34 33 33 33 33 33 33 33 33 33 33 33 32 32 32 32 32 32 32 32 32 32 31 31 31 31 31 31 31 31 31 31 30 30 30 30 30 30 30 30 30 30 29 29 29 29 29 29 29 29 29 29 28 28 28 28 28 28 46 46 46 46 46 46 46 46 45 45 45 45 45 45 45 45 45 45 45 45 45 45 45 45 45 45 44 44 44 44 44 44 44 44 44 44 44 44 44 44 44 44 43 43 43 43 43 43 43 43 43 43 43 43 43 43 42 42 42 42 42 42 42 42 42 42 42 42 42 42 42 41 41 41 41 41 41 41 41 41 41 41 41 41 41 41 41 40 40 40 40 40 40 40 40 40 40 40 40 40 39 39 39 39 39 39 39 39 39 39 39 39 38 38 38 38 38 38 38 38 38 38 38 38 37 37 37 37 37 37 37 37 37 37 37 36 36 36 36 36 36 36 36 36 36 36 35 35 35 35 35 35 35 35 35 35 35 34 34 34 34 34 34 34 34 34 34 34 33 33 33 33 33 33 33 33 33 33 32 32 32 32 32 32 32 32 32 32 32 31 31 31 31 31 31 31 31 31 31 30 30 30 30 30 30 30 30 30 30 29 29 29 29 29 29 29 29 29 29 28 28 28 28 46 46 46 46 46 46 46 46 46 45 45 45 45 45 45 45 45 45 45 45 45 45 45 45 45 45 44 44 44 44 44 44 44 44 44 44 44 44 44 44 44 44 43 43 43 43 43 43 43 43 43 43 43 43 43 43 43 42 42 42 42 42 42 42 42 42 42 42 42 42 42 41 41 41 41 41 41 41 41 41 41 41 41 41 41 41 41 41 40 40 40 40 40 40 40 40 40 40 40 40 40 39 39 39 39 39 39 39 39 39 39 39 39 38 38 38 38 38 38 38 38 38 38 38 38 38 37 37 37 37 37 37 37 37 37 36 36 36 36 36 36 36 36 36 36 36 36 35 35 35 35 35 35 35 35 35 35 35 34 34 34 34 34 34 34 34 34 34 34 33 33 33 33 33 33 33 33 33 33 32 32 32 32 32 32 32 32 32 32 32 31 31 31 31 31 31 31 31 31 31 30 30 30 30 30 30 30 30 30 30 29 29 29 29 29 29 29 29 29 29 28 28 28 46 46 46 46 46 46 46 46 45 45 45 45 45 45 45 45 45 45 45 45 45 45 45 45 45 44 44 44 44 44 44 44 44 44 44 44 44 44 44 44 44 43 43 43 43 43 43 43 43 43 43 43 43 43 43 43 42 42 42 42 42 42 42 42 42 42 42 42 42 42 41 41 41 41 41 41 41 41 41 41 41 41 41 41 41 41 41 40 40 40 40 40 40 40 40 40 40 40 40 40 40 39 39 39 39 39 39 39 39 39 39 39 39 38 38 38 38 38 38 38 38 38 38 38 38 37 37 37 37 37 37 37 37 37 37 36 36 36 36 36 36 36 36 36 36 36 35 35 35 35 35 35 35 35 35 35 35 35 34 34 34 34 34 34 34 34 34 34 33 33 33 33 33 33 33 33 33 33 33 32 32 32 32 32 32 32 32 32 32 32 31 31 31 31 31 31 31 31 31 31 30 30 30 30 30 30 30 30 30 30 29 29 29 29 29 29 29 29 29 28 28 28 46 46 46 46 46 46 46 46 46 46 45 45 45 45 45 45 45 45 45 45 45 45 45 45 45 45 45 44 44 44 44 44 44 44 44 44 44 44 44 44 44 44 44 44 43 43 43 43 43 43 43 43 43 43 43 43 43 43 43 42 42 42 42 42 42 42 42 42 42 42 42 42 42 41 41 41 41 41 41 41 41 41 41 41 41 41 41 41 41 41 40 40 40 40 40 40 40 40 40 40 40 40 40 40 39 39 39 39 39 39 39 39 39 39 39 39 38 38 38 38 38 38 38 38 38 38 38 37 37 37 37 37 37 37 37 37 37 36 36 36 36 36 36 36 36 36 36 36 36 35 35 35 35 35 35 35 35 35 35 35 34 34 34 34 34 34 34 34 34 34 34 33 33 33 33 33 33 33 33 33 33 33 33 32 32 32 32 32 32 32 32 32 32 31 31 31 31 31 31 31 31 31 31 30 30 30 30 30 30 30 30 30 29 29 29 29 29 29 29 29 29 29 28 28 28 46 46 46 46 46 46 46 46 46 46 46 45 45 45 45 45 45 45 45 45 45 45 45 45 45 45 45 45 44 44 44 44 44 44 44 44 44 44 44 44 44 44 44 44 44 43 43 43 43 43 43 43 43 43 43 43 43 43 43 43 42 42 42 42 42 42 42 42 42 42 42 42 42 42 41 41 41 41 41 41 41 41 41 41 41 41 41 41 41 41 41 41 40 40 40 40 40 40 40 40 40 40 40 40 40 39 39 39 39 39 39 39 39 39 39 39 39 38 38 38 38 38 38 38 38 38 38 38 38 37 37 37 37 37 37 37 37 37 37 36 36 36 36 36 36 36 36 36 36 36 36 35 35 35 35 35 35 35 35 35 35 35 34 34 34 34 34 34 34 34 34 34 34 33 33 33 33 33 33 33 33 33 33 33 32 32 32 32 32 32 32 32 32 32 32 31 31 31 31 31 31 31 31 31 30 30 30 30 30 30 30 30 30 30 29 29 29 29 29 29 29 29 29 29 28 28 28 28 28 46 46 46 46 46 46 46 46 46 46 46 46 45 45 45 45 45 45 45 45 45 45 45 45 45 45 45 45 44 44 44 44 44 44 44 44 44 44 44 44 44 44 44 44 44 44 43 43 43 43 43 43 43 43 43 43 43 43 43 43 42 42 42 42 42 42 42 42 42 42 42 42 42 42 42 41 41 41 41 41 41 41 41 41 41 41 41 41 41 41 41 41 40 40 40 40 40 40 40 40 40 40 40 40 40 40 39 39 39 39 39 39 39 39 39 39 39 39 38 38 38 38 38 38 38 38 38 38 38 38 37 37 37 37 37 37 37 37 37 37 36 36 36 36 36 36 36 36 36 36 36 35 35 35 35 35 35 35 35 35 35 35 35 34 34 34 34 34 34 34 34 34 34 34 33 33 33 33 33 33 33 33 33 33 33 32 32 32 32 32 32 32 32 32 32 31 31 31 31 31 31 31 31 31 31 30 30 30 30 30 30 30 30 30 30 29 29 29 29 29 29 29 29 29 29 28 28 28 28 28 46 46 46 46 46 46 46 46 46 46 46 45 45 45 45 45 45 45 45 45 45 45 45 45 45 45 45 45 45 44 44 44 44 44 44 44 44 44 44 44 44 44 44 44 44 44 43 43 43 43 43 43 43 43 43 43 43 43 43 43 43 42 42 42 42 42 42 42 42 42 42 42 42 42 42 41 41 41 41 41 41 41 41 41 41 41 41 41 41 41 41 41 41 40 40 40 40 40 40 40 40 40 40 40 40 40 39 39 39 39 39 39 39 39 39 39 39 39 39 38 38 38 38 38 38 38 38 38 38 38 37 37 37 37 37 37 37 37 37 37 36 36 36 36 36 36 36 36 36 36 36 36 35 35 35 35 35 35 35 35 35 35 35 35 34 34 34 34 34 34 34 34 34 34 34 33 33 33 33 33 33 33 33 33 33 33 32 32 32 32 32 32 32 32 32 32 31 31 31 31 31 31 31 31 31 31 30 30 30 30 30 30 30 30 30 30 29 29 29 29 29 29 29 29 29 29 28 28 28 28 28 46 46 46 46 46 46 46 46 45 45 45 45 45 45 45 45 45 45 45 45 45 45 45 45 44 44 44 44 44 44 44 44 44 44 44 44 44 44 44 44 44 43 43 43 43 43 43 43 43 43 43 43 43 43 43 43 42 42 42 42 42 42 42 42 42 42 42 42 42 42 42 41 41 41 41 41 41 41 41 41 41 41 41 41 41 41 41 41 41 40 40 40 40 40 40 40 40 40 40 40 40 40 39 39 39 39 39 39 39 39 39 39 39 39 38 38 38 38 38 38 38 38 38 38 38 38 37 37 37 37 37 37 37 37 37 37 36 36 36 36 36 36 36 36 36 36 36 36 35 35 35 35 35 35 35 35 35 35 35 35 34 34 34 34 34 34 34 34 34 34 33 33 33 33 33 33 33 33 33 33 33 33 33 32 32 32 32 32 32 32 32 32 31 31 31 31 31 31 31 31 31 31 30 30 30 30 30 30 30 30 30 30 29 29 29 29 29 29 29 29 29 29 29 28 28 28 28 46 46 46 46 46 46 45 45 45 45 45 45 45 45 45 45 45 45 45 45 45 44 44 44 44 44 44 44 44 44 44 44 44 44 44 44 44 44 44 43 43 43 43 43 43 43 43 43 43 43 43 43 43 43 42 42 42 42 42 42 42 42 42 42 42 42 42 42 41 41 41 41 41 41 41 41 41 41 41 41 41 41 41 41 41 41 41 40 40 40 40 40 40 40 40 40 40 40 40 40 39 39 39 39 39 39 39 39 39 39 39 39 38 38 38 38 38 38 38 38 38 38 38 38 37 37 37 37 37 37 37 37 37 37 36 36 36 36 36 36 36 36 36 36 36 36 35 35 35 35 35 35 35 35 35 35 35 34 34 34 34 34 34 34 34 34 34 34 33 33 33 33 33 33 33 33 33 33 33 33 32 32 32 32 32 32 32 32 32 32 31 31 31 31 31 31 31 31 31 31 30 30 30 30 30 30 30 30 30 30 29 29 29 29 29 29 29 29 29 29 29 28 28 28 46 46 45 45 45 45 45 45 45 45 45 45 45 45 45 45 45 45 44 44 44 44 44 44 44 44 44 44 44 44 44 44 44 44 44 43 43 43 43 43 43 43 43 43 43 43 43 43 43 43 42 42 42 42 42 42 42 42 42 42 42 42 42 42 42 41 41 41 41 41 41 41 41 41 41 41 41 41 41 41 41 41 41 40 40 40 40 40 40 40 40 40 40 40 40 40 39 39 39 39 39 39 39 39 39 39 39 39 39 38 38 38 38 38 38 38 38 38 38 38 37 37 37 37 37 37 37 37 37 37 37 36 36 36 36 36 36 36 36 36 36 36 35 35 35 35 35 35 35 35 35 35 35 35 34 34 34 34 34 34 34 34 34 34 34 33 33 33 33 33 33 33 33 33 33 33 33 32 32 32 32 32 32 32 32 32 32 31 31 31 31 31 31 31 31 31 31 30 30 30 30 30 30 30 30 30 30 30 29 29 29 29 29 29 29 29 29 29 28 28 28 45 45 45 45 45 45 45 45 44 44 44 44 44 44 44 44 44 44 44 44 44 44 44 44 44 43 43 43 43 43 43 43 43 43 43 43 43 43 43 43 43 42 42 42 42 42 42 42 42 42 42 42 42 42 42 41 41 41 41 41 41 41 41 41 41 41 41 41 41 41 41 41 41 41 40 40 40 40 40 40 40 40 40 40 40 40 40 39 39 39 39 39 39 39 39 39 39 39 39 38 38 38 38 38 38 38 38 38 38 38 38 37 37 37 37 37 37 37 37 37 37 36 36 36 36 36 36 36 36 36 36 36 36 35 35 35 35 35 35 35 35 35 35 35 35 34 34 34 34 34 34 34 34 34 34 34 33 33 33 33 33 33 33 33 33 33 33 33 32 32 32 32 32 32 32 32 32 32 31 31 31 31 31 31 31 31 31 31 30 30 30 30 30 30 30 30 30 30 30 29 29 29 29 29 29 29 29 29 29 28 45 45 45 45 45 45 44 44 44 44 44 44 44 44 44 44 44 44 44 44 44 44 44 44 43 43 43 43 43 43 43 43 43 43 43 43 43 43 43 42 42 42 42 42 42 42 42 42 42 42 42 42 42 42 41 41 41 41 41 41 41 41 41 41 41 41 41 41 41 41 41 41 40 40 40 40 40 40 40 40 40 40 40 40 40 39 39 39 39 39 39 39 39 39 39 39 39 39 38 38 38 38 38 38 38 38 38 38 38 37 37 37 37 37 37 37 37 37 37 37 36 36 36 36 36 36 36 36 36 36 36 36 36 35 35 35 35 35 35 35 35 35 35 35 34 34 34 34 34 34 34 34 34 34 34 33 33 33 33 33 33 33 33 33 33 33 33 32 32 32 32 32 32 32 32 32 32 31 31 31 31 31 31 31 31 31 31 30 30 30 30 30 30 30 30 30 30 30 29 29 29 29 29 29 29 29 29 45 45 45 45 45 44 44 44 44 44 44 44 44 44 44 44 44 44 44 44 44 44 44 43 43 43 43 43 43 43 43 43 43 43 43 43 43 43 43 42 42 42 42 42 42 42 42 42 42 42 42 42 42 42 41 41 41 41 41 41 41 41 41 41 41 41 41 41 41 41 41 41 40 40 40 40 40 40 40 40 40 40 40 40 40 39 39 39 39 39 39 39 39 39 39 39 39 39 38 38 38 38 38 38 38 38 38 38 37 37 37 37 37 37 37 37 37 37 37 37 36 36 36 36 36 36 36 36 36 36 36 36 35 35 35 35 35 35 35 35 35 35 35 35 34 34 34 34 34 34 34 34 34 34 34 33 33 33 33 33 33 33 33 33 33 33 33 32 32 32 32 32 32 32 32 32 32 31 31 31 31 31 31 31 31 31 31 30 30 30 30 30 30 30 30 30 30 30 29 29 29 29 29 29 45 45 45 45 45 44 44 44 44 44 44 44 44 44 44 44 44 44 44 44 44 44 44 44 43 43 43 43 43 43 43 43 43 43 43 43 43 43 43 42 42 42 42 42 42 42 42 42 42 42 42 42 42 42 41 41 41 41 42 41 41 41 41 41 41 41 41 41 41 41 41 41 41 40 40 40 40 40 40 40 40 40 40 40 40 40 39 39 39 39 39 39 39 39 39 39 39 39 38 38 38 38 38 38 38 38 38 38 38 37 37 37 37 37 37 37 37 37 37 37 37 36 36 36 36 36 36 36 36 36 36 36 36 35 35 35 35 35 35 35 35 35 35 35 35 34 34 34 34 34 34 34 34 34 34 34 33 33 33 33 33 33 33 33 33 33 33 33 32 32 32 32 32 32 32 32 32 32 31 31 31 31 31 31 31 31 31 31 31 30 30 30 30 30 30 30 30 30 30 29 29 29 45 45 45 45 45 45 44 44 44 44 44 44 44 44 44 44 44 44 44 44 44 44 44 44 43 43 43 43 43 43 43 43 43 43 43 43 43 43 43 42 42 42 42 42 42 42 42 42 42 42 42 42 42 42 42 41 41 41 42 42 41 41 41 41 41 41 41 41 41 41 41 41 41 40 40 40 40 40 40 40 40 40 40 40 40 40 40 39 39 39 39 39 39 39 39 39 39 39 39 38 38 38 38 38 38 38 38 38 38 38 37 37 37 37 37 37 37 37 37 37 37 36 36 36 36 36 36 36 36 36 36 36 36 36 35 35 35 35 35 35 35 35 35 35 35 34 34 34 34 34 34 34 34 34 34 34 34 33 33 33 33 33 33 33 33 33 33 33 33 32 32 32 32 32 32 32 32 32 32 31 31 31 31 31 31 31 31 31 31 31 30 30 30 30 30 30 30 30 30 30 29 45 45 45 45 45 45 45 45 45 45 45 45 45 45 44 44 44 44 44 44 44 44 44 44 44 44 44 44 44 44 44 44 44 43 43 43 43 43 43 43 43 43 43 43 43 43 43 43 42 42 42 42 42 42 42 42 42 42 42 42 42 42 42 41 41 41 42 42 41 41 41 41 41 41 41 41 41 41 41 41 41 41 40 40 40 40 40 40 40 40 40 40 40 40 40 39 39 39 39 39 39 39 39 39 39 39 39 39 38 38 38 38 38 38 38 38 38 38 37 37 37 37 37 37 37 37 37 37 37 37 36 36 36 36 36 36 36 36 36 36 36 36 36 35 35 35 35 35 35 35 35 35 35 35 34 34 34 34 34 34 34 34 34 34 34 33 34 33 33 33 33 33 33 33 33 33 33 33 32 32 32 32 32 32 32 32 32 32 31 31 31 31 31 31 31 31 31 31 31 30 30 30 30 30 30 30 30 30 30 46 45 45 45 45 45 45 45 45 45 45 45 45 45 45 45 45 45 45 44 44 44 44 44 44 44 44 44 44 44 44 44 44 44 44 44 44 44 43 43 43 43 43 43 43 43 43 43 43 43 43 43 43 42 42 42 42 42 42 42 42 42 42 42 42 42 42 42 42 41 41 42 42 42 41 41 41 41 41 41 41 41 41 41 41 41 41 41 40 40 40 40 40 40 40 40 40 40 40 40 40 39 39 39 39 39 39 39 39 39 39 39 39 39 38 38 38 38 38 38 38 38 38 38 37 37 37 37 37 37 37 37 37 37 37 37 37 36 36 36 36 36 36 36 36 36 36 36 36 35 35 35 35 35 35 35 35 35 35 35 34 34 34 34 34 34 34 34 34 34 34 34 34 33 33 33 33 33 33 33 33 33 33 33 32 32 32 32 32 32 32 32 32 32 31 31 31 31 31 31 31 31 31 31 31 30 30 30 30 30 30 30 30 30 30 30 29 29 29 29 29 46 45 45 45 45 45 45 45 45 45 45 45 45 45 45 45 45 45 45 44 44 45 44 44 44 44 44 44 44 44 44 44 44 44 44 44 44 44 43 43 43 43 43 43 43 43 43 43 43 43 43 43 43 43 42 42 42 42 42 42 42 42 42 42 42 42 42 42 42 41 41 42 42 42 41 41 41 41 41 41 41 41 41 41 41 41 41 41 40 40 40 40 40 40 40 40 40 40 40 40 40 40 39 39 39 39 39 39 39 39 39 39 39 39 38 38 38 38 38 38 38 38 38 38 38 37 37 37 37 37 37 37 37 37 37 37 37 36 36 36 36 36 36 36 36 36 36 36 36 36 35 35 35 35 35 35 35 35 35 35 35 34 34 34 34 34 34 34 34 34 34 34 34 34 33 33 33 33 33 33 33 33 33 33 33 32 32 32 32 32 32 32 32 32 32 31 31 31 31 31 31 31 31 31 31 31 30 30 30 30 30 30 30 30 30 30 30 29 29 29 29 29 29 46 45 45 45 45 45 45 45 45 45 45 45 45 45 45 45 45 45 45 45 44 45 44 44 44 44 44 44 44 44 44 44 44 44 44 44 44 44 44 43 43 43 43 43 43 43 43 43 43 43 43 43 43 43 43 42 42 42 42 42 42 42 42 42 42 42 42 42 42 42 41 42 42 42 42 41 41 41 41 41 41 41 41 41 41 41 41 41 41 40 40 40 40 40 40 40 40 40 40 40 40 40 40 39 39 39 39 39 39 39 39 39 39 39 39 38 38 38 38 38 38 38 38 38 38 38 37 37 37 37 37 37 37 37 37 37 37 37 36 36 36 36 36 36 36 36 36 36 36 36 35 35 35 35 35 35 35 35 35 35 35 35 34 34 34 34 34 34 34 34 34 34 34 34 34 33 33 33 33 33 33 33 33 33 33 33 32 32 32 32 32 32 32 32 32 32 32 31 31 31 31 31 31 31 31 31 31 30 30 30 30 30 30 30 30 30 30 30 29 29 29 29 29 29 29 46 46 45 45 45 45 45 45 45 45 45 45 45 45 45 45 45 45 45 45 45 44 45 44 44 44 44 44 44 44 44 44 44 44 44 44 44 44 44 44 43 43 43 43 43 43 43 43 43 43 43 43 43 43 43 43 42 42 42 42 42 42 42 42 42 42 42 42 42 42 42 41 42 42 42 42 42 41 41 41 41 41 41 41 41 41 41 41 41 41 41 40 40 40 40 40 40 40 40 40 40 40 40 40 39 39 39 39 39 39 39 39 39 39 39 39 39 38 38 38 38 38 38 38 38 38 38 38 37 37 37 37 37 37 37 37 37 37 37 37 36 36 36 36 36 36 36 36 36 36 36 36 35 35 35 35 35 35 35 35 35 35 35 35 34 34 34 34 34 34 34 34 34 34 34 34 34 33 33 33 33 33 33 33 33 33 33 33 32 32 32 32 32 32 32 32 32 32 32 31 31 31 31 31 31 31 31 31 31 31 30 30 30 30 30 30 30 30 30 30 29 29 29 29 29 29 29 46 45 45 45 45 45 45 45 45 45 45 45 45 45 45 45 45 45 45 45 44 45 44 44 44 44 44 44 44 44 44 44 44 44 44 44 44 44 44 44 43 43 43 43 43 43 43 43 43 43 43 43 43 43 43 43 42 42 42 42 42 42 42 42 42 42 42 42 42 42 42 42 42 42 42 42 41 41 41 41 41 41 41 41 41 41 41 41 41 41 40 40 40 40 40 40 40 40 40 40 40 40 40 40 39 39 39 39 39 39 39 39 39 39 39 39 39 38 38 38 38 38 38 38 38 38 38 37 37 37 37 37 37 37 37 37 37 37 37 37 36 36 36 36 36 36 36 36 36 36 36 36 35 35 35 35 35 35 35 35 35 35 35 35 34 34 34 34 34 34 34 34 34 34 34 34 34 33 33 33 33 33 33 33 33 33 33 33 32 32 32 32 32 32 32 32 32 32 32 31 31 31 31 31 31 31 31 31 31 31 30 30 30 30 30 30 30 30 30 30 30 29 29 29 29 29 29 45 45 45 45 45 45 45 45 45 45 45 45 45 45 45 45 45 45 45 44 45 45 44 44 44 44 44 44 44 44 44 44 44 44 44 44 44 44 44 43 43 43 43 43 43 43 43 43 43 43 43 43 43 43 43 42 42 42 42 42 42 42 42 42 42 42 42 42 42 42 42 42 42 42 42 42 41 41 41 41 41 41 41 41 41 41 41 41 41 41 40 40 40 40 40 40 40 40 40 40 40 40 40 40 39 39 39 39 39 39 39 39 39 39 39 39 39 38 38 38 38 38 38 38 38 38 38 37 37 37 37 37 37 37 37 37 37 37 37 37 36 36 36 36 36 36 36 36 36 36 36 35 35 35 35 35 35 35 35 35 35 35 35 35 34 34 34 34 34 34 34 34 34 34 34 34 34 33 33 33 33 33 33 33 33 33 33 33 32 32 32 32 32 32 32 32 32 32 32 31 31 31 31 31 31 31 31 31 31 31 30 30 30 30 30 30 30 30 30 30 29 29 29 29 29 45 45 45 45 45 45 45 45 45 45 45 45 45 45 45 45 45 45 45 45 45 44 44 44 44 44 44 44 44 44 44 44 44 44 44 44 44 43 43 43 43 43 43 43 43 43 43 43 43 43 43 43 43 43 42 42 42 42 42 42 42 42 42 42 42 42 42 42 42 42 42 42 42 42 42 41 41 41 41 41 41 41 41 41 41 41 41 41 41 40 40 40 40 40 40 40 40 40 40 40 40 40 39 39 39 39 39 39 39 39 39 39 39 39 39 38 38 38 38 38 38 38 38 38 38 38 37 37 37 37 37 37 37 37 37 37 37 37 37 36 36 36 36 36 36 36 36 36 36 36 36 35 35 35 35 35 35 35 35 35 35 35 35 34 34 34 34 34 34 34 34 34 34 34 34 34 33 33 33 33 33 33 33 33 33 33 33 32 32 32 32 32 32 32 32 32 32 32 31 31 31 31 31 31 31 31 31 31 31 30 30 30 30 30 30 30 30 30 30 29 29 29 45 45 45 45 45 45 45 45 45 45 45 45 45 45 45 45 45 45 45 45 44 44 44 44 44 44 44 44 44 44 44 44 44 44 44 44 44 43 43 43 43 43 43 43 43 43 43 43 43 43 43 43 43 42 42 42 42 42 42 42 42 42 42 42 42 42 42 42 42 42 42 42 42 42 41 41 41 41 41 41 41 41 41 41 41 41 41 41 41 40 40 40 40 40 40 40 40 40 40 40 40 40 39 39 39 39 39 39 39 39 39 39 39 39 39 38 38 38 38 38 38 38 38 38 38 38 37 37 37 37 37 37 37 37 37 37 37 37 37 36 36 36 36 36 36 36 36 36 36 36 36 35 35 35 35 35 35 35 35 35 35 35 35 34 34 34 34 34 34 34 34 34 34 34 34 34 33 33 33 33 33 33 33 33 33 33 33 32 32 32 32 32 32 32 32 32 32 32 31 31 31 31 31 31 31 31 31 31 31 31 30 30 30 30 30 30 30 30 30 29 29 29 29 29 46 46 46 46 46 46 45 45 45 45 45 45 45 45 45 45 45 45 45 45 45 45 45 45 45 45 44 44 44 44 44 44 44 44 44 44 44 44 44 44 44 44 43 43 43 43 43 43 43 43 43 43 43 43 43 43 43 42 42 42 42 42 42 42 42 42 42 42 42 42 42 42 42 42 42 41 41 41 41 41 41 41 41 41 41 41 41 41 40 40 40 40 40 40 40 40 40 40 40 40 40 39 39 39 39 39 39 39 39 39 39 39 39 39 38 38 38 38 38 38 38 38 38 38 38 37 37 37 37 37 37 37 37 37 37 37 37 36 36 36 36 36 36 36 36 36 36 36 35 35 35 35 35 35 35 35 35 35 35 35 34 34 34 34 34 34 34 34 34 34 34 34 34 34 33 33 33 33 33 33 33 33 33 33 33 32 32 32 32 32 32 32 32 32 32 32 32 31 31 31 31 31 31 31 31 31 31 31 30 30 30 30 30 30 30 30 30 30 30 29 29 29 29 29 29 29 29 46 46 46 46 46 46 46 46 45 45 45 45 45 45 45 45 45 45 45 45 45 45 45 45 45 45 45 44 44 44 44 44 44 44 44 44 44 44 44 44 44 44 44 43 43 43 43 43 43 43 43 43 43 43 43 43 43 43 42 42 42 42 42 42 42 42 42 42 42 42 42 42 42 42 42 42 41 41 41 41 41 41 41 41 41 41 41 41 41 41 40 40 40 40 40 40 40 40 40 40 40 40 39 39 39 39 39 39 39 39 39 39 39 39 39 39 38 38 38 38 38 38 38 38 38 38 38 37 37 37 37 37 37 37 37 37 37 37 37 36 36 36 36 36 36 36 36 36 36 36 35 35 35 35 35 35 35 35 35 35 35 35 34 34 34 34 34 34 34 34 34 34 34 34 34 34 33 33 33 33 33 33 33 33 33 33 33 33 32 32 32 32 32 32 32 32 32 32 32 31 31 31 31 31 31 31 31 31 31 31 30 30 30 30 30 30 30 30 30 30 30 30 29 29 29 29 29 29 46 46 46 46 46 46 46 46 46 46 46 46 46 46 45 45 45 45 45 45 45 45 45 45 45 45 45 45 45 45 45 45 45 44 44 44 44 44 44 44 44 44 44 44 44 44 44 44 44 44 43 43 43 43 43 43 43 43 43 43 43 43 43 43 43 42 42 42 42 42 42 42 42 42 42 42 42 42 42 42 42 42 42 41 41 41 41 41 41 41 41 41 41 41 41 41 41 40 40 40 40 40 40 40 40 40 40 40 40 40 39 39 39 39 39 39 39 39 39 39 39 39 38 38 38 38 38 38 38 38 38 38 38 37 37 37 37 37 37 37 37 37 37 37 37 36 36 36 36 36 36 36 36 36 36 36 36 35 35 35 35 35 35 35 35 35 35 35 35 34 34 34 34 34 34 34 34 34 34 34 34 34 34 33 33 33 33 33 33 33 33 33 33 33 33 32 32 32 32 32 32 32 32 32 32 32 31 31 31 31 31 31 31 31 31 31 31 30 30 30 30 30 30 30 30 30 30 30 30 29 29 29 29 29 29 46 46 46 46 46 46 46 46 46 46 46 46 46 46 46 45 45 45 45 45 45 45 45 45 45 45 45 45 45 45 45 45 45 45 45 44 44 44 44 44 44 44 44 44 44 44 44 44 44 44 44 43 43 43 43 43 43 43 43 43 43 43 43 43 43 43 43 42 42 42 42 42 42 42 42 42 42 42 42 42 42 42 42 42 42 41 41 41 41 41 41 41 41 41 41 41 41 41 41 40 40 40 40 40 40 40 40 40 40 40 40 40 39 39 39 39 39 39 39 39 39 39 39 39 38 38 38 38 38 38 38 38 38 38 38 37 37 37 37 37 37 37 37 37 37 37 37 36 36 36 36 36 36 36 36 36 36 36 36 35 35 35 35 35 35 35 35 35 35 35 35 34 34 34 34 34 34 34 34 34 34 34 34 34 34 34 33 33 33 33 33 33 33 33 33 33 33 32 32 32 32 32 32 32 32 32 32 32 31 31 31 31 31 31 31 31 31 31 31 31 30 30 30 30 30 30 30 30 30 30 30 30 29 29 29 29 46 46 46 46 46 46 46 46 46 46 46 46 46 46 46 45 45 45 45 45 45 45 45 45 45 45 45 45 45 45 45 45 45 45 45 44 44 44 44 44 44 44 44 44 44 44 44 44 44 44 44 44 43 43 43 43 43 43 43 43 43 43 43 43 43 43 43 42 42 42 42 42 42 42 42 42 42 42 42 42 42 42 42 42 42 42 41 41 41 41 41 41 41 41 41 41 41 41 41 41 40 40 40 40 40 40 40 40 40 40 40 40 40 39 39 39 39 39 39 39 39 39 39 39 38 38 38 38 38 38 38 38 38 38 38 38 37 37 37 37 37 37 37 37 37 37 37 36 36 36 36 36 36 36 36 36 36 36 36 36 35 35 35 35 35 35 35 35 35 35 35 35 35 34 35 34 34 34 34 34 34 34 34 34 34 34 34 33 33 33 33 33 33 33 33 33 33 33 32 32 32 32 32 32 32 32 32 32 32 31 31 31 31 31 31 31 31 31 31 31 31 30 30 30 30 30 30 30 30 30 30 30 30 29 29 29 29 29 46 46 46 46 46 46 46 46 46 46 46 46 46 46 46 45 45 45 45 45 45 45 45 45 45 45 45 45 45 45 45 45 45 45 45 44 44 44 44 44 44 44 44 44 44 44 44 44 44 44 44 43 43 43 43 43 43 43 43 43 43 43 43 43 43 43 43 42 42 42 42 42 42 42 42 42 42 42 42 42 42 42 42 42 42 42 41 41 41 41 41 41 41 41 41 41 41 41 41 41 40 40 40 40 40 40 40 40 40 40 40 40 40 39 39 39 39 39 39 39 39 39 39 39 38 38 38 38 38 38 38 38 38 38 38 38 37 37 37 37 37 37 37 37 37 37 37 37 36 36 36 36 36 36 36 36 36 36 36 36 35 35 35 35 35 35 35 35 35 35 35 35 34 35 35 34 34 34 34 34 34 34 34 34 34 34 34 33 33 33 33 33 33 33 33 33 33 33 33 32 32 32 32 32 32 32 32 32 32 32 31 31 31 31 31 31 31 31 31 31 31 31 30 30 30 30 30 30 30 30 30 30 30 30 29 29 29 29 46 46 46 46 46 46 46 46 46 46 46 46 46 45 45 45 45 45 45 45 45 45 45 45 45 45 45 45 45 45 45 45 45 44 44 44 44 44 44 44 44 44 44 44 44 44 44 44 44 44 43 43 43 43 43 43 43 43 43 43 43 43 43 43 43 43 42 42 42 42 42 42 42 42 42 42 42 42 42 42 42 42 42 42 41 41 41 41 41 41 41 41 41 41 41 41 41 41 40 40 40 40 40 40 40 40 40 40 40 40 40 40 39 39 39 39 39 39 39 39 39 39 39 38 38 38 38 38 38 38 38 38 38 38 38 37 37 37 37 37 37 37 37 37 37 37 37 36 36 36 36 36 36 36 36 36 36 36 36 36 35 35 35 35 35 35 35 35 35 35 35 35 35 35 34 34 34 34 34 34 34 34 34 34 34 34 33 33 33 33 33 33 33 33 33 33 33 33 32 32 32 32 32 32 32 32 32 32 32 31 31 31 31 31 31 31 31 31 31 31 31 30 30 30 30 30 30 30 30 30 30 30 30 29 29 29 29 29 46 46 46 46 46 46 46 46 46 46 46 45 45 45 45 45 45 45 45 45 45 45 45 45 45 45 45 45 45 45 45 45 44 44 44 44 44 44 44 44 44 44 44 44 44 44 44 44 44 43 43 43 43 43 43 43 43 43 43 43 43 43 43 43 42 42 42 42 42 42 42 42 42 42 42 42 42 42 42 42 42 42 42 41 41 41 41 41 41 41 41 41 41 41 41 41 41 40 40 40 40 40 40 40 40 40 40 40 40 40 39 39 39 39 39 39 39 39 39 39 39 39 38 38 38 38 38 38 38 38 38 38 38 38 37 37 37 37 37 37 37 37 37 37 37 37 36 36 36 36 36 36 36 36 36 36 36 36 36 35 35 35 35 35 35 35 35 35 35 35 35 35 35 35 34 34 34 34 34 34 34 34 34 34 34 34 33 33 33 33 33 33 33 33 33 33 33 32 32 32 32 32 32 32 32 32 32 32 32 31 31 31 31 31 31 31 31 31 31 31 31 30 30 30 30 30 30 30 30 30 30 30 30 29 29 29 29 46 46 46 46 46 46 46 46 46 46 45 45 45 45 45 45 45 45 45 45 45 45 45 45 45 45 45 45 45 45 45 44 44 44 44 44 44 44 44 44 44 44 44 44 44 44 44 44 43 43 43 43 43 43 43 43 43 43 43 43 43 43 43 43 42 42 42 42 43 42 42 42 42 42 42 42 42 42 42 42 42 42 42 41 41 41 41 41 41 41 41 41 41 41 41 41 41 40 40 40 40 40 40 40 40 40 40 40 40 40 39 39 39 39 39 39 39 39 39 39 39 39 38 38 38 38 38 38 38 38 38 38 38 38 37 37 37 37 37 37 37 37 37 37 37 37 36 36 36 36 36 36 36 36 36 36 36 36 36 35 35 35 35 35 35 35 35 35 35 35 35 35 35 35 34 34 34 34 34 34 34 34 34 34 34 34 33 33 33 33 33 33 33 33 33 33 33 32 32 32 32 32 32 32 32 32 32 32 32 31 31 31 31 31 31 31 31 31 31 31 31 30 30 30 30 30 30 30 30 30 30 30 30 30 29 29 29 46 45 45 45 45 45 45 45 45 45 45 45 45 45 45 45 45 45 45 45 45 45 45 45 44 44 44 44 44 44 44 44 44 44 44 44 44 44 44 44 43 43 43 43 43 43 43 43 43 43 43 43 43 43 43 43 42 42 42 43 42 42 42 42 42 42 42 42 42 42 42 42 42 42 42 41 41 41 41 41 41 41 41 41 41 41 41 41 41 40 40 40 40 40 40 40 40 40 40 40 40 40 39 39 39 39 39 39 39 39 39 39 39 39 38 38 38 38 38 38 38 38 38 38 38 38 37 37 37 37 37 37 37 37 37 37 37 37 36 36 36 36 36 36 36 36 36 36 36 36 36 35 35 35 35 35 35 35 35 35 35 35 35 35 35 35 34 34 34 34 34 34 34 34 34 34 34 34 33 33 33 33 33 33 33 33 33 33 33 33 32 32 32 32 32 32 32 32 32 32 32 32 31 31 31 31 31 31 31 31 31 31 31 31 30 30 30 30 30 30 30 30 30 30 30 30 29 29 29 29 46 45 45 45 45 45 45 45 45 45 45 45 45 45 45 45 45 45 45 45 45 45 45 44 44 44 44 44 44 44 44 44 44 44 44 44 44 44 44 43 43 43 43 43 43 43 43 43 43 43 43 43 43 43 43 42 42 42 43 43 42 42 42 42 42 42 42 42 42 42 42 42 42 42 42 41 41 41 41 41 41 41 41 41 41 41 41 41 41 40 40 40 40 40 40 40 40 40 40 40 40 40 39 39 39 39 39 39 39 39 39 39 39 39 38 38 38 38 38 38 38 38 38 38 38 38 37 37 37 37 37 37 37 37 37 37 37 37 37 36 36 36 36 36 36 36 36 36 36 36 36 35 35 35 35 35 35 35 35 35 35 35 35 35 35 35 34 34 34 34 34 34 34 34 34 34 34 34 33 33 33 33 33 33 33 33 33 33 33 33 32 32 32 32 32 32 32 32 32 32 32 32 31 31 31 31 31 31 31 31 31 31 31 31 31 30 30 30 30 30 30 30 30 30 30 30 30 29 29 29 29 29 45 45 45 45 45 45 45 45 45 45 45 45 45 45 45 45 45 45 45 45 45 45 45 44 44 44 44 44 44 44 44 44 44 44 44 44 44 44 44 44 43 43 43 43 43 43 43 43 43 43 43 43 43 43 43 43 42 42 43 43 43 42 42 42 42 42 42 42 42 42 42 42 42 42 42 41 41 41 41 41 41 41 41 41 41 41 41 41 41 40 40 40 40 40 40 40 40 40 40 40 40 40 40 39 39 39 39 39 39 39 39 39 39 39 39 38 38 38 38 38 38 38 38 38 38 38 38 37 37 37 37 37 37 37 37 37 37 37 37 37 36 36 36 36 36 36 36 36 36 36 36 36 36 35 35 35 35 35 35 35 35 35 35 35 35 35 35 35 34 34 34 34 34 34 34 34 34 34 34 33 33 33 33 33 33 33 33 33 33 33 33 33 32 32 32 32 32 32 32 32 32 32 32 32 31 31 31 31 31 31 31 31 31 31 31 31 30 30 30 30 30 30 30 30 30 30 30 30 30 29 29 29 29 29 29 28 28 28 45 45 45 45 45 45 45 45 45 45 45 45 45 45 45 45 45 45 45 45 45 45 45 45 44 44 44 44 44 44 44 44 44 44 44 44 44 44 44 44 43 43 43 43 43 43 43 43 43 43 43 43 43 43 43 43 43 42 43 43 43 43 42 42 42 42 42 42 42 42 42 42 42 42 42 42 41 41 41 41 41 41 41 41 41 41 41 41 41 41 40 40 40 40 40 40 40 40 40 40 40 40 40 40 39 39 39 39 39 39 39 39 39 39 39 39 38 38 38 38 38 38 38 38 38 38 38 37 37 37 37 37 37 37 37 37 37 37 37 37 37 36 36 36 36 36 36 36 36 36 36 36 36 36 35 35 35 35 35 35 35 35 35 35 35 35 35 35 35 34 34 34 34 34 34 34 34 34 34 34 34 33 33 33 33 33 33 33 33 33 33 33 33 32 32 32 32 32 32 32 32 32 32 32 32 31 31 31 31 31 31 31 31 31 31 31 31 31 30 30 30 30 30 30 30 30 30 30 30 30 30 29 29 29 29 29 29 29 28 28 28 28 45 45 45 45 45 45 45 45 45 45 45 45 45 45 45 45 45 45 45 45 45 45 45 45 44 44 44 44 44 44 44 44 44 44 44 44 44 44 44 44 44 43 43 43 43 43 43 43 43 43 43 43 43 43 43 43 43 42 43 43 43 43 42 42 42 42 42 42 42 42 42 42 42 42 42 42 42 41 41 41 41 41 41 41 41 41 41 41 41 41 40 40 40 40 40 40 40 40 40 40 40 40 40 40 40 39 39 39 39 39 39 39 39 39 39 39 39 38 38 38 38 38 38 38 38 38 38 37 37 37 37 37 37 37 37 37 37 37 37 37 37 37 36 36 36 36 36 36 36 36 36 36 36 36 35 35 35 35 35 35 35 35 35 35 35 35 35 35 35 35 34 34 34 34 34 34 34 34 34 34 34 34 33 33 33 33 33 33 33 33 33 33 33 33 33 32 32 32 32 32 32 32 32 32 32 32 32 31 31 31 31 31 31 31 31 31 31 31 31 31 30 30 30 30 30 30 30 30 30 30 30 30 30 29 29 29 29 29 29 29 29 29 29 28 28 28 45 45 45 45 45 45 45 45 45 45 45 45 45 45 45 45 45 45 45 45 45 45 45 45 44 44 44 44 44 44 44 44 44 44 44 44 44 44 44 44 43 43 43 43 43 43 43 43 43 43 43 43 43 43 43 43 43 43 43 43 43 43 42 42 42 42 42 42 42 42 42 42 42 42 42 42 42 41 41 41 41 41 41 41 41 41 41 41 41 41 40 40 40 40 40 40 40 40 40 40 40 40 40 40 40 39 39 39 39 39 39 39 39 39 39 39 39 38 38 38 38 38 38 38 38 38 38 37 37 37 37 37 37 37 37 37 37 37 37 37 37 37 37 36 36 36 36 36 36 36 36 36 36 36 35 35 35 35 35 35 35 35 35 35 35 35 35 35 35 35 35 34 34 34 34 34 34 34 34 34 34 34 33 33 33 33 33 33 33 33 33 33 33 33 33 32 32 32 32 32 32 32 32 32 32 32 32 32 31 31 31 31 31 31 31 31 31 31 31 31 30 30 30 30 30 30 30 30 30 30 30 30 30 30 29 29 29 29 29 29 29 29 29 29 29 29 29 29 28 28 45 45 45 45 45 45 45 45 45 45 45 45 45 45 45 45 45 45 45 45 45 45 44 44 44 44 44 44 44 44 44 44 44 44 44 44 44 44 44 43 43 43 43 43 43 43 43 43 43 43 43 43 43 43 43 43 43 43 43 43 43 42 42 42 42 42 42 42 42 42 42 42 42 42 42 42 41 41 41 41 41 41 41 41 41 41 41 41 41 41 40 40 40 40 40 40 40 40 40 40 40 40 40 40 39 39 39 39 39 39 39 39 39 39 39 39 38 38 38 38 38 38 38 38 38 38 38 38 37 37 37 37 37 37 37 37 37 37 37 37 37 37 36 36 36 36 36 36 36 36 36 36 36 36 35 36 35 35 35 35 35 35 35 35 35 35 35 35 35 35 34 34 34 34 34 34 34 34 34 34 34 33 33 33 33 33 33 33 33 33 33 33 33 33 33 32 32 32 32 32 32 32 32 32 32 32 32 31 31 31 31 31 31 31 31 31 31 31 31 31 30 30 30 30 30 30 30 30 30 30 30 30 30 30 29 29 29 29 29 29 29 29 29 29 29 29 29 29 45 45 45 45 45 45 45 45 45 45 45 45 45 45 45 45 45 45 45 44 44 44 44 44 44 44 44 44 44 44 44 44 44 44 44 44 44 43 43 43 43 43 43 43 43 43 43 43 43 43 43 43 43 43 43 43 43 43 43 42 42 42 42 42 42 42 42 42 42 42 42 42 42 42 41 41 41 41 41 41 41 41 41 41 41 41 41 40 40 40 40 40 40 40 40 40 40 40 40 40 40 40 39 39 39 39 39 39 39 39 39 39 39 39 38 38 38 38 38 38 38 38 38 38 38 38 38 37 37 37 37 37 37 37 37 37 37 37 37 37 36 36 36 36 36 36 36 36 36 36 36 36 36 36 35 35 35 35 35 35 35 35 35 35 35 35 35 35 35 34 34 34 34 34 34 34 34 34 34 34 33 33 33 33 33 33 33 33 33 33 33 33 33 32 32 32 32 32 32 32 32 32 32 32 32 32 31 31 31 31 31 31 31 31 31 31 31 31 31 30 30 30 30 30 30 30 30 30 30 30 30 30 30 29 29 29 29 29 29 29 29 29 29 29 29 29 45 45 45 45 45 45 45 45 45 45 45 45 45 45 45 45 45 44 44 44 44 44 44 44 44 44 44 44 44 44 44 44 44 44 43 43 43 43 43 43 43 43 43 43 43 43 43 43 43 43 43 43 43 43 43 43 42 42 42 42 42 42 42 42 42 42 42 42 42 42 42 42 41 41 41 41 41 41 41 41 41 41 41 41 41 40 40 40 40 40 40 40 40 40 40 40 40 40 40 39 39 39 39 39 39 39 39 39 39 39 39 38 38 38 38 38 38 38 38 38 38 38 38 38 38 38 37 37 37 37 37 37 37 37 37 37 37 37 36 36 36 36 36 36 36 36 36 36 36 36 36 36 36 35 35 35 35 35 35 35 35 35 35 35 35 35 34 34 34 34 34 34 34 34 34 34 34 34 34 33 33 33 33 33 33 33 33 33 33 33 33 33 32 32 32 32 32 32 32 32 32 32 32 32 32 31 31 31 31 31 31 31 31 31 31 31 31 31 30 30 30 30 30 30 30 30 30 30 30 30 30 30 29 29 29 29 29 29 29 29 29 29 29 29 45 45 45 45 45 45 45 45 45 45 45 45 45 44 44 44 44 44 44 44 44 44 44 44 44 44 44 44 44 44 44 44 43 43 43 43 43 43 43 43 43 43 43 43 43 43 43 43 43 43 43 43 43 43 42 42 42 42 42 42 42 42 42 42 42 42 42 42 42 41 41 41 41 41 41 41 41 41 41 41 41 41 40 40 40 40 40 40 40 40 40 40 40 40 40 40 39 39 39 39 39 39 39 39 39 39 39 39 39 38 38 38 38 38 38 38 38 38 38 38 38 38 38 38 37 37 37 37 37 37 37 37 37 37 37 37 36 36 36 36 36 36 36 36 36 36 36 36 36 36 36 36 35 35 35 35 35 35 35 35 35 35 35 35 35 34 34 34 34 34 34 34 34 34 34 34 34 34 33 33 33 33 33 33 33 33 33 33 33 33 32 32 32 32 32 32 32 32 32 32 32 32 32 31 31 31 31 31 31 31 31 31 31 31 31 31 31 30 30 30 30 30 30 30 30 30 30 30 30 30 30 29 29 29 29 29 29 29 29 29 29 45 45 45 45 45 45 45 45 45 44 44 44 44 44 44 44 44 44 44 44 44 44 44 44 44 44 44 44 44 43 43 43 43 43 43 43 43 43 43 43 43 43 43 43 43 43 43 43 43 43 43 43 42 42 42 42 42 42 42 42 42 42 42 42 42 42 42 41 41 41 41 41 41 41 41 41 41 41 40 40 40 40 40 40 40 40 40 40 40 40 40 40 40 40 39 39 39 39 39 39 39 39 39 39 39 39 39 38 38 38 38 38 38 38 38 38 38 38 38 38 38 38 38 37 37 37 37 37 37 37 37 37 37 37 36 36 36 36 36 36 36 36 36 36 36 36 36 36 36 36 35 35 35 35 35 35 35 35 35 35 35 35 35 34 34 34 34 34 34 34 34 34 34 34 34 34 33 33 33 33 33 33 33 33 33 33 33 33 33 32 32 32 32 32 32 32 32 32 32 32 32 32 31 31 31 31 31 31 31 31 31 31 31 31 31 30 30 30 30 30 30 30 30 30 30 30 30 30 30 30 29 29 29 29 29 29 29 29 29 45 45 45 45 45 44 44 44 44 44 44 44 44 44 44 44 44 44 44 44 44 44 44 44 44 43 43 43 43 43 43 43 43 43 43 43 43 43 43 43 43 43 43 43 43 43 43 43 43 43 42 42 42 42 42 42 42 42 42 42 42 42 42 42 42 41 41 41 41 41 41 41 41 41 41 40 40 40 40 40 40 40 40 40 40 40 40 40 40 40 40 40 39 39 39 39 39 39 39 39 39 39 39 39 39 39 38 38 38 38 38 38 38 38 38 38 38 38 38 38 38 37 37 37 37 37 37 37 37 37 37 37 37 36 36 36 36 36 36 36 36 36 36 36 36 36 36 36 36 35 35 35 35 35 35 35 35 35 35 35 35 34 34 34 34 34 34 34 34 34 34 34 34 34 33 33 33 33 33 33 33 33 33 33 33 33 33 33 32 32 32 32 32 32 32 32 32 32 32 32 32 31 31 31 31 31 31 31 31 31 31 31 31 31 30 30 30 30 30 30 30 30 30 30 30 30 30 30 30 29 29 29 29 29 29 29 29 29 29 44 44 44 44 44 44 44 44 44 44 44 44 44 44 44 44 44 44 44 43 43 43 43 43 43 43 43 43 43 43 43 43 43 43 43 43 43 43 43 43 43 43 43 43 43 42 42 42 42 42 42 42 42 42 42 42 42 42 42 42 42 41 41 41 41 41 41 41 41 41 41 41 40 40 40 40 40 40 40 40 40 40 40 40 40 40 40 40 40 39 39 39 39 39 39 39 39 39 39 39 39 39 39 38 38 38 38 38 38 38 38 38 38 38 38 38 38 37 37 37 37 37 37 37 37 37 37 37 37 37 36 36 36 36 36 36 36 36 36 36 36 36 36 36 36 36 35 35 35 35 35 35 35 35 35 35 35 35 35 34 34 34 34 34 34 34 34 34 34 34 34 33 33 33 33 33 33 33 33 33 33 33 33 33 33 32 32 32 32 32 32 32 32 32 32 32 32 32 32 31 31 31 31 31 31 31 31 31 31 31 31 31 30 30 30 30 30 30 30 30 30 30 30 30 30 30 30 30 29 29 29 29 29 29 29 29 29 29 29 29 29 29 44 43 43 43 43 43 43 43 43 43 43 43 43 43 43 43 43 43 43 43 43 43 43 43 43 43 43 42 42 42 42 42 42 42 42 42 42 42 42 42 42 42 42 41 41 41 41 41 41 41 41 41 41 41 41 40 40 40 40 40 40 40 40 40 40 40 40 40 40 40 40 40 40 40 39 39 39 39 39 39 39 39 39 39 39 39 39 38 38 38 38 38 38 38 38 38 38 38 38 38 38 37 37 37 37 37 37 37 37 37 37 37 37 37 37 36 36 36 36 36 36 36 36 36 36 36 36 36 36 36 35 35 35 35 35 35 35 35 35 35 35 35 35 34 34 34 34 34 34 34 34 34 34 34 34 34 33 33 33 33 33 33 33 33 33 33 33 33 33 33 32 32 32 32 32 32 32 32 32 32 32 32 32 31 31 31 31 31 31 31 31 31 31 31 31 31 31 30 30 30 30 30 30 30 30 30 30 30 30 30 30 30 29 29 29 29 29 29 29 29 29 29 29 29 29 29 29 29 29 29 29 44 44 44 43 43 43 43 43 43 43 43 43 43 43 43 43 43 43 43 43 43 43 43 43 43 42 42 42 42 42 42 42 42 42 42 42 42 42 42 42 42 41 41 41 41 41 41 41 41 41 41 41 41 41 41 41 41 40 40 40 40 40 40 40 40 40 40 40 40 40 40 40 40 40 40 39 39 39 39 39 39 39 39 39 39 39 39 39 38 38 38 38 38 38 38 38 38 38 38 38 38 37 37 37 37 37 37 37 37 37 37 37 37 37 37 36 36 36 36 36 36 36 36 36 36 36 36 36 36 36 35 35 35 35 35 35 35 35 35 35 35 35 35 35 35 34 34 34 34 34 34 34 34 34 34 34 34 33 33 33 33 33 33 33 33 33 33 33 33 33 33 33 32 32 32 32 32 32 32 32 32 32 32 32 32 31 31 31 31 31 31 31 31 31 31 31 31 31 31 31 30 30 30 30 30 30 30 30 30 30 30 30 30 30 29 29 29 29 29 29 29 29 29 29 29 29 29 29 29 29 29 29 29 29 29 28 44 44 44 43 43 43 43 43 43 43 43 43 43 43 43 43 42 42 43 43 43 43 43 43 43 42 42 42 42 42 42 42 42 42 42 42 42 42 41 41 41 41 41 41 41 41 41 41 41 41 41 41 41 41 41 41 41 40 40 40 40 40 40 40 40 40 40 40 40 40 40 40 40 40 40 39 39 39 39 39 39 39 39 39 39 39 39 39 38 38 38 38 38 38 38 38 38 38 38 37 37 37 37 37 37 37 37 37 37 37 37 37 37 37 37 37 37 36 36 36 36 36 36 36 36 36 36 36 36 36 36 36 35 35 35 35 35 35 35 35 35 35 35 35 35 35 34 34 34 34 34 34 34 34 34 34 34 34 33 33 33 33 33 33 33 33 33 33 33 33 33 33 32 32 32 32 32 32 32 32 32 32 32 32 32 32 31 31 31 31 31 31 31 31 31 31 31 31 31 31 31 30 30 30 30 30 30 30 30 30 30 30 30 30 30 30 29 29 30 30 30 29 29 29 29 29 29 29 29 29 29 29 29 29 29 29 29 29 28 28 45 45 45 45 44 44 43 43 43 43 43 43 43 43 43 43 43 43 43 43 42 43 43 43 43 43 43 43 42 43 42 42 42 42 42 42 42 42 42 42 42 42 41 41 41 41 41 41 41 41 41 41 41 41 41 41 41 41 41 41 40 40 40 40 40 40 40 40 40 40 40 40 40 40 40 40 40 40 40 39 39 39 39 39 39 39 39 39 39 39 39 39 38 38 38 38 38 38 38 38 38 38 38 38 37 37 37 37 37 37 37 37 37 37 37 37 37 37 37 37 37 37 37 37 36 36 36 36 36 36 36 36 36 36 36 36 35 35 35 35 35 35 35 35 35 35 35 35 35 35 34 34 34 34 34 34 34 34 34 34 34 34 33 33 33 33 33 33 33 33 33 33 33 33 33 33 33 32 32 32 32 32 32 32 32 32 32 32 32 32 32 31 31 31 31 31 31 31 31 31 31 31 31 31 31 31 30 30 30 30 30 30 30 30 30 30 30 30 30 30 30 30 30 30 30 29 29 29 29 29 29 29 29 29 29 29 29 29 29 29 29 29 29 46 46 46 46 45 45 45 45 43 43 43 43 43 43 43 43 43 43 43 43 43 43 43 42 43 43 43 43 43 43 43 42 43 42 42 42 42 42 42 42 42 42 42 42 42 42 41 42 41 41 41 41 41 41 41 41 41 41 41 41 41 41 41 40 41 40 40 40 40 40 40 40 40 40 40 40 40 40 40 40 40 40 40 39 39 39 39 39 39 39 39 39 39 39 39 38 38 38 38 38 38 38 38 38 38 38 38 38 38 37 37 37 37 37 37 37 37 37 37 37 37 37 37 37 37 37 37 36 36 36 36 36 36 36 36 36 36 36 36 36 36 35 35 35 35 35 35 35 35 35 35 35 35 34 34 34 34 34 34 34 34 34 34 34 34 34 34 33 33 33 33 33 33 33 33 33 33 33 33 33 33 33 32 32 32 32 32 32 32 32 32 32 32 32 32 32 31 31 31 31 31 31 31 31 31 31 31 31 31 31 31 30 30 30 30 30 30 30 30 30 30 30 30 30 30 30 30 30 30 29 29 29 29 29 29 29 29 29 29 29 29 29 29 29 29 29 29 29 29 29 46 46 46 46 46 45 45 45 45 45 45 44 44 44 44 44 43 43 43 43 43 43 43 43 43 43 43 43 43 43 43 43 43 43 43 43 43 43 43 43 43 42 43 42 42 42 42 42 42 42 42 42 41 42 42 41 41 41 41 41 41 41 41 41 41 41 41 41 41 41 41 40 40 40 40 40 40 40 40 40 40 40 40 40 40 40 40 40 40 39 39 39 39 39 39 39 39 39 39 38 38 38 38 38 38 38 38 38 38 38 38 38 38 38 38 38 38 38 38 37 37 37 37 37 37 37 37 37 37 37 37 37 37 37 37 36 36 36 36 36 36 36 36 36 36 36 36 36 35 35 35 35 35 35 35 35 35 35 35 35 35 34 34 34 34 34 34 34 34 34 34 34 34 34 34 33 33 33 33 33 33 33 33 33 33 33 33 33 33 32 32 32 32 32 32 32 32 32 32 32 32 32 32 32 31 31 31 31 31 31 31 31 31 31 31 31 31 31 31 30 30 30 30 30 30 30 30 30 30 30 30 30 30 30 30 30 30 30 30 30 29 29 29 29 29 29 29 29 29 29 29 29 29 29 29 29 29 29 45 45 45 45 45 45 45 45 45 45 45 45 44 44 44 44 44 44 44 44 43 43 43 43 43 43 43 43 43 42 43 43 43 43 43 43 43 43 43 43 43 43 42 43 42 42 42 42 42 42 42 42 42 42 42 42 41 42 42 42 41 41 41 41 41 41 41 41 41 41 41 40 40 40 40 40 40 40 40 40 40 40 40 40 40 40 40 39 39 39 39 39 39 39 39 39 39 39 38 38 38 38 38 38 38 38 38 38 38 38 38 38 38 38 38 38 38 38 38 38 37 37 37 37 37 37 37 37 37 37 37 37 37 37 37 36 36 36 36 36 36 36 36 36 36 36 36 36 36 36 35 35 35 35 35 35 35 35 35 35 35 35 35 34 34 34 34 34 34 34 34 34 34 34 34 34 34 33 33 33 33 33 33 33 33 33 33 33 33 33 33 32 32 32 32 32 32 32 32 32 32 32 32 32 32 32 31 31 31 31 31 31 31 31 31 31 31 31 31 31 31 31 30 30 30 30 30 30 30 30 30 30 30 30 30 30 30 30 30 30 30 29 29 29 29 29 29 29 29 29 29 29 29 29 29 29 29 29 29 45 45 45 45 45 45 45 45 45 45 45 45 45 45 45 45 45 45 45 45 45 44 44 44 44 44 44 44 44 44 44 43 43 43 43 43 43 43 43 43 43 43 43 43 43 43 43 43 43 43 43 43 43 43 43 43 42 42 42 42 42 42 42 42 42 42 42 42 42 42 41 41 41 41 41 41 41 41 41 41 41 41 40 40 40 40 40 40 40 40 40 40 40 40 40 39 39 39 39 39 39 39 39 39 39 39 39 39 39 39 39 39 39 38 38 38 38 38 38 38 38 38 38 38 38 38 38 38 38 38 38 38 38 37 37 37 37 37 37 37 37 37 37 37 37 37 37 37 36 36 36 36 36 36 36 36 36 36 36 36 36 36 36 35 35 35 35 35 35 35 35 35 35 35 35 35 35 34 34 34 34 34 34 34 34 34 34 34 34 34 33 33 33 33 33 33 33 33 33 33 33 33 33 33 32 32 32 32 32 32 32 32 32 32 32 32 32 32 32 31 31 31 31 31 31 31 31 31 31 31 31 31 31 31 31 30 30 30 30 30 30 30 30 30 30 30 30 30 30 30 30 30 30 30 29 29 29 29 29 29 29 29 29 29 29 29 29 29 29 29 29 29 29 45 45 45 45 45 45 45 45 45 45 45 45 45 45 45 45 44 45 44 44 44 44 44 44 44 44 44 44 44 44 44 44 44 44 44 44 44 44 44 43 43 43 43 43 43 43 43 43 43 43 43 43 43 43 43 43 43 43 43 43 43 43 43 43 42 42 43 42 42 42 43 42 42 42 42 42 42 42 42 42 42 42 42 42 41 41 41 41 41 41 41 41 41 41 40 41 40 40 40 40 40 40 40 40 40 40 40 39 39 39 39 39 39 39 39 39 39 39 39 39 39 39 39 38 38 38 38 38 38 38 38 38 38 38 38 38 38 38 38 38 38 37 37 37 37 37 37 37 37 37 37 37 37 37 37 37 37 37 36 36 36 36 36 36 36 36 36 36 36 36 36 35 35 35 35 35 35 35 35 35 35 35 35 35 35 35 35 34 34 34 34 34 34 34 34 34 34 34 34 33 33 33 33 33 33 33 33 33 33 33 33 33 33 33 32 32 32 32 32 32 32 32 32 32 32 32 32 32 31 31 31 31 31 31 31 31 31 31 31 31 31 31 31 31 30 30 30 30 30 30 30 30 30 30 30 30 30 30 30 30 29 29 29 29 29 29 29 29 29 29 29 29 29 29 29 29 29 29 29 29 29 45 45 45 45 45 45 45 45 45 45 45 45 45 45 45 45 44 45 44 44 44 44 44 44 44 44 44 44 44 44 44 44 44 44 44 44 44 44 44 44 44 44 43 43 43 43 43 43 43 43 43 43 43 43 43 43 43 43 43 43 43 43 43 43 43 43 43 43 43 42 42 42 42 42 42 42 42 42 42 42 42 42 42 42 42 42 42 41 41 41 41 41 41 41 41 41 41 40 40 40 40 40 40 40 40 40 40 40 40 40 40 40 40 39 39 39 39 39 39 39 39 39 39 39 39 39 38 38 38 38 38 38 38 38 38 38 38 38 38 38 38 38 38 38 37 37 37 37 37 37 37 37 37 37 37 37 37 37 37 37 36 36 36 36 36 36 36 36 36 36 36 36 36 35 35 35 35 35 35 35 35 35 35 35 35 35 35 35 35 35 34 34 34 34 34 34 34 34 34 34 34 34 33 33 33 33 33 33 33 33 33 33 33 33 33 33 33 32 32 32 32 32 32 32 32 32 32 32 32 32 32 31 31 31 31 31 31 31 31 31 31 31 31 31 31 31 31 31 30 31 30 30 30 30 30 30 30 30 30 30 29 29 29 29 29 29 29 29 29 29 29 29 29 29 29 29 29 29 29 29 29 29 45 46 46 45 45 45 45 45 45 45 45 45 45 45 45 45 45 45 45 45 45 45 45 45 45 44 44 44 44 44 44 44 44 44 44 44 44 44 44 43 44 44 44 44 44 44 44 43 43 43 43 43 43 43 43 43 43 43 43 43 43 43 43 43 43 43 43 43 43 43 43 42 42 42 42 42 42 42 42 42 42 42 42 42 42 41 42 42 41 41 41 41 41 41 41 41 41 41 41 41 41 40 40 40 40 40 40 40 40 40 40 40 40 40 39 39 39 39 39 39 39 39 39 39 39 39 39 39 39 39 38 38 38 38 38 38 38 38 38 38 38 38 38 38 38 38 37 37 37 37 37 37 37 37 37 37 37 37 37 37 37 37 37 37 36 36 36 36 36 36 36 36 36 36 36 36 35 35 35 35 35 35 35 35 35 35 35 35 35 35 35 35 35 35 34 34 34 34 34 34 34 34 34 34 34 33 33 33 33 33 33 33 33 33 33 33 33 33 33 33 33 32 32 32 32 32 32 32 32 32 32 32 32 32 32 32 31 31 31 31 31 31 31 31 31 31 31 31 31 31 31 31 31 31 31 30 30 30 30 30 30 29 29 29 30 30 30 29 29 29 29 29 29 29 29 29 29 29 29 29 29 29 29 29 46 46 46 46 45 45 46 46 45 45 45 45 45 45 45 45 45 45 45 45 45 45 45 45 45 45 45 45 44 44 44 44 44 44 44 44 44 44 44 44 44 44 44 44 44 44 44 44 44 43 43 44 43 43 43 43 44 44 44 44 44 44 44 44 43 43 43 43 43 43 43 43 43 43 42 42 42 43 42 42 42 42 42 42 42 42 42 42 41 41 41 41 41 41 41 41 41 41 41 41 41 41 41 41 41 41 41 40 40 40 40 40 40 40 40 40 40 40 40 40 40 40 39 39 39 39 39 39 39 39 39 39 39 39 39 39 38 38 38 38 38 38 38 38 38 38 38 38 38 38 38 38 38 37 37 37 37 37 37 37 37 37 37 37 37 37 37 37 37 37 36 36 36 36 36 36 36 36 36 36 36 36 36 36 35 35 35 35 35 35 35 35 35 35 35 35 35 35 35 35 34 34 34 34 34 34 34 34 34 34 34 34 33 33 33 33 33 33 33 33 33 33 33 33 33 33 33 33 32 32 32 32 32 32 32 32 32 32 32 32 32 32 32 31 31 31 31 31 31 31 31 31 31 31 31 31 31 31 31 31 31 31 30 30 30 30 29 30 30 31 31 30 30 30 30 31 30 30 29 29 29 29 29 29 29 29 29 29 29 46 46 46 46 46 46 45 45 45 45 46 46 46 45 45 45 45 45 45 45 45 45 45 45 45 45 45 45 45 45 45 44 44 44 44 44 44 44 44 44 44 44 44 44 44 44 44 43 43 44 44 43 43 43 43 43 43 43 43 43 44 44 43 43 43 43 43 43 43 43 43 43 43 43 43 42 43 43 43 42 42 42 42 42 42 42 42 42 42 42 42 42 41 41 41 41 41 41 41 41 41 41 41 41 41 41 41 41 41 41 41 40 40 40 40 40 40 40 40 40 40 40 40 40 40 40 40 40 39 39 39 39 39 39 39 39 39 39 39 39 39 38 38 38 38 38 38 38 38 38 38 38 38 38 38 38 38 38 38 37 38 37 37 37 37 37 37 37 37 37 37 37 37 37 37 37 36 36 36 36 36 36 36 36 36 36 36 36 36 35 35 35 35 35 35 35 35 35 35 35 35 35 35 35 35 35 34 34 34 34 34 34 34 34 34 34 34 33 33 33 33 33 33 33 33 33 33 33 33 33 33 33 33 33 32 32 32 32 32 32 32 32 32 32 32 32 32 32 32 31 31 31 31 31 31 31 31 31 31 31 31 31 31 31 31 31 30 30 30 30 30 30 30 30 30 30 30 30 30 31 30 30 29 30 30 30 29 29 29 30 46 46 46 46 46 46 46 45 45 45 45 46 46 46 46 45 45 45 45 45 45 45 45 45 45 45 45 45 45 45 45 44 44 44 44 44 44 44 44 44 44 44 44 44 44 44 44 44 44 43 43 43 43 43 43 43 43 43 43 43 43 43 43 43 43 43 43 43 43 43 43 43 43 42 43 42 43 42 43 43 43 42 42 42 42 42 42 42 42 42 42 42 42 42 41 42 42 41 41 41 41 41 41 41 41 41 41 41 41 41 41 41 41 41 40 40 40 40 40 40 40 40 40 40 40 40 40 40 40 40 40 39 39 39 39 39 39 39 39 39 39 39 39 39 38 38 38 38 38 38 38 38 38 38 38 38 38 38 38 38 38 38 38 37 37 37 37 37 37 37 37 37 37 37 37 37 37 37 37 36 36 36 36 36 36 36 36 36 36 36 36 36 36 35 35 35 35 35 35 35 35 35 35 35 35 35 35 35 35 34 34 34 34 34 34 34 34 34 34 34 33 33 33 33 33 33 33 33 33 33 33 33 33 33 33 33 33 32 32 32 32 32 32 32 32 32 32 32 32 32 32 32 31 31 31 31 31 31 31 31 31 31 31 31 31 31 31 31 30 31 31 30 31 30 30 30 30 30 30 30 30 30 30 30 30 30 30 30 46 46 46 46 46 46 45 45 45 45 46 46 46 46 46 45 45 45 45 45 45 45 45 45 45 45 45 45 45 44 44 44 44 44 44 44 44 44 44 44 44 44 44 44 44 44 44 44 44 43 43 43 43 43 43 43 43 43 43 43 43 43 43 43 43 43 43 43 43 43 43 43 43 43 43 42 43 43 43 43 43 42 42 42 42 42 42 42 42 42 42 42 42 42 42 42 42 42 41 41 41 41 41 41 41 41 41 41 41 41 41 41 41 41 41 40 40 40 40 40 40 40 40 40 40 40 40 40 40 40 40 39 39 39 39 39 39 39 39 39 39 39 39 39 38 38 38 38 38 38 38 38 38 38 38 38 38 38 38 38 38 38 38 38 37 37 37 37 37 37 37 37 37 37 37 37 37 37 37 36 36 36 36 36 36 36 36 36 36 36 36 36 36 36 35 35 35 35 35 35 35 35 35 35 35 35 35 35 35 34 34 34 34 34 34 34 34 34 34 34 33 33 33 33 33 33 33 33 33 33 33 33 33 33 33 33 33 33 32 32 32 32 32 32 32 32 32 32 32 32 32 32 32 32 31 31 31 31 31 31 31 31 31 31 31 31 31 31 31 30 31 30 30 30 30 30 30 30 30 30 30 30 30 30 30 30 30 46 46 46 46 46 46 45 45 45 46 46 46 46 46 45 45 45 45 45 45 45 45 45 45 45 45 45 45 44 44 44 44 44 44 44 44 44 44 44 44 44 44 44 44 44 44 44 44 44 43 43 43 43 43 43 43 43 43 43 44 43 43 43 43 43 43 43 43 43 43 43 43 43 43 43 43 42 42 42 42 42 42 42 42 42 42 42 42 42 42 42 42 42 42 42 42 42 42 41 41 41 41 41 41 41 41 41 41 41 41 41 41 41 41 41 41 40 40 40 40 40 40 40 40 40 40 40 40 40 40 39 39 39 39 39 39 39 39 39 39 39 39 39 39 38 38 38 38 38 38 38 38 38 38 38 38 38 38 38 38 38 38 38 38 38 37 37 37 37 37 37 37 37 37 37 37 37 37 37 37 36 36 36 36 36 36 36 36 36 36 36 36 36 36 35 35 35 35 35 35 35 35 35 35 35 35 35 35 35 35 35 34 34 34 34 34 34 34 34 34 33 33 33 33 33 33 33 33 33 33 33 33 33 33 33 33 33 33 33 32 32 32 32 32 32 32 32 32 32 32 32 32 32 32 32 31 31 31 31 31 31 31 31 31 31 31 31 31 31 31 31 30 31 31 30 30 30 30 30 30 30 30 30 30 30 30 46 46 46 46 46 46 45 45 45 46 46 46 46 46 45 45 45 45 45 45 45 45 45 45 45 45 45 45 45 45 45 45 44 44 44 44 44 44 44 44 44 44 44 44 44 44 44 44 44 44 44 44 43 43 43 43 43 43 43 44 44 43 43 43 43 43 43 43 43 43 43 43 43 43 43 43 43 42 42 42 42 42 42 42 42 42 42 42 42 42 42 42 42 42 42 42 42 42 42 42 42 41 41 41 41 41 41 41 41 41 41 41 41 41 41 41 41 40 40 40 40 40 40 40 40 40 40 40 40 40 40 40 39 39 39 39 39 39 39 39 39 39 39 39 39 38 38 38 38 38 38 38 38 38 38 38 38 38 38 38 38 38 38 38 38 38 37 37 37 37 37 37 37 37 37 37 37 37 37 37 37 37 36 36 36 36 36 36 36 36 36 36 36 36 36 36 35 35 35 35 35 35 35 35 35 35 35 35 35 35 35 35 35 34 34 34 34 34 34 34 34 33 33 33 33 33 33 33 33 33 33 33 33 33 33 33 33 33 33 33 33 32 32 32 32 32 32 32 32 32 32 32 32 32 32 32 32 31 31 32 32 32 31 31 31 31 31 31 31 31 31 31 31 31 31 31 31 31 30 30 30 30 30 30 30 30 30 46 46 46 46 46 45 45 45 46 46 46 46 46 46 45 45 45 45 45 45 45 45 45 45 45 45 45 45 45 45 45 45 45 44 44 44 44 44 44 44 44 44 44 44 44 44 44 44 44 44 44 44 44 44 43 43 43 43 44 44 44 43 43 43 43 43 43 43 43 43 43 43 43 43 43 43 43 43 43 42 42 42 42 42 42 42 42 42 42 42 42 42 42 42 42 42 42 42 42 42 42 41 41 41 41 41 41 41 41 41 41 41 41 41 41 41 41 40 40 40 40 40 40 40 40 40 40 40 40 40 40 40 40 39 39 39 39 39 39 39 39 39 39 39 39 39 38 38 38 38 38 38 38 38 38 38 38 38 38 38 38 38 38 38 38 38 38 37 37 37 37 37 37 37 37 37 37 37 37 37 37 37 36 36 36 36 36 36 36 36 36 36 36 36 36 36 36 35 35 35 35 35 35 35 35 35 35 35 35 35 35 35 35 34 34 34 34 34 34 34 34 34 33 33 33 33 33 33 33 33 33 33 33 33 33 33 33 33 33 33 33 33 32 32 32 32 32 32 32 32 32 32 32 32 32 32 32 32 32 32 32 32 32 32 31 31 31 31 31 31 31 31 31 31 31 31 31 31 31 31 31 30 30 30 30 46 46 46 45 45 45 45 46 46 46 46 46 46 46 45 45 45 45 45 45 45 45 45 45 45 45 45 45 45 45 45 45 45 45 44 44 44 44 44 44 44 44 44 44 44 44 44 44 44 44 44 44 43 43 43 43 43 44 44 44 44 43 43 43 43 43 43 43 43 43 43 43 43 43 43 43 43 43 43 43 43 42 42 42 42 42 42 42 42 42 42 42 42 42 42 42 42 42 42 42 41 41 41 41 41 41 41 41 41 41 41 41 41 41 41 41 41 40 40 40 40 40 40 40 40 40 40 40 40 40 40 40 40 39 39 39 39 39 39 39 39 39 39 39 39 39 38 38 39 38 38 38 38 38 38 38 38 38 38 38 38 38 38 38 38 38 38 38 37 37 37 37 37 37 37 37 37 37 37 37 37 37 37 36 36 36 36 36 36 36 36 36 36 36 36 36 36 36 35 35 35 35 35 35 35 35 35 35 35 35 35 35 35 35 34 34 34 34 34 34 34 34 34 33 33 33 33 33 33 33 33 33 33 33 33 33 33 33 33 33 33 33 33 32 32 32 32 32 32 32 32 32 32 32 32 32 32 32 32 32 32 32 32 32 32 31 31 31 31 31 31 31 31 31 31 31 31 31 31 31 30 30 30 46 46 46 46 45 45 45 45 46 46 46 46 46 46 46 45 45 45 45 45 45 45 45 45 45 45 45 45 45 45 45 45 45 45 45 44 44 44 44 44 44 44 44 44 44 44 44 44 44 44 44 44 43 43 43 43 43 43 44 44 44 44 44 43 43 43 43 43 43 43 43 43 43 43 43 43 43 43 43 43 43 43 43 42 42 42 42 42 42 42 42 42 42 42 42 42 42 42 42 42 42 42 41 41 41 41 41 41 41 41 41 41 41 41 41 41 41 41 41 41 40 40 40 40 40 40 40 40 40 40 40 40 40 40 40 40 40 39 39 39 39 39 39 39 39 39 39 39 39 39 39 39 39 38 38 38 38 38 38 38 38 38 38 38 38 38 38 38 38 38 38 37 37 37 37 37 37 37 37 37 37 37 37 37 37 36 36 36 36 36 36 36 36 36 36 36 36 36 36 36 36 36 35 35 35 35 35 35 35 35 35 35 35 35 35 35 35 34 34 34 34 34 34 34 34 33 33 33 33 33 33 33 33 33 33 33 33 33 33 33 33 33 33 33 33 33 33 32 32 32 32 32 32 32 32 32 32 32 32 32 32 32 32 32 32 32 32 32 32 31 31 31 31 31 31 31 31 31 31 31 31 31 30 46 46 46 46 46 46 45 45 46 46 46 46 46 46 46 45 45 45 45 45 45 45 45 45 45 45 45 45 45 45 45 45 45 45 45 45 44 44 44 44 44 44 44 44 44 44 44 44 44 44 44 44 44 43 43 43 43 43 44 44 44 44 44 44 44 43 43 43 43 43 43 43 43 43 43 43 43 43 43 43 43 43 43 43 43 43 42 42 42 42 42 42 42 42 42 42 42 42 42 42 42 42 42 42 41 41 41 41 41 41 41 41 41 41 41 41 41 41 41 41 41 40 40 40 40 40 40 40 40 40 40 40 40 40 40 40 40 40 39 39 39 39 39 39 39 39 39 39 39 39 39 39 39 39 38 38 38 38 38 38 38 38 38 38 38 38 38 38 38 38 38 38 38 37 37 37 37 37 37 37 37 37 37 37 37 37 37 36 36 36 36 36 36 36 36 36 36 36 36 36 36 36 36 36 35 35 35 35 35 35 35 35 35 35 35 35 35 35 35 34 34 34 34 34 34 34 34 34 33 33 33 33 33 33 33 33 33 33 33 33 33 33 33 33 33 33 33 33 32 32 32 32 32 32 32 32 32 32 32 32 32 32 32 32 32 32 32 32 32 32 32 31 31 31 31 31 31 31 31 31 31 31 31 46 46 46 46 46 45 45 45 46 46 46 46 46 46 46 46 45 45 45 45 45 45 45 45 45 45 45 45 45 45 45 45 45 45 45 45 45 44 44 44 44 44 44 44 44 44 44 44 44 44 44 44 44 44 43 43 43 43 44 44 44 44 44 44 44 44 43 43 43 43 43 43 43 43 43 43 43 43 43 43 43 43 43 43 43 43 42 42 42 42 42 42 42 42 42 42 42 42 42 42 42 42 42 42 42 41 41 41 41 41 41 41 41 41 41 41 41 41 41 41 41 41 40 40 40 40 40 40 40 40 40 40 40 40 40 40 40 40 40 40 39 39 39 39 39 39 39 39 39 39 39 39 39 39 39 39 38 38 38 38 38 38 38 38 38 38 38 38 38 38 38 38 38 38 37 37 37 37 37 37 37 37 37 37 37 37 37 37 37 36 36 36 36 36 36 36 36 36 36 36 36 36 36 36 36 36 35 35 35 35 35 35 35 35 35 35 35 35 35 35 35 34 34 34 34 34 34 34 34 34 34 34 33 33 33 33 33 33 33 33 33 33 33 33 33 33 33 33 33 33 33 32 32 32 32 32 32 32 32 32 32 32 32 32 32 32 32 32 32 32 32 32 32 32 32 31 31 31 31 31 31 31 46 46 46 46 46 45 45 45 46 46 46 46 46 46 46 46 46 45 45 45 45 45 45 45 45 45 45 45 45 45 45 45 45 45 45 45 45 44 44 44 44 44 44 44 44 44 44 44 44 44 44 44 44 44 44 43 43 43 44 44 44 44 44 44 44 44 44 43 43 43 43 43 43 43 43 43 43 43 43 43 43 43 43 43 43 43 43 43 43 42 42 42 42 42 42 42 42 42 42 42 42 42 42 42 42 42 42 41 41 41 41 41 41 41 41 41 41 41 41 41 41 41 41 40 40 40 40 40 40 40 40 40 40 40 40 40 40 40 40 40 40 40 39 39 39 39 39 39 39 39 39 39 39 39 39 39 39 39 39 39 38 38 38 38 38 38 38 38 38 38 38 38 38 38 38 38 37 37 37 37 37 37 37 37 37 37 37 37 37 37 36 36 36 36 36 36 36 36 36 36 36 36 36 36 36 36 36 36 36 35 35 35 35 35 35 35 35 35 35 35 35 35 34 34 34 34 34 34 34 34 34 34 34 33 33 33 33 33 33 33 33 33 33 33 33 33 33 33 33 33 33 33 33 33 32 32 32 32 32 32 32 32 32 32 32 32 32 32 32 32 32 32 32 32 32 31 31 31 31 31 31 31 46 46 46 46 46 46 45 45 45 46 46 46 46 46 46 46 46 46 45 45 45 45 45 45 45 45 45 45 45 45 45 45 45 45 45 45 45 45 44 44 44 44 44 44 44 44 44 44 44 44 44 44 44 44 44 44 43 43 43 44 44 44 44 44 44 44 44 44 44 44 43 43 43 43 43 43 43 43 43 43 43 43 43 43 43 43 43 43 43 43 42 42 42 42 42 42 42 42 42 42 42 42 42 42 42 42 42 42 41 41 41 41 41 41 41 41 41 41 41 41 41 41 41 41 41 41 40 40 40 40 40 40 40 40 40 40 40 40 40 40 40 40 40 40 39 39 39 39 39 39 39 39 39 39 39 39 39 39 39 39 39 39 39 38 38 38 38 38 38 38 38 38 38 38 38 38 38 38 38 37 37 37 37 37 37 37 37 37 37 37 37 37 37 36 36 36 36 36 36 36 36 36 36 36 36 36 36 36 36 36 36 35 35 35 35 35 35 35 35 35 35 35 35 35 34 34 34 34 34 34 34 34 34 34 34 34 34 33 33 33 33 33 33 33 33 33 33 33 33 33 33 33 33 33 33 33 33 33 32 33 33 32 32 32 32 32 32 32 32 32 32 32 32 32 32 31 31 31 31 31 31 31 46 46 46 46 46 46 45 45 46 46 46 46 46 46 46 46 46 45 45 45 45 45 45 45 45 45 45 45 45 45 45 45 45 45 45 45 45 45 45 44 44 44 44 44 44 44 44 44 44 44 44 44 44 44 44 44 44 44 44 44 44 44 44 44 44 44 44 44 44 44 43 43 43 43 43 43 43 43 43 43 43 43 43 43 43 43 43 43 43 43 42 42 42 42 42 42 42 42 42 42 42 42 42 42 42 42 42 42 41 41 41 41 41 41 41 41 41 41 41 41 41 41 41 41 41 41 41 40 40 40 40 40 40 40 40 40 40 40 40 40 40 40 40 40 40 39 39 39 39 39 39 39 39 39 39 39 39 39 39 39 39 39 39 38 38 38 38 38 38 38 38 38 38 38 38 38 38 38 38 38 37 37 37 37 37 37 37 37 37 37 37 37 37 36 36 36 36 36 36 36 36 36 36 36 36 36 36 36 36 36 36 36 35 35 35 35 35 35 35 35 35 35 35 35 35 34 34 34 34 34 34 34 34 34 34 34 34 34 34 33 33 33 33 33 33 33 33 33 33 33 33 33 33 33 33 33 33 33 33 33 33 33 33 32 32 32 32 32 32 32 32 32 32 32 32 32 46 46 46 46 46 46 46 45 46 46 46 46 46 46 46 46 46 45 45 45 45 45 45 45 45 45 45 45 45 45 45 45 45 45 45 45 45 45 45 44 44 44 44 44 44 44 44 44 44 44 44 44 44 44 44 44 44 44 44 44 44 44 44 44 44 44 44 44 44 44 44 43 43 43 43 43 43 43 43 43 43 43 43 43 43 43 43 43 43 43 43 43 42 42 42 42 42 42 42 42 42 42 42 42 42 42 42 42 42 41 41 41 41 41 41 41 41 41 41 41 41 41 41 41 41 41 41 41 41 40 40 40 40 40 40 40 40 40 40 40 40 40 40 40 40 40 39 39 39 39 39 39 39 39 39 39 39 39 39 39 39 39 39 39 39 38 38 38 38 38 38 38 38 38 38 38 38 38 38 38 38 37 37 37 37 37 37 37 37 37 37 37 37 37 37 36 36 36 36 36 36 36 36 36 36 36 36 36 36 36 36 36 36 36 35 35 35 35 35 35 35 35 35 35 35 35 35 34 34 34 34 34 34 34 34 34 34 34 34 34 34 34 34 33 33 33 33 33 33 33 33 33 33 33 33 33 33 33 33 33 33 33 33 33 33 33 32 32 32 32 32 46 46 46 46 46 46 46 45 46 46 46 46 46 46 46 46 46 45 45 45 45 45 45 45 45 45 45 45 45 45 45 45 45 45 45 45 45 45 45 45 44 44 44 44 44 44 44 44 44 44 44 44 44 44 44 44 44 44 44 44 44 44 44 44 44 44 44 44 44 44 44 44 43 43 43 43 43 43 43 43 43 43 43 43 43 43 43 43 43 43 43 42 42 42 42 42 42 42 42 42 42 42 42 42 42 42 42 42 42 42 42 41 41 41 41 41 41 41 41 41 41 41 41 41 41 41 41 41 41 41 40 40 40 40 40 40 40 40 40 40 40 40 40 40 40 40 40 39 39 39 39 39 39 39 39 39 39 39 39 39 39 39 39 39 39 39 39 38 38 38 38 38 38 38 38 38 38 38 38 38 38 38 38 37 37 37 37 37 37 37 37 37 37 37 37 37 37 37 36 36 36 36 36 36 36 36 36 36 36 36 36 36 36 36 36 36 35 35 35 35 35 35 35 35 35 35 35 35 35 34 34 34 34 34 34 34 34 34 34 34 34 34 34 34 33 33 33 33 33 33 33 33 33 33 33 33 33 33 33 33 33 33 33 33 33 33 33 33 32 32 32 32 46 46 46 46 46 46 45 45 46 46 46 46 46 46 46 46 46 45 45 45 45 45 45 45 45 45 45 45 45 45 45 45 45 45 45 45 45 45 45 45 44 44 44 44 44 44 44 44 44 44 44 44 44 44 44 44 44 44 44 44 44 44 44 44 44 44 44 44 44 44 44 44 44 44 43 43 43 43 43 43 43 43 43 43 43 43 43 43 43 43 43 42 42 42 42 42 42 42 42 42 42 42 42 42 42 42 42 42 42 42 42 42 41 41 41 41 41 41 41 41 41 41 41 41 41 41 41 41 41 41 41 41 40 40 40 40 40 40 40 40 40 40 40 40 40 40 40 40 39 39 39 39 39 39 39 39 39 39 39 39 39 39 39 39 39 39 39 39 39 38 38 38 38 38 38 38 38 38 38 38 38 38 38 38 38 37 37 37 37 37 37 37 37 37 37 37 37 37 37 36 36 36 36 36 36 36 36 36 36 36 36 36 36 36 36 36 36 36 35 35 35 35 35 35 35 35 35 35 35 35 35 34 34 34 34 34 34 34 34 34 34 34 34 34 34 34 34 34 33 33 33 33 33 33 33 33 33 33 33 33 33 33 33 33 33 33 33 33 32 32 32 32 32 32 46 46 46 46 46 46 46 46 46 46 46 46 46 46 46 46 45 45 45 45 45 45 45 45 45 45 45 45 45 45 45 45 45 45 45 45 45 45 45 45 45 45 44 44 44 44 44 44 44 44 44 44 44 44 44 44 44 44 44 44 44 44 44 44 44 44 44 44 44 43 43 43 43 43 43 43 43 43 43 43 43 43 43 43 43 43 43 43 43 43 42 42 42 42 42 42 42 42 42 42 42 42 42 42 42 42 42 42 42 42 42 42 42 42 41 41 41 41 41 41 41 41 41 41 41 41 41 41 41 41 41 41 41 41 41 40 40 40 40 40 40 40 40 40 40 40 40 40 40 40 40 40 40 39 39 39 39 39 39 39 39 39 39 39 39 39 39 39 39 38 38 38 38 38 38 38 38 38 38 38 38 38 38 38 37 37 37 37 37 37 37 37 37 37 37 37 37 37 36 36 36 36 36 36 36 36 36 36 36 36 36 36 36 36 36 36 36 36 36 36 35 35 35 35 35 35 35 35 35 35 35 35 35 35 34 34 34 34 34 34 34 34 34 34 34 34 34 34 34 34 33 33 33 33 33 33 33 33 33 33 33 33 33 33 33 33 33 32 32 32 32 32 32 32 32 32 32 32 46 46 46 46 46 46 46 46 46 46 46 46 46 46 46 46 46 46 46 46 45 45 45 45 45 45 45 45 45 45 45 45 45 45 45 45 45 45 45 45 45 45 45 45 45 44 44 44 44 44 44 44 44 44 44 44 44 44 44 44 44 44 44 44 44 44 44 44 44 44 44 43 43 43 43 43 43 43 43 43 43 43 43 43 43 43 43 43 43 43 43 43 42 42 42 42 42 42 42 42 42 42 42 42 42 42 42 42 42 42 42 42 42 42 42 42 42 41 41 41 41 41 41 41 41 41 41 41 41 41 41 41 41 41 41 41 41 41 41 40 40 40 40 40 40 40 40 40 40 40 40 40 40 40 40 40 40 39 39 39 39 39 39 39 39 39 39 39 39 39 39 39 39 38 38 38 38 38 38 38 38 38 38 38 38 38 38 38 37 37 37 37 37 37 37 37 37 37 37 37 37 37 36 36 36 36 36 36 36 36 36 36 36 36 36 36 36 36 36 36 36 36 36 35 35 35 35 35 35 35 35 35 35 35 35 35 35 35 35 34 34 34 34 34 34 34 34 34 34 34 34 34 34 34 33 33 33 33 33 33 33 33 33 33 33 33 33 33 33 33 32 32 32 32 32 32 32 32 32 32 47 47 46 46 46 46 46 46 46 46 46 46 46 46 46 46 46 46 46 46 46 46 46 46 45 45 45 45 45 45 45 45 45 45 45 45 45 45 45 45 45 45 45 45 45 45 45 45 44 44 44 44 44 44 44 44 44 44 44 44 44 44 44 44 44 44 44 44 44 44 44 44 44 44 43 43 43 43 43 43 43 43 43 43 43 43 43 43 43 43 43 43 43 43 43 42 42 42 42 42 42 42 42 42 42 42 42 42 42 42 42 42 42 42 42 42 42 42 42 42 42 41 41 41 41 41 41 41 41 41 41 41 41 41 41 41 41 41 41 41 41 41 40 40 40 40 40 40 40 40 40 40 40 40 40 40 40 40 40 40 40 39 39 39 39 39 39 39 39 39 39 39 39 39 39 39 39 38 38 38 38 38 38 38 38 38 38 38 38 38 38 37 37 37 37 37 37 37 37 37 37 37 37 37 37 37 36 36 36 36 36 36 36 36 36 36 36 36 36 36 36 36 36 36 36 36 35 35 35 35 35 35 35 35 35 35 35 35 35 35 35 35 35 34 34 34 34 34 34 34 34 34 34 34 34 34 34 33 33 33 33 33 33 33 33 33 33 33 33 33 33 33 33 33 33 33 32 32 32 32 32 32 46 46 46 46 46 46 46 46 46 46 46 46 46 46 46 45 45 45 45 45 45 45 45 45 45 45 45 45 45 45 45 45 45 45 45 45 45 45 45 45 44 44 44 44 44 44 44 44 44 44 44 44 44 44 44 44 44 44 44 44 44 44 44 44 44 44 43 43 43 43 43 43 43 43 43 43 43 43 43 43 43 43 43 43 43 43 43 43 42 42 42 42 42 42 42 42 42 42 42 42 42 42 42 42 42 42 42 42 42 42 42 42 42 41 41 41 41 41 41 41 41 41 41 41 41 41 41 41 41 41 41 41 41 41 40 40 40 40 40 40 40 40 40 40 40 40 40 40 40 40 40 40 40 39 39 39 39 39 39 39 39 39 39 39 39 39 39 39 39 38 38 38 38 38 38 38 38 38 38 38 38 38 38 38 37 37 37 37 37 37 37 37 37 37 37 37 37 37 36 36 36 36 36 36 36 36 36 36 36 36 36 36 36 36 36 36 36 36 36 36 35 35 35 35 35 35 35 35 35 35 35 35 35 35 35 34 34 34 34 34 34 34 34 34 34 34 34 34 34 34 33 33 33 33 33 33 33 33 33 33 33 33 33 33 33 33 33 33 33 33 33 32 32 46 46 46 46 46 46 46 46 46 46 46 46 46 45 45 45 45 45 45 45 45 45 45 45 45 45 45 45 45 45 45 45 45 45 45 45 45 45 45 44 44 44 44 44 44 44 44 44 44 44 44 44 44 44 44 44 44 44 44 44 44 44 44 44 44 43 43 43 43 43 43 43 43 43 43 43 43 43 43 43 43 43 43 43 43 43 43 43 42 42 42 42 42 42 42 42 42 42 42 42 42 42 42 42 42 42 42 42 42 42 42 42 42 42 41 41 41 41 41 41 41 41 41 41 41 41 41 41 41 41 41 41 41 41 40 40 40 40 40 40 40 40 40 40 40 40 40 40 40 40 40 40 40 39 39 39 39 39 39 39 39 39 39 39 39 39 39 39 39 38 38 38 38 38 38 38 38 38 38 38 38 38 38 37 37 37 37 37 37 37 37 37 37 37 37 37 37 37 36 36 36 36 36 36 36 36 36 36 36 36 36 36 36 36 36 36 36 36 36 36 35 35 35 35 35 35 35 35 35 35 35 35 35 35 35 34 34 34 34 34 34 34 34 34 34 34 34 34 34 34 34 33 33 33 33 33 33 33 33 33 33 33 33 33 33 33 33 33 33 33 33 33 32 32 32 32 46 46 46 46 46 46 46 46 46 46 46 46 45 45 45 45 45 45 45 45 45 45 45 45 45 45 45 45 45 45 45 45 45 45 45 45 45 45 45 44 44 44 44 44 44 44 44 44 44 44 44 44 44 44 44 44 44 44 44 44 44 44 44 44 44 43 43 43 43 43 43 43 43 43 43 43 43 43 43 43 43 43 43 43 43 43 43 43 43 42 42 42 42 42 42 42 42 42 42 42 42 42 42 42 42 42 42 42 42 42 42 42 42 42 41 41 41 41 41 41 41 41 41 41 41 41 41 41 41 41 41 41 41 41 41 40 40 40 40 40 40 40 40 40 40 40 40 40 40 40 40 40 40 40 39 39 39 39 39 39 39 39 39 39 39 39 39 39 39 39 38 38 38 38 38 38 38 38 38 38 38 38 38 38 37 37 37 37 37 37 37 37 37 37 37 37 37 37 36 36 36 37 36 36 36 36 36 36 36 36 36 36 36 36 36 36 36 36 36 36 36 35 35 35 35 35 35 35 35 35 35 35 35 35 35 35 35 34 34 34 34 34 34 34 34 34 34 34 34 34 34 33 33 33 33 33 33 33 33 33 33 33 33 33 33 33 33 33 33 33 33 33 33 33 33 33 33 32 32 32 46 46 46 46 46 46 46 46 46 46 46 46 46 46 45 45 45 45 45 45 45 45 45 45 45 45 45 45 45 45 45 45 45 45 45 45 45 45 45 45 45 44 44 44 44 44 44 44 44 44 44 44 44 44 44 44 44 44 44 44 44 44 44 44 44 44 44 44 43 43 43 43 43 43 43 43 43 43 43 43 43 43 43 43 43 43 43 43 43 43 43 43 43 42 42 42 42 42 42 42 42 42 42 42 42 42 42 42 42 42 42 42 42 42 42 42 42 41 41 41 41 41 41 41 41 41 41 41 41 41 41 41 41 41 41 41 41 41 40 40 40 40 40 40 40 40 40 40 40 40 40 40 40 40 40 40 40 40 39 39 39 39 39 39 39 39 39 39 39 39 39 39 39 39 38 38 38 38 38 38 38 38 38 38 38 38 38 37 37 37 37 37 37 37 37 37 37 37 37 37 37 37 36 37 37 37 36 36 36 36 36 36 36 36 36 36 36 36 36 36 36 36 36 36 36 36 35 35 35 35 35 35 35 35 35 35 35 35 35 34 34 34 34 34 34 34 34 34 34 34 34 34 34 33 33 33 33 33 33 33 33 33 33 33 33 33 33 33 33 33 33 33 33 33 33 33 33 33 33 33 33 32 32 32 32 46 46 46 46 46 46 46 46 46 46 46 46 46 46 46 46 46 45 45 45 45 45 45 45 45 45 45 45 45 45 45 45 45 45 45 45 45 45 45 45 45 45 45 45 44 44 44 44 44 44 44 44 44 44 44 44 44 44 44 44 44 44 44 44 44 44 44 44 44 44 44 43 43 43 43 43 43 43 43 43 43 43 43 43 43 43 43 43 43 43 43 43 43 43 43 43 42 42 42 42 42 42 42 42 42 42 42 42 42 42 42 42 42 42 42 42 42 42 42 42 42 41 41 41 41 41 41 41 41 41 41 41 41 41 41 41 41 41 41 41 41 40 40 40 40 40 40 40 40 40 40 40 40 40 40 40 40 40 40 40 40 40 39 39 39 39 39 39 39 39 39 39 39 39 39 39 38 38 38 38 38 38 38 38 38 38 38 38 38 38 38 37 37 37 37 37 37 37 37 37 37 37 37 37 37 37 37 37 37 36 36 36 36 36 36 36 36 36 36 36 36 36 36 36 36 36 36 36 36 35 35 35 35 35 35 35 35 35 35 35 35 35 35 35 35 35 34 34 34 34 34 34 34 34 33 33 33 33 34 34 34 33 33 33 33 33 33 33 33 33 33 33 33 33 33 33 33 33 33 33 33 33 33 33 32 32 32 32 32 32 46 46 46 46 46 46 46 46 46 46 46 46 46 46 46 46 46 46 46 46 45 45 45 45 45 45 45 45 45 45 45 45 45 45 45 45 45 45 45 45 45 45 45 45 45 45 45 45 44 44 44 44 44 44 44 44 44 44 44 44 44 44 44 44 44 44 44 44 44 44 44 44 44 44 44 43 43 43 43 43 43 43 43 43 43 43 43 43 43 43 43 43 43 43 43 43 43 43 43 43 42 42 42 42 42 42 42 42 42 42 42 42 42 42 42 42 42 42 42 42 42 42 42 42 42 41 41 41 41 41 41 41 41 41 41 41 41 41 41 41 41 41 41 41 41 40 40 40 40 40 40 40 40 40 40 40 40 40 40 40 40 40 40 40 40 40 40 39 39 39 39 39 39 39 39 39 39 39 39 39 39 39 38 38 38 38 38 38 38 38 38 38 38 38 38 38 37 37 37 37 37 37 37 37 37 37 37 37 37 37 37 37 37 37 36 36 36 36 36 36 36 36 36 36 36 36 36 36 36 36 36 36 36 36 35 35 35 35 35 35 35 35 35 35 35 35 35 35 35 34 34 34 34 34 34 34 34 33 33 34 34 34 34 34 34 33 33 33 33 33 33 33 33 33 33 33 33 33 33 33 33 33 33 33 33 33 33 33 33 33 33 33 33 32 47 47 46 46 46 46 46 46 46 46 46 46 46 46 46 46 46 46 46 46 46 46 46 45 45 45 45 45 45 45 45 45 45 45 45 45 45 45 45 45 45 45 45 45 45 45 45 45 45 45 45 44 44 44 44 44 44 44 44 44 44 44 44 44 44 44 44 44 44 44 44 44 44 44 44 44 44 44 43 43 43 43 43 43 43 43 43 43 43 43 43 43 43 43 43 43 43 43 43 43 43 43 43 43 42 42 42 42 42 42 42 42 42 42 42 42 42 42 42 42 42 42 42 42 42 42 42 42 42 42 41 41 41 41 41 41 41 41 41 41 41 41 41 41 41 41 41 41 41 40 40 40 40 40 40 40 40 40 40 40 40 40 40 40 40 40 40 40 40 40 39 39 39 39 39 39 39 39 39 39 39 39 39 39 39 38 38 38 38 38 38 38 38 38 38 38 38 38 38 37 37 37 37 37 37 37 37 37 37 37 37 37 37 37 37 37 37 37 36 36 36 36 36 36 36 36 36 36 36 36 36 36 36 36 36 36 36 36 35 35 35 35 35 35 35 35 35 35 35 35 35 35 34 34 34 34 34 34 34 34 34 34 34 34 34 34 34 34 34 34 34 34 34 34 33 33 33 33 33 33 33 33 33 33 33 33 33 33 33 33 33 33 33 33 33 33 32 47 47 47 47 47 47 46 46 46 46 46 46 46 46 46 46 46 46 46 46 46 46 46 45 45 45 45 45 45 45 45 45 45 45 45 45 45 45 45 45 45 45 45 45 45 45 45 45 45 45 45 44 44 44 44 44 44 44 44 44 44 44 44 44 44 44 44 44 44 44 44 44 44 44 44 44 44 44 43 43 43 43 43 43 43 43 43 43 43 43 43 43 43 43 43 43 43 43 43 43 43 43 43 43 43 42 42 42 42 42 42 42 42 42 42 42 42 42 42 42 42 42 42 42 42 42 42 42 42 42 41 41 41 41 41 41 41 41 41 41 41 41 41 41 41 41 41 41 41 40 40 40 40 40 40 40 40 40 40 40 40 40 40 40 40 40 40 40 40 40 40 39 39 39 39 39 39 39 39 39 39 39 39 39 39 39 38 38 38 38 38 38 38 38 38 38 38 38 38 37 37 37 37 37 37 37 37 37 37 37 37 37 37 37 37 37 37 37 37 36 36 36 36 36 36 36 36 36 36 36 36 36 36 36 36 36 36 36 36 36 35 35 35 35 35 35 35 35 35 35 35 35 35 34 34 34 34 34 34 34 34 34 34 34 34 34 34 34 34 34 34 34 34 33 33 33 33 33 33 33 33 33 33 33 33 33 33 33 33 33 33 33 33 33 33 32 47 47 47 47 47 47 47 47 47 46 46 46 46 46 46 46 46 46 46 46 45 45 45 45 45 45 45 45 45 45 45 45 45 45 45 45 45 45 45 45 45 45 45 45 45 44 44 44 44 44 44 44 44 44 44 44 44 44 44 44 44 44 44 44 44 44 44 44 44 44 44 44 44 43 43 43 43 43 43 43 43 43 43 43 43 43 43 43 43 43 43 43 43 43 43 43 43 43 43 42 42 42 42 42 42 42 42 42 42 42 42 42 42 42 42 42 42 42 42 42 42 42 42 42 42 41 41 41 41 41 41 41 41 41 41 41 41 41 41 41 41 41 41 41 41 41 41 41 40 40 40 40 40 40 40 40 40 40 40 40 40 40 40 40 40 40 39 39 39 39 39 39 39 39 39 39 39 39 39 39 39 38 38 38 38 38 38 38 38 38 38 38 38 37 37 37 37 37 37 37 37 37 37 37 37 37 37 37 37 37 37 37 37 36 36 36 36 36 36 36 36 36 36 36 36 36 36 36 36 36 36 36 36 36 36 35 35 35 35 35 35 35 35 35 35 35 35 34 34 34 34 34 34 34 34 34 34 34 34 34 34 34 34 34 34 34 33 33 33 33 33 33 33 33 33 33 33 33 33 33 33 33 33 33 33 33 33 33 33 47 47 47 47 47 47 47 47 47 47 47 46 46 46 46 46 45 45 45 45 45 45 45 45 45 45 45 45 45 45 45 45 45 45 45 45 45 45 45 45 45 44 44 44 44 44 44 44 44 44 44 44 44 44 44 44 44 44 44 44 44 44 44 44 44 44 44 44 43 43 43 43 43 43 43 43 43 43 43 43 43 43 43 43 43 43 43 43 43 43 43 43 43 43 43 42 43 42 42 42 42 42 42 42 42 42 42 42 42 42 42 42 42 42 42 42 42 42 42 42 42 41 41 41 41 41 41 41 41 41 41 41 41 41 41 41 41 41 41 41 41 41 41 41 41 40 40 40 40 40 40 40 40 40 40 40 40 40 40 40 40 40 39 39 39 39 39 39 39 39 39 39 39 39 39 39 38 38 38 38 38 38 38 38 38 38 38 38 37 38 37 37 37 37 37 37 37 37 37 37 37 37 37 37 37 37 37 37 37 36 36 36 36 36 36 36 36 36 36 36 36 36 36 36 36 36 36 36 36 36 36 35 35 35 35 35 35 35 35 35 35 35 34 34 34 34 34 34 34 34 34 34 34 34 34 34 34 34 34 34 34 34 34 33 33 33 33 33 33 33 33 33 33 33 33 33 33 33 33 33 33 33 33 47 47 47 47 47 47 47 47 47 47 47 46 46 46 45 45 45 45 45 45 45 45 45 45 45 45 45 45 45 45 45 45 45 45 45 45 45 45 44 44 44 44 44 44 44 44 44 44 44 44 44 44 44 44 44 44 44 44 44 44 44 44 44 44 44 43 43 43 43 43 43 43 43 43 43 43 43 43 43 43 43 43 43 43 43 43 43 43 43 43 43 43 43 43 43 42 42 42 42 42 42 42 42 42 42 42 42 42 42 42 42 42 42 42 42 42 42 42 42 42 41 41 41 41 41 41 41 41 41 41 41 41 41 41 41 41 41 41 41 41 41 41 41 40 40 40 40 40 40 40 40 40 40 40 40 40 40 40 40 39 39 39 39 39 39 39 39 39 39 39 39 39 39 39 38 38 38 38 38 38 38 38 38 38 38 38 38 37 37 37 37 37 37 37 37 37 37 37 37 37 37 37 37 37 37 37 37 36 36 36 36 36 36 36 36 36 36 36 36 36 36 36 36 36 36 36 36 36 35 35 35 35 35 35 35 35 35 35 35 34 34 34 34 34 34 34 34 34 34 34 34 34 34 34 34 34 34 34 34 34 34 34 34 34 34 33 33 33 33 33 33 33 33 33 33 33 47 47 47 47 47 47 47 47 47 47 45 45 45 45 45 45 45 45 45 45 45 45 45 45 45 45 45 45 45 45 45 45 45 44 44 44 44 44 44 44 44 44 44 44 44 44 44 44 44 44 44 44 44 44 44 44 44 44 44 44 43 43 43 43 43 43 43 43 43 43 43 43 43 43 43 43 43 43 43 43 43 43 43 43 43 43 43 43 43 43 43 42 42 42 42 42 42 42 42 42 42 42 42 42 42 42 42 42 42 42 42 42 42 42 42 42 41 41 41 41 41 41 41 41 41 41 41 41 41 41 41 41 41 41 41 41 41 41 41 40 40 40 40 40 40 40 40 40 40 40 40 40 40 40 40 39 39 39 39 39 39 39 39 39 39 39 39 39 39 39 38 38 38 38 38 38 38 38 38 38 38 38 37 37 37 37 38 37 37 37 37 37 37 37 37 37 37 37 37 37 37 37 36 36 36 36 36 36 36 36 36 36 36 36 36 36 36 36 36 36 36 36 35 35 35 35 35 35 35 35 35 35 35 35 35 35 35 34 34 34 34 34 34 34 34 34 34 34 34 34 34 34 34 34 34 34 34 34 34 34 34 33 33 33 33 33 33 47 47 47 47 47 47 47 47 45 45 45 45 45 45 45 45 45 45 45 45 45 45 45 45 45 45 45 45 45 45 45 45 44 44 45 45 44 44 44 44 44 44 44 44 44 44 44 44 44 44 44 44 44 44 44 44 44 44 44 44 43 43 43 43 43 43 43 43 43 43 43 43 43 43 43 43 43 43 43 43 43 43 43 43 43 43 43 43 43 43 43 42 42 42 42 42 42 42 42 42 42 42 42 42 42 42 42 42 42 42 42 42 42 42 42 42 41 41 41 41 41 41 41 41 41 41 41 41 41 41 41 41 41 41 41 41 41 41 41 40 40 40 40 40 40 40 40 40 40 40 40 40 40 40 40 39 39 39 39 39 39 39 39 39 39 39 39 39 39 38 38 38 38 38 38 38 38 38 38 38 38 38 37 37 38 38 37 37 37 37 37 37 37 37 37 37 37 37 37 37 37 37 37 36 36 36 36 36 36 36 36 36 36 36 36 36 36 36 36 36 36 36 36 35 35 35 35 35 35 35 35 35 35 35 35 35 35 35 34 34 34 34 34 34 34 34 34 34 34 34 34 34 34 34 34 34 33 33 47 47 47 47 47 47 45 45 45 45 45 45 45 45 45 45 45 45 45 45 45 45 45 45 45 45 45 45 45 45 45 44 44 45 45 45 44 44 44 44 44 44 44 44 44 44 44 44 44 44 44 44 44 44 44 44 44 44 44 44 44 43 43 43 43 43 43 43 43 43 43 43 43 43 43 43 43 43 43 43 43 43 43 43 43 43 43 43 43 43 42 42 42 42 42 42 42 42 42 42 42 42 42 42 42 42 42 42 42 42 42 42 42 42 42 42 41 41 41 41 41 41 41 41 41 41 41 41 41 41 41 41 41 41 41 41 41 41 41 40 40 40 40 40 40 40 40 40 40 40 40 40 40 40 40 39 39 39 39 39 39 39 39 39 39 39 39 39 39 39 38 38 38 38 38 38 38 38 38 38 38 38 38 38 38 38 38 37 37 37 37 37 37 37 37 37 37 37 37 37 37 37 37 37 36 36 36 36 36 36 36 36 36 36 36 36 36 36 36 36 36 36 36 36 35 35 35 35 35 35 35 35 35 35 35 35 35 35 35 34 34 34 34 34 34 34 34 45 45 45 45 45 45 45 45 45 45 45 45 45 45 45 45 45 45 45 45 45 45 45 45 45 45 45 44 45 45 45 45 44 44 44 44 44 44 44 44 44 44 44 44 44 44 44 44 44 44 44 44 44 44 44 44 44 44 43 43 43 43 43 43 43 43 43 43 43 43 43 43 43 43 43 43 43 43 43 43 43 43 43 43 43 43 43 43 42 42 42 42 42 42 42 42 42 42 42 42 42 42 42 42 42 42 42 42 42 42 42 42 41 41 41 41 41 41 41 41 41 41 41 41 41 41 41 41 41 41 41 41 41 41 41 41 40 40 40 40 40 40 40 40 40 40 40 40 39 40 39 39 39 39 39 39 39 39 39 39 39 39 39 39 39 39 38 38 38 38 38 38 38 38 38 38 38 38 38 38 38 38 38 38 38 37 37 37 37 37 37 37 37 37 37 37 37 37 37 37 37 36 36 36 36 36 36 36 36 36 36 36 36 36 36 36 36 36 36 36 35 35 35 35 35 35 35 35 35 35 35 35 35 35 35 35 35 35 35 35 34 46 45 45 45 45 45 45 45 45 45 45 45 45 45 45 45 45 45 45 45 45 45 45 45 45 45 45 45 45 45 45 45 45 44 44 44 44 44 44 44 44 44 44 44 44 44 44 44 44 44 44 44 44 44 44 44 44 44 44 43 43 43 43 43 43 43 43 43 43 43 43 43 43 43 43 43 43 43 43 43 43 43 43 43 43 43 43 43 43 43 42 42 42 42 42 42 42 42 42 42 42 42 42 42 42 42 42 42 42 42 42 42 42 41 41 41 41 41 41 41 41 41 41 41 41 41 41 41 41 41 41 41 41 41 41 41 41 41 40 40 40 40 40 40 40 40 39 39 39 39 40 40 39 39 39 39 39 39 39 39 39 39 39 39 39 39 39 39 38 38 38 38 38 38 38 38 38 38 38 38 38 38 38 38 38 38 38 38 37 37 37 37 37 37 37 37 37 37 37 37 37 37 37 36 36 36 36 36 36 36 36 36 36 36 36 36 36 36 36 36 36 36 35 35 35 35 35 35 35 35 35 35 35 35 35 35 35 35 35 35 35 46 45 45 45 45 45 45 45 45 45 45 45 45 45 45 45 45 45 45 45 45 45 45 45 45 45 45 45 45 45 45 45 45 45 44 44 44 44 44 44 44 44 44 44 44 44 44 44 44 44 44 44 44 44 44 44 44 44 44 44 43 43 43 43 43 43 43 43 43 43 43 43 43 43 43 43 43 43 43 43 43 43 43 43 43 43 43 43 43 43 43 42 42 42 42 42 42 42 42 42 42 42 42 42 42 42 42 42 42 42 42 42 42 42 42 41 41 41 41 41 41 41 41 41 41 41 41 41 41 41 41 41 41 41 41 41 41 41 41 40 40 40 40 40 40 40 40 40 39 39 40 40 40 40 39 39 39 39 39 39 39 39 39 39 39 39 39 39 39 38 38 38 38 38 38 38 38 38 38 38 38 38 38 38 38 38 38 38 38 38 37 37 37 37 37 37 37 37 37 37 37 37 37 37 36 36 36 36 36 36 36 36 36 36 36 36 36 36 36 36 36 36 36 36 35 35 35 35 35 35 35 35 35 35 35 35 35 35 35 35 35 46 45 45 45 45 45 45 45 45 45 45 45 45 45 45 45 45 45 45 45 45 45 45 45 45 45 45 45 45 45 45 45 45 45 44 44 44 44 44 44 44 44 44 44 44 44 44 44 44 44 44 44 44 44 44 44 44 44 44 44 44 44 43 43 43 43 43 43 43 43 43 43 43 43 43 43 43 43 43 43 43 43 43 43 43 43 43 43 43 43 43 43 43 42 42 42 42 42 42 42 42 42 42 42 42 42 42 42 42 42 42 42 42 42 42 42 42 42 42 42 41 41 41 41 41 41 41 41 41 41 41 41 41 41 41 41 41 41 40 40 40 40 40 40 40 40 40 40 39 39 39 40 40 40 40 39 39 39 39 39 39 39 39 39 39 39 39 39 39 39 39 38 38 38 38 38 38 38 38 38 38 38 38 38 38 38 38 38 38 38 38 37 37 37 37 37 37 37 37 37 37 37 37 37 37 37 36 36 36 36 36 36 36 36 36 36 36 36 36 36 36 36 36 36 36 36 36 35 35 35 35 35 35 35 35 35 35 35 35 35 35 46 46 46 46 46 46 46 45 45 45 45 45 45 45 45 45 45 45 45 45 45 45 45 45 45 45 45 45 45 45 45 45 45 45 45 45 45 45 45 45 44 44 44 44 44 44 44 44 44 44 44 44 44 44 44 44 44 44 44 44 44 44 44 44 44 44 43 43 43 43 43 43 43 43 43 43 43 43 43 43 43 43 43 43 43 43 43 43 43 43 43 43 43 43 43 43 43 43 43 42 42 42 42 42 42 42 42 42 42 42 42 42 42 42 42 42 42 42 42 42 42 42 42 42 42 42 42 41 41 41 41 41 41 41 41 41 41 41 41 41 41 40 40 40 40 40 40 40 40 40 40 40 40 39 39 40 40 40 40 40 40 39 39 39 39 39 39 39 39 39 39 39 39 39 39 39 38 38 38 38 38 38 38 38 38 38 38 38 38 38 38 38 38 38 38 38 37 37 37 37 37 37 37 37 37 37 37 37 37 37 37 36 36 36 36 36 36 36 36 36 36 36 36 36 36 36 36 36 36 36 36 36 36 36 35 35 35 35 35 35 35 35 35 35 35 34 46 46 46 46 46 46 46 45 45 45 45 45 45 45 45 45 45 45 45 45 45 45 45 45 45 45 45 45 45 45 45 45 45 45 45 45 45 45 45 44 44 44 44 44 44 44 44 44 44 44 44 44 44 44 44 44 44 44 44 44 44 44 44 44 44 44 43 43 43 43 43 43 43 43 43 43 43 43 43 43 43 43 43 43 43 43 43 43 43 43 43 43 43 43 43 43 43 43 42 42 42 42 42 42 42 42 42 42 42 42 42 42 42 42 42 42 42 42 42 42 42 42 42 42 42 42 42 41 41 41 41 41 41 41 41 41 41 41 41 41 41 41 40 40 40 40 40 40 40 40 40 40 40 39 40 40 40 40 40 40 40 39 39 39 39 39 39 39 39 39 39 39 39 39 39 39 39 38 38 38 38 38 38 38 38 38 38 38 38 38 38 38 38 38 38 38 38 37 37 37 37 37 37 37 37 37 37 37 37 37 37 37 37 37 36 36 36 36 36 36 36 36 36 36 36 36 36 36 36 36 36 36 36 36 36 35 35 35 35 35 35 35 35 35 35 34 34 46 46 46 46 46 46 46 46 46 46 45 45 45 45 45 45 45 45 45 45 45 45 45 45 45 45 45 45 45 45 45 45 45 45 45 45 45 45 45 45 45 44 44 44 44 44 44 44 44 44 44 44 44 44 44 44 44 44 44 44 44 44 44 44 44 44 44 44 44 44 43 43 43 43 43 43 43 43 43 43 43 43 43 43 43 43 43 43 43 43 43 43 43 43 43 43 43 43 43 43 43 43 42 42 42 42 42 42 42 42 42 42 42 42 42 42 42 42 42 42 42 42 42 42 42 42 42 42 42 41 42 42 42 41 41 41 41 41 41 41 41 41 41 41 41 40 40 41 41 40 40 40 40 40 40 40 40 40 40 40 40 40 40 40 39 39 39 39 39 39 39 39 39 39 39 39 39 39 39 39 38 38 38 39 38 38 38 38 38 38 38 38 38 38 38 38 38 38 38 38 38 38 37 37 37 37 37 37 37 37 37 37 37 37 37 37 37 37 37 36 36 36 36 36 36 36 36 36 36 36 36 36 36 36 36 36 36 36 36 36 36 35 35 35 35 35 35 35 35 46 46 46 46 46 46 46 46 46 46 45 45 45 45 45 45 45 45 45 45 45 45 45 45 45 45 45 45 45 45 45 45 45 45 45 45 45 45 45 45 45 44 44 44 44 44 44 44 44 44 44 44 44 44 44 44 44 44 44 44 44 44 44 44 44 44 44 44 44 43 43 43 43 43 43 43 43 43 43 43 43 43 43 43 43 43 43 43 43 43 43 43 43 43 43 43 43 43 43 43 43 43 43 43 42 42 42 42 42 42 42 42 42 42 42 42 42 42 42 42 42 42 42 42 42 42 42 42 42 42 42 42 41 41 41 41 41 41 41 41 41 41 41 41 41 40 41 41 41 41 41 40 40 40 40 40 40 40 40 40 40 40 40 40 40 39 39 39 39 39 39 39 39 39 39 39 39 39 39 39 38 38 39 39 39 38 38 38 38 38 38 38 38 38 38 38 38 38 38 38 38 38 38 38 37 37 37 37 37 37 37 37 37 37 37 37 37 37 36 36 36 36 36 36 36 36 36 36 36 36 36 36 36 36 36 36 36 36 36 36 35 35 35 35 35 35 35 35 34 46 46 46 46 46 46 46 46 46 46 46 46 46 45 45 45 45 45 45 45 45 45 45 45 45 45 45 45 45 45 45 45 45 45 45 45 45 45 45 45 45 45 45 45 45 44 44 44 44 44 44 44 44 44 44 44 44 44 44 44 44 44 44 44 44 44 44 44 44 44 44 44 44 44 43 43 43 43 43 43 43 43 43 43 43 43 43 43 43 43 43 43 43 43 43 43 43 43 43 43 43 43 43 43 43 43 43 42 42 42 42 42 42 42 42 42 42 42 42 42 42 42 42 42 42 42 42 42 42 42 42 42 42 41 41 41 41 41 41 41 41 41 41 41 41 41 41 41 41 41 41 41 40 40 40 40 40 40 40 40 40 40 40 40 40 40 40 40 39 39 39 39 39 39 39 39 39 39 39 39 39 39 39 39 39 39 39 39 39 38 38 38 38 38 38 38 38 38 38 38 38 38 38 38 38 38 38 37 37 37 37 37 37 37 37 37 37 37 37 37 37 37 37 37 36 36 36 36 36 36 36 36 36 36 36 36 36 36 36 36 36 36 35 35 35 35 35 35 35 35 35 46 46 46 46 46 46 46 46 46 46 46 45 45 45 45 45 45 45 45 45 45 45 45 45 45 45 45 45 45 45 45 45 45 45 45 45 45 45 45 45 45 45 45 44 44 44 44 44 44 44 44 44 44 44 44 44 44 44 44 44 44 44 44 44 44 44 44 44 44 44 44 44 44 43 43 43 43 43 43 43 43 43 43 43 43 43 43 43 43 43 43 43 43 43 43 43 43 43 43 43 43 43 43 43 43 43 42 42 42 42 42 42 42 42 42 42 42 42 42 42 42 42 42 42 42 42 42 42 42 41 41 41 41 41 41 41 41 41 41 41 41 41 41 41 41 41 41 41 41 41 40 41 40 40 40 40 40 40 40 40 40 40 40 40 40 40 39 39 39 39 39 39 39 39 39 39 39 39 39 39 39 39 39 39 39 39 39 39 38 38 38 38 38 38 38 38 38 38 38 38 38 38 38 38 37 37 37 37 37 37 37 37 37 37 37 37 37 37 37 37 37 37 37 37 37 37 36 36 36 36 36 36 36 36 36 36 36 36 35 35 35 35 35 35 35 35 35 35 35 46 46 46 46 46 46 46 46 46 46 46 46 46 46 46 45 45 45 45 45 45 45 45 45 45 45 45 45 45 45 45 45 45 45 45 45 45 45 45 45 45 45 45 45 45 45 45 44 44 44 44 44 44 44 44 44 44 44 44 44 44 44 44 44 44 44 44 44 44 44 44 44 44 44 44 44 44 44 43 43 43 43 43 43 43 43 43 43 43 43 43 43 43 43 43 43 43 43 43 43 43 43 43 43 43 43 43 43 43 43 43 42 42 42 42 42 42 42 42 42 42 42 42 42 42 42 42 42 42 42 42 42 41 41 42 42 41 41 42 41 41 41 41 41 41 41 41 41 41 41 41 41 41 41 40 40 40 40 40 40 40 40 40 40 40 40 40 40 40 40 39 39 39 39 39 39 39 39 39 39 39 39 39 39 39 39 39 39 39 39 39 39 39 38 38 38 38 38 38 38 38 38 38 38 38 38 38 38 38 38 37 37 37 37 37 37 37 37 37 37 37 37 37 37 37 37 37 37 37 37 37 36 36 36 36 36 36 36 36 36 36 36 36 36 36 36 36 35 35 35 35 35 35 35 35 35 35 35 35 35 35 35 35 35 35 35 35 35 35 35 46 46 46 46 46 46 46 46 46 46 46 46 46 45 45 45 45 45 45 45 45 45 45 45 45 45 45 45 45 45 45 45 45 45 45 45 45 45 45 45 45 45 45 45 45 44 44 44 44 44 44 44 44 44 44 44 44 44 44 44 44 44 44 44 44 44 44 44 44 44 44 44 44 44 44 44 44 43 43 43 43 43 43 43 43 43 43 43 43 43 43 43 43 43 43 43 43 43 43 43 43 43 43 43 43 43 43 43 43 43 42 42 42 42 42 42 42 42 42 42 42 42 42 42 42 42 42 42 42 41 41 41 42 41 41 41 41 41 41 41 41 41 41 41 41 41 41 41 41 41 40 40 40 40 40 40 40 40 40 40 40 40 40 40 40 40 40 40 40 39 39 39 39 39 39 39 39 39 39 39 39 39 39 39 39 39 39 39 39 39 38 38 38 38 38 38 38 38 38 38 38 38 38 38 38 38 38 38 38 38 37 37 37 37 37 37 37 37 37 37 37 37 37 37 37 37 37 37 37 37 37 36 36 36 36 36 36 36 36 36 36 36 36 36 36 35 35 35 35 35 35 35 35 35 35 35 35 35 35 35 35 35 35 35 35 35 35 35 35 35 46 46 46 46 46 46 46 46 46 46 46 46 46 46 46 45 45 45 45 45 45 45 45 45 45 45 45 45 45 45 45 45 45 45 45 45 45 45 45 45 45 45 45 45 45 45 44 44 44 44 44 44 44 44 44 44 44 44 44 44 44 44 44 44 44 44 44 44 44 44 44 44 44 44 44 44 44 44 44 44 43 43 44 43 43 43 43 43 43 43 43 43 43 43 43 43 43 43 43 43 43 43 43 43 43 43 43 43 43 43 43 43 42 42 42 42 42 42 42 42 42 42 42 42 42 42 42 42 42 42 41 41 42 42 42 41 41 41 41 41 41 41 41 41 41 41 41 41 40 40 40 40 40 40 40 40 40 40 40 40 40 40 40 40 40 40 40 40 40 40 40 39 39 39 39 39 39 39 39 39 39 39 39 39 39 39 39 39 39 39 39 39 39 38 38 38 38 38 38 38 38 38 38 38 38 38 38 38 38 38 38 38 38 37 37 37 37 37 37 37 37 37 37 37 37 37 37 37 37 37 37 37 37 36 36 36 36 36 36 36 36 36 36 36 36 36 35 35 35 35 35 35 35 35 35 35 35 35 35 35 35 35 35 35 35 35 35 35 35 35 35 35 35 46 46 46 46 46 46 46 46 46 46 46 46 46 46 46 45 45 45 45 45 45 45 45 45 45 45 45 45 45 45 45 45 45 45 45 45 45 45 45 45 45 45 45 45 45 44 44 44 44 44 44 44 44 44 44 44 44 44 44 44 44 44 44 44 44 44 44 44 44 44 44 44 44 44 44 44 44 44 44 44 44 44 44 43 43 43 43 43 43 43 43 43 43 43 43 43 43 43 43 43 43 43 43 43 43 43 43 43 43 43 43 43 43 43 42 42 42 42 42 42 42 42 42 42 42 42 42 42 42 42 42 42 42 41 41 41 41 41 41 41 41 41 41 41 41 41 41 41 41 40 40 40 40 40 40 40 40 40 40 40 40 40 40 40 40 40 40 40 40 40 40 39 39 39 39 39 39 39 39 39 39 39 39 39 39 39 39 39 39 39 39 39 39 39 38 38 38 38 38 38 38 38 38 38 38 38 38 38 38 38 38 38 38 38 37 37 37 37 37 37 37 37 37 37 37 37 37 37 37 37 37 37 36 36 36 36 36 36 36 36 36 36 36 36 36 36 35 35 35 35 35 35 36 36 35 35 35 35 35 35 35 35 35 35 35 35 35 35 35 35 35 35 35 46 46 46 46 46 46 46 46 46 46 46 46 46 46 46 46 46 46 45 45 45 45 45 45 45 45 45 45 45 45 45 45 45 45 45 45 45 45 45 45 45 45 45 45 45 45 45 45 45 44 44 44 44 44 44 44 44 44 44 44 44 44 44 44 44 44 44 44 44 44 44 44 44 44 44 44 44 44 44 44 44 44 44 44 44 44 43 43 43 43 43 43 43 43 43 43 43 43 43 43 43 43 43 43 43 43 43 43 43 43 43 43 43 43 43 43 43 42 42 42 42 42 42 42 42 42 42 42 42 42 42 42 42 42 42 41 41 42 42 41 41 41 41 41 42 41 41 41 40 41 41 41 40 40 40 40 40 40 40 40 40 40 40 40 40 40 40 40 40 40 40 40 40 40 40 39 39 39 39 39 39 39 39 39 39 39 39 39 39 39 39 39 39 39 39 39 39 38 38 38 38 38 38 38 38 38 38 38 38 38 38 38 38 38 38 38 38 38 37 37 37 37 37 37 37 37 37 37 37 37 37 37 37 37 37 37 37 37 36 36 36 36 36 36 36 36 36 36 35 35 35 35 35 36 36 36 36 35 35 35 35 35 35 35 35 35 35 35 35 35 35 35 35 35 35 35 46 46 46 46 46 46 46 46 46 46 46 46 46 46 46 46 46 46 46 46 45 45 45 45 45 45 45 45 45 45 45 45 45 45 45 45 45 45 45 45 45 45 45 45 45 45 45 45 45 45 45 44 44 44 44 44 44 44 44 44 44 44 44 44 44 44 44 44 44 44 44 44 44 44 44 44 44 44 44 44 44 44 44 44 44 44 44 44 43 43 43 43 43 43 43 43 43 43 43 43 43 43 43 43 43 43 43 43 43 43 43 43 43 43 43 43 43 43 43 42 42 42 42 42 42 42 42 42 42 42 42 42 42 42 42 42 41 42 42 42 42 41 41 41 41 42 41 41 41 41 41 41 41 40 40 40 40 40 40 40 40 40 40 40 40 40 40 40 40 40 40 40 40 40 40 40 40 40 39 39 39 39 39 39 39 39 39 39 39 39 39 39 39 39 39 39 39 39 39 39 39 38 38 38 38 38 38 38 38 38 38 38 38 38 38 38 38 38 38 38 38 38 37 37 37 37 37 37 37 37 37 37 37 37 37 37 37 37 37 37 37 36 36 36 36 36 36 36 36 36 35 35 35 35 35 35 35 35 35 35 35 35 35 35 35 35 35 35 35 35 35 35 35 35 35 35 35 46 46 46 46 46 46 46 46 46 46 46 46 46 46 46 46 46 46 46 45 45 45 45 45 45 45 45 45 45 45 45 45 45 45 45 45 45 45 45 45 45 45 45 45 45 45 45 45 45 44 45 44 44 44 44 44 44 44 44 44 44 44 44 44 44 44 44 44 44 44 44 44 44 44 44 44 44 44 44 44 44 44 44 44 44 44 44 44 44 43 43 43 43 43 43 43 43 43 43 43 43 43 43 43 43 43 43 43 43 43 43 43 43 43 43 43 43 42 42 42 42 42 42 42 42 42 42 42 42 42 42 42 42 42 42 41 42 42 42 41 41 41 41 41 41 41 41 41 41 41 41 41 41 41 40 40 40 40 40 40 40 40 40 40 40 40 40 40 40 40 40 40 40 40 40 40 40 39 39 39 39 39 39 39 39 39 39 39 39 39 39 39 39 39 39 39 39 39 39 39 39 39 38 38 38 38 38 38 38 38 38 38 38 38 38 38 38 38 38 38 38 37 37 37 37 37 37 37 37 37 37 37 37 37 37 37 37 37 37 37 37 37 37 36 36 36 36 36 36 36 36 36 36 35 35 35 35 35 35 36 36 35 35 35 35 35 35 35 35 35 35 35 35 35 35 46 46 46 46 46 46 46 46 46 46 46 46 46 46 46 46 46 46 46 46 46 46 45 45 45 45 45 45 45 45 45 45 45 45 45 45 45 45 45 45 45 45 45 45 45 45 45 45 45 45 45 45 45 45 45 44 44 44 44 44 44 44 44 44 44 44 44 44 44 44 44 44 44 44 44 44 44 44 44 44 44 44 44 44 44 44 44 44 44 44 44 44 43 43 43 43 43 43 43 43 43 43 43 43 43 43 43 43 43 43 43 43 43 43 43 43 43 43 43 43 42 42 42 42 42 42 42 42 42 42 42 42 42 42 42 42 42 41 41 42 42 42 41 41 41 41 41 41 41 41 41 41 41 41 41 41 41 41 41 40 40 40 40 40 40 40 40 40 40 40 40 40 40 40 40 40 40 40 40 40 40 39 39 39 40 40 39 39 39 39 39 39 39 39 39 39 39 39 39 39 39 39 39 39 39 39 38 38 38 38 38 38 38 38 38 38 38 38 38 38 38 38 38 38 37 37 37 37 37 37 37 37 37 37 37 37 37 37 37 37 37 37 37 37 37 37 36 36 36 36 36 36 36 36 36 36 36 36 36 36 36 36 36 36 35 35 35 35 35 36 35 35 35 35 35 35 35 35 33 33 33 33 46 46 46 46 46 46 46 46 46 46 46 46 46 46 46 46 46 46 46 46 45 45 45 45 45 45 45 45 45 45 45 45 45 45 45 45 45 45 45 45 45 45 45 45 45 45 45 45 45 45 45 45 45 45 45 44 44 44 44 44 44 44 44 44 44 44 44 44 44 44 44 44 44 44 44 44 44 44 44 44 44 44 44 44 44 44 44 44 44 44 44 44 44 43 43 43 43 43 43 43 43 43 43 43 43 43 43 43 43 43 43 43 43 43 43 43 43 43 43 42 42 42 42 42 42 42 42 42 42 42 42 42 42 42 42 42 41 41 41 41 41 41 41 41 41 41 41 41 41 41 41 41 41 41 41 41 41 41 41 41 41 41 41 40 40 40 40 40 40 40 40 40 40 40 40 40 40 40 40 40 40 39 39 40 40 40 40 39 39 39 39 39 39 39 39 39 39 39 39 39 39 39 39 39 39 39 38 38 38 38 38 38 38 38 38 38 38 38 38 38 38 38 38 38 37 37 38 37 37 37 37 37 37 37 37 37 37 37 37 37 37 37 37 37 37 37 36 36 36 36 36 36 36 36 36 36 36 36 36 36 36 36 36 36 35 35 35 36 36 35 35 35 35 35 35 35 35 34 34 34 34 34 34 33 33 46 46 46 46 46 46 46 46 46 46 46 46 46 46 46 46 46 46 46 46 46 45 45 45 45 45 45 45 45 45 45 45 45 45 45 45 45 45 45 45 45 45 45 45 45 45 45 45 45 45 45 45 45 45 45 45 44 44 44 44 44 44 44 44 44 44 44 44 44 44 44 44 44 44 44 44 44 44 44 44 44 44 44 44 44 44 44 44 44 44 44 44 44 44 43 43 43 43 43 43 43 43 43 43 43 43 43 43 43 43 43 43 43 43 43 43 43 43 43 43 43 42 42 42 42 42 42 42 42 42 42 42 42 42 42 42 42 42 41 41 42 42 41 41 41 42 41 41 41 41 41 41 41 41 41 41 41 41 41 41 41 41 41 41 41 40 40 40 40 40 40 40 40 40 40 40 40 40 40 40 40 40 40 40 40 40 40 40 40 39 39 39 39 39 39 39 39 39 39 39 39 39 39 39 39 39 39 39 39 39 38 38 38 38 38 38 38 38 38 38 38 38 38 38 38 37 38 38 38 37 37 37 37 37 37 37 37 37 37 37 37 37 37 37 37 37 37 37 37 37 37 37 36 36 36 36 36 36 36 36 37 36 36 36 36 35 35 36 35 35 35 35 35 35 35 35 35 34 34 34 34 35 35 34 34 34 33 46 46 46 46 46 46 46 46 46 46 46 46 46 46 46 46 46 46 46 46 46 45 45 45 45 45 45 45 45 45 45 45 45 45 45 45 45 45 45 45 45 45 45 45 45 45 45 45 45 45 45 45 45 45 45 45 45 44 44 44 44 44 44 44 44 44 44 44 44 44 44 44 44 44 44 44 44 44 44 44 44 44 44 44 44 44 44 44 44 44 44 44 44 44 44 44 44 43 43 43 43 43 43 43 43 43 43 43 43 43 43 43 43 43 43 43 43 43 43 43 43 43 42 42 42 42 42 42 42 42 42 43 43 42 42 42 42 42 42 42 42 41 41 41 41 41 41 42 42 41 41 41 41 41 41 41 41 41 41 41 41 41 41 41 40 40 40 40 40 40 40 40 40 40 40 40 40 40 40 40 40 40 40 40 40 40 40 40 40 40 40 40 40 39 39 39 39 39 39 39 39 39 39 39 39 39 39 39 39 39 39 39 39 39 38 38 38 38 38 38 38 38 38 38 38 38 38 38 38 37 37 38 37 37 37 37 37 37 37 37 37 37 37 37 37 37 37 37 37 37 37 37 37 37 37 37 37 36 36 36 36 36 36 36 36 36 35 36 36 36 36 36 36 36 35 35 35 35 35 34 34 34 34 35 35 35 35 35 34 34 33 33 46 46 46 46 46 46 46 46 46 46 46 46 46 46 46 46 46 45 45 45 45 45 45 45 45 45 45 45 45 45 45 45 45 45 45 45 45 45 45 45 45 45 45 45 45 45 45 45 45 45 45 45 45 45 45 45 45 44 44 44 44 44 44 44 44 44 44 44 44 44 44 44 44 44 44 44 44 44 44 44 44 44 44 44 44 44 44 44 44 44 44 44 44 44 44 44 44 44 43 43 43 43 43 43 43 43 43 43 43 43 43 43 43 43 43 43 43 43 43 43 43 42 42 42 42 42 42 43 43 42 42 43 43 42 42 42 42 42 42 42 42 41 41 41 41 41 41 41 41 41 41 41 41 41 41 41 41 41 41 41 41 41 41 41 40 40 40 40 40 40 40 40 40 40 40 40 40 40 40 40 40 40 40 40 40 40 40 40 40 40 40 40 40 39 39 39 39 39 39 39 39 39 39 39 39 39 39 39 39 39 39 39 39 39 39 39 39 38 38 38 38 38 38 38 38 38 38 38 38 38 38 38 38 38 38 38 38 38 38 38 38 37 37 37 37 37 37 37 37 37 37 37 37 37 37 37 37 37 37 37 37 36 36 36 36 36 36 36 36 36 36 36 36 36 36 36 36 35 35 36 34 34 35 35 35 35 35 35 35 35 35 35 34 34 34 46 46 46 46 46 46 46 46 46 46 46 46 46 46 46 46 46 46 45 45 45 45 45 45 45 45 45 45 45 45 45 45 45 45 45 45 45 45 45 45 45 45 45 45 45 45 45 45 45 45 45 45 45 45 45 45 45 45 44 45 44 44 44 44 45 44 44 44 44 44 44 44 44 44 44 44 44 44 44 44 44 44 44 44 44 44 44 44 44 44 44 44 44 44 44 44 44 44 44 44 44 43 44 43 43 43 43 43 43 43 43 43 43 43 43 43 43 43 43 43 43 42 42 42 42 43 43 42 43 43 43 43 43 43 43 42 42 42 42 42 42 42 42 42 42 41 41 41 41 41 41 41 41 41 41 41 41 41 41 41 41 41 41 41 41 41 41 40 40 40 40 40 40 40 40 40 40 40 40 40 40 40 40 40 40 40 40 40 40 40 40 40 40 39 39 39 39 39 39 39 39 39 39 39 39 39 39 39 39 39 39 39 39 39 39 39 39 39 39 39 38 39 38 38 38 38 38 38 38 38 38 38 38 38 38 38 38 38 38 38 38 38 38 37 37 37 37 37 37 37 37 37 37 37 37 37 37 37 37 37 37 37 37 37 36 36 36 36 36 36 36 36 36 36 36 36 36 36 36 35 36 36 34 34 34 34 34 34 34 35 34 35 35 35 36 36 35 35 36 36 35 34 34 34 34 46 46 46 46 46 46 46 46 46 46 46 46 46 46 46 45 46 45 45 45 45 45 45 45 45 45 45 45 45 45 45 45 45 45 45 45 45 45 45 45 45 45 45 45 45 45 45 45 45 45 45 45 45 45 45 45 45 45 45 45 44 44 44 44 44 44 44 45 45 44 44 44 44 44 44 44 44 44 44 44 44 44 44 44 44 44 44 44 44 44 44 44 44 44 44 44 44 44 44 44 44 44 44 43 43 43 43 43 43 43 43 43 43 43 43 43 43 43 43 42 42 43 43 43 43 43 43 43 43 43 42 43 43 43 42 42 42 42 42 42 42 42 42 42 42 42 41 41 41 41 41 41 41 41 41 41 41 41 41 41 41 41 41 41 41 41 40 40 40 40 40 40 40 40 40 40 40 40 40 40 40 40 40 40 40 39 40 40 40 39 39 39 39 39 39 39 39 39 39 39 39 39 39 39 39 39 39 39 39 39 39 39 39 39 39 39 39 39 39 39 39 39 38 38 38 38 38 38 38 38 38 38 38 38 38 38 38 38 38 38 38 38 38 37 37 37 38 38 38 37 37 37 37 37 37 37 37 37 37 37 37 37 37 36 36 36 36 36 36 36 36 36 36 36 36 36 36 36 36 36 36 36 36 35 35 36 35 35 35 35 35 35 35 35 35 35 35 35 35 35 35 35 35 35 36 36 36 36 36 36 35 35 35 35 34 34 34 47 46 46 46 46 46 46 46 46 46 46 46 46 46 46 46 46 46 45 46 45 45 45 45 45 45 45 45 45 45 45 45 45 45 45 45 45 45 45 45 45 45 45 45 45 45 45 45 45 45 45 45 45 45 45 45 45 45 45 45 45 45 44 44 44 44 44 44 45 45 45 44 45 44 44 44 44 44 44 44 44 44 44 44 44 44 44 44 44 44 44 44 44 44 44 44 44 44 44 44 44 44 44 44 44 44 44 43 43 43 43 43 43 43 43 43 43 43 43 43 43 43 43 43 43 43 43 43 43 43 43 43 43 43 42 42 43 43 42 42 43 42 42 42 42 42 42 42 42 42 41 41 41 41 41 41 41 41 41 41 41 41 41 41 41 41 41 41 41 41 41 41 41 40 40 41 40 40 40 40 40 40 40 40 40 40 40 40 39 40 40 40 40 40 39 39 40 39 39 39 39 39 39 39 39 39 39 39 39 39 39 39 39 39 39 39 39 39 39 39 39 39 39 39 39 39 39 39 38 38 38 38 38 38 38 38 38 38 38 38 38 38 38 38 38 38 38 38 37 37 38 38 38 38 38 38 37 37 37 37 37 37 37 37 37 37 36 36 36 36 36 36 36 36 36 36 36 36 36 36 36 36 36 36 36 36 36 35 36 36 36 36 36 35 35 35 35 35 35 35 35 35 35 35 35 35 35 35 35 35 36 35 35 36 36 36 36 36 35 35 36 36 36 36 36 36 36 36 36 36 35 35 35 35 35 35 35 47 46 46 46 46 46 46 46 46 46 46 46 46 46 46 46 46 45 45 45 46 45 45 45 45 45 45 45 45 45 46 45 45 46 45 45 45 45 45 45 45 45 45 45 45 45 45 45 45 45 45 45 45 45 45 45 45 45 45 45 45 44 44 44 44 45 45 45 45 45 45 44 44 44 44 44 44 44 44 44 44 44 44 44 44 44 44 44 44 44 44 44 44 44 44 44 44 44 44 44 44 44 44 44 44 44 44 44 43 43 43 43 43 43 43 43 43 43 43 43 43 43 43 43 43 43 43 42 42 43 43 43 43 43 42 42 43 43 43 43 43 43 42 42 42 42 42 42 42 42 42 42 41 42 42 41 41 41 41 41 41 41 41 41 41 41 41 41 41 41 41 41 40 40 41 41 40 40 40 40 40 40 40 40 40 40 40 40 40 40 40 40 40 40 40 40 40 40 40 40 39 39 39 39 39 39 39 39 39 39 39 39 39 39 39 39 39 39 39 39 39 39 39 39 39 39 39 39 38 38 38 38 38 38 38 38 38 38 38 38 38 38 38 38 38 38 38 38 38 38 38 38 38 38 38 38 38 38 37 37 37 37 37 37 37 37 36 36 36 36 36 36 36 37 37 37 36 37 36 36 36 36 36 36 36 36 36 36 36 36 36 36 36 36 36 36 36 36 36 35 36 36 36 36 36 35 35 35 35 35 35 35 35 35 35 35 35 36 36 36 36 36 36 36 36 36 36 36 36 36 36 36 36 37 37 36 36 36 36 36 36 36 35 35 35 35 35 47 47 47 46 46 46 46 46 46 46 46 46 46 46 46 46 46 45 45 45 46 46 46 45 45 45 45 45 45 45 45 45 45 46 46 46 45 45 45 45 45 45 45 45 45 45 45 45 45 45 45 45 45 45 45 45 45 45 45 45 45 45 45 44 44 44 45 45 44 45 45 45 44 44 44 44 44 44 44 44 44 44 44 44 44 44 44 44 44 44 44 44 44 44 44 44 44 44 44 44 44 44 44 44 44 44 44 44 44 44 44 43 43 43 43 43 43 43 43 43 43 43 43 43 43 43 43 43 43 43 43 43 43 43 43 43 43 43 43 43 43 42 42 42 42 42 42 42 42 42 42 42 42 42 42 42 41 41 41 41 41 41 41 41 41 41 41 41 41 41 41 41 40 40 40 41 41 40 41 41 40 40 40 40 40 40 40 40 40 40 40 40 40 40 40 40 40 40 40 40 40 39 39 39 39 39 39 39 39 39 39 39 39 39 39 39 39 39 39 39 39 39 39 39 39 39 39 39 39 39 38 38 38 38 38 38 38 38 38 38 38 38 38 38 38 38 38 38 38 38 38 38 38 38 38 38 38 37 38 37 37 38 37 37 37 37 37 37 37 37 37 36 37 37 37 37 37 37 37 36 36 36 36 36 36 36 36 36 36 37 37 37 37 37 37 36 36 36 35 35 36 36 36 36 36 36 36 36 36 35 36 36 36 36 36 36 36 35 35 36 35 35 35 35 36 36 36 36 37 36 36 37 37 37 37 37 37 37 37 37 37 37 37 36 36 36 36 36 36 35 35 35 35 35 35 35 47 47 47 47 47 46 46 46 46 46 46 46 46 46 46 46 46 46 46 46 46 46 46 46 45 45 45 46 45 45 45 45 45 45 45 46 46 45 45 45 45 46 46 45 45 45 45 45 45 45 45 45 45 45 45 45 45 45 45 45 45 45 45 45 45 45 45 44 45 45 44 45 45 45 45 45 45 45 45 44 44 44 44 44 44 44 44 44 44 44 44 44 44 44 44 44 44 44 44 44 44 44 44 44 44 44 44 44 44 44 44 44 44 43 43 43 43 43 43 43 43 43 43 43 43 43 43 43 43 43 43 43 43 43 43 43 43 43 43 43 43 42 42 42 42 42 42 42 42 42 42 42 42 42 42 42 42 42 42 41 41 41 41 41 42 42 41 41 41 41 41 41 41 41 40 40 40 41 41 40 41 41 41 40 40 40 40 40 40 40 40 40 40 40 40 40 40 40 40 40 40 40 40 40 40 39 39 39 39 40 40 40 39 39 39 39 39 39 39 39 39 39 39 39 39 39 39 39 39 39 39 39 39 38 38 38 38 38 38 38 38 38 38 38 38 38 38 38 38 38 38 38 38 38 38 38 38 38 38 38 38 37 37 37 37 37 37 37 37 37 37 37 37 37 37 37 37 37 37 37 36 36 36 36 36 36 36 36 36 36 37 37 37 37 37 37 36 36 37 36 36 36 36 36 36 36 36 36 37 36 36 36 36 36 36 36 36 36 36 36 36 36 36 35 36 35 35 35 35 35 35 35 36 36 36 36 36 36 37 37 37 37 37 37 37 37 37 37 37 37 37 37 37 37 37 36 36 36 36 36 36 36 36 36 36 36 36 36 47 47 47 47 47 47 47 47 46 46 46 46 46 46 46 46 46 46 46 46 46 46 46 46 47 46 46 46 46 46 45 45 45 45 45 45 45 45 45 45 45 45 45 46 45 45 45 45 45 45 45 45 45 45 45 45 45 45 45 45 45 45 45 45 45 45 45 45 45 45 45 44 45 45 45 45 45 44 45 45 45 45 44 44 44 44 44 44 44 44 44 44 44 44 44 44 44 44 44 44 44 44 44 44 44 44 44 44 44 44 44 44 44 44 44 44 43 43 43 43 43 43 43 43 43 43 43 43 43 43 43 43 43 43 43 43 43 43 43 43 43 43 43 42 42 42 42 42 42 42 42 42 42 42 42 42 42 41 42 42 42 41 41 42 41 42 42 41 41 41 41 41 41 41 41 41 41 41 41 41 41 41 41 41 41 41 41 41 40 40 40 40 40 41 40 40 40 40 40 40 40 40 40 40 40 40 40 40 39 39 40 40 40 40 40 40 40 39 39 39 39 39 39 39 39 39 39 39 39 39 39 39 39 39 39 38 38 39 38 38 38 38 38 38 38 38 38 38 38 38 38 38 38 38 38 38 38 38 38 38 38 38 38 38 37 37 37 37 37 37 37 37 37 37 37 37 37 37 37 37 37 37 36 36 36 36 36 36 36 36 36 36 37 37 37 37 37 37 36 37 37 38 37 36 37 37 37 37 37 37 36 36 36 36 37 37 36 37 37 36 36 36 36 36 36 36 36 36 35 36 36 36 35 35 36 36 36 37 37 36 37 37 37 37 37 37 37 37 37 37 37 37 37 37 37 37 37 37 36 36 36 36 36 36 36 36 36 36 36 36 36 36 36 47 47 47 47 47 47 47 47 47 46 46 46 46 46 46 46 46 46 46 46 46 46 46 46 46 46 46 46 46 46 46 46 46 45 45 45 45 45 46 46 46 46 45 45 46 46 45 45 45 45 45 45 45 45 45 45 45 45 45 45 45 45 45 45 45 45 45 45 45 45 45 45 45 45 45 45 45 45 44 45 44 45 44 44 44 44 44 44 44 44 44 44 44 44 44 44 44 44 44 44 44 44 44 44 44 44 44 44 44 44 44 44 44 44 44 44 43 43 43 43 43 43 43 43 43 43 43 43 43 43 43 43 43 43 43 43 43 43 43 42 43 43 43 42 42 42 42 42 42 42 42 42 42 42 42 42 42 41 41 42 42 42 42 42 42 42 42 41 41 41 41 41 41 41 41 41 41 41 41 41 41 41 41 41 40 40 41 41 41 40 40 40 40 40 40 40 40 40 40 40 40 40 40 40 40 40 40 40 39 40 40 40 40 40 40 40 40 40 40 39 39 39 39 39 39 39 39 39 39 39 39 39 39 39 39 39 38 39 39 38 38 38 38 38 38 38 38 38 38 38 38 38 38 38 38 38 38 38 38 38 38 38 38 38 37 37 37 38 38 38 37 37 37 37 37 37 37 37 37 37 37 37 37 37 37 37 37 37 36 36 36 37 37 37 37 37 37 37 37 37 37 37 37 37 37 38 38 37 38 37 37 36 36 37 37 37 37 37 37 36 36 36 36 36 36 36 37 36 35 36 36 36 36 36 36 36 36 37 37 36 37 37 37 37 37 37 37 37 37 37 37 37 37 37 37 37 37 37 36 36 36 36 36 36 36 36 36 37 36 36 36 36 36 37 37 37 37 37 37 37 37 37 47 47 47 47 47 47 47 47 47 46 46 46 46 46 46 46 46 46 46 46 46 46 45 46 46 46 46 45 45 45 46 46 46 46 45 45 45 45 45 46 46 46 45 46 46 46 45 45 45 45 45 45 45 45 45 45 45 45 45 45 45 45 45 45 45 45 45 45 45 45 45 45 45 45 45 45 45 45 45 45 45 45 44 45 44 44 44 44 44 44 44 44 44 44 44 44 44 44 44 44 44 44 44 44 44 44 44 44 44 44 44 44 44 44 44 44 44 43 43 43 43 43 43 43 43 43 43 43 43 43 43 43 43 43 43 43 43 43 43 42 43 43 43 42 42 42 42 42 42 42 42 43 42 42 42 42 42 41 42 42 42 42 42 42 41 42 41 42 41 41 41 41 41 41 41 41 41 41 41 41 41 41 41 41 41 40 40 40 40 40 40 40 40 40 40 40 40 40 40 40 40 40 40 40 40 40 40 40 40 40 40 40 40 40 40 40 40 40 40 40 40 40 39 39 39 39 39 39 39 39 39 39 39 39 39 39 39 39 39 39 38 38 39 39 39 39 39 39 39 39 39 38 38 38 38 38 38 38 38 38 38 38 38 38 38 38 38 38 38 38 38 37 37 37 37 37 37 37 37 37 37 37 37 37 37 37 37 37 36 37 37 37 37 37 37 37 37 38 38 38 37 37 38 37 37 38 38 38 38 38 37 36 36 37 37 37 36 36 36 36 36 36 36 37 37 37 37 36 36 36 36 37 37 35 35 36 36 37 37 37 37 37 37 37 37 37 37 37 37 37 37 37 37 37 37 37 37 37 37 37 37 36 36 36 37 37 37 37 37 37 37 36 36 36 36 37 37 37 37 37 37 37 37 37 37 37 47 47 47 47 47 47 47 47 47 47 46 46 46 46 46 46 46 46 46 46 46 46 46 45 46 46 46 46 45 45 45 46 46 46 46 46 45 45 45 45 45 46 46 46 46 46 45 45 45 45 45 45 45 45 45 45 45 45 45 45 45 45 45 45 45 45 45 45 45 45 45 45 45 45 45 45 45 45 45 45 45 45 45 45 45 45 45 44 44 44 44 44 44 44 44 44 44 44 44 44 44 44 44 44 44 44 44 44 44 44 44 44 44 44 44 44 44 44 43 43 43 43 43 43 43 43 43 43 43 43 43 43 43 43 43 43 43 43 43 43 42 43 42 43 42 42 42 42 42 42 42 42 43 43 42 42 42 42 42 42 42 42 42 42 41 41 42 42 41 41 41 41 41 41 41 41 41 41 41 41 41 41 41 41 40 41 40 40 40 40 40 40 40 40 40 40 40 40 40 40 40 40 40 40 40 40 40 40 40 40 40 40 40 40 40 40 40 40 40 40 40 40 40 40 40 40 39 39 39 39 39 39 39 39 39 39 39 39 39 39 39 39 38 39 39 39 39 39 39 39 39 39 39 39 38 38 38 38 38 38 38 38 38 38 38 38 38 38 38 38 38 38 38 37 37 37 37 37 37 37 37 37 37 37 37 37 37 37 37 36 36 37 37 37 37 37 38 38 38 38 38 37 37 38 38 38 38 38 38 38 38 37 37 37 38 37 37 37 37 37 37 37 37 36 37 37 37 37 37 36 36 36 37 37 36 35 35 36 37 37 37 37 37 37 37 37 37 38 37 37 37 37 37 37 37 37 37 37 37 37 37 37 37 37 36 37 37 37 37 37 37 37 37 37 37 37 37 37 37 37 37 37 37 37 37 37 37 37 37 37 47 47 47 47 47 47 47 47 47 47 46 46 46 46 46 46 46 46 46 46 46 46 46 46 45 45 46 45 46 46 45 45 46 45 45 46 46 46 46 45 45 45 46 46 45 46 45 45 45 45 45 45 45 45 45 45 45 45 45 45 45 45 45 45 45 45 45 45 45 45 45 45 45 45 45 45 45 45 45 45 45 45 45 45 45 45 45 45 45 45 44 44 44 44 44 44 44 44 44 44 44 44 44 44 44 44 44 44 44 44 44 44 44 44 44 44 44 44 44 44 43 43 43 43 43 43 43 43 43 43 43 43 43 43 43 43 43 43 43 43 43 43 42 43 43 42 42 42 42 42 42 42 42 43 43 42 42 42 42 42 42 42 42 41 42 42 41 41 42 42 41 41 41 41 41 41 41 41 41 41 41 41 41 41 41 40 40 40 40 40 40 40 40 40 40 40 40 40 40 40 40 40 40 40 40 40 40 40 40 40 40 40 40 40 40 40 40 40 40 40 40 40 40 40 40 40 40 40 40 39 39 39 39 39 39 39 39 39 39 39 39 39 39 39 39 39 39 39 39 39 39 39 39 39 39 39 39 38 38 38 38 39 39 39 39 38 38 38 38 38 38 38 38 38 38 37 37 37 37 37 37 37 37 37 37 37 37 37 37 37 37 37 37 37 37 37 38 38 38 38 38 37 37 37 38 38 38 38 38 38 38 38 38 38 38 38 38 37 38 37 37 37 37 37 36 37 37 37 37 37 37 36 37 37 37 37 37 35 36 36 37 38 37 37 37 37 37 37 37 38 38 38 37 37 37 37 37 37 37 37 37 37 37 37 37 37 37 37 37 37 37 37 37 37 37 37 37 37 37 37 37 37 37 37 37 37 37 37 37 37 37 37 37 37 47 47 47 47 47 47 47 47 47 47 46 46 46 46 46 46 46 46 46 46 46 46 46 46 46 45 45 45 45 46 45 46 46 45 45 45 45 46 46 45 45 45 45 45 45 45 45 45 45 45 45 45 45 45 45 45 45 45 45 45 45 45 45 45 45 45 45 45 45 45 45 45 45 45 44 44 45 45 45 45 44 44 44 44 44 44 44 44 44 44 44 44 44 44 44 44 44 44 44 44 44 44 44 44 44 44 44 44 44 44 44 44 44 44 44 44 44 44 44 44 44 43 43 43 43 43 43 43 43 43 43 43 43 43 43 43 43 43 43 43 43 43 42 43 42 42 43 43 42 43 43 43 42 43 43 43 43 42 42 42 42 42 41 41 41 41 41 41 41 41 42 41 41 41 41 41 41 41 41 41 41 40 40 40 40 40 40 40 40 40 40 40 40 40 40 40 40 40 40 40 40 40 40 40 40 40 40 40 40 40 40 40 40 40 40 40 40 40 40 40 40 40 40 40 39 39 39 39 39 39 39 39 39 39 39 39 39 39 39 38 39 39 39 38 38 38 39 39 39 39 39 39 39 39 39 39 38 38 38 38 39 39 38 38 38 38 38 38 38 38 38 38 38 38 38 37 37 37 37 37 37 37 37 37 37 37 37 37 37 37 37 37 37 37 37 38 38 38 38 38 38 38 38 37 38 38 38 38 38 38 38 38 38 38 38 38 38 38 38 38 38 38 37 37 37 37 37 37 38 38 37 37 37 37 37 37 37 35 36 37 37 37 38 38 37 37 37 38 38 38 38 38 38 38 38 38 37 37 37 37 38 38 38 38 38 37 37 37 37 37 37 37 38 38 38 38 38 38 38 38 38 38 38 38 38 38 38 38 38 38 38 38 38 38 38 38 38 47 47 47 47 47 47 47 47 47 47 47 47 47 46 46 46 46 47 46 46 46 46 46 46 46 46 46 46 46 46 46 46 46 46 46 46 46 45 45 45 45 46 46 45 45 45 45 45 45 45 45 45 45 45 45 45 45 45 45 45 45 45 45 45 45 45 45 45 45 45 45 45 45 45 45 45 45 45 45 45 45 45 45 44 44 44 44 44 44 44 44 44 44 44 44 44 44 44 44 44 44 44 44 44 44 44 44 44 44 44 44 44 44 44 44 44 44 44 44 44 44 44 44 44 44 43 43 43 43 43 43 43 43 43 43 43 43 43 43 43 43 43 43 43 43 43 43 42 43 43 43 43 43 42 42 43 43 43 43 42 42 42 42 42 42 42 42 42 42 42 41 41 41 41 41 41 41 41 41 41 41 41 41 41 41 41 41 41 41 41 41 41 40 40 40 40 40 41 41 40 40 40 40 40 40 40 40 40 40 40 40 40 40 40 40 40 40 40 40 40 40 40 40 40 40 40 40 40 40 40 39 39 39 39 39 39 39 39 39 39 39 39 39 39 39 39 39 39 39 39 39 39 39 39 39 39 39 39 39 39 39 39 39 39 38 38 38 38 39 39 38 38 38 38 38 38 38 38 38 38 37 37 37 37 37 37 37 37 37 37 37 37 37 38 38 38 38 37 38 38 37 38 38 38 38 38 38 38 38 38 38 38 38 38 38 38 38 39 38 38 38 39 38 38 38 38 37 37 37 37 38 38 38 37 37 37 37 37 37 37 36 36 37 37 37 37 38 38 38 38 38 38 38 38 38 38 38 38 38 38 37 37 37 37 37 37 38 38 38 37 37 37 37 37 37 38 37 38 38 38 38 38 38 38 38 38 38 38 38 38 38 38 38 38 38 38 38 38 38 38 38 38 47 47 47 47 47 47 47 47 47 47 47 47 47 47 46 46 46 46 46 46 46 47 46 46 46 46 46 46 46 46 46 46 46 46 46 46 46 46 46 46 46 46 46 46 46 45 45 46 45 45 45 45 45 45 45 45 45 45 45 45 45 45 45 45 45 45 45 45 45 45 45 45 45 45 45 45 45 45 45 45 45 45 45 44 44 44 45 44 44 44 44 44 44 44 44 44 44 44 45 45 44 44 44 44 44 44 44 44 44 44 44 44 44 44 44 44 44 44 44 44 44 44 44 44 44 43 43 43 43 43 43 43 43 43 43 43 43 43 43 43 43 43 43 43 43 43 43 43 43 43 43 43 43 43 43 43 43 43 43 42 42 42 42 42 42 42 42 42 42 42 42 42 41 41 41 41 41 41 41 41 41 41 41 41 41 41 41 41 41 41 41 41 41 41 41 41 41 41 41 40 40 41 40 40 40 40 40 40 40 40 40 40 40 40 40 40 40 40 40 40 40 40 40 40 40 40 40 40 40 40 40 40 40 39 39 39 39 39 39 39 39 39 39 39 39 39 39 39 39 39 39 39 39 39 39 39 39 39 39 39 39 39 39 39 38 39 38 39 39 39 39 39 39 39 39 38 38 38 38 38 38 38 37 37 37 37 37 37 37 37 37 37 37 38 37 37 37 37 37 37 37 38 38 38 38 38 38 38 38 38 38 38 38 38 38 38 39 39 38 38 38 38 38 38 38 38 38 38 37 38 38 38 39 38 38 37 37 37 37 37 36 36 36 36 37 37 37 38 38 38 38 38 38 38 38 38 38 38 38 38 38 38 38 38 38 38 37 37 37 38 37 37 37 37 38 38 38 38 38 38 38 38 38 38 38 38 38 38 38 38 38 38 38 38 38 38 38 38 38 38 38 38 38 38 38 47 47 47 47 47 47 47 47 47 47 47 47 47 46 46 46 46 46 46 46 46 46 46 46 46 46 46 46 46 46 46 46 46 46 46 46 46 46 46 46 46 46 46 46 46 46 46 45 45 45 45 45 45 45 45 45 45 45 45 45 45 45 45 45 45 45 45 45 45 45 45 45 45 45 45 45 45 45 45 45 45 45 44 45 45 45 44 44 44 44 44 44 44 44 44 44 44 45 45 45 45 45 45 45 44 44 44 44 44 44 44 44 44 44 44 44 44 44 44 44 44 44 44 44 44 43 43 43 44 43 43 43 43 43 43 43 43 43 43 43 43 43 43 43 43 43 43 43 43 43 43 43 43 43 43 43 42 43 43 42 42 42 42 42 42 42 42 42 42 42 42 42 42 41 41 41 41 41 41 41 41 41 41 41 41 41 41 41 41 41 41 41 41 41 41 41 41 41 41 41 41 41 41 40 41 40 40 40 40 40 40 40 40 40 40 40 40 40 40 40 40 40 40 40 40 40 40 40 40 40 40 40 40 40 39 39 39 39 39 39 39 39 39 39 39 39 39 39 39 39 39 39 39 39 39 39 39 39 39 39 39 39 39 39 39 39 39 39 39 39 39 39 39 39 39 38 38 38 38 38 38 38 38 38 37 37 37 37 37 38 37 37 37 37 37 37 37 37 37 38 38 39 39 39 39 39 39 38 38 38 38 38 38 38 38 39 39 38 38 38 38 38 38 38 38 38 38 38 38 38 38 38 39 38 38 37 37 37 37 37 36 36 37 37 37 37 37 38 38 38 38 38 38 38 38 38 38 38 38 38 38 38 38 38 38 38 38 38 38 37 37 37 37 38 38 38 38 38 38 38 38 38 38 38 38 38 38 38 38 38 38 38 38 38 38 38 38 38 38 38 38 38 38 38 38 47 47 47 47 47 47 47 47 47 47 47 47 47 47 46 46 46 46 46 46 46 46 46 46 46 46 46 46 46 46 46 46 46 46 46 46 46 46 46 46 46 46 46 46 46 46 46 45 45 45 46 45 45 45 45 45 45 45 45 45 45 45 45 45 45 45 45 45 45 45 45 45 45 45 45 45 45 45 45 45 44 45 44 45 45 45 45 45 45 45 45 45 44 44 45 45 44 45 45 45 45 45 45 45 44 44 44 44 44 44 44 44 44 44 44 44 44 44 44 44 44 44 44 44 44 44 43 43 44 43 43 43 43 44 43 43 43 43 43 43 43 43 43 43 43 43 43 43 43 43 43 43 43 43 43 43 43 43 43 43 43 43 42 42 42 42 42 42 42 42 42 42 42 42 42 42 41 41 41 41 41 41 41 41 41 41 41 41 41 41 41 41 41 41 41 41 41 41 41 41 41 41 41 41 41 41 40 40 40 40 40 40 40 40 40 40 40 40 40 40 40 40 40 40 40 40 40 40 40 40 40 40 40 40 40 40 40 39 39 39 39 39 39 39 39 39 39 39 39 39 39 39 39 39 39 39 39 39 39 39 39 39 39 39 39 39 39 39 39 39 39 39 39 39 39 39 38 38 38 38 38 38 38 38 38 37 37 37 37 38 37 37 38 38 37 37 37 37 38 38 38 39 39 39 39 39 38 38 38 38 38 38 38 38 38 39 39 38 38 38 38 39 38 38 38 39 39 39 39 39 39 39 39 39 38 37 37 37 36 37 37 36 37 37 38 38 38 38 38 38 39 39 39 39 39 38 38 38 38 38 38 38 38 38 38 38 38 38 38 38 38 38 37 37 38 38 38 38 38 38 38 38 38 38 38 38 38 38 38 38 38 38 38 38 38 38 38 38 38 47 47 47 47 47 47 47 47 47 47 47 47 47 47 47 47 47 46 46 46 46 46 46 46 46 46 46 46 46 46 46 46 46 46 46 46 46 46 46 46 46 46 46 46 46 46 46 46 45 45 45 46 46 46 46 45 46 45 45 45 45 45 45 45 45 45 45 45 45 45 45 45 45 45 45 45 45 45 45 45 45 45 45 45 45 45 45 45 45 45 45 45 45 45 45 45 44 45 44 45 45 45 45 45 45 45 44 44 44 44 44 44 44 44 44 44 44 44 44 44 44 44 44 44 44 44 44 44 44 43 43 43 43 43 44 44 43 43 43 43 43 43 43 43 43 43 43 43 43 43 43 43 43 43 43 43 43 43 43 43 43 43 43 43 43 42 42 42 42 42 42 42 42 42 42 42 42 42 42 41 41 41 41 41 41 41 41 41 41 41 41 41 41 41 41 41 41 41 41 41 41 41 41 41 41 41 41 41 41 41 41 41 40 40 40 40 40 40 40 40 40 40 40 40 40 40 40 40 40 40 40 40 40 40 40 40 40 40 40 40 40 39 39 39 39 39 39 39 39 39 39 39 39 39 39 39 39 39 39 39 39 39 39 39 39 39 39 39 39 39 39 39 39 39 39 39 39 39 39 39 39 38 38 38 38 38 38 38 37 37 37 37 38 38 37 37 37 37 37 38 38 38 38 38 38 38 38 38 38 38 38 38 38 38 39 38 39 39 39 39 38 38 38 38 38 38 38 39 39 39 39 39 39 39 38 39 39 38 38 37 37 37 37 37 37 37 37 37 38 38 38 38 39 39 39 39 39 39 39 38 38 38 39 38 38 38 38 38 38 38 38 38 38 38 38 38 38 38 38 38 38 38 38 38 38 38 38 38 38 38 38 38 38 38 39 39 39 39 39 39 47 47 47 47 47 47 47 47 47 47 47 47 47 47 47 47 47 47 46 46 46 46 46 46 46 46 46 46 46 46 46 46 46 46 46 46 46 46 46 46 46 46 46 46 46 46 46 46 46 45 45 46 46 46 46 46 45 45 45 45 45 45 45 45 45 45 45 45 45 45 45 45 45 45 45 45 45 45 45 45 45 45 45 45 45 45 45 45 45 45 45 45 45 45 45 45 45 45 45 45 45 45 45 45 45 45 45 44 44 44 44 44 44 44 44 44 44 44 44 44 44 44 44 44 44 44 44 44 44 44 43 44 43 43 44 44 43 43 43 43 43 43 43 43 43 43 43 43 43 43 43 43 43 43 43 43 43 43 43 43 43 43 43 43 43 42 42 42 42 42 42 42 41 42 42 42 41 42 42 42 42 42 41 41 41 41 41 41 41 41 41 41 41 41 41 41 41 41 41 41 41 41 41 41 41 41 41 41 41 41 41 40 40 40 40 40 40 40 40 40 40 40 40 40 40 40 40 40 40 40 40 40 40 40 40 40 40 40 40 40 40 39 39 39 39 39 39 39 39 39 39 39 39 39 39 39 39 39 39 39 39 39 39 39 39 39 39 39 39 39 39 39 39 39 39 39 39 39 39 39 39 39 38 38 38 38 38 38 38 37 37 38 38 37 37 37 37 37 37 38 38 39 39 39 39 38 38 38 39 38 38 38 38 39 39 39 39 39 39 39 39 38 38 38 39 39 38 39 39 39 39 39 39 38 38 38 38 38 38 38 38 38 37 37 38 38 37 37 38 38 38 38 39 39 39 39 39 39 39 39 39 39 38 38 38 39 38 38 38 38 38 39 39 38 38 38 38 38 38 38 38 38 38 38 38 38 38 38 38 38 38 38 39 39 39 39 39 39 47 47 47 47 47 47 46 47 47 47 47 47 47 47 47 47 47 47 47 47 47 47 47 47 47 46 46 46 46 46 46 46 46 46 46 46 46 46 46 46 46 46 46 46 46 46 46 46 46 46 46 46 46 46 46 45 46 46 46 46 46 46 46 46 46 46 46 46 46 45 45 45 45 45 45 45 45 45 45 45 45 45 45 45 45 45 45 45 45 45 45 45 45 45 45 45 45 45 45 45 45 45 45 45 45 45 45 45 45 45 45 45 45 45 44 44 44 44 44 44 44 44 44 44 44 44 44 44 44 44 44 44 44 44 44 44 44 44 44 43 44 43 43 43 43 43 43 43 43 43 43 43 43 43 43 43 43 43 43 43 43 43 43 43 43 43 43 43 43 43 42 42 42 42 42 42 42 42 41 42 42 42 42 42 41 41 41 42 42 42 41 41 41 41 42 41 41 41 41 41 41 41 41 41 41 41 41 41 41 41 41 41 41 41 41 41 41 40 40 40 40 40 40 40 40 40 40 40 40 40 40 40 40 40 40 40 40 40 40 40 40 40 40 40 40 40 40 40 39 39 39 39 39 39 39 40 39 39 39 39 39 39 39 39 39 39 39 39 39 39 39 39 39 39 39 39 39 39 39 39 39 39 39 39 39 39 39 39 39 39 38 38 38 38 38 38 37 37 37 38 38 37 37 37 37 38 38 38 38 39 39 38 38 39 39 39 39 39 39 39 39 39 39 39 39 39 38 38 39 39 39 39 39 39 39 39 39 39 39 39 38 38 38 38 38 38 38 37 37 38 38 38 38 37 37 38 38 38 38 39 39 39 39 39 39 39 39 39 39 39 39 38 38 38 38 38 38 38 38 39 38 38 38 38 38 38 38 38 38 38 38 39 38 39 39 39 38 38 39 39 47 47 47 47 46 46 47 47 46 46 47 47 47 47 47 47 47 47 47 47 47 47 47 47 47 46 46 46 46 46 46 46 46 46 46 46 46 46 46 46 46 46 46 46 46 46 46 46 46 46 46 46 46 46 46 46 46 46 46 46 46 46 46 46 46 45 46 46 46 45 45 46 45 45 45 45 45 45 45 45 45 45 45 45 45 45 45 45 45 45 45 45 45 45 45 45 45 45 45 45 45 45 45 45 45 45 45 45 45 45 45 45 45 45 44 44 44 44 44 44 44 44 44 44 44 44 44 44 44 44 44 44 44 44 44 44 44 44 44 44 44 43 43 43 43 43 43 43 43 43 43 43 43 43 43 43 43 43 43 43 43 43 43 43 43 43 43 43 43 43 42 42 42 42 42 42 42 42 42 42 41 42 41 42 41 41 41 41 41 42 42 41 42 42 42 42 42 41 41 41 41 41 41 41 41 41 41 41 41 41 41 41 41 41 41 41 41 41 40 40 40 40 40 40 40 40 40 40 40 40 40 40 40 40 40 40 40 40 40 40 40 40 40 40 40 40 40 40 40 39 39 39 40 40 39 40 39 39 39 39 39 39 40 40 40 39 39 39 39 39 39 39 39 39 39 39 39 39 39 39 39 39 39 39 39 39 39 39 39 39 39 39 39 39 38 38 38 38 38 38 38 37 38 38 38 39 39 39 39 39 39 39 39 39 39 39 39 39 39 39 39 39 39 39 39 38 39 39 39 39 39 39 39 39 39 39 39 39 39 39 38 38 38 38 38 38 38 38 38 38 38 37 37 37 37 38 38 38 38 38 39 39 39 39 39 39 39 39 39 39 39 39 38 38 38 38 38 38 38 38 39 39 39 38 38 38 38 38 38 38 39 39 39 39 39 39 39 47 47 47 47 47 46 46 46 46 47 47 47 47 47 47 47 47 47 47 47 47 47 47 47 47 46 46 46 46 46 46 46 46 46 46 46 46 46 46 46 46 46 46 46 46 46 46 46 46 46 46 46 46 46 46 46 46 46 46 46 46 46 46 46 46 45 46 45 45 45 45 45 45 45 45 45 45 45 45 45 45 45 45 45 45 45 45 45 45 45 45 45 45 45 45 45 45 45 45 45 45 45 45 45 45 45 45 45 45 45 45 45 45 45 44 44 44 44 44 44 44 44 44 44 44 44 44 44 44 44 44 44 44 44 44 44 44 44 44 44 44 44 43 43 43 43 43 43 43 43 43 43 43 43 43 43 43 43 43 43 43 43 43 43 43 42 42 43 43 43 42 42 42 42 42 42 42 42 42 42 42 41 42 41 41 42 41 41 41 42 42 42 42 42 42 42 42 42 42 41 41 42 41 41 41 41 41 41 41 41 41 41 41 41 41 41 41 41 41 41 40 41 41 41 41 40 40 40 40 40 40 40 40 40 40 40 40 40 40 40 40 40 40 40 40 40 40 40 40 40 39 39 39 40 40 40 40 40 40 39 39 39 40 40 40 40 39 39 39 39 39 40 39 39 39 39 39 39 39 39 39 39 39 39 39 39 39 39 39 39 39 39 39 39 39 39 38 39 38 38 37 38 38 38 39 39 39 38 39 39 39 39 39 39 39 39 39 39 39 39 39 39 39 39 39 39 40 40 40 40 39 39 39 39 39 40 39 39 39 38 38 39 39 39 39 38 39 39 39 38 39 38 37 37 37 38 38 38 39 39 39 39 39 39 39 39 39 39 39 39 39 39 38 38 38 38 38 38 38 38 39 39 39 38 38 38 38 38 39 39 39 39 39 39 39 39 39 47 47 47 47 47 47 47 46 46 46 47 47 47 47 47 47 47 47 47 47 47 47 47 47 47 47 47 46 46 46 46 46 46 46 46 46 46 46 46 46 46 46 46 46 46 46 46 46 46 46 46 46 46 46 46 46 46 46 46 46 46 46 46 46 46 45 45 45 45 45 45 45 45 45 45 45 45 45 45 45 45 45 45 45 45 45 45 45 45 45 45 45 45 45 45 45 45 45 45 45 45 45 45 45 45 45 45 45 45 45 45 45 45 45 45 45 44 44 44 44 44 44 44 44 44 44 44 44 44 44 44 44 44 44 44 44 44 44 44 44 44 44 44 43 43 43 43 43 43 43 43 43 43 43 43 43 43 43 43 43 43 43 43 43 43 43 43 42 42 42 42 42 42 42 42 42 42 42 42 42 42 42 42 42 42 42 41 41 41 42 42 42 42 42 42 42 42 42 42 41 42 42 41 41 41 41 41 41 41 41 41 41 41 41 41 41 41 41 41 41 41 41 41 41 41 41 40 40 40 40 40 41 41 40 40 40 40 40 40 40 40 40 40 40 40 40 40 40 40 40 39 40 40 40 40 40 40 40 40 39 39 40 40 40 40 40 40 39 39 39 40 39 40 39 39 40 39 39 39 39 39 39 39 39 39 39 39 39 39 39 39 39 39 39 39 39 39 39 38 38 38 38 39 38 38 39 39 39 39 39 39 39 39 39 39 39 39 39 39 39 39 39 39 39 39 39 39 39 40 40 40 40 39 39 40 40 40 39 39 39 39 39 39 39 38 39 39 39 38 38 39 38 38 37 37 38 37 37 38 38 38 39 39 40 40 40 39 40 40 40 40 40 40 39 39 39 39 39 39 39 38 38 38 39 39 39 39 38 38 38 39 39 39 39 39 39 39 39 39 39 46 47 47 48 48 48 47 47 46 47 47 47 47 47 47 47 47 47 47 47 47 47 47 47 47 47 46 46 46 46 46 46 46 46 46 46 46 46 46 46 46 46 46 46 46 46 46 46 46 46 46 46 46 46 45 45 45 45 45 45 46 46 45 45 45 45 45 45 45 45 45 45 45 45 45 45 45 45 45 45 45 45 45 45 45 45 45 45 45 45 45 44 45 45 45 45 45 45 45 45 45 45 45 45 45 45 45 45 45 45 45 45 45 45 45 45 44 44 44 44 44 44 44 44 44 44 44 44 44 44 44 44 44 44 44 44 44 44 44 44 44 44 43 43 43 44 43 43 43 43 43 43 43 43 43 43 43 43 43 43 43 43 43 43 43 43 43 43 43 43 42 42 42 42 42 42 42 42 42 42 42 42 42 42 42 41 41 41 42 42 42 42 41 41 42 42 42 42 41 41 41 42 42 42 42 41 41 41 41 41 41 41 41 41 41 41 41 41 41 41 41 41 41 41 41 41 40 40 40 40 41 41 41 41 41 40 40 40 40 40 40 40 40 40 40 40 40 40 40 40 40 40 40 40 40 40 40 40 40 39 40 40 40 40 40 40 40 40 39 39 39 39 40 40 40 39 39 39 39 39 39 39 39 39 39 39 39 39 39 39 39 39 39 39 39 39 38 38 38 38 38 38 38 38 39 39 39 39 39 40 39 39 39 40 39 39 39 39 39 39 39 39 39 39 39 39 39 40 40 40 40 39 39 39 40 40 39 39 39 39 39 39 39 39 39 39 39 39 39 39 39 39 38 38 38 38 38 37 37 38 38 38 38 39 40 40 40 40 40 40 40 40 40 40 40 40 40 39 40 39 39 39 39 39 39 39 38 39 39 39 39 39 39 39 39 39 39 39 39 39 39 46 47 47 47 47 47 48 48 47 47 47 47 47 47 47 47 47 47 47 47 47 47 47 47 47 47 46 46 46 46 46 46 46 46 46 46 46 46 46 46 46 46 46 46 46 46 46 46 46 46 46 46 46 46 45 45 45 45 45 46 46 46 45 45 45 45 45 45 45 45 45 45 45 45 45 45 45 45 45 45 45 45 45 45 45 44 45 45 45 45 45 45 45 45 45 45 45 45 45 45 45 45 45 45 45 45 45 45 45 45 45 45 45 45 45 44 44 44 44 44 44 44 44 44 44 44 44 44 44 44 44 44 44 44 44 44 44 44 44 44 44 44 43 43 43 43 43 43 43 43 43 43 43 43 43 43 43 43 43 43 43 43 43 43 43 43 43 43 43 42 42 42 43 43 42 42 42 42 42 42 42 42 42 42 42 42 42 42 42 42 42 42 42 42 41 42 42 42 42 41 41 41 42 41 42 42 41 41 41 41 41 41 41 41 41 41 41 41 41 41 41 41 41 41 41 41 41 40 40 40 40 41 41 41 41 41 41 41 40 40 40 40 40 40 40 40 40 40 40 40 40 40 40 40 40 40 40 40 40 40 40 40 40 40 40 40 40 40 40 40 40 40 40 40 40 40 40 39 39 39 39 40 40 39 39 39 39 40 39 39 39 39 39 40 39 39 38 38 39 38 39 39 38 38 39 39 39 39 40 40 39 39 40 39 39 39 39 39 39 39 39 39 39 39 39 39 39 39 39 39 39 39 40 40 40 40 40 40 39 40 40 40 40 39 39 39 39 39 39 39 39 39 39 38 38 38 38 38 38 38 38 38 39 39 39 40 40 40 40 40 40 40 40 40 40 40 40 40 40 40 40 40 39 39 39 39 39 39 39 39 39 39 39 39 39 39 39 39 39 39 46 46 46 46 47 47 48 47 47 47 47 47 47 47 47 47 47 47 47 47 47 47 47 47 47 47 46 46 46 46 47 46 46 46 46 46 46 46 46 46 46 46 46 46 46 46 46 46 46 46 46 46 46 46 45 45 45 45 45 45 46 46 46 45 45 45 45 45 45 45 45 45 45 45 45 45 45 45 45 45 45 45 45 45 45 45 45 45 45 45 45 45 45 45 45 45 45 45 45 45 45 45 45 45 45 45 45 45 45 45 45 45 45 44 44 44 44 44 44 44 44 44 44 44 44 44 44 44 44 44 44 44 44 44 44 44 44 44 44 44 43 43 43 43 43 43 43 44 43 43 43 43 43 43 43 43 43 43 43 43 43 43 43 43 43 43 43 42 42 43 43 43 43 42 42 42 42 42 42 42 42 42 42 42 42 42 42 42 42 42 42 42 42 42 42 42 42 42 41 41 41 42 42 42 42 42 42 41 41 41 41 41 41 41 41 41 41 41 41 41 41 41 41 41 41 41 41 40 40 41 41 41 41 41 41 41 41 41 41 41 40 40 40 40 40 40 40 40 40 40 40 40 40 40 40 40 40 40 40 40 40 40 40 40 40 40 40 40 40 40 40 40 40 40 40 40 40 39 39 39 40 39 40 39 39 40 40 40 40 40 40 40 40 39 39 39 39 39 39 39 39 39 38 39 39 39 39 40 39 40 40 40 39 39 39 39 39 39 39 40 40 40 39 39 40 40 39 40 40 39 40 40 40 40 40 40 40 40 40 40 40 40 40 40 40 39 39 39 39 39 39 39 38 38 38 38 38 38 38 38 38 38 38 38 38 38 39 39 39 39 40 40 40 40 40 40 40 40 40 40 40 40 40 40 40 40 40 40 40 39 39 39 39 39 39 39 39 39 46 46 46 46 46 47 47 48 48 47 47 47 47 48 47 47 47 46 46 47 47 47 47 47 47 47 47 46 46 46 47 46 47 46 46 46 46 46 46 46 46 46 46 46 46 46 46 46 46 46 46 46 46 46 45 45 45 45 45 45 46 46 46 46 45 45 45 45 45 45 45 45 45 45 45 45 45 45 45 45 45 45 45 45 45 45 45 45 45 45 45 45 45 45 45 45 45 45 45 45 45 45 45 45 45 45 45 45 45 45 45 45 44 44 44 45 45 45 45 44 44 44 44 44 44 44 44 44 44 44 44 44 44 44 44 44 44 44 44 44 44 44 43 43 43 43 43 43 43 43 43 43 43 43 43 43 43 43 43 43 43 43 43 43 43 43 43 43 42 43 43 43 42 43 42 42 42 42 42 42 42 42 42 42 42 42 42 42 42 42 42 42 42 42 42 42 42 42 42 42 41 42 41 42 42 42 42 42 41 41 41 41 41 41 41 41 41 41 41 41 41 41 41 41 41 41 41 41 40 41 41 41 41 41 41 41 41 41 41 41 41 41 41 41 40 40 40 40 40 40 40 40 40 40 40 40 40 40 40 40 40 40 40 40 40 40 40 40 40 40 40 40 40 40 40 40 40 40 40 39 39 39 39 40 39 40 40 40 40 40 40 40 40 39 39 39 39 39 39 39 39 39 39 39 39 39 39 39 40 40 40 39 39 39 39 39 40 39 39 40 40 40 39 39 39 40 40 40 40 40 40 40 40 40 40 40 40 40 40 40 40 41 40 40 40 40 39 39 39 39 39 39 39 38 38 38 38 38 38 38 38 38 39 38 38 39 38 39 39 39 40 40 40 40 40 40 40 40 40 40 40 40 40 40 40 40 40 40 40 40 40 39 39 39 39 39 39 39 47 47 47 47 46 46 47 47 47 47 47 47 47 47 47 47 47 47 47 47 47 47 47 47 47 47 47 47 46 47 47 47 47 47 46 46 46 46 46 46 46 46 46 46 46 46 46 46 46 46 46 46 46 46 46 46 45 45 45 45 45 46 46 46 46 46 46 46 45 45 45 45 45 45 45 45 45 45 45 45 45 45 45 45 45 45 45 45 45 45 45 45 45 45 45 45 45 45 45 45 45 45 45 45 45 45 45 45 45 45 44 44 44 45 45 45 45 45 45 45 44 44 44 44 44 44 44 44 44 44 44 44 44 44 44 44 44 44 44 44 44 44 44 44 43 43 43 43 43 43 43 43 43 43 43 43 43 43 43 43 43 43 43 43 43 43 43 43 42 43 43 42 42 43 42 42 42 42 42 42 42 42 42 42 42 42 42 42 42 42 42 42 42 42 42 42 42 42 42 42 42 42 42 42 42 42 42 42 42 42 42 42 42 41 41 41 41 41 41 41 41 41 41 41 41 41 41 41 41 41 41 41 41 41 41 41 41 41 41 41 41 41 41 41 41 41 40 40 40 40 40 40 40 41 40 40 40 40 40 40 40 40 40 40 40 40 40 40 40 40 40 40 40 40 40 40 40 40 40 40 39 39 40 40 40 40 40 40 40 40 40 40 40 39 39 39 40 39 39 39 39 39 39 39 39 39 39 39 39 40 40 39 40 39 39 40 40 40 40 40 40 40 40 39 39 39 39 40 40 40 40 40 40 40 41 40 40 40 40 40 41 41 41 41 41 41 40 40 39 39 39 39 39 39 39 39 39 38 38 38 39 39 39 38 39 39 39 39 39 40 40 40 40 40 40 40 40 40 40 40 40 40 40 40 40 40 40 40 40 40 40 40 39 39 39 39 39 39 39 47 47 47 47 47 46 46 47 47 47 47 47 47 47 47 47 48 47 47 47 47 47 47 47 47 47 47 47 47 47 47 47 47 47 46 46 46 46 46 46 46 46 46 46 46 46 46 46 46 46 46 46 46 46 46 46 46 45 45 45 45 45 46 46 46 46 46 46 46 45 46 45 45 45 45 45 45 45 45 45 45 45 45 45 45 45 45 45 45 45 45 45 45 45 45 45 45 45 45 45 45 45 45 45 45 45 45 45 45 45 45 45 45 45 45 45 45 45 45 44 44 44 44 44 44 44 44 44 44 44 44 44 44 44 44 44 44 44 44 44 44 43 43 43 43 43 43 43 43 43 43 43 43 43 43 43 43 43 43 43 43 43 43 43 43 43 43 43 43 43 43 42 42 42 42 42 42 42 42 42 42 42 42 42 42 42 42 42 42 42 42 42 42 42 42 42 42 42 42 42 42 42 42 42 42 42 42 42 42 42 42 42 42 42 41 41 41 41 41 41 41 41 41 41 41 41 41 41 41 41 41 41 41 41 41 41 41 41 41 41 41 41 41 41 41 41 41 40 40 40 40 40 40 41 41 41 41 40 40 40 40 40 40 40 40 40 40 40 40 40 40 40 40 40 40 40 40 40 40 40 40 40 40 40 40 40 40 40 40 40 40 40 40 40 40 40 39 39 39 39 39 39 39 40 40 40 39 39 39 39 39 39 40 40 40 39 40 40 40 40 40 40 40 40 39 39 39 40 40 40 40 41 41 41 41 41 40 40 40 40 41 40 40 40 40 41 40 39 39 39 39 39 39 39 39 39 39 39 39 39 39 39 39 38 39 39 39 39 40 40 40 40 40 40 40 40 40 40 40 40 40 40 41 41 41 40 40 40 40 40 40 40 39 39 39 39 39 39 39 47 47 47 46 46 46 47 47 47 47 47 47 47 47 47 48 47 47 47 47 47 47 47 47 47 47 47 47 47 47 47 47 46 46 46 46 46 46 46 46 46 46 46 46 46 46 46 46 46 46 46 46 46 46 46 46 46 45 45 45 45 46 45 45 46 46 46 46 46 46 46 46 46 46 46 46 46 45 45 45 45 45 45 46 46 45 45 45 45 45 45 45 45 45 45 45 45 45 45 45 45 45 45 45 45 45 45 45 45 45 45 45 45 45 45 45 45 44 44 44 44 44 44 44 44 44 44 44 44 44 44 44 44 44 44 44 44 44 44 43 43 43 43 43 43 43 43 43 43 43 43 43 43 43 43 43 43 43 43 43 43 43 43 43 43 43 43 43 43 43 42 42 42 42 42 42 42 42 42 42 42 42 42 42 42 42 42 42 42 42 42 42 42 42 42 42 42 42 42 42 42 42 42 42 42 42 42 42 42 42 42 42 42 42 41 41 41 41 41 41 41 41 41 41 41 41 41 41 41 41 41 41 41 41 41 41 41 41 41 41 41 41 41 41 41 41 40 40 40 40 40 40 41 41 41 41 41 40 40 40 40 40 40 40 40 40 40 40 40 40 40 41 41 40 40 40 40 40 40 40 40 40 40 40 40 40 40 40 40 40 40 40 40 40 40 40 39 39 39 40 40 39 40 40 40 40 40 40 40 40 40 40 40 40 40 40 40 40 40 40 40 41 40 39 39 40 40 40 40 40 41 41 41 41 40 40 40 41 41 41 40 40 40 40 41 40 40 40 40 39 39 40 40 40 39 39 39 39 39 39 39 39 39 39 39 39 40 40 40 41 40 40 40 40 40 40 40 40 40 40 40 41 40 41 40 40 40 40 40 40 40 40 40 40 40 39 39 40 40 47 47 47 47 47 47 47 47 47 47 47 47 47 47 48 48 48 48 47 47 47 47 47 47 47 47 47 47 47 47 47 47 46 46 46 46 46 46 46 46 46 46 46 46 46 46 46 46 46 46 46 46 46 46 46 46 46 45 45 45 45 45 46 46 46 46 46 46 46 46 46 46 46 46 46 46 46 46 46 46 45 45 45 45 45 45 45 45 45 45 45 45 45 45 45 45 45 45 45 45 45 45 45 45 45 45 45 45 45 45 45 45 45 45 45 45 45 45 44 44 44 44 44 44 44 44 44 44 44 44 44 44 44 44 44 44 44 44 44 43 43 43 43 43 43 44 44 44 43 43 43 43 43 43 43 43 43 43 43 43 43 43 43 43 43 43 43 43 43 43 43 42 42 42 42 43 43 43 42 42 42 42 42 42 42 42 42 42 42 42 42 42 42 42 42 42 42 42 42 42 42 42 42 42 42 42 42 42 42 42 42 42 42 42 41 41 41 42 42 41 41 41 41 41 41 41 41 41 41 41 41 41 41 41 41 41 41 41 41 41 41 41 41 41 41 41 40 40 40 41 41 41 41 41 40 40 40 40 40 40 40 40 40 40 40 40 40 40 40 40 40 40 40 40 41 40 40 40 40 40 40 40 40 40 40 40 40 40 40 40 40 40 40 40 40 40 40 40 40 40 40 40 41 40 41 40 40 41 40 40 40 40 41 40 40 40 40 40 40 40 40 41 41 40 39 39 40 40 40 40 40 41 40 40 40 40 41 41 41 40 40 40 40 41 41 41 41 40 40 40 40 40 40 40 40 40 40 40 39 39 39 39 39 39 39 40 40 40 41 41 41 41 41 40 40 40 40 40 40 40 40 41 41 40 40 40 40 40 40 40 40 40 40 41 40 40 40 40 40 40 47 47 47 47 47 47 47 47 47 47 47 47 47 47 48 47 47 47 48 47 47 47 47 47 47 47 47 47 47 47 47 47 46 46 46 46 46 46 46 46 46 46 46 46 46 46 46 46 46 46 46 46 46 46 46 46 46 46 45 45 45 45 46 46 46 46 46 46 46 46 46 46 46 46 46 45 45 45 45 45 45 45 45 45 45 45 45 45 45 45 45 45 45 45 45 45 45 45 45 45 45 45 45 45 45 45 45 45 45 45 45 45 45 45 45 45 45 45 44 44 45 45 45 45 44 44 44 44 44 44 44 44 44 44 44 44 44 44 44 44 43 43 43 43 43 44 44 43 43 43 43 43 43 43 43 43 43 43 43 43 43 43 43 43 43 43 43 43 43 43 43 42 43 43 43 43 43 43 43 43 43 43 42 42 42 42 42 42 42 42 42 42 42 42 42 42 42 42 42 42 42 42 42 42 42 42 42 42 42 42 42 42 42 42 41 41 41 42 42 42 42 42 42 41 41 41 41 41 41 41 41 41 41 41 41 41 41 41 41 41 41 41 41 41 41 41 40 40 40 41 41 41 41 41 41 41 40 40 40 40 40 40 40 40 40 40 40 40 40 40 40 40 40 40 40 41 40 40 40 40 40 40 40 40 40 40 40 40 40 40 40 40 40 40 40 40 40 40 40 40 40 40 41 41 41 40 40 41 40 40 40 40 41 41 40 40 40 41 41 40 40 40 41 40 39 39 40 40 40 40 41 41 41 40 40 40 41 41 41 41 40 40 41 41 41 41 41 41 41 40 40 40 40 40 40 40 40 40 40 39 39 39 39 39 40 40 40 40 40 41 41 41 41 41 41 40 40 41 40 40 40 41 41 40 41 41 40 40 40 40 40 41 41 41 40 40 40 40 40 40 40 47 47 47 47 47 47 47 47 47 47 47 47 47 47 47 47 48 48 47 47 47 47 47 48 47 47 47 47 47 47 47 47 47 47 46 46 46 46 46 46 46 46 46 46 46 46 46 46 46 46 46 46 46 46 46 46 46 46 46 46 45 45 45 45 46 46 46 46 46 46 46 46 46 46 46 46 46 46 46 46 46 46 45 45 45 45 45 45 45 45 45 45 45 45 45 45 45 45 45 45 45 45 45 45 45 45 45 45 45 45 45 45 45 45 45 45 45 45 45 45 45 45 45 45 45 45 44 44 44 44 44 44 44 44 44 44 44 44 44 44 44 44 43 43 43 43 44 44 43 43 43 43 43 43 43 43 43 43 43 43 43 43 43 43 43 43 43 43 43 43 43 43 43 43 43 43 43 43 43 43 43 42 42 42 42 42 42 42 42 42 42 42 42 42 42 42 42 42 42 42 42 42 42 42 42 42 42 42 42 42 42 42 42 42 42 42 41 41 42 42 42 42 42 42 42 41 41 41 41 41 41 41 41 41 41 41 41 41 41 41 41 41 41 41 41 41 41 41 40 41 41 41 41 41 41 41 41 41 40 40 41 41 41 40 40 40 40 40 40 40 41 40 40 40 40 40 40 41 40 40 40 40 40 40 40 40 40 40 40 40 40 40 40 41 41 41 40 40 40 40 40 40 40 41 41 41 41 40 41 40 40 40 40 41 41 41 40 40 40 41 41 40 41 41 40 40 39 40 40 40 41 41 41 40 40 40 41 41 41 41 41 40 41 41 41 41 41 41 41 41 41 41 40 40 40 40 40 40 40 40 40 40 40 39 40 40 40 40 40 40 41 41 41 41 41 41 41 41 41 41 40 40 40 40 40 40 40 40 40 40 40 41 41 41 41 40 40 40 40 41 41 40 40 47 47 47 46 47 47 47 47 47 47 47 47 47 47 47 47 48 47 48 48 48 48 47 47 47 48 47 47 47 47 47 47 47 47 46 47 47 46 46 46 46 46 46 46 46 46 46 46 46 46 46 46 46 46 46 46 46 46 46 46 46 46 46 46 46 46 46 46 46 46 46 46 46 46 46 46 46 46 46 46 46 46 46 45 45 45 45 45 45 45 45 45 45 45 45 45 45 45 45 45 45 45 45 45 45 45 45 45 45 45 45 45 45 45 45 45 45 45 45 45 45 45 45 45 45 45 45 45 44 44 44 44 44 44 44 44 44 44 44 44 44 44 44 43 43 43 43 43 43 43 43 43 43 43 43 43 43 43 43 43 43 43 43 43 43 43 43 43 43 43 43 43 43 43 43 43 43 43 43 43 43 43 43 43 42 42 42 42 42 42 42 42 42 42 42 42 42 42 42 42 42 42 42 42 42 42 42 42 42 42 42 42 42 42 42 42 42 42 41 42 42 42 42 42 42 42 42 42 41 41 41 41 41 41 41 41 41 41 41 41 41 41 41 41 41 41 41 41 41 41 41 41 41 41 41 41 41 41 41 41 41 41 41 41 41 40 40 40 40 40 40 40 40 40 41 40 40 40 41 40 40 40 40 40 40 40 40 40 40 40 40 40 40 40 40 40 41 41 41 40 40 40 40 40 40 41 41 41 41 41 41 41 40 40 40 41 41 41 41 40 41 40 41 41 41 41 41 41 40 40 40 40 41 41 40 40 40 41 41 41 41 41 41 41 41 41 41 41 41 41 41 41 41 41 41 41 40 40 40 40 40 40 40 40 40 39 40 40 40 40 41 41 41 41 41 41 41 41 41 41 41 41 41 41 41 41 41 41 41 40 40 41 41 41 41 40 40 40 40 40 40 41 41 41 40 47 47 47 47 47 46 47 47 46 47 47 47 47 47 47 47 47 47 48 48 48 48 48 48 47 47 47 47 47 47 47 47 47 47 47 47 46 46 47 46 46 46 46 46 46 46 46 46 46 46 46 46 46 46 46 46 46 46 46 46 46 46 46 46 46 46 46 46 46 46 46 46 46 46 46 46 46 46 46 46 46 46 46 45 46 45 45 45 45 45 45 45 45 45 45 45 45 45 45 45 45 45 45 45 45 45 45 45 45 45 45 45 45 45 45 45 45 45 45 45 45 45 45 45 45 45 45 45 45 44 44 44 44 44 44 44 44 44 44 44 44 44 44 44 44 44 44 44 43 43 43 43 43 43 43 43 43 43 43 43 43 43 43 43 43 43 43 43 43 43 43 43 43 43 43 43 43 43 43 43 43 43 43 43 43 43 43 43 43 43 42 42 42 42 42 42 42 42 42 42 42 42 42 42 42 42 42 42 42 42 42 42 42 42 42 42 42 42 42 42 42 42 42 42 42 42 42 42 42 42 42 41 41 41 41 41 41 41 41 41 41 41 41 41 41 41 41 41 41 41 41 41 41 41 41 41 41 41 41 41 41 41 41 41 41 41 41 41 41 41 41 41 41 41 41 41 40 40 40 41 40 41 41 40 40 40 40 41 40 40 40 40 40 40 40 40 41 41 41 41 41 41 40 40 40 40 40 41 41 41 40 41 41 41 41 40 40 40 41 41 41 41 41 41 40 41 41 41 41 41 40 40 40 40 41 41 40 41 41 41 41 41 41 41 41 41 41 41 41 41 41 41 41 41 41 41 41 41 41 40 40 40 40 40 40 40 40 39 40 40 40 40 41 41 41 42 41 41 41 41 41 41 41 41 41 41 41 41 41 41 41 41 41 41 41 41 41 41 41 41 41 41 41 41 41 41 41 47 47 47 47 47 47 47 47 47 46 47 47 47 47 47 47 47 47 48 48 48 47 47 47 47 47 47 47 47 47 47 47 47 47 47 47 47 46 46 46 47 46 46 46 46 46 46 46 46 46 46 46 46 46 46 46 46 46 46 46 46 46 46 46 46 46 46 46 46 46 46 46 46 46 46 46 46 46 46 46 46 46 45 45 45 45 45 45 45 45 45 45 45 45 45 45 45 45 45 45 45 45 45 45 45 45 45 45 45 45 45 45 45 45 45 45 45 45 45 45 45 45 45 45 45 45 45 45 45 44 44 44 44 44 44 44 44 44 44 44 44 44 44 44 44 44 44 44 44 44 44 44 43 43 43 43 43 43 43 44 44 43 43 43 43 43 43 43 43 43 43 43 43 43 43 43 43 43 43 43 43 43 43 43 43 43 43 43 43 43 43 42 42 42 42 42 42 42 42 42 42 42 42 42 42 42 42 42 42 42 42 42 42 42 42 42 42 42 42 42 42 42 42 42 42 42 42 42 42 42 42 42 42 42 41 41 41 41 42 42 42 42 41 41 41 41 41 41 41 41 41 41 41 41 41 41 41 41 41 41 41 41 41 41 41 41 41 41 41 41 41 41 41 41 41 41 41 41 41 41 41 41 41 41 41 40 40 41 41 40 40 40 41 41 41 41 41 41 41 41 41 40 40 41 41 40 40 41 41 41 40 41 41 41 41 41 41 41 40 41 41 41 41 41 41 41 42 41 41 41 41 41 41 40 41 41 41 41 41 41 41 42 42 41 41 41 41 41 41 42 41 41 41 41 41 41 41 41 41 41 41 40 41 41 41 40 40 39 40 40 41 41 41 41 41 41 41 41 41 41 41 41 41 41 41 41 41 41 41 41 41 41 41 41 41 41 41 41 41 41 41 41 41 41 41 41 41 41 47 47 47 47 47 47 47 47 47 47 47 47 47 47 47 47 48 48 48 48 48 47 47 47 47 47 47 47 47 47 47 47 47 47 47 47 47 46 47 47 46 46 47 47 47 46 46 46 46 46 46 46 46 46 46 46 46 46 46 46 46 46 46 46 46 46 46 46 46 46 46 46 46 46 46 46 46 46 46 46 46 46 46 46 46 46 46 46 45 45 45 45 45 45 45 45 45 45 45 45 45 45 45 45 45 45 45 45 45 45 45 45 45 45 45 45 45 45 45 45 45 45 45 45 45 45 45 45 44 45 44 44 44 44 44 44 44 44 44 44 44 44 44 44 44 44 44 44 44 44 44 44 44 43 43 43 43 43 43 43 44 44 44 43 43 43 43 43 43 43 43 43 43 43 43 43 43 43 43 43 43 43 43 43 43 43 43 43 43 43 43 43 42 42 42 42 42 42 42 42 42 42 42 42 42 42 42 42 42 42 42 42 42 42 42 42 42 42 42 42 42 42 42 42 42 42 42 42 42 42 42 42 42 42 41 41 41 42 42 42 42 42 42 42 42 42 41 41 41 41 41 41 41 41 41 41 41 41 41 41 41 41 41 41 41 41 41 41 41 41 41 41 41 41 41 41 41 41 41 41 41 41 41 41 41 41 41 41 41 41 40 40 40 41 41 41 41 41 41 41 41 40 41 41 40 40 40 41 41 41 41 40 41 41 41 42 41 41 40 41 41 41 42 41 41 41 42 42 41 42 42 42 41 41 40 40 41 41 41 41 42 42 42 42 41 41 41 41 41 41 41 41 41 41 41 41 41 42 42 41 41 41 41 41 41 41 40 40 40 40 41 40 40 41 41 42 42 41 41 41 41 41 41 41 41 41 41 41 41 41 41 41 41 41 41 41 41 41 42 41 41 41 41 41 41 41 41 41 46 46 47 47 47 47 47 48 47 47 47 47 47 47 47 47 48 48 48 48 48 48 47 47 47 47 47 47 47 47 47 47 47 47 47 47 47 47 47 47 47 47 46 47 47 47 46 46 46 46 46 46 46 46 46 46 46 46 46 46 46 46 46 46 46 46 46 46 46 46 46 46 46 46 46 46 46 46 46 46 46 46 46 46 46 46 46 46 46 45 45 46 46 46 46 46 46 46 46 46 45 45 45 45 45 45 45 45 46 46 45 46 46 45 45 45 45 45 45 45 45 45 45 45 45 45 45 45 45 45 45 44 44 44 44 44 44 44 44 44 44 44 44 44 44 44 44 44 44 44 44 44 44 44 44 43 43 43 43 43 43 44 44 44 44 43 43 43 43 43 43 43 43 43 43 43 43 43 43 43 43 43 43 43 43 43 43 43 43 43 43 43 43 43 43 43 43 43 42 42 42 42 42 42 42 42 42 42 42 42 42 42 42 42 42 42 42 42 42 42 42 42 42 42 42 42 42 42 42 42 42 42 42 42 42 41 41 42 42 42 42 42 42 42 42 42 42 42 42 42 42 41 41 41 41 41 41 41 41 41 41 41 41 41 41 41 41 41 41 41 41 41 41 41 41 41 41 41 41 41 41 41 41 41 41 41 41 41 41 41 41 41 41 41 41 40 41 41 41 41 41 41 41 41 41 40 40 40 41 41 41 41 41 41 41 42 42 41 40 41 41 41 41 42 42 41 42 42 42 42 41 41 41 42 41 41 41 41 41 42 42 41 42 42 42 41 41 41 41 41 41 41 41 41 41 41 41 41 41 42 42 41 41 41 41 41 41 41 40 40 40 40 40 41 41 41 42 42 41 41 41 41 41 41 41 41 42 42 42 42 41 41 41 41 41 41 41 42 41 41 41 41 41 41 41 41 41 41 41 46 47 47 47 48 48 48 48 47 48 48 48 48 48 47 47 48 48 48 48 48 47 47 47 47 47 47 47 47 46 47 47 47 47 47 47 47 47 47 47 47 46 47 47 47 46 46 47 46 46 46 46 46 46 46 46 46 46 46 46 46 46 46 46 46 46 46 46 46 46 46 46 46 46 46 46 46 46 46 46 46 46 46 46 46 46 46 46 46 46 46 46 46 46 46 45 45 45 45 45 45 46 45 45 45 45 46 46 45 45 46 45 45 45 45 45 45 45 45 45 45 45 45 45 45 45 45 45 45 45 45 44 45 44 44 44 44 44 44 44 44 44 44 44 44 44 44 44 44 44 44 44 44 44 44 44 44 44 43 43 44 44 44 44 44 44 44 44 43 43 43 43 43 43 43 43 43 43 43 43 43 43 43 43 43 43 43 43 43 43 43 43 43 43 43 43 43 42 42 42 42 42 42 42 42 42 42 42 42 42 42 42 42 42 42 42 42 42 42 42 42 42 42 42 42 42 42 42 42 42 42 42 42 42 42 42 42 42 42 42 42 42 42 42 42 42 42 42 42 41 41 41 41 41 41 41 41 41 41 41 41 41 41 41 41 41 41 41 41 41 41 41 41 41 41 41 41 41 41 41 41 41 41 41 41 41 41 41 41 41 41 41 41 41 41 41 41 41 42 42 42 42 41 40 40 40 41 42 42 41 41 41 42 42 41 41 41 41 41 41 41 42 42 42 42 42 42 41 41 41 41 41 41 41 41 41 42 42 41 41 41 42 42 41 41 41 41 41 41 41 41 41 41 41 41 42 41 41 42 42 41 41 41 41 41 41 40 40 40 41 41 41 41 41 42 42 42 42 42 42 42 42 42 42 42 42 42 42 42 42 42 41 42 42 42 42 41 41 41 41 41 41 41 41 41 41 41 41 46 47 47 47 47 47 48 47 48 48 47 48 48 47 47 47 47 47 48 48 48 48 47 47 47 46 47 47 47 46 46 46 47 47 47 47 47 47 47 47 47 47 47 47 47 47 47 47 47 46 46 46 46 46 46 46 46 46 46 46 46 46 46 46 46 46 46 46 46 46 46 46 46 46 46 46 46 46 46 46 46 46 46 46 46 46 46 46 46 46 46 46 46 46 45 45 45 45 46 45 45 45 45 45 45 45 45 46 46 45 45 46 45 45 45 45 45 45 45 45 45 45 45 45 45 45 45 45 45 45 44 45 45 45 45 45 45 45 45 44 44 44 44 44 44 45 44 44 44 44 44 44 44 44 44 43 43 44 44 44 43 43 44 44 44 44 44 44 44 44 44 43 43 43 43 43 43 43 43 43 43 43 43 43 43 43 43 43 43 43 43 43 43 43 43 43 43 43 43 42 42 42 42 42 42 42 42 42 42 42 42 42 42 42 42 42 42 42 42 42 42 42 42 42 42 42 42 42 42 42 42 42 42 42 42 42 42 42 42 42 42 42 42 42 42 42 42 42 42 42 42 41 41 41 41 41 41 42 42 41 41 42 41 41 41 41 41 41 41 41 41 41 41 41 41 41 41 41 41 41 41 41 41 41 41 41 41 41 41 41 41 41 41 41 42 41 42 41 41 41 41 41 42 42 41 41 40 42 42 42 42 42 42 42 42 41 41 41 41 41 41 41 41 42 42 42 42 41 41 41 41 41 42 42 42 42 41 42 42 41 42 42 42 42 42 41 42 41 41 41 41 41 41 41 41 41 42 42 41 42 42 42 42 41 41 41 41 40 40 41 41 41 41 41 42 42 42 42 42 42 42 42 42 42 42 42 42 42 42 42 42 42 42 42 42 42 42 42 42 42 42 42 42 41 41 41 41 41 41 47 47 46 47 47 47 46 47 47 47 47 47 47 47 47 47 47 47 48 48 48 48 47 47 47 47 48 47 47 47 47 46 46 47 47 47 47 47 47 47 47 47 47 47 47 47 47 46 46 46 46 46 46 46 46 46 46 46 46 46 46 46 46 46 46 46 46 46 46 46 46 46 46 46 46 46 46 46 46 46 46 46 46 46 46 46 46 46 46 46 46 46 46 46 45 46 46 46 46 45 45 45 45 45 45 45 46 46 45 45 45 45 45 45 45 45 45 45 45 45 45 45 45 45 45 45 45 45 44 44 44 45 45 45 45 45 45 45 44 44 45 45 45 45 45 45 44 44 44 44 44 44 44 43 43 44 44 44 44 43 43 43 43 43 43 43 43 43 43 44 44 43 43 43 43 43 43 43 43 43 43 43 43 43 43 43 43 43 43 43 43 43 43 43 43 43 43 43 42 42 42 42 42 42 43 43 43 42 42 42 42 42 42 42 42 42 42 42 42 42 42 42 42 42 42 42 42 42 42 42 42 42 42 42 42 42 42 42 42 42 42 42 42 42 42 42 42 42 42 42 41 41 41 41 41 41 42 42 41 42 41 41 41 41 41 41 41 41 42 41 42 42 41 41 41 41 41 41 41 41 41 41 41 41 41 41 41 41 41 41 42 41 41 42 42 42 41 41 41 41 41 41 41 41 41 41 42 43 43 43 42 42 42 42 42 42 42 42 41 41 42 41 41 41 42 42 41 41 41 42 42 42 42 42 41 42 42 42 42 42 42 42 43 42 42 42 42 41 41 41 41 41 41 41 41 41 42 41 42 42 42 42 42 42 41 41 41 40 41 41 41 41 42 42 42 42 42 42 42 42 42 42 42 42 42 42 42 42 42 42 42 42 42 42 42 42 42 42 42 42 42 42 42 42 42 42 42 42 42 46 47 48 47 47 47 47 47 47 48 48 48 47 47 48 48 48 47 48 48 47 48 48 48 48 48 48 48 47 47 47 47 47 47 47 47 47 47 47 47 47 47 46 47 46 46 46 46 47 47 46 46 46 46 46 46 46 46 46 46 46 46 46 46 46 46 46 46 46 46 46 46 46 46 46 46 46 46 46 46 46 46 46 46 46 46 46 46 46 46 46 46 46 46 46 46 46 46 45 45 45 45 45 45 46 46 45 45 45 45 45 45 45 45 45 45 45 45 45 45 45 45 45 45 45 45 45 44 44 44 44 45 44 44 45 45 45 45 45 44 45 45 45 44 44 44 44 44 44 44 44 44 44 43 44 44 43 43 43 43 43 43 43 43 43 43 43 43 43 43 43 43 43 43 43 43 43 43 43 43 43 43 43 43 43 43 43 43 43 43 43 43 43 43 43 42 42 42 42 43 43 43 43 43 43 43 43 43 43 42 42 42 42 42 42 42 42 42 42 42 42 42 42 42 42 42 42 42 42 42 42 42 42 42 42 42 42 42 42 42 42 42 42 42 42 42 42 42 42 41 41 41 42 42 42 42 42 42 42 42 41 41 41 42 41 41 41 42 42 42 41 41 41 41 41 41 41 41 41 41 41 41 41 41 41 41 41 41 41 42 41 41 42 42 41 41 41 41 42 41 41 41 41 42 43 42 42 43 43 43 42 42 43 42 42 42 42 42 42 42 41 42 42 42 42 42 42 42 42 42 42 42 42 42 42 42 42 42 42 42 43 43 42 42 43 42 42 41 41 41 41 41 41 41 42 41 42 42 41 42 42 41 41 41 41 41 41 41 41 41 42 42 42 42 42 42 42 42 42 42 42 42 42 42 42 42 42 42 42 42 42 42 42 42 42 42 42 42 42 42 42 42 42 42 42 42 42 42 46 47 47 46 46 46 46 46 47 47 48 48 48 47 47 47 47 47 48 48 48 48 48 48 48 48 48 48 48 48 47 47 47 47 47 47 47 47 47 47 47 47 46 47 47 46 46 46 46 46 47 47 46 46 46 46 46 46 46 46 46 46 46 46 46 46 46 46 46 46 46 46 46 46 46 46 46 46 46 46 46 46 46 46 46 46 46 46 46 46 46 46 46 46 45 46 46 45 45 45 45 45 45 45 45 46 45 45 45 45 45 45 45 45 45 45 45 45 45 45 45 45 45 45 45 45 45 45 44 44 44 44 44 45 45 45 45 45 44 45 45 44 44 44 44 44 44 44 44 44 44 44 44 44 44 44 43 43 43 43 43 43 43 43 43 43 43 43 43 43 43 44 44 43 43 43 43 43 43 43 43 43 43 43 43 43 43 43 43 43 43 43 43 43 43 42 43 43 43 43 43 43 43 43 43 43 43 43 43 42 42 42 42 42 42 42 42 42 42 42 42 42 42 42 42 42 42 42 42 42 42 42 42 42 42 42 42 42 42 42 42 42 42 42 42 42 42 42 42 42 41 42 42 42 42 42 42 42 42 42 41 41 41 42 42 42 41 42 42 42 41 41 41 41 41 41 41 41 41 41 41 41 41 41 41 41 41 41 41 41 42 42 42 41 41 41 42 42 42 41 41 41 42 42 43 42 43 43 43 43 42 42 43 43 43 43 42 42 42 43 42 42 43 43 43 42 42 42 42 42 42 42 42 43 42 42 42 43 43 43 43 43 43 43 43 43 42 41 41 41 41 41 42 41 41 41 42 42 42 42 42 41 41 41 41 41 41 41 41 42 42 42 42 42 42 42 42 42 42 42 42 42 42 42 42 42 42 42 42 42 42 42 42 42 42 42 42 43 42 42 42 42 42 42 42 42 42 42 42 47 47 47 47 47 47 47 47 47 47 47 48 48 47 47 47 47 48 48 48 48 48 48 47 47 47 47 48 48 48 48 48 47 47 47 47 47 47 47 47 46 47 46 47 47 46 46 46 46 47 47 47 46 46 46 46 46 46 46 46 46 46 46 46 46 46 46 46 46 46 46 46 46 46 46 46 46 46 46 46 46 46 46 46 46 46 46 46 46 46 46 46 46 45 45 45 45 45 45 45 45 45 45 45 45 45 45 45 45 45 45 45 45 45 45 45 45 45 45 45 45 45 45 45 45 45 45 45 45 44 44 45 45 44 45 44 44 45 44 45 44 44 44 44 44 44 44 44 44 44 44 44 44 44 44 44 44 44 44 44 44 44 44 44 43 43 43 43 43 43 43 43 43 43 44 43 43 43 43 43 43 43 43 43 43 43 43 43 43 43 43 43 43 43 43 43 43 43 43 43 43 43 43 43 43 43 43 43 43 43 42 42 42 42 42 43 43 43 42 42 42 42 42 42 42 42 42 42 42 42 42 42 42 42 42 42 42 42 42 42 42 42 42 42 42 42 42 42 42 42 41 41 41 42 42 42 42 42 42 42 42 41 42 42 42 42 42 42 42 41 41 41 42 42 42 41 41 41 42 41 42 42 41 41 41 41 41 41 41 42 42 42 42 41 41 41 42 41 41 42 42 41 42 42 42 42 43 43 43 43 43 42 43 43 43 43 43 43 43 43 43 43 43 43 43 43 43 43 43 43 42 42 42 43 43 43 42 42 43 43 43 43 43 43 43 43 42 42 42 42 42 41 42 42 41 41 41 42 42 42 42 41 42 41 41 42 42 42 41 42 42 43 42 42 43 43 43 43 42 42 42 42 42 42 42 42 42 42 42 42 42 42 42 42 43 43 43 43 43 42 42 42 42 42 42 42 42 42 42 42 46 47 48 47 47 47 48 47 47 48 48 47 47 46 47 47 48 47 47 47 47 47 47 47 47 47 47 48 48 48 48 48 48 47 47 47 47 46 46 47 46 47 47 47 46 46 46 47 47 47 47 46 46 46 46 46 46 46 46 46 46 46 46 46 46 46 46 46 46 46 46 46 46 46 46 46 46 46 46 46 46 46 46 46 46 46 46 46 46 46 46 46 45 45 45 45 45 45 45 45 45 45 45 45 45 45 45 45 45 45 45 45 45 45 45 45 45 45 45 45 45 45 45 45 45 45 45 45 45 45 45 45 44 44 44 44 45 44 44 44 44 44 44 44 44 44 44 44 44 44 44 44 44 44 44 44 44 44 44 44 44 44 44 44 44 43 43 43 43 43 43 43 43 43 43 43 43 43 43 43 43 43 43 43 43 43 43 43 43 43 43 43 43 43 43 43 43 43 43 43 43 43 43 43 43 43 43 43 43 43 42 42 43 43 43 43 43 43 42 42 42 42 42 42 42 42 42 42 42 42 42 42 42 42 42 42 42 42 42 42 42 42 42 42 42 42 42 42 42 42 42 42 42 42 42 42 42 42 42 42 42 42 42 42 42 42 42 42 42 41 41 42 42 42 42 41 41 42 42 42 42 42 41 41 41 41 41 41 42 42 42 41 41 41 41 41 41 41 42 42 42 41 42 42 43 43 43 43 43 42 42 42 43 43 43 43 43 43 43 44 43 43 43 43 42 42 43 42 42 43 42 43 43 43 43 43 42 43 43 43 43 43 43 43 43 42 42 42 42 41 41 42 42 41 42 41 41 42 42 42 42 42 42 42 42 42 43 42 42 42 43 43 42 42 43 43 42 42 42 42 43 43 43 43 42 43 43 43 42 42 43 43 43 43 43 43 43 43 43 42 42 42 42 42 43 43 42 42 42 42 47 47 47 47 47 47 47 47 47 47 46 47 47 47 48 47 47 47 46 47 47 47 47 47 47 47 48 48 48 48 48 48 48 47 47 47 47 46 46 47 47 47 47 46 46 46 47 47 47 47 47 46 46 46 46 46 46 46 46 46 46 46 46 46 46 46 46 46 46 46 46 46 46 46 46 46 46 46 46 46 46 46 46 46 46 46 46 46 46 46 46 46 46 45 45 45 45 45 45 45 45 45 45 45 45 45 45 45 45 45 45 45 45 45 45 45 45 45 45 45 45 45 45 45 45 45 45 45 45 45 45 45 44 44 44 44 44 44 44 44 44 44 44 44 44 44 44 44 44 44 44 44 44 44 44 44 44 44 44 44 44 44 44 44 44 44 43 43 43 43 43 43 43 43 43 43 43 43 43 43 43 43 43 43 43 43 43 43 43 43 43 43 43 43 43 43 43 43 43 43 43 43 43 43 43 43 43 42 42 43 43 43 43 43 43 43 42 42 43 43 43 42 42 42 42 43 42 42 42 42 42 42 42 42 42 42 42 42 42 42 42 42 42 42 42 42 42 42 42 42 42 42 42 42 42 42 42 42 42 42 42 42 42 42 42 42 42 42 42 42 42 42 42 42 42 42 42 42 42 42 41 41 41 41 42 42 41 41 42 41 41 41 41 41 41 42 42 42 42 42 41 42 43 43 42 43 43 42 43 43 43 43 43 43 43 43 43 43 43 43 43 43 43 43 42 42 42 43 43 43 43 43 43 43 43 43 43 43 43 43 43 44 44 43 42 42 42 41 41 42 42 42 42 42 42 42 42 42 42 42 42 42 42 42 43 43 42 42 43 43 43 43 43 43 43 43 43 42 42 42 43 43 42 42 43 43 43 42 43 43 43 43 43 43 43 43 43 43 42 42 42 42 43 43 43 43 43 42 43 46 46 47 47 46 46 46 47 47 47 46 47 47 48 47 47 47 47 46 47 48 47 47 47 47 47 47 48 47 48 48 48 48 48 47 47 47 47 46 47 47 47 47 47 47 46 46 47 47 47 47 47 47 46 46 46 46 46 46 46 46 47 47 47 46 46 46 46 46 46 46 46 46 46 46 46 46 46 46 46 46 46 46 46 46 46 46 46 46 46 46 45 45 45 45 45 45 45 45 45 45 45 45 45 45 45 45 45 45 45 45 45 45 45 45 45 45 45 45 45 45 45 45 45 45 45 45 45 45 45 45 45 45 45 44 44 44 44 44 44 44 44 44 44 44 44 44 44 44 44 44 45 45 44 44 44 44 44 44 44 44 44 44 44 44 44 43 43 43 43 43 43 43 43 43 43 43 43 43 43 43 43 43 43 43 43 43 43 43 43 43 43 43 43 43 43 43 43 43 43 43 43 43 43 43 43 43 42 43 43 43 43 43 43 43 43 43 43 43 43 43 43 43 42 43 43 43 42 42 42 42 42 42 42 42 42 42 42 42 42 42 42 42 42 42 42 42 42 42 42 42 42 42 42 42 42 42 42 42 42 42 42 42 42 42 42 42 42 42 42 42 42 42 42 42 42 42 42 42 42 42 41 41 41 42 42 41 41 41 41 41 41 42 41 41 42 42 42 42 42 42 42 42 43 42 43 43 43 43 43 43 43 43 43 43 43 43 43 43 43 43 44 44 43 43 43 43 43 43 43 43 43 43 43 43 43 43 43 43 43 43 44 44 43 43 43 43 42 41 42 42 43 42 42 42 42 42 42 42 42 42 42 42 43 43 43 43 42 42 43 43 43 43 43 43 43 43 43 43 43 43 42 42 42 43 43 43 43 43 43 43 43 43 43 43 43 43 43 43 42 42 42 42 43 43 43 43 43 43 43 43 43 43 46 46 46 46 46 47 47 47 47 47 47 47 47 47 47 46 47 48 47 47 47 47 47 47 47 47 47 48 47 48 48 48 48 48 48 47 47 46 47 47 47 47 46 46 46 47 47 47 47 47 46 46 46 47 47 47 46 46 46 46 46 47 47 46 46 46 46 46 46 46 46 46 46 46 46 46 46 46 46 46 46 46 46 46 46 45 45 45 45 45 45 45 45 45 45 45 45 45 45 45 45 45 45 45 45 45 45 45 45 45 45 45 45 45 45 45 45 45 45 45 45 45 45 45 45 45 45 45 45 45 45 45 45 45 45 44 44 44 44 44 44 44 44 45 45 45 45 45 45 45 44 44 44 44 44 44 44 44 44 44 44 44 44 43 43 43 43 43 43 43 43 43 43 43 43 43 43 43 43 43 43 43 43 43 43 43 43 43 43 43 43 43 43 43 43 43 43 43 43 43 43 43 43 43 43 43 43 43 43 43 43 43 43 43 43 43 43 43 43 43 43 43 43 43 43 43 42 42 42 42 42 43 43 43 43 43 42 42 42 42 42 42 42 42 42 42 42 42 42 42 42 42 42 42 42 42 42 42 42 42 42 42 42 42 42 42 42 42 42 42 42 42 42 42 42 42 42 42 41 41 41 42 42 41 41 41 41 41 42 42 41 42 42 42 42 42 42 42 42 42 43 43 42 42 43 43 43 43 43 43 43 43 43 43 43 43 43 43 43 44 43 43 43 43 43 44 44 43 43 43 43 43 43 43 44 44 44 43 44 44 44 44 44 43 42 42 42 42 43 43 42 42 43 43 42 42 43 43 42 42 43 43 43 43 43 42 43 43 43 43 43 43 43 43 43 43 43 43 43 43 43 43 43 43 43 43 43 43 43 43 43 43 43 43 43 43 43 43 43 43 43 43 43 43 43 43 43 43 43 43 43 43 43 43 43 43 43 43 46 46 47 46 47 47 47 46 46 46 46 47 47 47 47 46 47 48 48 47 47 47 48 47 47 47 48 48 48 48 48 48 47 47 47 47 46 47 47 47 46 46 46 47 47 47 47 47 46 46 47 47 46 47 47 47 46 46 46 46 46 46 46 46 46 46 46 46 46 46 46 46 46 46 46 46 46 46 46 46 45 45 45 45 45 45 45 46 45 45 45 45 45 45 46 46 45 45 45 45 45 45 45 45 45 45 45 45 45 45 45 45 45 45 45 45 45 45 45 45 45 45 45 45 45 45 45 45 45 45 45 45 45 45 45 45 45 45 45 45 45 44 45 44 44 45 44 44 44 44 44 44 44 44 44 44 44 44 44 44 44 44 43 43 43 43 43 43 43 43 43 43 43 43 43 43 43 43 43 43 43 43 43 43 43 43 43 43 43 43 43 43 43 43 43 43 43 43 43 43 43 43 43 43 43 43 43 43 43 43 43 43 43 43 43 43 43 43 43 43 43 42 43 42 42 42 43 43 43 43 43 43 43 43 43 43 42 42 42 42 42 42 42 42 42 42 42 42 42 42 42 42 42 42 42 42 42 42 42 42 42 42 42 42 42 42 42 42 42 42 42 42 42 42 41 41 41 42 41 42 41 41 41 42 42 41 41 41 42 42 42 42 42 42 42 43 43 43 43 43 43 43 43 43 43 43 43 43 43 43 43 43 43 43 43 44 44 44 44 44 43 43 43 43 43 43 43 43 43 43 43 43 44 43 44 44 44 44 44 43 42 42 42 42 43 43 42 43 43 43 43 42 43 43 43 43 43 43 43 43 43 43 43 43 43 43 43 43 43 43 43 43 43 43 43 43 43 43 43 43 43 43 44 43 43 43 43 43 43 43 43 43 43 43 43 43 43 43 43 43 43 43 43 43 43 43 44 44 44 44 44 44 44 44 44 46 46 46 46 46 46 46 46 46 47 46 46 47 47 47 47 47 47 47 47 46 47 47 47 48 48 48 48 47 48 47 47 47 47 47 46 47 47 46 46 46 47 47 47 47 47 46 47 46 46 46 47 47 46 46 46 46 46 46 46 46 46 46 46 46 46 46 46 46 46 46 46 46 46 45 45 45 45 45 45 45 46 46 45 45 45 46 46 46 46 46 46 46 45 45 45 45 45 45 45 45 45 45 45 45 45 45 45 45 45 45 45 45 45 45 45 45 45 45 45 45 45 45 45 45 45 45 45 45 45 45 45 45 45 44 44 44 44 44 44 44 44 44 44 44 44 44 44 44 44 44 44 44 44 44 44 44 44 44 44 44 43 43 43 43 44 43 43 43 43 43 43 43 43 43 44 43 43 43 43 43 43 43 43 43 43 43 43 43 43 43 43 43 43 43 43 43 43 43 43 43 43 43 43 43 43 43 43 43 43 43 43 43 43 43 43 43 43 42 42 43 43 43 43 43 43 43 43 43 43 43 43 43 42 42 42 42 42 42 42 42 42 42 42 42 42 42 42 42 42 43 42 42 42 42 42 42 42 42 42 42 42 42 42 42 42 42 42 42 42 42 42 41 41 41 42 41 41 42 42 41 41 41 42 42 42 42 42 42 43 43 43 43 43 43 43 43 43 43 43 43 43 43 43 43 43 43 43 43 43 43 44 44 44 44 43 43 44 43 43 43 43 44 44 43 43 43 43 43 44 44 44 44 44 43 42 42 42 43 43 43 43 43 43 43 43 43 42 43 43 43 43 43 43 43 43 43 43 43 43 43 43 43 44 44 44 44 44 44 43 43 43 43 43 44 44 44 44 43 43 43 43 43 43 43 43 43 43 43 43 43 43 43 43 43 43 44 44 44 44 44 44 44 44 44 44 44 44 44 44 44 46 46 46 46 46 46 47 47 47 47 47 47 46 46 47 47 47 48 48 47 48 47 47 48 47 47 47 48 48 47 47 47 47 46 46 46 47 47 47 46 46 46 47 46 46 46 46 46 46 46 46 47 46 46 46 46 46 46 46 46 46 46 46 46 46 45 45 45 46 46 46 45 45 45 45 46 45 45 46 46 46 46 46 46 46 46 45 45 45 45 45 45 45 45 45 45 45 45 45 45 45 45 45 45 45 45 45 45 45 45 45 45 45 45 45 45 45 45 45 45 45 45 45 45 45 45 45 45 44 44 44 44 44 44 44 44 44 44 44 44 44 44 44 44 44 44 45 45 45 44 44 44 45 45 44 44 43 43 44 44 44 43 43 43 43 43 43 44 43 43 43 43 43 43 43 43 43 43 43 43 43 43 43 43 43 43 43 43 43 43 43 43 43 43 43 43 43 43 43 43 43 43 43 43 43 43 43 43 43 43 43 43 43 43 43 43 43 43 43 43 43 43 43 43 43 43 43 42 42 42 42 42 42 43 43 43 43 43 43 43 42 42 42 43 42 42 42 42 42 42 42 42 42 42 42 42 42 42 42 42 42 42 42 42 43 43 42 41 41 41 41 41 42 42 41 41 42 42 42 42 42 42 42 43 43 43 43 43 43 43 43 43 43 43 43 43 43 43 43 43 43 43 43 44 44 44 44 44 44 44 44 44 44 44 44 44 44 44 43 44 44 43 43 44 44 44 44 44 43 42 43 43 43 43 43 43 43 43 43 43 43 43 43 43 43 44 44 43 43 43 43 43 43 43 43 43 44 44 44 44 44 44 44 44 44 44 44 44 44 44 44 44 44 43 43 43 43 43 43 43 43 43 43 43 43 43 43 43 44 44 44 44 44 44 44 44 44 44 44 44 44 44 44 44 44 46 46 46 47 47 47 47 47 47 47 47 47 48 48 48 47 47 46 47 47 47 46 46 47 48 48 49 48 48 48 47 46 46 47 47 47 47 47 47 46 47 46 46 46 46 47 47 47 47 47 47 46 46 46 46 46 46 46 46 46 46 46 45 45 45 46 46 46 46 46 46 46 46 45 45 46 46 45 46 46 45 46 46 46 46 46 46 45 45 45 45 45 45 45 45 45 45 45 45 45 45 45 45 45 45 45 45 45 45 45 45 45 45 45 45 45 45 45 45 45 45 45 45 45 45 45 45 44 44 44 44 44 44 44 45 44 44 44 44 44 44 44 44 44 44 44 45 44 44 44 44 44 44 44 44 44 44 44 44 44 43 43 44 44 43 43 43 43 43 43 43 43 43 43 43 43 43 43 43 43 43 43 43 43 43 43 43 43 43 43 43 43 43 43 43 43 43 43 43 43 43 43 43 43 43 43 43 43 43 43 43 43 43 43 43 43 43 43 43 43 43 43 43 43 43 42 42 42 43 42 43 43 43 43 43 43 43 43 43 43 42 43 43 43 42 43 43 42 42 42 42 42 42 42 42 42 42 42 42 42 42 42 43 42 42 42 41 41 41 42 42 42 42 41 41 42 42 42 43 43 42 43 43 43 43 43 43 43 43 43 43 43 43 43 43 43 43 44 43 43 44 44 44 44 44 44 44 44 44 44 45 44 44 44 44 44 44 44 44 44 44 44 44 44 44 43 43 42 43 43 43 43 43 43 43 43 43 43 43 43 43 43 43 44 44 45 44 43 43 43 43 43 43 44 44 44 44 44 44 44 44 44 44 44 44 44 44 44 44 44 44 44 43 43 43 43 43 44 44 43 43 43 43 43 43 44 44 44 44 44 44 44 44 44 44 44 44 44 44 44 44 44 44 46 47 47 47 47 47 46 47 47 47 48 48 48 48 47 47 46 46 47 47 47 46 47 47 48 47 48 48 48 47 47 47 47 47 48 47 46 46 46 46 46 46 46 47 47 47 47 47 47 46 46 46 46 46 46 46 46 46 46 46 46 46 46 46 46 45 46 46 46 46 46 45 45 46 46 46 46 46 46 46 46 46 46 45 45 45 45 45 45 45 45 45 45 45 45 45 45 45 45 45 45 45 45 45 45 45 45 45 45 45 45 45 45 45 45 45 45 45 45 45 45 45 45 45 44 44 44 44 44 44 44 44 44 44 44 44 44 44 44 44 44 44 44 44 44 45 44 44 44 44 44 44 44 44 44 44 44 44 44 43 44 44 43 43 43 43 43 43 43 43 43 43 43 43 43 43 43 43 43 43 43 43 43 43 43 43 43 43 43 43 43 43 43 43 43 43 43 43 43 43 43 43 43 43 43 43 43 43 43 43 43 43 43 43 43 43 43 43 43 43 43 43 43 43 42 42 42 42 43 43 43 43 43 43 43 43 43 43 43 43 43 43 43 43 43 43 42 42 42 42 42 42 42 42 42 42 43 43 42 42 42 42 42 42 42 42 42 42 42 42 41 42 41 41 42 42 42 42 43 43 43 43 43 43 43 43 43 43 43 44 43 43 43 43 43 43 43 44 43 44 44 44 44 44 44 44 44 44 45 45 45 44 44 44 44 44 44 44 44 44 44 44 44 44 43 43 43 43 43 43 44 44 44 44 44 43 43 43 44 44 43 43 44 44 45 44 43 43 43 43 43 43 44 44 44 44 44 44 44 44 44 44 44 44 44 44 44 44 44 44 44 44 44 43 43 44 44 44 43 43 43 43 44 44 44 44 44 44 44 44 44 44 44 44 44 44 44 44 44 44 44 46 47 47 47 47 47 47 47 47 48 47 47 47 47 47 47 47 47 48 48 47 47 47 47 47 47 48 48 48 48 48 48 48 48 48 47 47 46 46 46 47 47 47 47 47 47 46 46 46 47 47 47 47 47 46 46 47 47 47 46 46 46 46 45 46 46 46 46 46 46 46 46 46 46 46 46 46 46 46 46 46 46 45 45 45 45 45 45 45 45 45 45 45 45 45 45 45 45 45 45 45 45 45 45 45 45 45 45 45 45 45 45 45 45 45 45 45 45 45 45 45 45 44 44 44 44 44 44 44 44 44 44 44 44 44 44 44 44 44 44 44 44 44 44 45 44 44 44 44 44 44 44 44 44 44 44 44 44 44 44 44 43 43 43 44 43 43 43 43 43 43 43 43 43 43 43 43 43 43 43 43 43 43 43 43 43 43 43 43 43 43 43 43 43 43 43 43 43 43 43 43 43 43 43 43 43 43 43 43 43 43 43 43 43 43 43 43 43 43 43 43 43 43 43 43 43 42 43 43 43 43 43 43 43 43 43 43 43 43 43 43 43 43 43 43 42 42 42 42 42 42 43 43 43 42 43 43 43 43 42 42 42 42 42 42 42 42 42 42 42 42 42 42 42 43 43 42 42 43 43 43 43 43 43 43 43 44 44 43 43 43 43 44 44 43 43 43 43 43 43 44 44 44 44 44 44 44 44 44 44 44 44 44 44 44 44 44 44 44 44 44 44 44 43 43 43 43 43 43 44 44 44 44 44 44 44 44 44 44 43 43 43 44 44 44 43 43 44 43 43 43 43 44 44 44 44 44 44 44 44 44 44 44 44 44 44 44 44 44 44 44 44 44 44 44 44 44 43 43 43 43 44 44 44 44 44 44 44 44 44 44 44 44 44 44 44 44 44 44 47 47 47 47 47 47 47 47 47 47 47 47 47 47 47 47 47 47 48 48 48 48 48 48 47 47 47 48 48 48 48 48 48 48 48 47 47 47 47 47 47 47 47 47 47 46 46 46 47 47 47 47 47 47 46 47 47 46 46 47 46 46 46 46 46 46 46 46 46 46 46 46 46 46 46 46 46 46 46 46 46 46 45 45 45 45 45 45 45 45 45 45 45 45 45 45 45 45 45 45 45 45 45 45 45 45 45 45 45 45 45 45 45 45 45 45 45 45 45 45 45 45 45 45 45 44 45 45 45 45 45 44 44 45 44 44 44 44 44 44 44 44 44 45 45 45 44 44 44 44 44 44 45 44 44 44 44 44 44 44 44 43 43 43 44 44 44 43 43 43 43 43 44 43 43 43 43 43 43 44 44 43 43 43 43 43 43 43 43 43 43 43 43 43 43 43 43 43 43 43 43 43 43 43 43 43 43 43 43 43 43 43 43 43 43 43 43 43 43 43 43 43 43 43 43 43 43 43 43 43 43 43 43 43 43 43 43 43 43 43 43 43 43 43 43 43 43 42 43 43 43 43 43 43 43 43 43 43 43 43 43 42 42 42 42 42 42 42 41 42 42 42 42 43 43 43 43 42 43 43 43 43 43 43 43 43 43 43 43 43 44 44 44 44 44 43 43 43 43 44 44 44 44 44 45 45 45 44 44 44 44 44 44 44 44 44 44 44 44 44 44 44 45 44 43 43 43 43 44 44 44 44 44 44 44 44 44 44 44 44 44 44 44 44 45 45 44 44 44 44 43 44 44 44 44 44 44 44 44 44 44 44 44 44 44 44 44 44 44 44 44 44 44 44 44 44 44 43 43 43 44 44 44 44 44 44 44 44 44 44 44 44 44 44 44 44 44 45 45 46 47 47 48 48 47 47 47 47 47 46 47 47 47 47 47 48 48 48 47 48 48 48 49 48 48 47 47 47 47 48 47 48 47 47 47 47 47 47 47 47 47 47 47 46 46 46 46 46 47 47 47 47 47 47 47 46 47 47 46 46 46 46 46 46 46 46 46 46 46 46 46 46 46 46 46 46 46 46 46 46 46 46 46 46 46 46 46 46 46 45 46 46 46 45 45 45 45 45 45 45 45 45 45 45 45 45 45 45 45 45 45 45 45 45 45 44 44 45 45 45 45 45 45 45 45 45 44 45 45 45 44 44 44 44 44 44 44 45 45 44 45 45 45 45 45 45 45 44 44 44 45 45 45 44 44 44 44 44 44 44 44 43 44 44 44 44 44 44 44 44 44 44 44 43 44 44 43 44 43 43 44 44 44 43 43 43 43 43 43 43 43 43 43 43 43 43 43 43 43 43 43 43 43 43 43 43 43 43 43 43 43 43 43 43 43 43 43 43 43 43 43 43 43 43 43 43 43 43 43 43 43 43 43 43 43 43 43 43 43 43 43 43 43 43 43 43 43 43 43 43 43 43 43 43 43 43 43 43 43 43 43 43 42 42 42 43 42 42 42 42 42 42 42 43 43 43 43 43 43 43 43 43 43 43 43 43 44 44 44 44 44 44 44 44 44 44 44 44 44 44 44 44 45 45 45 45 45 45 44 44 44 44 44 45 45 45 44 44 44 44 44 44 45 44 43 43 43 43 44 44 44 44 44 44 44 44 44 44 44 44 44 44 44 45 45 45 44 44 44 44 44 44 44 44 44 44 44 44 44 44 44 44 44 44 44 44 44 44 44 44 44 44 44 44 44 44 44 44 43 43 44 44 44 44 44 44 44 44 44 44 44 44 44 44 44 45 45 45 45 47 47 47 47 47 47 47 47 47 47 48 47 47 47 47 47 47 47 47 47 47 48 49 48 48 47 47 47 47 47 47 47 48 49 48 47 47 47 48 47 47 46 46 46 46 46 47 47 46 47 47 47 47 47 47 46 46 46 46 46 46 46 46 46 46 46 46 46 46 46 46 46 46 46 46 46 46 46 46 46 46 46 46 46 46 46 46 46 45 46 46 45 45 45 45 45 45 45 45 45 45 45 45 45 45 45 45 45 45 45 45 45 45 45 45 44 45 45 45 45 44 45 45 45 45 45 44 45 45 45 44 44 44 44 45 45 45 45 45 44 45 45 45 45 45 45 45 45 44 45 45 45 44 44 44 44 44 44 44 44 44 44 44 44 44 44 44 44 44 44 44 43 44 44 44 44 44 43 44 44 44 44 44 43 43 43 44 43 43 43 43 43 43 43 43 43 43 43 43 43 43 43 43 43 43 43 43 43 43 43 43 43 43 43 43 43 43 43 43 43 43 43 43 43 43 43 43 43 43 43 43 43 43 43 43 43 43 43 43 43 43 43 43 43 43 43 43 43 43 43 43 43 43 43 44 44 44 43 43 43 43 43 42 42 43 42 42 42 41 41 41 42 43 43 43 43 43 44 44 44 43 43 43 43 43 43 43 44 44 44 44 44 44 44 44 44 44 44 44 44 44 44 45 45 45 45 45 45 45 44 44 44 45 45 45 45 45 44 45 44 45 45 45 44 43 43 43 43 44 44 44 44 44 44 44 44 44 44 44 44 44 44 45 45 44 44 44 44 44 44 44 44 44 44 44 45 44 44 44 44 44 44 45 45 44 45 45 45 45 44 44 45 45 44 44 44 44 44 43 44 44 44 44 44 44 44 44 45 45 45 45 45 45 45 45 45 45 47 47 47 47 47 47 47 47 47 48 47 47 47 48 47 48 47 48 47 47 47 47 48 49 48 48 48 47 47 48 48 48 48 48 49 48 47 47 47 47 47 47 47 47 47 47 47 47 47 47 47 47 47 47 47 47 46 46 46 46 46 46 46 46 46 46 46 46 46 46 46 46 46 46 46 46 46 46 46 46 46 46 46 46 46 46 46 46 46 46 46 45 45 45 45 45 45 45 45 45 45 45 45 45 45 45 45 45 45 45 45 45 45 45 45 45 45 45 45 45 45 45 45 45 45 45 44 45 45 45 45 45 45 44 44 45 45 45 45 45 45 45 45 45 45 45 44 45 45 44 45 45 44 44 44 44 44 44 44 44 44 44 44 44 44 44 44 44 44 44 44 44 44 44 44 44 44 44 44 44 44 44 44 43 43 43 44 43 43 43 43 43 43 43 43 43 43 43 43 43 43 43 43 43 43 43 43 43 43 43 43 43 43 43 43 43 43 43 43 43 43 43 43 43 43 43 43 43 43 43 43 43 43 43 43 43 43 43 43 43 43 43 43 43 43 43 43 43 43 43 43 43 44 44 44 44 44 43 43 43 43 43 43 43 43 43 42 42 42 42 42 42 43 43 43 43 43 44 44 44 44 44 44 43 43 43 43 43 43 43 43 43 44 44 44 44 44 44 44 44 45 44 44 44 44 44 45 45 45 45 45 45 45 45 45 45 45 45 45 45 45 45 45 44 44 43 43 43 44 44 44 44 44 44 44 44 44 44 44 44 44 44 44 45 45 45 44 44 44 44 44 44 44 44 45 45 45 45 45 44 44 45 45 45 45 45 45 45 45 45 45 45 44 44 44 44 44 44 44 44 44 44 44 44 44 45 45 45 45 45 45 45 45 45 45 47 47 47 47 47 47 47 47 47 48 48 48 48 48 48 48 48 48 48 47 47 47 48 49 49 49 49 47 47 48 48 48 48 49 48 48 47 47 47 47 47 47 48 47 47 47 47 47 47 47 47 47 47 47 47 47 47 46 46 46 46 46 46 46 46 46 46 46 46 46 46 46 46 46 46 46 46 46 46 46 46 46 46 46 46 46 46 46 46 46 46 46 45 45 45 45 46 46 46 46 45 45 45 45 45 45 45 45 45 45 45 45 45 45 45 45 45 45 45 45 45 45 45 45 45 45 45 45 45 45 45 45 45 45 44 45 45 45 45 45 45 45 45 45 45 45 44 44 44 44 44 45 45 44 44 44 44 44 44 44 44 44 44 44 44 44 44 44 44 44 44 44 44 44 44 44 44 44 44 44 44 44 44 43 43 44 44 44 44 43 43 43 43 43 43 44 43 43 43 43 43 43 44 44 44 44 43 43 43 43 43 43 44 43 43 43 43 43 43 43 43 43 43 43 43 43 43 43 43 43 43 43 43 43 43 43 43 43 43 43 43 43 43 43 43 43 43 43 43 43 43 43 44 44 44 44 44 44 43 44 43 43 43 43 43 43 42 42 42 42 42 43 43 43 44 43 44 44 44 44 44 44 44 44 44 44 44 43 43 43 43 43 43 43 44 44 44 44 44 44 44 44 44 44 44 44 44 44 45 45 45 45 45 45 45 45 45 45 45 45 45 45 45 45 45 44 43 44 44 44 44 44 44 44 44 44 44 44 44 44 44 44 44 45 45 45 45 45 45 44 44 44 44 45 45 45 45 45 45 45 45 45 45 45 45 45 45 45 44 44 44 44 44 44 44 44 44 44 44 44 44 44 44 44 44 45 45 45 45 45 45 45 45 45 47 47 47 47 47 47 47 47 48 48 48 48 48 47 47 47 47 48 48 48 47 47 48 48 48 49 49 48 47 47 48 48 48 48 49 48 48 48 47 47 47 47 48 47 48 47 48 47 47 47 47 47 47 47 47 47 47 46 46 46 46 46 46 46 46 47 47 46 46 46 45 46 46 46 46 46 46 46 46 46 46 46 46 46 46 46 46 46 46 46 46 46 46 45 46 46 46 46 45 46 45 45 45 45 45 45 46 45 46 45 45 45 45 45 45 45 45 45 45 45 45 45 45 45 45 45 45 45 45 45 45 45 45 45 45 45 45 45 45 45 45 44 44 44 44 44 44 44 44 44 44 44 44 45 44 44 44 44 44 44 44 44 44 44 44 44 44 44 44 44 44 44 44 44 44 44 44 44 44 44 44 44 44 44 44 44 44 44 44 44 44 44 44 44 44 44 44 43 44 44 44 44 44 44 43 43 43 43 43 43 43 44 44 43 43 43 43 43 43 43 43 43 43 43 43 43 43 43 43 43 43 43 43 43 43 43 43 43 43 43 43 43 43 43 43 43 43 43 43 43 43 43 43 43 44 44 44 44 43 43 43 43 43 43 43 43 43 42 42 42 42 43 43 44 44 44 44 44 44 44 44 44 44 44 44 44 44 44 44 44 44 43 43 44 44 44 44 44 44 44 45 45 44 44 45 44 45 45 45 45 45 45 45 45 45 45 44 45 45 45 45 45 44 45 45 45 44 44 44 44 44 44 45 45 44 44 44 44 44 45 44 44 45 45 45 45 45 45 44 44 44 45 45 45 45 45 45 45 45 45 45 45 45 45 45 45 45 44 44 44 44 44 44 44 44 45 45 44 44 44 44 44 44 44 44 45 45 45 45 45 45 45 45 45 47 47 47 47 47 48 48 47 47 47 47 47 47 48 49 49 49 49 48 48 48 48 48 49 49 48 48 48 48 48 48 49 49 49 49 48 48 47 47 47 48 48 48 47 47 47 47 47 47 47 47 47 47 47 46 46 46 46 46 46 46 47 47 47 47 47 47 46 46 46 46 46 46 46 46 46 46 46 46 46 46 46 46 46 46 46 46 46 46 46 46 46 46 45 45 45 45 45 45 45 45 45 45 45 45 45 45 45 45 45 45 45 45 45 45 45 45 45 44 45 45 45 45 45 45 45 45 45 45 45 45 45 45 45 45 45 45 44 44 44 44 44 44 45 44 44 44 44 44 44 44 44 44 44 44 44 44 44 44 44 44 44 44 44 44 44 44 44 44 44 44 44 44 44 44 44 44 44 44 44 44 44 44 44 44 44 44 44 44 44 44 44 44 44 44 44 44 44 44 44 44 44 44 43 43 43 43 44 44 44 43 43 43 43 43 43 44 43 43 43 43 43 43 43 43 43 43 43 43 43 43 43 43 43 43 43 43 43 43 43 43 43 43 43 43 43 43 43 43 43 44 44 44 44 43 43 43 44 43 43 43 43 43 43 42 42 42 42 43 43 44 44 44 44 44 44 44 44 44 44 44 44 44 44 44 44 44 44 44 44 44 44 44 44 45 45 45 45 45 45 44 45 45 45 45 45 45 46 45 45 45 45 45 45 44 45 45 44 45 44 45 44 45 45 45 44 45 45 45 45 46 44 44 44 44 44 45 45 45 45 45 45 45 45 45 45 45 44 44 45 45 45 45 45 45 45 45 45 45 45 45 45 45 45 45 45 45 45 45 45 45 45 45 45 45 45 44 44 44 45 45 45 45 45 45 45 45 45 45 45 47 46 47 47 47 47 47 47 47 48 48 48 49 49 49 49 48 48 48 48 49 49 49 49 49 49 48 48 48 49 49 49 49 48 47 47 47 47 48 48 48 48 47 47 47 47 47 47 47 47 47 47 47 46 46 46 45 46 46 47 47 47 47 47 47 47 47 46 46 46 46 46 46 46 46 46 46 46 46 46 46 46 46 46 46 46 46 46 46 45 45 45 45 45 45 45 45 46 45 45 45 45 45 45 45 45 45 45 45 45 45 45 45 45 46 45 45 45 44 45 45 45 45 45 45 45 45 45 45 45 45 45 45 45 44 45 45 44 44 44 45 45 44 44 44 44 44 44 44 44 44 44 44 44 44 44 44 44 44 44 44 44 44 44 44 44 44 44 44 44 44 44 44 44 44 44 44 44 44 44 44 44 44 44 44 44 44 44 44 44 44 44 44 44 44 44 44 44 44 44 44 43 43 43 44 44 44 44 43 43 44 43 43 43 43 43 43 43 43 44 43 43 43 43 43 43 43 43 43 43 43 43 43 43 43 43 43 43 43 43 43 43 43 43 43 44 44 44 44 44 44 44 43 43 43 43 43 43 44 43 42 42 42 42 42 43 43 44 44 44 44 44 44 44 45 45 44 44 44 44 44 44 44 44 44 44 45 45 45 45 45 45 45 45 45 45 45 45 45 45 45 45 45 45 45 46 45 45 45 45 45 45 45 44 45 45 45 45 45 45 45 46 46 45 45 45 45 45 46 45 44 44 44 44 45 45 45 45 45 45 45 45 46 46 45 45 45 45 45 45 45 45 45 45 45 45 45 45 45 45 45 45 45 45 45 45 45 45 45 45 45 45 45 45 45 45 45 45 45 45 45 45 45 45 45 45 47 47 47 47 48 47 48 48 48 48 48 49 49 49 49 48 49 49 50 50 50 49 49 49 49 49 49 50 50 50 50 49 49 48 48 48 48 48 48 48 48 48 48 48 47 48 48 48 48 48 48 48 47 47 47 46 46 47 47 47 47 48 48 47 47 47 47 46 46 46 46 46 46 46 46 46 46 46 46 46 46 47 46 47 47 47 46 46 45 45 45 45 45 45 45 45 46 45 45 45 45 45 45 45 45 45 45 45 45 45 45 45 45 45 45 45 45 45 45 45 45 45 45 45 45 45 45 45 45 45 45 45 45 45 45 45 44 45 45 45 45 44 44 44 44 44 44 44 44 44 44 44 44 44 44 44 44 44 44 44 44 44 44 44 44 44 44 44 44 44 44 44 44 44 44 44 44 44 44 44 44 44 44 44 44 43 43 43 44 44 44 44 43 43 43 43 43 43 43 43 43 43 43 43 43 43 43 43 43 43 43 43 43 43 43 43 43 43 43 43 43 43 43 43 43 43 43 43 43 43 43 43 43 43 43 43 43 43 43 43 43 43 43 43 43 43 43 43 43 43 43 43 43 43 43 43 43 43 43 42 42 42 42 42 43 43 43 44 44 44 44 44 44 44 43 44 44 44 44 43 43 43 43 43 43 43 44 44 45 44 44 45 44 44 44 45 44 44 44 44 44 44 44 44 45 45 44 44 43 44 43 43 43 43 44 43 44 44 44 43 43 45 45 45 44 44 45 45 44 44 44 44 44 44 44 44 44 45 45 45 45 45 45 45 44 44 44 44 44 45 45 45 45 45 45 45 45 45 45 45 45 44 45 44 44 44 44 44 44 44 44 44 44 44 44 44 44 44 44 44 44 44 44 45 45 47 47 48 48 48 48 47 47 47 48 49 49 50 49 48 48 49 49 50 50 49 49 50 50 49 50 50 50 50 50 49 49 49 49 48 48 48 48 48 48 48 48 48 48 48 48 48 48 48 48 48 48 47 47 47 46 46 47 47 47 47 48 47 47 47 47 46 46 46 46 46 46 46 46 46 46 46 46 46 46 46 46 47 46 46 46 46 46 46 45 45 46 45 45 45 45 45 45 45 45 45 45 45 46 46 45 45 45 45 45 45 45 45 45 45 45 45 45 45 45 45 45 45 45 45 45 45 45 45 46 45 45 45 46 45 44 45 46 45 45 44 44 44 44 44 44 44 44 44 44 44 44 44 44 44 44 44 44 44 44 44 44 44 44 44 44 44 44 44 44 44 44 44 44 44 44 44 44 44 44 44 44 44 44 44 44 44 44 44 44 44 43 43 43 43 43 43 43 43 43 43 43 43 43 43 43 43 43 43 43 43 43 43 43 43 43 43 43 43 43 43 43 43 43 43 43 43 43 43 43 43 43 43 43 43 43 43 43 43 43 43 43 43 43 43 43 43 43 43 43 43 43 43 43 43 43 43 43 43 42 42 42 43 43 43 43 44 44 44 44 44 44 44 44 44 44 44 44 44 43 44 43 44 44 44 44 44 45 44 44 44 44 44 45 45 44 44 44 45 45 44 44 44 45 45 44 44 44 44 44 44 44 44 43 43 43 44 43 44 44 44 44 45 44 44 44 45 45 45 44 44 44 44 44 44 45 45 45 45 45 45 45 45 45 44 44 44 44 45 45 45 45 45 45 45 45 45 45 45 44 44 45 45 45 45 45 44 44 44 44 44 44 44 45 44 44 44 44 44 44 44 44 45 45 45 47 47 47 48 47 47 48 48 48 48 48 48 48 49 49 49 50 49 49 50 50 50 50 49 49 49 49 49 49 49 49 49 49 49 49 49 49 48 48 48 48 48 49 48 48 48 48 48 48 47 47 46 46 47 47 46 47 46 47 47 47 47 47 47 47 47 47 48 47 47 47 47 46 46 46 46 46 46 46 46 46 46 46 46 46 46 46 46 46 46 46 46 46 46 45 45 45 45 46 46 46 46 46 46 45 45 45 45 45 45 45 46 46 45 45 45 45 45 45 45 45 45 45 45 45 46 45 45 45 45 45 46 45 45 46 46 45 45 45 44 44 45 44 44 44 44 44 44 44 44 44 44 44 44 44 44 45 44 44 44 44 44 44 44 44 44 44 44 44 44 44 44 44 44 44 44 44 44 44 44 44 44 43 43 44 44 44 43 43 43 43 43 43 43 43 43 43 43 43 43 43 43 43 43 43 43 43 43 43 43 43 43 43 43 43 43 43 44 43 43 43 43 43 43 43 43 43 43 43 43 43 43 43 43 43 43 43 43 43 43 43 43 43 44 44 44 43 43 43 43 43 43 43 43 43 43 43 42 43 43 43 43 44 44 44 44 45 45 45 45 45 45 44 44 45 44 44 44 44 44 44 44 44 44 44 44 44 44 44 44 44 45 45 44 44 45 45 44 45 45 45 45 45 44 44 44 44 44 45 44 44 43 43 43 43 44 44 44 44 44 44 44 44 44 45 45 45 44 44 44 44 44 45 45 45 45 45 45 45 45 45 44 44 44 44 45 45 45 45 45 45 45 45 45 45 45 45 45 44 44 44 44 44 44 44 44 45 45 45 45 45 45 45 45 45 45 45 45 45 45 45 47 47 47 48 48 48 47 48 48 49 48 48 49 49 48 49 49 49 49 49 49 49 49 49 49 49 50 50 50 50 50 50 50 50 49 48 48 48 49 49 48 48 48 48 48 48 47 47 47 47 48 47 47 47 47 47 47 47 47 48 47 47 47 47 48 48 47 47 47 47 46 46 47 47 46 46 46 46 46 46 46 46 46 46 47 47 47 47 47 47 47 47 46 46 46 46 46 46 46 46 46 46 46 45 45 45 45 45 45 46 45 45 45 45 45 45 45 45 45 45 45 45 46 46 46 46 46 46 46 46 46 46 46 45 45 45 45 45 44 44 44 44 44 44 44 44 44 45 45 44 45 44 45 45 44 44 44 45 45 45 45 44 44 44 44 44 45 44 44 44 44 44 44 44 44 44 44 44 44 43 43 43 44 44 44 43 43 43 44 44 44 43 43 43 43 43 43 43 43 43 43 43 43 43 43 43 43 43 43 43 43 43 43 43 44 44 43 44 43 43 44 43 43 43 43 43 43 43 43 43 43 43 43 43 43 43 43 43 43 43 43 44 44 43 43 43 43 43 43 43 43 44 43 43 43 43 43 43 43 44 44 45 45 45 45 45 45 45 45 45 45 45 45 45 45 45 45 45 45 44 44 45 44 44 44 44 44 44 44 45 44 44 44 45 45 45 45 45 45 45 44 44 44 44 44 45 44 44 44 43 44 44 44 44 44 44 44 44 44 44 44 44 45 45 45 44 44 44 44 45 45 45 45 45 45 45 45 45 45 44 44 44 44 45 45 45 45 45 45 45 45 45 45 45 45 45 45 44 44 44 44 45 45 45 45 45 45 45 45 45 45 45 45 45 45 45 45 45 48 48 48 48 47 48 48 49 50 50 49 49 50 49 49 49 49 49 49 49 49 49 49 49 49 49 49 49 50 50 49 50 50 49 49 48 48 48 48 48 48 48 48 48 47 47 47 48 48 47 47 47 47 48 47 47 47 47 47 47 47 48 48 48 48 48 48 48 47 47 47 47 46 46 46 46 46 46 46 47 47 47 47 47 47 47 47 47 47 47 47 47 47 47 46 46 46 46 46 46 46 46 45 45 45 45 45 45 45 45 46 45 45 45 45 45 45 45 45 45 45 46 46 46 46 47 47 46 47 46 46 45 45 45 45 45 44 44 45 44 44 44 44 44 44 44 45 45 45 45 45 45 45 45 44 44 44 44 44 44 45 45 45 45 45 45 45 44 44 44 44 44 44 44 44 44 44 44 43 43 43 44 43 43 43 43 43 44 44 44 43 43 43 43 43 43 43 43 43 43 43 43 43 43 43 43 43 43 43 43 43 43 43 44 44 44 44 44 44 44 44 43 43 43 43 43 43 43 43 43 43 43 43 43 43 43 43 43 43 43 43 43 43 43 43 43 43 43 43 43 44 44 44 44 44 44 44 44 44 45 45 45 45 45 45 45 45 45 45 45 45 45 45 45 45 45 45 45 44 45 45 45 44 44 44 44 45 44 44 44 44 44 44 45 45 45 45 45 45 45 44 44 44 44 44 44 44 44 43 44 44 44 44 44 44 44 44 44 44 45 45 45 45 45 45 45 44 44 45 45 45 45 45 45 45 45 45 45 45 45 45 44 45 45 45 45 45 45 45 45 45 45 45 45 45 45 45 44 45 45 45 45 45 45 45 45 45 45 45 45 45 45 45 45 45 45 45 47 47 48 48 48 48 48 48 48 49 49 50 50 50 50 49 49 49 49 49 49 49 50 49 49 49 49 49 48 49 49 49 49 49 49 49 49 49 48 48 48 48 48 47 47 47 47 47 48 48 48 48 48 48 48 47 47 47 47 48 48 48 48 48 49 49 49 48 48 48 48 48 47 47 47 47 46 46 46 47 47 47 47 47 48 48 47 47 47 47 47 47 47 47 46 46 46 46 46 46 45 46 46 46 46 45 45 45 45 45 46 45 45 45 45 45 45 45 45 46 46 46 46 46 46 46 46 46 46 46 47 46 45 45 45 44 44 45 45 45 45 45 44 45 44 44 44 45 45 45 45 45 45 45 45 45 45 44 45 44 44 44 45 44 45 45 45 44 44 44 44 44 44 44 44 44 44 44 44 43 44 44 44 44 43 43 43 43 44 44 44 44 44 44 44 43 44 43 44 43 43 43 43 43 43 43 43 43 43 43 44 43 43 43 44 44 44 44 44 44 44 44 44 44 44 44 43 43 43 43 44 44 44 43 43 43 43 43 44 43 43 43 43 43 43 43 43 43 43 43 43 43 44 44 44 44 44 44 44 45 45 45 45 45 45 46 46 46 46 46 46 46 46 46 45 45 45 45 44 45 45 45 45 45 45 45 45 45 44 44 45 44 44 44 45 45 45 45 45 44 44 44 44 44 44 44 44 44 44 44 44 44 44 44 45 44 44 43 44 44 45 45 45 45 45 46 45 45 45 44 45 45 45 45 45 45 45 45 45 45 45 45 45 45 45 45 45 45 45 45 45 45 45 45 45 45 44 44 44 44 44 44 44 44 44 45 45 45 45 45 45 45 45 45 45 45 45 45 47 48 48 49 49 48 48 48 48 49 49 49 50 50 50 49 50 50 50 50 50 49 49 48 48 48 48 48 49 49 49 49 49 49 49 49 49 49 48 48 48 48 48 48 47 48 48 48 48 48 48 48 48 48 48 47 47 48 48 48 48 49 49 49 49 48 48 48 48 48 48 48 47 47 47 47 47 47 47 48 48 47 47 47 47 47 47 47 47 47 47 47 46 46 46 46 46 46 46 46 46 46 46 45 45 45 45 46 46 45 45 45 45 46 46 46 46 46 46 46 46 46 46 46 46 46 46 47 46 46 46 45 45 45 45 46 45 45 45 45 46 45 45 45 45 45 45 45 45 45 45 45 45 44 44 45 45 45 44 44 44 44 45 45 45 45 44 45 44 44 44 44 44 44 44 44 44 44 44 44 44 44 44 44 44 44 44 44 44 44 44 44 44 44 44 44 43 43 43 43 43 43 43 43 43 43 43 44 43 43 43 44 44 44 44 44 44 44 44 44 44 44 44 44 44 44 44 44 44 44 44 43 43 43 43 43 43 43 43 43 44 44 44 44 43 43 43 43 43 43 43 43 43 43 43 44 44 44 44 45 45 45 45 46 46 46 46 46 46 46 46 45 45 45 45 45 45 45 45 45 45 45 45 45 45 45 45 45 45 44 44 44 44 44 44 44 44 44 44 44 44 44 44 44 44 44 44 44 44 44 44 45 45 44 44 44 44 45 45 45 45 45 45 45 45 45 44 45 45 45 45 45 45 45 45 45 45 45 45 45 45 45 45 45 45 45 45 45 45 45 45 45 45 44 44 44 44 44 44 44 45 44 44 45 45 45 45 45 45 45 45 45 45 45 47 47 48 48 49 48 48 48 48 48 49 48 49 50 50 50 50 50 50 50 49 49 49 49 48 48 48 49 49 49 49 49 49 49 49 49 49 49 48 48 49 48 48 48 48 48 48 48 48 48 48 47 47 48 48 48 48 48 48 48 48 49 48 48 48 48 48 48 48 48 48 48 48 48 48 47 47 47 48 48 47 47 47 47 47 47 47 47 47 47 46 46 46 46 46 46 46 46 46 46 46 46 46 46 46 46 46 46 46 46 46 46 46 46 46 46 46 46 46 46 46 46 46 46 46 46 46 46 46 46 46 46 46 46 46 46 46 45 45 45 46 45 45 45 45 45 45 45 45 45 45 45 45 45 44 44 45 45 45 44 44 44 45 45 45 45 45 45 44 44 44 44 44 44 44 44 44 44 44 44 44 44 44 44 44 44 44 44 44 44 44 44 44 44 44 44 43 43 44 43 43 43 43 43 43 44 44 43 43 43 43 44 44 44 44 44 44 44 44 44 44 44 44 44 44 44 44 44 44 44 44 44 43 43 43 43 44 43 44 43 44 43 43 43 43 44 44 43 43 43 43 43 43 43 43 43 43 43 43 43 44 44 44 44 45 45 45 45 45 45 45 45 45 45 45 45 46 46 46 46 46 46 46 46 46 46 45 45 45 45 45 44 43 44 44 44 44 44 44 44 44 44 44 44 44 44 44 44 44 44 44 45 45 45 44 44 44 44 44 44 45 45 45 45 45 45 45 45 45 45 45 45 45 45 45 45 45 45 45 45 45 45 45 45 45 45 45 45 45 45 45 45 45 45 44 44 44 44 44 44 45 44 44 45 45 45 45 45 45 45 45 45 45 45 47 48 48 48 48 48 48 49 49 48 47 48 48 48 48 48 49 50 49 49 49 48 48 48 49 49 49 49 49 49 49 49 49 49 49 48 48 49 49 48 49 48 48 48 48 47 47 48 48 47 47 48 48 48 48 48 48 48 48 49 49 48 48 48 48 48 48 48 48 48 48 48 48 48 48 47 47 48 48 47 47 47 48 48 47 47 47 47 47 47 47 46 46 46 46 46 46 46 46 46 46 46 46 46 46 46 46 46 46 46 46 46 46 46 46 46 46 46 46 46 46 46 46 46 46 46 46 46 46 46 46 46 46 46 46 45 45 46 45 45 45 45 45 45 45 45 45 45 45 45 45 45 45 45 44 44 44 45 45 44 44 45 45 45 45 45 44 44 44 44 44 44 44 44 44 44 44 44 44 44 44 44 44 44 44 44 44 44 44 44 44 44 44 44 44 44 44 44 44 43 43 43 43 43 43 43 43 43 43 43 44 44 44 44 44 44 44 44 44 44 44 44 44 44 44 44 44 44 44 44 44 44 43 43 43 43 44 44 44 43 43 43 43 44 44 43 43 44 43 43 43 44 44 44 43 43 43 43 43 44 44 44 44 45 44 45 45 44 45 46 46 45 45 45 46 46 46 46 46 46 46 46 46 46 46 46 46 46 45 45 44 44 43 43 44 44 44 44 44 44 44 44 44 44 44 44 45 44 44 44 44 44 45 45 44 44 44 44 44 45 45 45 45 45 45 45 45 45 45 45 45 45 45 45 45 45 45 45 45 45 45 45 45 45 45 45 45 45 45 45 45 45 45 45 44 44 44 44 44 45 45 44 44 45 45 45 45 45 45 45 45 45 45 45 47 47 48 48 48 48 48 49 48 47 47 48 47 47 47 48 48 48 49 49 48 48 48 48 48 49 49 49 49 49 49 49 49 49 49 48 48 48 48 48 48 48 48 48 48 47 48 48 48 47 48 48 49 48 47 47 47 48 48 48 48 48 48 48 48 48 48 48 48 48 48 48 48 47 47 47 47 47 47 47 47 47 47 47 47 47 48 48 47 47 46 46 46 46 46 46 46 46 46 46 46 46 46 46 46 46 46 46 46 46 47 46 46 46 46 46 46 46 46 46 46 46 46 46 46 46 45 46 46 46 46 45 45 45 45 45 45 45 45 45 45 45 45 45 45 45 45 45 45 45 45 44 45 44 44 44 44 45 45 45 44 45 45 45 45 45 44 44 44 44 44 44 44 44 44 44 44 44 44 44 44 44 44 44 44 44 44 44 44 44 44 44 44 44 44 44 44 44 44 43 43 43 43 43 43 43 43 44 44 44 44 44 44 44 44 44 44 44 44 44 44 44 44 44 44 44 44 44 44 44 44 44 44 44 44 44 44 44 44 43 43 43 43 43 43 43 44 44 44 43 43 44 44 45 44 43 43 43 43 43 44 45 44 44 44 44 45 45 46 46 45 45 45 45 45 45 46 46 46 46 46 46 46 46 46 46 46 46 46 45 44 43 43 44 44 44 44 44 44 44 44 44 44 44 44 44 45 45 44 45 44 44 45 45 45 45 45 45 44 45 45 45 45 45 45 44 45 45 45 45 45 45 45 45 45 45 45 45 45 45 45 45 45 45 45 45 45 45 45 45 45 45 44 44 44 44 45 45 45 45 45 45 45 45 45 45 45 45 45 45 45 46 45 47 47 47 47 47 48 48 48 47 47 47 48 47 47 47 47 48 48 49 49 48 48 48 48 48 48 48 49 49 49 49 49 49 49 49 48 48 48 48 48 48 48 48 48 48 48 48 48 48 48 48 48 48 47 47 48 48 48 48 48 48 48 48 48 48 48 48 48 48 48 48 48 48 47 47 47 47 47 47 47 47 47 47 47 47 47 47 47 47 47 46 46 46 46 46 46 46 46 46 46 46 46 46 46 46 46 46 46 46 47 46 47 47 46 46 46 46 46 46 46 46 46 46 47 46 45 45 46 46 46 46 46 45 45 45 45 45 45 45 45 45 45 45 45 45 45 45 45 45 45 45 45 45 45 45 44 44 44 44 44 44 44 45 45 45 44 44 44 44 44 44 45 44 44 44 44 44 44 44 44 44 44 44 44 44 44 44 44 44 44 44 44 44 44 44 44 44 44 44 43 43 43 43 43 44 44 44 44 44 44 44 44 44 44 44 44 44 44 44 44 44 44 44 44 44 44 44 44 44 44 44 44 44 44 44 44 44 44 44 44 43 43 43 43 43 44 44 44 43 43 44 44 44 44 44 44 45 45 45 44 44 44 44 44 44 45 45 45 45 45 45 45 45 45 46 46 46 46 46 46 46 46 46 46 46 46 46 46 46 45 44 43 44 44 45 45 45 45 44 44 44 44 44 45 44 44 45 44 45 45 45 45 45 45 45 45 45 44 44 45 45 45 45 45 45 45 45 45 45 45 45 45 45 45 45 45 45 45 45 45 45 45 45 45 45 45 45 45 45 45 44 44 44 44 45 45 45 45 45 45 45 45 45 45 45 45 45 45 46 46 46 46 47 48 47 46 47 47 47 47 48 48 48 49 49 49 48 48 48 48 48 49 49 49 49 49 49 49 49 49 49 48 48 48 48 48 48 48 48 48 48 48 48 48 48 48 48 48 47 48 48 48 48 48 48 48 48 48 48 48 48 48 48 48 48 48 48 48 47 47 47 47 47 47 47 47 47 47 47 47 47 47 47 47 47 47 47 47 46 46 46 46 46 46 46 46 46 46 46 46 46 46 47 47 47 46 46 47 46 46 46 46 46 46 46 46 46 46 46 46 45 46 46 46 45 46 46 46 46 45 45 45 45 45 45 45 45 45 45 45 45 45 45 45 45 45 45 45 45 45 44 44 44 44 44 44 44 45 45 45 45 45 45 45 44 44 44 44 44 44 44 44 44 44 44 44 44 44 44 44 44 44 44 44 44 44 44 44 44 44 44 43 43 43 43 44 43 43 43 43 43 44 44 44 44 44 44 44 44 43 44 44 44 44 44 44 44 44 44 44 44 44 44 44 44 44 44 44 44 44 44 44 44 44 44 43 44 44 44 43 44 44 44 44 44 44 44 43 43 44 44 44 45 45 45 45 44 44 44 45 45 45 45 45 45 45 46 46 45 45 46 46 46 46 46 46 46 46 47 46 47 47 46 46 45 44 43 44 44 44 45 45 45 45 44 44 44 44 45 44 44 44 45 45 45 45 45 45 45 45 45 45 45 44 45 45 45 45 45 45 45 45 46 45 45 45 45 45 45 45 45 45 45 45 45 45 45 45 45 45 46 45 45 45 45 45 44 44 45 45 45 45 45 45 45 45 45 45 45 45 45 45 46 46 46 46 46 46 48 47 46 47 47 47 48 48 48 48 48 49 49 48 48 48 49 49 49 49 49 49 49 49 49 49 49 49 49 48 48 48 48 48 49 48 48 48 48 48 48 48 48 48 48 48 48 47 48 48 48 48 48 48 48 48 48 48 48 48 48 48 48 48 48 48 47 47 47 47 47 47 47 47 47 47 47 47 47 47 47 47 47 47 47 47 46 46 46 46 46 46 46 46 46 46 46 46 46 47 46 46 46 46 46 46 46 46 46 46 46 46 46 46 46 46 45 45 46 46 46 46 45 45 46 45 45 45 45 45 45 45 46 45 45 45 45 45 45 45 45 45 45 45 45 45 45 45 45 44 44 44 44 44 45 45 45 45 45 45 45 45 45 45 45 44 44 44 44 44 44 44 44 44 44 44 44 44 44 44 44 44 44 44 44 43 43 44 44 44 44 43 44 44 43 43 43 43 43 43 44 44 44 44 44 44 44 44 44 44 44 44 44 44 44 44 44 44 44 44 44 44 44 44 44 44 44 44 44 44 44 44 43 44 44 44 44 44 44 44 44 45 44 44 44 44 44 44 44 44 45 45 45 46 46 45 45 46 46 46 46 45 45 45 46 46 46 46 46 46 46 46 46 46 47 47 46 46 46 46 46 45 44 43 44 44 44 44 45 45 45 45 45 45 44 44 44 44 44 45 45 45 45 45 45 45 45 45 45 45 45 45 45 45 45 45 45 45 45 46 46 45 45 45 45 45 45 45 45 45 45 45 45 46 45 45 45 45 45 45 45 45 45 45 45 45 45 45 45 45 45 45 45 45 45 45 45 45 46 46 46 46 46 47 47 47 47 47 47 48 47 47 48 49 49 49 49 48 48 48 48 49 49 49 49 48 49 49 49 49 48 49 49 49 48 48 48 48 48 48 48 48 48 48 48 48 48 48 48 48 48 48 49 48 48 48 48 48 48 48 48 48 48 48 48 48 48 48 48 48 47 47 47 47 47 47 47 47 47 47 47 47 47 47 47 47 47 47 47 47 46 46 46 46 46 46 46 46 46 46 47 46 46 46 46 46 46 46 46 46 46 46 46 46 46 46 46 46 46 46 46 46 46 46 46 46 45 45 45 45 45 45 46 46 45 46 46 45 45 45 45 45 45 45 45 45 45 45 45 45 45 45 45 44 44 44 44 45 44 44 45 45 45 45 45 45 45 45 45 44 44 44 44 44 44 44 44 44 45 44 44 44 44 44 44 44 44 44 44 44 44 44 44 44 43 44 44 44 43 43 43 43 43 44 44 44 44 44 44 44 44 44 44 44 44 44 44 44 44 44 44 44 44 44 44 44 44 44 44 44 44 44 44 44 44 44 44 44 44 44 44 44 44 45 45 45 44 45 45 45 45 45 45 45 45 45 45 45 46 46 45 46 46 46 46 45 45 45 46 46 46 46 46 46 46 46 46 47 46 47 47 46 46 46 46 44 43 43 44 44 45 45 45 45 45 45 45 45 45 44 44 44 45 45 45 45 45 45 45 45 45 45 45 45 45 45 45 45 45 45 45 45 45 46 45 45 45 45 45 45 45 45 45 45 45 45 46 46 46 46 45 45 45 44 45 45 45 45 45 45 45 45 45 45 45 45 45 46 46 46 47 47 47 48 48 48 48 48 49 49 48 48 48 48 49 49 49 49 48 48 48 49 49 48 48 48 48 48 49 48 48 48 48 48 48 48 48 48 48 48 48 48 48 48 48 49 48 48 48 48 48 48 48 48 48 48 48 48 48 48 48 48 48 48 47 47 47 47 47 47 47 47 47 47 47 47 47 47 48 47 47 47 47 47 46 47 47 46 46 46 46 46 46 46 47 47 47 47 46 46 46 46 46 46 46 46 46 46 46 46 46 46 46 46 46 45 45 45 45 45 45 45 45 45 46 46 46 46 46 46 45 45 45 45 45 45 45 45 45 45 45 45 45 45 45 45 45 45 45 45 45 45 44 44 44 45 45 45 45 45 44 44 44 44 44 44 44 45 44 44 44 44 44 44 44 44 44 44 44 44 44 44 44 44 44 44 44 44 44 44 44 44 43 43 43 44 44 44 44 44 44 44 44 44 44 44 44 44 44 44 44 44 44 44 44 44 44 44 44 44 44 44 44 44 44 44 44 44 44 44 44 44 44 44 44 44 44 44 44 45 45 45 45 45 46 46 46 45 45 45 45 46 46 45 46 46 46 46 46 45 46 47 47 47 46 47 46 46 46 46 46 47 46 46 46 46 46 45 44 44 44 44 44 45 45 45 45 45 45 45 45 45 45 44 44 45 45 45 46 46 45 45 45 45 45 45 45 45 45 45 45 45 45 45 45 45 45 45 45 45 45 45 45 45 45 45 45 45 46 46 45 45 45 45 45 45 45 45 45 46 46 45 46 45 45 45 45 45 46 47 47 47 47 47 48 47 47 48 49 49 47 48 48 49 49 49 49 49 49 48 48 49 49 48 49 48 48 48 48 48 48 48 48 48 48 48 48 48 48 48 48 48 48 48 49 49 48 48 48 48 49 48 48 48 48 48 48 48 48 48 48 48 48 47 47 47 47 47 47 47 47 47 47 47 47 47 47 47 47 48 48 47 47 47 47 46 47 47 46 46 46 46 46 47 47 47 47 46 46 46 46 46 46 46 46 46 46 46 46 46 46 46 46 46 46 45 45 45 45 46 45 45 45 45 46 46 46 45 45 45 45 45 45 45 45 45 45 45 45 45 45 45 45 45 45 45 45 45 45 45 45 45 45 45 45 45 45 45 45 45 44 44 44 44 44 44 45 44 45 45 45 44 44 45 44 44 44 44 45 44 44 44 44 44 44 44 44 44 44 44 44 44 43 43 43 44 44 44 44 44 44 44 44 44 44 44 44 44 44 44 44 44 44 44 44 44 44 44 44 44 44 44 44 44 44 44 44 44 44 44 44 44 44 44 44 44 44 44 44 45 45 45 45 46 46 46 46 46 46 46 46 45 45 45 45 46 46 46 47 47 47 47 46 46 46 47 46 46 46 46 47 47 47 46 46 46 46 45 44 44 44 44 45 45 45 45 45 45 45 45 45 45 45 45 45 45 45 45 46 46 45 45 45 45 45 45 45 45 45 45 45 45 45 45 45 45 45 45 45 45 45 45 45 45 45 45 45 45 45 45 45 45 45 45 45 46 46 46 46 46 46 46 46 46 46 45 46 46 46 46 47 48 48 48 47 47 47 48 48 49 48 47 48 49 49 49 49 49 49 49 49 48 48 48 49 48 49 48 48 48 48 48 48 48 48 48 48 48 48 48 48 48 48 48 48 48 49 49 49 49 49 48 48 48 48 48 48 48 48 48 48 48 48 48 48 47 47 47 47 47 47 47 47 47 47 47 47 47 47 47 47 47 47 47 47 47 46 46 46 46 47 47 47 47 47 47 46 46 46 46 46 46 46 46 46 46 46 46 46 46 46 45 45 45 45 45 45 45 45 45 46 46 46 46 45 46 45 45 45 45 45 45 45 45 46 46 45 45 45 45 45 45 45 45 45 45 45 45 45 45 45 45 45 45 45 45 45 45 45 45 45 44 44 44 44 44 44 45 45 44 44 44 45 45 44 44 44 44 44 45 45 45 44 44 44 44 44 44 44 44 44 44 44 43 43 43 44 44 44 44 44 44 44 44 44 44 44 44 44 44 44 44 44 44 44 44 44 44 44 44 44 44 44 44 44 44 44 44 44 44 45 44 44 45 45 44 44 44 45 44 45 45 45 45 45 45 45 45 46 46 46 46 46 46 46 46 45 46 46 47 47 47 47 46 46 46 46 46 46 46 46 46 47 47 46 46 46 46 45 44 44 44 44 44 44 45 45 45 45 45 45 45 45 45 45 45 45 45 45 45 46 46 46 45 45 45 45 45 45 45 45 45 45 45 45 45 45 45 45 45 45 45 45 45 45 45 45 45 45 45 45 45 45 45 46 46 46 46 46 46 46 46 46 46 46 46 46 46 46 46 46 47 48 48 48 47 47 47 48 48 48 47 48 48 48 48 49 49 49 49 49 49 48 48 48 49 48 49 48 48 48 48 48 48 48 48 48 48 48 48 48 48 48 48 48 48 49 48 49 49 48 48 48 48 48 48 48 47 48 48 47 47 48 48 47 48 47 47 47 47 47 47 47 47 47 47 47 47 48 48 47 47 47 47 47 47 46 46 46 46 47 47 47 46 47 47 47 46 46 46 46 46 46 46 47 47 47 46 47 46 46 46 45 45 45 45 45 45 45 46 46 46 46 46 46 46 45 45 45 45 45 46 45 46 46 46 46 46 45 45 45 45 45 45 45 45 45 45 45 45 45 45 45 45 45 45 45 45 45 45 45 45 45 45 45 45 45 45 45 45 45 45 45 45 45 45 44 45 45 45 44 44 44 44 44 44 44 44 44 44 44 44 44 43 43 44 44 44 44 44 44 44 44 44 44 44 44 44 44 44 44 44 44 44 44 44 44 44 44 44 44 44 44 44 44 44 44 44 45 45 45 45 45 45 45 45 44 45 45 45 45 45 45 45 45 45 46 46 46 46 46 46 46 46 46 46 46 46 46 47 47 46 46 46 47 46 47 47 46 46 46 46 46 46 46 46 45 45 45 44 44 44 44 44 44 45 45 45 45 45 45 45 45 45 45 45 45 45 45 45 46 46 46 46 46 45 45 45 45 46 45 45 45 45 45 45 45 45 45 45 45 46 46 45 45 45 45 45 45 45 45 45 46 46 46 46 46 46 46 46 46 46 46 46 46 46 46 46 46 46 48 49 47 48 48 48 48 48 47 47 47 48 48 48 48 48 48 48 49 49 49 49 49 49 49 49 48 48 48 48 48 48 48 48 48 48 48 48 48 48 48 48 48 48 49 49 49 49 48 48 48 48 48 49 49 48 48 48 48 47 47 47 47 47 47 47 47 48 48 47 47 47 47 47 47 47 47 47 47 47 48 48 47 47 48 47 47 47 47 46 46 46 47 47 46 46 46 47 47 46 46 46 46 46 46 46 46 46 46 46 46 46 46 46 46 46 46 46 46 46 46 45 46 46 46 46 46 46 45 45 45 46 46 46 46 46 45 46 46 46 46 45 45 45 45 45 45 45 45 45 45 45 45 45 45 45 45 45 45 45 45 45 45 45 45 45 45 45 45 45 45 45 45 45 45 45 45 45 45 45 45 45 45 44 44 44 44 44 44 44 44 44 44 44 44 43 43 44 44 44 44 44 44 44 44 44 44 44 44 44 44 44 44 44 44 44 44 44 44 44 44 44 44 44 44 44 44 44 44 44 44 45 45 44 45 45 45 45 45 45 45 45 45 45 45 45 45 45 46 46 46 46 46 46 47 47 46 46 47 47 47 47 47 46 46 46 46 46 46 46 46 46 46 46 46 46 46 45 45 46 45 45 45 44 44 44 44 45 45 45 45 45 45 45 45 45 45 45 46 46 46 45 45 46 46 46 46 46 46 45 46 46 45 45 45 46 46 45 45 45 45 45 45 46 46 46 46 46 46 46 45 45 45 46 46 46 46 46 46 46 46 49 51 49 47 47 47 47 48 48 48 49 49 48 48 47 47 47 47 47 48 48 48 49 49 49 49 49 49 49 48 48 48 48 48 48 49 48 48 48 48 48 48 48 48 48 48 48 48 48 48 48 48 48 48 48 48 48 48 49 49 49 48 48 48 48 48 48 48 47 47 47 48 48 48 47 47 47 47 47 47 47 47 47 48 47 47 47 47 48 47 47 48 47 47 47 47 47 47 46 46 46 46 47 46 46 46 46 46 46 46 46 46 46 46 46 46 46 47 47 46 46 46 47 46 46 46 46 46 45 46 46 46 46 46 46 46 46 46 46 46 45 45 46 46 46 45 45 45 45 45 45 45 45 45 45 45 45 45 45 45 45 45 45 45 45 45 45 45 45 45 45 45 45 45 45 45 45 45 45 45 45 45 45 45 45 45 45 44 44 44 44 44 44 44 44 44 44 44 44 44 44 44 44 44 44 44 44 44 44 44 44 44 44 44 44 44 44 44 44 44 44 44 44 44 44 44 44 44 44 44 44 44 44 44 44 44 44 45 45 45 45 45 45 45 45 45 45 45 45 46 46 46 46 46 46 46 46 46 47 46 46 46 46 46 47 47 47 46 46 47 46 46 47 47 47 47 47 47 46 46 46 46 46 46 46 45 44 44 44 44 44 45 45 45 45 45 45 45 45 45 45 45 46 46 46 45 45 46 46 46 46 46 46 46 46 46 46 46 46 46 46 46 45 45 45 45 45 46 46 46 46 45 45 45 45 45 46 46 46 46 46 49 51 52 50 49 48 48 48 48 48 48 47 48 48 47 47 48 49 48 48 48 48 48 47 48 48 47 47 47 48 48 48 49 49 49 49 48 48 48 49 49 49 49 48 48 49 49 48 48 47 47 48 48 48 48 48 48 48 48 48 48 48 48 48 48 48 48 48 49 48 48 48 48 48 48 48 48 48 47 47 47 47 48 48 47 47 47 47 47 47 47 47 47 48 47 47 48 48 47 47 47 47 47 47 47 47 47 47 46 46 47 46 46 46 46 46 46 46 46 46 46 46 46 46 47 47 47 47 46 47 47 46 46 46 46 46 46 46 46 46 46 46 46 46 46 46 46 46 46 45 45 45 46 46 46 45 45 45 45 45 45 45 45 45 45 45 45 45 45 45 45 45 45 45 45 45 45 45 45 45 45 45 45 45 45 45 45 45 45 45 45 45 45 45 45 45 45 44 44 44 44 44 44 44 44 44 44 44 44 44 44 44 44 44 44 44 44 44 44 44 44 44 44 44 44 44 44 44 44 44 44 44 44 44 44 44 44 44 44 44 44 44 44 44 44 44 45 45 45 45 45 45 45 45 45 45 45 45 46 46 46 46 46 46 46 46 46 46 46 46 46 46 47 47 47 47 47 46 46 46 47 47 47 47 47 47 46 46 46 47 47 47 46 46 45 44 44 44 44 44 45 45 45 45 45 45 45 45 45 46 45 46 46 46 46 46 46 46 46 46 46 46 46 46 46 46 46 46 46 46 46 45 45 45 45 45 46 46 46 45 45 45 45 46 46 46 46 46 46 46 48 50 52 52 51 49 50 51 50 49 48 48 49 48 48 48 48 48 49 49 49 48 48 48 47 47 48 48 48 48 47 47 48 49 49 49 49 49 49 49 49 49 49 49 49 49 49 49 48 48 48 48 48 47 48 48 48 48 48 48 48 48 48 48 48 48 48 48 48 48 48 48 48 48 48 48 48 48 48 48 48 48 47 47 47 48 47 47 47 47 48 47 47 47 47 47 47 47 47 47 47 47 47 47 47 47 47 47 47 47 47 47 47 46 47 47 47 47 47 46 46 46 46 46 46 47 47 47 47 46 46 46 46 46 46 46 46 46 46 46 46 46 46 46 46 46 46 46 46 46 46 45 45 45 45 46 46 45 45 45 45 45 45 45 45 45 45 45 45 45 45 45 45 45 45 45 45 45 45 45 45 45 45 45 45 45 45 45 45 45 45 45 44 44 45 45 44 45 45 44 44 44 44 44 44 44 44 44 44 44 44 44 44 44 44 44 45 44 45 45 45 45 45 44 44 44 44 44 44 44 44 44 44 44 44 44 44 44 44 44 44 45 45 45 45 45 45 45 45 45 45 45 46 45 45 45 45 45 46 46 46 46 46 46 47 47 46 46 47 47 46 46 47 47 47 47 47 47 47 47 46 47 47 47 47 47 47 46 47 47 47 47 47 47 46 46 45 45 44 44 45 45 45 45 45 45 45 45 45 45 45 45 45 46 46 46 46 46 46 46 46 46 46 46 46 46 46 46 46 46 46 46 46 45 45 45 46 45 46 46 46 46 45 45 45 46 46 46 46 46 46 47 49 50 51 51 51 50 52 52 51 50 49 49 48 48 48 48 48 48 48 48 48 48 49 48 49 49 49 49 48 47 48 48 48 48 48 48 47 48 48 48 48 49 49 49 49 49 49 49 49 49 49 49 49 49 49 48 48 48 48 48 48 48 48 48 48 48 48 48 48 48 48 48 48 48 48 48 48 48 48 48 48 48 47 48 48 48 48 48 47 47 48 47 48 48 48 48 47 47 47 47 47 47 47 47 47 47 47 47 47 47 47 47 47 47 47 47 47 47 46 47 47 47 47 47 47 46 47 47 47 47 47 47 47 47 46 46 46 46 46 46 46 46 46 46 46 46 46 46 46 46 46 46 46 46 46 46 45 45 45 45 45 46 46 45 45 45 45 45 45 45 45 45 45 45 45 45 45 45 45 45 45 45 45 45 45 45 45 45 45 45 46 46 45 45 45 45 45 45 44 44 44 45 44 44 44 44 44 44 44 44 44 44 44 44 44 44 44 44 44 44 45 44 45 45 45 45 45 45 45 45 44 44 44 44 44 44 44 44 44 44 44 44 44 44 44 44 44 44 44 44 45 45 45 45 45 45 45 45 46 45 45 45 45 45 45 46 46 46 46 46 47 47 47 47 47 47 47 47 47 47 47 47 47 47 47 47 47 47 47 47 47 47 47 47 47 46 47 46 46 46 46 45 45 45 44 45 45 45 45 45 45 45 45 46 45 45 45 46 46 46 46 46 46 46 46 46 46 46 46 46 46 46 46 46 46 46 46 46 46 46 46 46 46 46 46 46 46 46 46 46 46 46 46 46 46 46 47 49 50 50 51 51 52 52 52 51 50 50 50 49 48 48 48 49 49 48 48 48 48 48 48 48 48 48 49 48 48 48 48 48 48 48 49 48 48 48 48 48 49 49 49 49 49 49 49 49 49 49 49 49 48 48 48 48 48 49 49 49 48 48 48 47 48 48 48 48 48 49 48 48 48 48 48 48 48 48 48 48 48 48 48 48 47 47 47 48 48 48 47 47 47 48 48 48 48 48 47 47 47 47 47 47 47 47 47 47 47 47 47 47 47 47 47 47 47 47 47 46 47 47 47 47 47 48 47 47 47 47 47 47 47 47 46 46 46 46 46 46 46 46 46 46 46 46 46 46 46 46 46 46 46 46 46 46 46 46 46 45 45 45 45 46 46 45 45 45 45 45 45 45 45 45 45 45 45 45 45 45 45 45 45 46 45 45 45 45 45 45 45 46 45 45 45 45 45 45 45 45 44 44 45 45 44 44 44 44 44 44 44 44 44 44 44 44 44 44 44 45 44 44 44 45 45 45 45 45 45 45 45 45 44 44 44 44 44 44 44 44 44 44 44 44 44 44 44 44 44 44 45 45 45 45 45 45 45 46 45 45 45 45 45 45 45 45 46 46 46 46 46 46 46 46 47 47 47 47 47 47 47 47 47 47 47 47 47 47 47 47 47 47 47 47 47 46 46 46 46 46 46 45 45 45 44 45 45 45 45 45 45 45 45 46 46 45 45 45 45 46 46 46 46 46 46 46 46 46 46 46 46 46 46 46 46 46 46 46 46 46 46 46 46 46 46 46 46 46 46 46 46 46 46 46 46 46 46 47 47 50 51 51 51 51 52 52 52 51 51 50 49 49 48 48 48 48 49 49 49 48 48 48 48 48 48 48 48 48 49 49 48 48 48 48 49 49 49 49 48 49 49 49 49 49 49 49 49 49 48 48 48 48 48 48 48 48 48 48 48 48 49 49 49 49 48 48 48 47 48 48 48 48 48 48 48 48 48 48 48 48 48 48 48 48 48 48 48 48 47 47 47 47 47 47 48 48 48 48 48 48 47 47 47 47 47 47 47 47 47 47 47 47 47 47 47 47 47 47 47 47 47 47 47 47 47 47 47 47 47 47 47 47 47 47 47 47 47 46 46 46 46 46 46 46 46 46 46 46 46 46 46 46 46 46 46 46 46 46 46 46 46 46 46 46 46 46 46 45 45 45 45 45 45 45 45 45 45 45 45 45 45 45 45 45 45 45 45 45 45 45 45 45 45 45 45 45 45 45 45 44 44 44 44 44 44 45 45 44 44 44 44 44 44 44 44 44 44 44 44 44 44 45 45 45 45 44 45 45 45 45 45 45 45 45 45 44 44 44 44 44 45 44 44 44 44 44 44 44 44 44 44 44 45 45 45 45 45 44 45 45 45 45 45 45 45 45 45 46 46 46 46 47 47 47 47 47 47 47 47 47 47 47 47 47 47 47 47 46 46 47 47 47 47 46 46 47 47 47 47 46 45 46 46 45 45 45 45 45 45 45 45 45 45 45 45 45 46 46 45 45 45 46 46 46 46 46 46 46 46 46 46 46 46 46 46 46 46 46 46 46 46 46 46 46 46 46 46 46 46 46 46 46 46 46 46 46 46 46 46 47 49 51 51 51 52 52 51 52 52 51 50 50 49 50 50 50 50 50 50 49 49 48 48 48 48 48 48 48 48 48 48 48 48 48 49 49 49 49 49 48 48 48 48 48 48 48 48 49 49 48 48 48 49 49 49 49 49 49 49 49 49 49 49 49 49 49 49 49 48 48 48 48 48 48 48 48 48 48 48 48 48 49 49 49 49 48 48 48 48 48 48 48 48 48 48 48 48 48 48 48 48 48 48 48 48 48 48 48 48 47 47 47 47 47 47 48 48 48 48 47 48 47 47 47 47 47 47 47 47 47 47 47 47 47 47 47 47 47 47 47 47 47 47 47 47 47 47 47 47 47 47 47 48 47 47 47 46 46 46 46 46 46 46 46 46 46 46 46 46 46 46 46 46 46 46 46 46 46 46 46 46 46 46 46 46 46 46 46 46 46 46 46 45 45 45 45 45 46 45 45 45 45 45 45 45 45 45 45 45 45 45 45 45 45 45 45 45 45 45 45 45 45 45 44 44 44 44 44 44 44 44 44 44 44 44 44 44 44 44 44 45 45 45 44 44 44 44 44 44 45 45 45 45 45 45 44 44 44 45 45 45 44 44 44 44 44 44 44 44 44 44 45 45 45 45 44 45 45 44 44 44 44 45 45 46 46 46 46 46 46 46 47 47 47 47 47 47 47 47 47 47 47 47 47 47 47 46 46 46 47 47 47 46 46 46 46 46 46 46 46 45 45 45 45 45 45 45 46 45 45 45 45 45 45 46 46 45 46 45 45 46 46 46 46 46 46 46 46 46 46 46 46 46 46 46 46 46 46 46 46 46 46 46 46 46 46 46 46 46 46 46 46 46 46 46 46 46 47 47 51 52 52 51 51 52 51 51 50 49 49 50 50 51 51 51 51 51 51 50 49 49 50 50 49 49 48 48 48 49 48 49 49 49 49 49 49 49 48 48 48 48 48 48 49 48 49 49 48 48 48 48 49 48 48 48 48 48 49 49 50 50 50 49 49 49 49 49 49 48 48 48 48 48 48 48 48 48 48 48 49 49 49 49 48 48 48 48 49 48 48 48 48 48 48 48 48 48 48 48 48 48 48 48 48 48 48 48 48 47 47 47 47 47 47 47 48 48 48 48 47 47 47 47 47 47 47 47 47 47 47 47 47 47 47 47 47 47 47 47 47 47 47 47 47 47 47 47 47 47 47 47 47 47 47 46 46 47 47 46 46 46 46 46 46 46 46 46 46 46 46 46 46 46 46 46 46 46 46 46 46 46 46 46 46 46 46 46 46 46 46 45 45 45 45 46 46 46 46 45 45 45 45 45 45 45 45 45 45 45 45 45 45 45 45 45 45 45 45 45 44 44 44 44 44 45 45 45 44 44 44 44 44 44 44 44 44 44 45 45 45 44 44 44 44 44 44 45 45 45 45 45 45 45 45 45 45 45 45 44 44 44 45 45 45 45 45 45 45 45 45 44 44 45 45 45 45 45 45 45 45 45 45 45 46 46 46 46 46 46 47 47 47 47 47 47 47 47 47 47 47 47 47 46 46 46 46 46 46 46 46 45 46 46 47 47 46 46 45 45 45 45 45 45 45 46 46 45 45 45 45 45 46 45 46 45 45 45 46 46 46 46 46 46 46 46 46 46 46 46 46 46 46 46 46 46 46 46 46 46 46 46 46 46 46 46 46 46 46 46 46 46 47 47 47 47 47 51 51 51 52 52 51 50 50 50 49 50 50 51 51 51 52 51 51 51 51 51 51 51 51 50 50 49 49 49 49 49 49 49 49 49 49 50 49 48 48 48 48 48 48 48 48 48 49 48 48 48 48 48 48 48 49 49 49 49 49 50 50 50 49 49 49 49 49 49 48 48 48 48 48 48 48 48 49 49 49 48 48 49 48 48 47 48 48 48 48 48 48 48 48 48 48 48 48 48 48 48 48 48 48 48 48 48 48 48 47 47 47 47 47 47 48 48 47 48 48 48 48 47 47 47 47 47 47 47 47 47 47 47 47 47 47 47 47 47 47 47 47 47 47 47 47 47 47 47 47 47 47 47 47 47 47 47 47 47 46 46 46 46 46 46 46 46 46 46 46 46 46 46 46 46 46 46 46 46 46 46 46 46 46 46 46 46 46 46 46 45 45 45 45 45 46 46 46 46 46 46 45 45 45 45 45 45 45 45 45 45 45 45 45 45 45 45 45 45 45 44 44 44 44 45 45 45 45 44 44 44 44 44 44 44 44 45 45 44 44 44 44 44 44 44 44 44 45 45 45 45 45 45 45 45 45 45 45 45 45 45 45 45 45 45 45 45 45 45 44 44 45 45 46 46 45 46 45 45 46 45 46 46 46 46 46 46 46 46 46 46 47 47 47 47 47 47 47 47 47 47 46 46 46 46 46 47 46 46 46 45 45 46 46 46 46 46 45 45 45 45 45 45 45 45 45 45 45 45 45 45 45 46 45 46 46 46 46 46 46 46 46 46 46 46 46 46 46 46 46 46 46 46 46 46 46 46 46 46 46 46 46 46 46 46 46 46 46 46 46 46 46 47 47 47 47 51 51 52 53 53 51 50 50 50 50 50 51 52 52 52 52 52 52 52 52 51 51 51 51 51 51 50 50 50 49 49 49 49 49 50 49 48 48 48 48 48 48 49 49 48 48 48 49 48 48 49 49 48 48 48 48 48 49 49 50 50 50 49 49 49 48 48 48 48 48 49 48 48 48 48 48 48 49 49 49 48 48 48 48 47 48 48 49 49 48 48 48 48 48 48 48 48 48 48 48 48 48 48 47 48 48 48 48 47 47 48 48 47 47 47 48 47 47 48 48 48 48 48 47 47 47 47 47 47 47 47 47 47 47 47 47 47 47 47 47 47 47 47 47 47 47 47 47 47 47 47 47 47 47 47 47 47 47 47 46 46 46 46 46 46 46 46 46 46 46 46 46 46 46 46 46 46 46 46 46 46 46 46 46 46 46 46 46 46 45 45 45 45 45 46 46 46 46 46 46 46 45 45 45 45 45 45 45 45 45 45 45 45 45 45 45 45 45 45 45 45 44 44 44 45 45 45 45 45 44 44 44 44 45 45 45 45 45 45 45 45 45 44 44 44 44 45 45 45 45 45 45 45 45 45 45 45 45 45 45 45 45 45 45 45 45 45 45 44 45 45 45 45 46 46 46 46 46 45 45 46 46 46 46 46 46 46 46 46 46 47 47 47 47 47 47 47 47 46 46 46 46 46 47 47 47 47 46 46 45 45 46 46 46 46 45 45 45 45 45 45 45 46 45 45 45 45 45 45 45 45 45 45 46 46 45 46 46 46 46 46 46 46 46 46 46 46 46 46 46 46 46 46 46 46 46 46 46 46 46 46 46 46 46 46 46 46 46 46 47 47 47 47 52 53 53 53 52 52 52 51 51 52 51 52 52 52 52 52 52 52 52 52 52 52 52 51 51 50 50 49 49 49 50 49 49 50 49 48 48 49 49 49 48 48 48 48 49 49 48 48 48 49 49 49 48 49 49 49 49 49 50 50 50 49 49 49 49 48 48 48 48 48 49 48 48 48 48 48 48 48 49 49 48 48 48 48 48 48 48 49 48 48 48 48 48 48 48 48 48 48 48 48 48 47 48 48 48 48 48 48 48 47 47 47 47 47 48 47 47 47 47 48 47 47 47 47 48 48 48 48 48 47 47 47 47 47 47 47 47 47 47 47 47 47 47 47 47 47 47 47 47 47 47 47 47 47 47 47 47 47 47 46 46 46 46 46 46 46 46 46 46 46 46 46 46 46 46 46 46 46 46 46 46 46 46 46 46 46 46 46 46 46 46 45 45 45 45 46 46 46 46 46 45 45 45 45 46 46 46 45 45 45 45 45 45 45 45 45 45 45 45 45 45 45 45 45 45 44 44 44 44 44 44 45 45 44 44 45 45 45 45 45 45 45 44 44 44 45 45 45 45 45 45 45 45 45 45 45 45 45 45 45 45 45 45 45 45 45 45 45 44 45 45 45 45 45 45 46 45 45 46 46 46 46 46 46 46 46 46 47 46 47 47 47 47 47 47 46 46 46 45 46 46 47 47 47 46 46 46 46 46 45 45 46 45 45 45 45 45 45 45 45 45 46 46 46 45 45 45 45 45 45 46 45 45 45 45 46 46 46 46 46 46 46 46 46 46 46 46 46 46 46 46 46 46 46 46 46 46 46 46 46 46 46 46 46 46 46 46 47 47 47 47 47 54 53 53 52 52 52 52 52 52 52 52 52 52 52 52 52 53 52 52 52 53 52 52 51 51 51 51 51 51 51 50 50 50 50 48 48 48 49 49 48 49 48 48 49 50 49 49 49 49 50 49 49 49 49 49 49 49 49 49 49 50 50 49 49 49 49 48 49 49 49 49 49 48 48 48 48 48 49 49 49 48 48 48 48 48 49 49 49 49 49 48 48 48 49 49 48 48 47 47 47 47 48 48 48 48 48 48 48 47 46 47 47 47 48 48 47 47 47 48 48 48 48 48 48 48 48 48 48 48 48 48 47 47 47 47 47 47 47 47 47 47 47 47 47 47 47 47 47 47 47 47 47 47 47 47 47 47 47 47 47 47 47 47 47 47 46 46 46 46 46 46 46 46 46 46 46 46 46 46 46 46 46 46 46 46 46 46 46 46 46 46 45 45 45 46 46 46 46 46 45 45 45 45 45 45 46 45 45 45 45 45 45 45 45 45 45 45 45 45 45 45 45 45 45 45 45 45 45 45 45 45 45 44 44 45 45 45 45 45 45 45 44 44 45 45 45 45 45 45 45 45 45 45 45 45 45 45 45 45 45 45 45 45 45 45 45 44 45 45 45 45 46 46 46 45 45 46 46 46 46 45 46 46 46 47 47 47 47 47 47 47 47 47 47 46 46 45 46 46 46 47 46 46 46 46 46 46 46 46 46 45 46 45 45 45 45 45 45 45 46 46 46 45 45 45 45 45 46 45 45 45 45 45 45 46 46 46 46 46 46 46 46 46 46 46 46 46 46 46 46 46 46 46 46 46 46 46 46 46 46 46 46 46 46 46 46 47 47 47 47 47 53 53 53 53 53 53 52 52 52 52 52 52 52 52 52 53 53 52 53 53 53 53 52 52 52 51 51 52 52 52 52 51 51 51 50 49 48 49 50 50 50 50 50 50 50 50 50 50 50 50 50 50 50 49 49 49 49 49 49 49 50 50 50 49 49 49 49 49 49 49 49 49 49 48 48 48 48 48 49 49 49 49 49 48 48 49 48 48 49 49 49 49 49 49 49 48 48 48 47 47 47 48 48 48 47 47 47 46 47 47 47 47 47 47 47 47 47 47 47 47 47 48 48 48 48 48 47 47 47 47 47 47 47 47 47 47 47 47 47 47 47 47 47 47 47 47 47 47 47 47 47 47 47 47 47 46 47 47 47 47 47 47 47 47 46 46 46 46 46 46 46 46 46 46 46 46 46 46 46 46 46 46 46 46 46 46 46 46 46 46 46 46 46 45 46 46 46 46 46 45 45 45 45 45 45 45 45 45 45 45 45 45 45 45 45 45 45 45 45 45 45 45 45 45 45 45 45 45 45 45 45 45 44 44 45 45 45 45 45 45 44 44 44 45 45 45 45 45 45 45 45 45 45 45 45 45 45 45 45 45 45 45 45 45 45 45 45 45 45 45 45 45 46 46 45 45 45 46 46 46 45 45 46 46 46 46 46 47 47 47 47 47 47 47 46 46 45 45 46 46 46 46 46 46 45 45 46 46 46 46 45 45 45 45 45 45 45 45 45 45 46 46 46 45 45 45 45 45 45 45 45 45 46 46 46 47 47 47 46 46 46 47 46 46 46 46 46 46 46 46 46 46 46 46 46 46 46 46 46 46 46 46 46 46 46 47 47 47 47 47 47 53 53 52 52 52 52 53 53 52 52 52 52 52 52 53 53 53 53 53 53 53 52 53 52 52 52 52 52 52 52 52 52 51 50 50 50 50 50 51 51 51 51 51 51 51 50 50 50 50 50 50 49 49 49 49 49 49 49 49 49 49 49 49 49 49 49 49 49 49 49 49 49 49 48 48 48 48 49 49 49 49 48 48 49 49 49 49 49 49 49 49 49 49 48 48 48 47 47 47 47 47 47 47 47 47 46 47 48 49 49 48 47 47 47 47 47 47 47 47 47 47 47 48 48 48 48 48 48 47 47 47 48 48 48 47 47 47 47 47 47 47 47 47 47 47 47 47 47 47 47 47 47 47 47 47 47 47 47 47 47 47 47 47 46 46 46 46 46 46 46 46 46 46 46 46 46 46 46 46 46 46 46 46 46 46 46 46 46 46 46 46 46 46 46 46 46 46 46 46 46 45 45 45 45 45 45 45 45 45 45 45 45 45 45 45 45 45 45 45 45 45 45 45 45 45 45 45 45 45 45 45 44 44 45 45 45 45 45 45 45 44 44 45 45 45 45 45 45 45 45 45 45 45 45 45 45 45 45 45 45 45 45 45 45 45 45 45 45 45 45 45 45 46 45 45 45 46 46 46 45 45 45 46 46 46 46 46 47 47 47 47 47 47 47 47 46 45 45 45 46 46 45 45 46 45 45 46 46 46 46 46 45 46 45 45 45 45 45 45 45 46 45 45 45 45 45 45 45 46 46 46 46 46 46 46 47 47 47 47 47 46 46 46 46 46 46 46 46 46 46 46 46 46 46 46 46 46 46 46 46 46 46 46 46 47 47 47 47 47 47 53 52 52 52 52 52 53 52 52 52 52 52 52 53 53 53 53 53 53 52 52 53 53 52 52 52 52 53 52 52 52 52 51 51 51 51 51 51 51 51 51 51 51 50 51 50 51 51 50 50 50 50 50 49 49 49 49 50 50 49 49 49 49 49 49 49 49 49 49 49 49 49 49 48 48 48 48 49 49 49 48 48 49 49 49 49 49 49 49 49 49 49 49 49 48 48 47 48 48 48 48 48 49 48 47 47 48 48 48 48 48 47 47 48 47 47 47 48 48 47 47 47 47 48 48 48 48 48 48 48 48 48 48 48 48 47 47 47 47 47 47 47 47 47 47 47 47 47 47 47 47 47 47 47 47 47 47 47 47 47 47 47 46 46 46 46 46 46 46 46 46 46 46 46 46 46 46 46 46 46 46 46 46 46 46 46 46 46 46 46 46 46 46 46 46 46 46 46 45 45 45 45 45 45 45 45 45 45 45 45 45 45 45 45 45 45 45 45 45 45 45 45 45 45 45 45 45 45 44 44 45 45 45 45 45 45 45 45 45 44 44 45 45 45 45 45 45 45 45 45 45 45 45 45 45 45 45 45 45 45 45 45 45 45 45 45 45 45 45 45 45 45 45 45 45 46 46 46 45 45 45 46 46 46 46 46 46 46 47 47 47 47 47 47 47 46 46 45 46 46 46 45 45 45 45 46 46 45 45 46 46 45 45 45 45 45 46 46 46 45 45 45 45 45 46 46 45 46 46 46 46 46 46 46 47 47 47 47 47 46 46 46 46 46 46 46 46 46 46 46 46 46 46 46 47 47 46 46 46 46 46 46 47 47 47 47 47 47 47 52 52 52 52 52 52 52 52 52 52 52 52 52 53 53 53 53 53 53 52 52 52 52 52 53 52 52 52 52 52 52 51 51 51 51 51 51 51 51 50 50 50 50 50 50 51 50 51 51 50 50 50 49 49 49 49 49 50 49 49 49 49 49 49 49 49 49 49 49 49 49 49 48 48 48 48 49 49 49 49 48 49 49 49 49 49 49 49 49 49 49 49 48 48 47 48 48 48 48 48 48 49 48 48 47 47 48 48 48 48 48 48 48 48 48 48 48 47 47 47 47 47 47 47 48 48 48 48 48 48 48 48 48 48 48 48 48 47 47 47 47 47 47 47 47 47 47 47 47 47 47 47 47 47 47 47 47 47 47 47 47 47 46 46 46 46 46 46 45 46 46 46 46 46 46 46 46 46 46 46 46 46 46 46 46 46 46 47 46 46 46 46 46 46 46 46 46 46 46 46 46 45 45 45 46 45 45 45 45 45 45 45 45 45 45 45 45 45 45 45 45 45 45 45 45 45 45 45 44 44 44 45 45 45 45 45 45 45 44 44 45 45 45 45 45 45 45 45 45 45 45 45 45 45 45 45 45 45 45 45 45 45 45 45 45 45 45 45 45 45 45 45 45 46 46 46 45 45 45 46 46 46 46 46 46 46 46 46 47 47 47 47 47 47 46 46 46 45 45 45 45 45 45 46 46 46 46 46 46 46 45 45 46 46 45 45 45 45 46 46 46 46 46 46 46 46 46 46 46 46 46 47 46 46 47 47 47 47 47 46 46 46 46 47 46 46 46 46 46 46 46 47 47 46 46 46 46 46 46 46 46 47 47 47 47 47 47 47 52 52 53 53 52 52 52 52 52 52 52 52 53 53 53 53 53 53 52 52 52 53 52 52 52 52 52 52 52 52 51 51 51 51 51 51 51 51 50 50 50 50 50 50 50 50 50 50 50 50 50 50 50 50 49 49 49 49 49 49 49 49 49 49 49 49 49 49 49 49 49 49 49 49 48 49 49 49 49 49 49 49 49 49 49 49 49 48 49 48 48 48 48 48 48 48 48 48 48 48 48 48 48 48 48 48 48 48 48 48 48 48 48 48 47 47 48 47 48 48 47 48 48 47 47 48 48 48 48 48 48 48 48 48 48 48 48 48 48 48 47 47 47 47 47 47 47 47 47 47 47 47 47 47 47 47 47 47 47 47 47 47 47 47 47 46 46 46 46 46 46 46 46 46 46 46 46 46 46 46 46 46 46 46 47 47 47 47 46 46 46 46 46 46 46 47 46 46 46 46 46 46 46 46 46 46 46 46 45 45 45 45 45 45 46 45 45 45 45 45 45 45 45 45 45 45 45 45 45 44 45 46 46 45 45 45 45 45 45 45 45 45 45 45 45 45 45 45 45 45 45 45 45 45 45 45 45 45 45 45 45 45 45 45 45 45 45 45 45 45 45 45 45 46 46 45 46 46 46 46 46 46 47 46 46 46 47 47 47 47 47 47 47 47 47 46 46 46 45 45 45 45 45 45 46 46 46 45 46 45 45 45 45 46 46 46 46 45 46 46 46 46 46 46 46 46 46 46 46 46 46 46 47 47 47 47 47 47 47 47 46 46 46 46 46 46 46 46 46 47 46 46 46 46 46 46 46 46 46 46 47 47 47 47 47 47 53 53 53 53 53 53 53 52 52 52 52 52 53 53 53 53 53 53 53 52 52 52 52 52 52 52 52 52 52 51 51 51 51 51 51 50 50 50 50 50 50 50 50 50 50 50 50 50 50 50 50 50 50 50 49 49 49 49 49 49 49 49 49 49 49 49 49 49 49 49 49 49 49 49 49 49 49 49 49 49 49 49 49 49 49 49 49 48 48 48 48 48 48 48 48 48 48 48 48 48 48 48 48 48 48 48 48 48 48 48 48 48 48 48 48 47 48 47 47 48 48 48 48 47 48 48 48 48 48 48 48 48 48 48 48 48 48 48 48 48 48 47 47 47 47 47 47 47 47 47 47 47 47 47 47 47 47 48 48 47 47 48 47 47 46 46 46 46 46 46 46 46 46 46 46 46 46 46 46 46 47 47 47 47 47 46 47 47 47 46 46 46 46 46 46 47 46 46 46 46 46 46 46 46 46 45 45 45 45 45 45 45 45 45 45 45 45 45 45 45 45 45 45 45 45 45 45 45 45 45 46 46 45 45 45 45 45 45 45 45 45 45 45 45 45 45 45 45 45 45 45 45 45 45 45 45 45 45 45 45 45 45 45 45 45 45 45 45 45 45 45 45 46 45 45 46 46 46 46 46 46 46 47 46 46 47 47 47 47 47 47 47 47 47 47 46 46 46 45 45 45 45 45 46 46 46 45 45 46 45 46 46 46 46 46 46 46 46 46 46 46 46 46 46 46 46 46 46 46 47 47 47 47 47 47 47 47 47 46 46 46 46 46 46 46 46 46 46 46 46 46 47 47 46 46 46 46 46 46 47 47 47 47 47 47 53 53 53 53 53 53 52 52 52 52 52 52 53 53 53 53 53 53 52 52 52 52 52 52 52 52 52 52 51 51 51 51 51 51 51 51 51 50 50 50 50 50 50 50 50 50 50 50 50 50 50 50 50 49 49 49 48 49 48 48 48 48 49 49 48 48 49 49 49 49 49 49 49 49 49 49 49 49 49 49 49 49 49 49 49 49 49 48 48 48 49 48 48 48 48 48 48 48 48 48 48 48 48 48 48 48 48 48 48 48 48 49 48 47 48 47 48 48 47 47 48 48 48 47 48 48 48 48 48 48 48 48 48 48 48 48 48 48 48 48 48 48 47 47 47 47 47 47 47 47 47 47 47 47 47 47 47 47 47 48 47 47 46 47 46 46 46 46 46 46 46 46 46 46 46 46 46 46 46 47 46 46 46 46 46 46 47 47 47 47 46 46 46 46 47 47 47 47 46 46 46 46 46 46 45 45 45 45 45 45 45 45 45 45 45 45 45 45 45 45 45 45 45 44 45 45 45 45 45 46 46 45 45 45 45 45 45 45 45 45 45 46 46 45 45 45 45 45 45 45 45 45 45 46 45 45 45 45 45 45 45 45 45 45 45 45 45 45 45 45 45 45 45 45 45 45 45 45 46 46 46 46 46 46 46 47 46 46 46 46 47 46 47 47 46 46 46 46 45 45 45 45 45 45 45 45 46 45 46 46 46 46 46 46 46 46 46 46 46 46 46 46 46 46 46 46 46 46 47 47 47 47 47 47 47 47 47 47 47 47 46 46 46 46 46 46 46 46 46 47 47 47 46 46 46 46 46 47 47 47 47 47 47 47 53 52 52 52 52 52 52 53 53 53 53 53 54 53 52 53 53 53 53 52 52 52 52 52 52 52 52 51 51 51 51 51 51 51 51 51 50 50 50 50 50 50 50 50 50 50 50 49 49 49 49 50 50 49 49 49 49 49 49 48 48 49 48 48 48 48 48 49 49 49 49 49 49 49 49 49 49 49 49 49 49 49 49 49 49 49 49 49 49 49 49 49 48 48 47 47 48 48 48 48 48 48 48 48 48 48 48 48 48 48 48 48 48 48 48 48 47 47 47 47 48 47 48 48 48 48 48 48 48 48 48 48 48 48 48 48 48 48 48 48 48 48 48 48 48 48 48 47 47 47 47 47 47 47 47 47 47 47 48 48 47 47 47 46 46 46 46 46 46 46 46 46 46 46 46 46 46 46 46 47 46 46 46 46 46 47 47 47 47 46 46 47 47 47 47 46 46 46 47 46 46 46 46 45 46 45 45 45 45 45 45 45 45 45 45 45 45 45 45 45 45 45 45 45 45 45 45 46 46 46 45 45 45 45 45 45 45 45 45 46 46 46 46 46 46 45 45 45 45 45 45 45 46 46 45 45 45 45 45 45 45 46 46 45 45 45 45 45 45 45 45 45 45 45 45 45 45 46 46 46 46 46 46 46 46 46 46 46 46 46 46 46 46 46 46 46 46 46 46 45 45 45 45 45 46 46 46 46 46 46 46 46 46 46 46 46 46 46 46 46 46 46 47 47 46 46 46 47 47 47 47 47 47 47 47 47 47 47 46 46 46 47 47 46 46 46 46 47 47 47 47 46 46 46 46 46 46 47 47 47 47 47 53 53 53 52 52 52 52 53 52 53 53 53 53 53 53 52 52 52 52 52 52 52 51 52 52 52 51 51 51 51 51 51 51 51 51 51 50 50 50 50 50 50 50 50 50 50 50 50 50 50 50 50 50 50 50 50 49 49 48 48 48 48 48 48 48 48 49 49 49 49 49 49 49 49 49 49 49 49 49 49 49 49 49 49 49 49 49 49 48 49 49 49 48 48 47 48 48 48 48 48 48 48 48 48 48 48 48 48 48 48 48 49 48 48 48 48 48 47 47 47 47 48 47 48 48 48 48 48 48 48 48 48 48 48 48 48 48 48 48 48 48 48 48 48 48 48 48 47 47 47 47 47 47 47 47 47 47 48 48 48 47 47 46 46 46 46 46 46 46 46 46 46 46 46 46 46 46 46 47 47 46 46 46 46 46 46 47 47 47 46 47 47 47 47 47 47 46 46 46 46 46 46 46 45 45 45 45 45 45 45 45 45 45 45 45 45 45 45 45 45 45 45 45 45 45 46 46 46 46 45 45 45 45 45 45 45 45 45 46 46 46 46 46 46 46 45 45 45 45 45 45 46 46 46 46 46 46 46 46 45 45 46 46 45 45 45 45 46 46 46 46 46 46 45 45 46 46 46 46 46 46 46 46 46 46 46 46 46 46 46 46 46 46 46 46 46 46 46 45 45 45 45 46 46 46 46 46 46 46 46 46 46 46 46 46 46 46 46 46 46 46 46 47 46 46 47 47 47 47 47 47 47 47 47 47 47 47 47 47 47 47 47 47 47 47 47 47 47 47 46 46 46 46 46 46 46 47 47 47 48 47 53 52 52 52 53 53 53 53 53 53 53 53 52 52 52 52 52 52 52 51 51 52 52 52 52 51 51 51 51 51 51 51 52 52 51 51 51 51 51 51 50 50 50 50 50 50 50 50 51 50 50 50 51 50 50 50 49 49 49 49 49 49 49 48 48 48 49 49 49 49 49 49 49 49 49 49 49 49 49 49 49 49 49 49 49 49 49 49 49 49 49 49 48 48 48 48 48 48 48 48 48 48 48 48 48 48 48 48 48 48 48 49 48 49 49 48 48 48 47 47 47 47 48 48 48 48 48 48 48 48 48 48 48 48 48 48 48 48 48 48 48 48 48 48 48 48 48 47 47 47 47 47 47 47 47 47 47 48 48 47 47 46 46 46 46 46 46 46 46 46 46 46 46 46 46 46 47 47 47 46 46 47 47 47 47 47 47 47 47 47 47 47 47 47 47 47 46 46 46 46 46 46 46 45 45 45 45 45 45 45 45 45 45 45 45 45 45 45 45 45 45 45 45 45 46 46 46 46 45 45 45 45 45 45 45 45 46 46 46 46 46 46 46 46 46 45 45 45 45 46 46 46 46 46 46 46 46 46 46 46 46 46 46 46 46 46 45 46 46 46 46 46 46 46 46 46 46 46 46 46 46 46 46 46 46 46 46 46 46 46 46 46 46 46 46 46 45 45 45 45 46 46 46 46 46 46 46 46 46 46 46 46 46 46 46 46 46 46 46 46 46 46 46 46 46 47 47 47 47 47 47 47 47 47 47 47 47 47 47 47 46 47 47 47 47 47 47 47 47 46 46 46 46 47 47 47 47 47 47 53 53 52 51 52 52 52 52 52 52 52 52 52 51 52 51 51 51 52 52 52 52 52 52 52 51 51 51 51 51 51 52 52 52 51 51 51 51 51 51 50 50 50 50 50 50 50 50 50 50 50 51 51 51 50 50 50 50 50 50 49 49 49 48 48 48 48 49 49 49 49 49 49 49 49 49 49 49 49 49 49 49 49 49 49 49 49 49 49 49 49 49 49 48 48 48 48 48 48 48 48 48 48 48 48 48 48 48 48 48 48 48 48 49 49 49 49 48 48 47 47 47 48 48 48 48 48 48 48 48 48 48 48 48 48 48 48 48 48 48 48 48 48 48 48 48 48 48 47 47 47 47 47 47 47 47 48 48 48 48 47 47 47 46 46 46 46 46 46 46 46 46 46 46 46 46 46 47 47 46 46 47 47 47 47 47 47 47 47 47 47 47 47 47 47 47 47 46 46 46 46 46 46 46 46 46 46 46 46 46 45 46 46 46 46 45 45 45 45 45 45 46 46 46 46 46 46 45 45 45 45 45 45 45 45 45 46 46 46 46 46 46 46 46 46 45 45 45 46 46 46 46 46 46 46 46 46 46 46 46 46 46 46 46 46 46 46 46 46 46 46 47 47 46 46 46 46 46 46 46 46 46 46 46 45 46 46 46 46 46 46 46 46 46 46 46 46 46 45 46 46 46 46 46 46 46 46 46 46 46 46 46 46 46 46 46 47 47 46 46 46 46 46 46 46 47 47 47 47 47 47 47 47 47 47 47 47 46 46 46 46 46 46 46 46 46 46 47 47 46 46 47 47 47 47 47 47 47 52 52 52 51 51 51 51 51 52 52 52 52 51 51 51 51 51 52 52 53 53 53 53 53 51 51 51 51 51 51 51 51 51 52 51 51 51 51 51 51 51 50 50 50 50 50 50 50 50 51 51 51 51 51 51 50 50 50 50 50 50 50 49 49 48 48 48 49 49 49 49 49 49 49 49 49 49 49 49 49 49 49 49 49 49 49 49 49 49 49 49 49 49 49 48 48 48 48 48 48 48 48 48 48 48 48 48 48 48 48 48 48 48 49 49 49 48 48 48 48 48 48 48 48 48 48 48 48 48 48 48 48 48 48 48 48 48 48 48 48 48 48 48 48 48 48 48 48 47 47 47 47 47 47 47 47 48 48 48 48 47 47 46 46 46 46 46 46 46 46 46 46 46 46 46 46 47 46 46 47 47 47 47 47 47 47 47 46 46 47 47 47 46 46 46 46 46 46 46 46 46 46 46 46 46 46 46 46 46 46 46 46 46 46 45 45 45 45 46 45 45 46 46 46 47 47 46 45 45 45 45 45 45 45 46 46 46 46 46 46 46 46 46 46 45 45 46 45 46 46 46 46 46 46 46 46 46 46 46 46 46 46 46 46 46 46 46 46 46 46 47 47 47 47 46 46 46 46 46 46 46 46 46 45 45 45 46 46 46 46 46 46 46 46 46 46 45 45 45 45 45 46 46 46 46 46 46 46 46 46 46 46 46 46 46 46 47 47 47 46 46 46 46 46 47 47 47 47 47 47 47 47 47 47 47 47 46 46 46 47 46 46 46 46 46 46 46 46 46 46 46 46 47 47 47 47 47 52 52 52 52 51 51 51 51 52 51 52 52 51 51 51 51 52 52 52 52 52 53 53 52 52 51 51 51 51 51 51 51 51 51 51 51 51 51 51 51 51 50 50 51 51 51 51 51 51 51 51 51 51 51 50 50 50 50 50 50 50 50 50 49 49 48 48 48 48 49 49 49 49 49 49 49 49 49 49 49 49 49 49 49 49 49 49 49 49 49 49 49 49 48 48 48 48 48 48 48 48 48 48 48 48 48 48 48 48 48 48 48 48 48 49 49 48 49 48 48 48 48 48 48 48 48 48 48 48 48 48 48 48 48 48 48 48 48 48 48 48 48 48 48 48 48 48 48 47 47 47 47 47 47 48 48 48 48 48 48 47 47 46 46 46 46 46 46 46 46 46 46 46 46 47 47 46 46 47 47 47 47 47 47 47 47 47 46 46 46 46 46 47 47 47 46 46 46 46 46 46 46 46 46 46 46 46 46 46 46 46 46 46 45 46 46 46 46 46 46 46 46 46 47 46 45 45 45 45 45 45 45 45 46 46 46 46 46 46 46 46 46 46 46 45 46 46 46 46 46 46 45 46 46 46 46 46 46 46 46 46 46 46 46 46 46 46 46 46 46 46 46 47 46 46 46 47 46 46 46 46 46 45 45 45 45 45 45 46 46 46 46 46 46 46 45 45 45 46 45 45 45 46 46 46 46 46 46 46 46 46 46 46 46 46 46 47 47 46 46 46 46 46 47 47 47 47 47 47 47 47 46 46 46 47 47 47 46 47 47 46 46 46 46 46 46 47 47 46 46 46 46 47 47 47 47 52 52 51 50 51 52 52 51 52 51 51 51 51 51 51 51 52 52 52 52 52 52 52 51 51 51 51 51 51 51 51 51 51 51 51 51 51 51 51 51 51 51 51 51 51 51 51 51 51 51 50 50 50 50 50 51 50 50 50 50 49 49 49 49 49 49 49 50 50 49 49 49 49 49 49 49 49 49 49 49 49 49 49 49 49 49 49 49 49 49 49 49 49 49 48 48 48 48 48 48 48 48 48 48 48 48 48 48 48 48 48 49 49 49 48 48 48 48 48 48 48 48 48 48 48 48 48 48 48 48 48 48 48 48 48 48 48 48 48 48 48 48 48 48 48 48 47 47 47 47 47 47 48 47 47 47 47 47 47 47 47 46 46 46 46 46 46 46 47 47 47 47 46 46 47 47 47 47 47 47 47 47 47 47 46 46 47 47 47 47 47 47 47 46 46 46 46 46 46 46 46 46 46 46 46 46 46 46 46 46 46 46 46 46 46 46 46 46 46 46 47 46 46 45 45 45 45 45 45 46 46 46 46 46 46 46 46 46 46 46 46 46 45 46 46 45 45 45 46 46 46 46 46 46 46 46 46 46 46 46 45 46 46 46 46 46 45 46 46 46 46 47 47 47 47 46 47 46 46 46 45 45 45 45 45 45 46 46 46 46 45 45 45 45 45 46 45 45 45 45 45 46 46 46 45 46 46 46 46 46 46 46 46 46 46 46 46 46 46 46 47 47 47 47 47 47 47 47 47 47 47 47 47 47 46 47 47 47 47 47 46 46 47 47 47 46 46 47 47 47 47 47 47 47 52 51 51 52 52 51 51 51 51 51 51 52 51 52 51 51 52 52 52 52 52 52 52 51 51 51 51 51 51 50 50 50 51 51 51 51 51 51 51 51 51 51 51 51 51 51 51 51 51 50 50 51 50 50 50 50 50 50 50 50 50 50 49 50 50 50 50 49 49 49 49 49 49 49 49 49 49 49 49 49 49 49 49 49 49 49 49 49 49 49 49 49 49 48 48 48 48 48 48 48 48 48 48 48 48 48 48 48 48 48 49 49 49 48 48 49 48 48 48 48 48 48 48 48 48 48 48 48 48 48 48 48 48 48 48 48 48 48 48 48 48 48 48 48 48 47 47 47 47 47 48 48 47 48 48 47 47 47 47 47 46 46 46 46 46 46 47 47 47 47 46 47 47 47 47 47 47 47 47 47 48 47 47 47 47 47 47 47 47 47 46 46 46 46 46 46 46 46 46 46 46 46 46 46 46 46 46 46 46 46 46 46 46 46 46 46 46 46 46 46 46 45 45 45 45 45 46 46 46 46 46 46 46 46 46 46 46 46 46 46 46 46 46 46 46 46 46 46 46 46 46 46 46 46 46 46 46 46 46 46 46 46 46 46 46 46 45 46 46 46 47 47 47 47 47 47 47 46 46 46 45 45 45 46 46 46 46 46 46 46 45 45 45 46 46 47 46 45 45 46 46 46 46 46 46 46 46 46 46 46 46 46 46 46 46 46 46 46 47 47 47 47 47 47 47 47 47 47 47 47 47 47 47 47 47 47 47 47 47 47 47 47 47 47 47 46 47 47 47 47 47 47 52 51 51 52 52 51 51 51 51 51 52 52 52 52 52 53 53 53 52 52 52 52 52 52 52 51 51 51 51 51 51 51 51 51 51 51 51 51 51 51 51 51 51 51 51 51 51 51 51 51 50 50 51 50 50 50 50 50 49 49 50 50 50 50 50 50 50 50 50 50 49 49 49 49 49 49 49 49 49 49 49 49 49 49 49 49 49 49 49 49 49 49 49 48 48 48 48 48 48 48 48 48 48 48 48 48 48 48 48 48 48 48 49 49 49 49 49 48 48 48 48 48 48 48 48 48 48 48 48 48 48 48 48 48 48 48 48 48 48 48 48 48 48 48 48 48 47 47 47 47 47 47 47 47 47 47 48 47 47 47 47 46 46 46 46 46 47 47 47 47 46 47 47 47 47 47 47 47 47 47 48 47 47 47 47 47 47 46 47 47 47 47 46 46 46 46 46 46 46 46 46 46 46 46 46 46 46 46 46 46 46 46 46 46 46 46 46 46 46 46 46 46 46 46 46 46 46 46 46 46 46 46 46 46 46 46 46 46 46 46 46 46 46 46 46 46 46 46 46 46 46 46 46 46 46 46 46 46 46 46 46 46 46 46 46 47 46 46 46 46 46 46 46 46 47 47 47 47 47 47 46 46 46 46 46 46 46 46 46 46 46 47 48 48 48 48 47 46 46 46 46 47 46 46 46 46 46 46 46 46 46 46 46 46 46 46 46 46 47 47 47 47 47 47 47 47 47 47 47 47 46 46 46 47 47 47 47 47 47 47 47 47 47 47 47 47 47 47 47 47 47 47 47 51 51 51 51 51 52 52 52 52 52 53 53 53 53 53 52 52 52 52 53 53 52 52 52 51 51 51 51 51 51 51 51 51 51 51 51 51 51 51 51 51 51 51 51 51 51 51 51 50 50 51 51 50 50 49 49 49 49 49 49 49 49 49 49 49 50 50 50 50 49 49 50 49 49 49 49 49 49 49 49 49 49 49 49 49 49 49 49 49 49 48 48 48 48 48 48 48 48 49 49 48 49 48 49 48 48 48 48 48 49 49 49 49 48 48 49 48 48 48 48 48 48 48 48 48 48 48 48 48 48 48 48 48 48 48 48 48 48 48 48 48 48 48 48 47 47 47 47 47 47 47 47 47 47 48 48 47 47 47 46 46 46 46 47 47 47 47 47 47 46 47 47 47 48 47 47 47 47 47 47 47 47 47 46 46 46 47 47 47 47 47 46 46 46 46 47 47 47 46 46 46 46 46 46 46 46 46 46 46 46 45 46 46 46 45 46 46 46 46 46 46 46 46 46 46 46 46 46 46 46 46 46 46 46 46 46 46 46 46 46 46 46 46 46 46 46 46 46 46 46 46 46 46 46 46 46 46 46 46 46 46 46 46 46 47 46 47 47 46 46 46 47 47 47 47 47 47 47 46 46 46 46 46 46 46 46 47 48 48 48 48 48 48 48 47 47 46 46 47 46 46 47 47 46 46 46 46 46 46 46 46 47 47 46 46 47 47 47 47 47 47 47 47 47 47 46 47 46 46 46 47 47 47 47 47 47 47 47 47 47 47 46 47 47 47 47 47 48 47 47 47 51 51 52 51 51 52 52 52 52 53 54 54 53 53 53 52 53 53 53 52 52 52 52 52 52 52 51 51 51 51 51 51 51 51 51 51 51 51 51 51 51 51 51 51 51 51 50 51 50 50 50 51 51 50 49 49 50 50 50 49 49 48 48 49 49 49 50 50 50 50 50 50 49 49 49 49 49 49 49 49 49 49 49 49 49 49 49 49 49 49 49 49 48 48 48 48 48 49 48 49 48 48 48 49 49 49 48 48 48 49 49 49 49 48 48 48 48 48 48 48 48 48 48 48 48 48 48 48 48 48 48 48 48 48 48 48 48 48 48 48 48 48 48 48 47 47 47 47 47 47 47 47 47 48 48 48 47 47 47 47 47 47 47 47 47 47 47 47 47 47 47 47 47 47 47 47 47 47 47 47 47 47 47 47 47 47 46 46 46 46 47 47 47 47 46 46 47 47 46 46 46 46 46 46 46 46 46 46 46 46 45 46 46 46 46 46 46 46 46 46 46 46 46 46 46 46 46 46 46 46 46 46 46 46 46 46 46 46 46 46 46 46 46 46 46 46 46 46 46 46 46 46 46 46 46 46 46 46 46 46 46 46 46 47 47 47 47 47 47 46 46 47 47 47 47 47 47 47 47 47 47 46 46 46 47 47 47 47 47 47 47 47 47 48 47 47 46 46 47 47 47 47 46 46 47 46 46 46 46 46 47 47 47 46 47 47 47 47 47 47 47 47 47 46 46 47 46 46 46 47 47 47 47 47 47 47 47 47 47 47 47 47 47 47 47 47 48 47 47 47 47 52 52 52 52 53 52 53 53 53 53 53 53 53 53 52 52 52 52 52 52 52 52 52 52 52 52 52 52 51 51 51 51 51 51 51 51 51 51 51 51 51 51 51 51 51 51 50 50 50 50 50 50 50 50 50 49 50 50 50 50 49 48 48 48 48 48 49 49 49 49 49 49 49 48 48 49 49 49 49 49 49 49 49 50 49 49 49 49 49 49 49 49 48 48 48 48 48 48 48 49 49 49 49 49 49 49 49 48 48 49 49 49 49 49 48 49 49 48 48 48 48 48 48 48 48 48 48 48 48 48 48 48 48 48 48 48 48 48 48 48 48 48 48 48 48 48 47 47 47 47 47 47 47 47 47 47 47 47 47 47 47 47 47 47 47 47 47 47 47 47 47 46 46 47 47 47 47 47 48 48 48 47 47 47 47 47 46 46 46 46 46 47 47 47 47 46 46 46 46 46 46 46 46 46 46 46 46 46 46 46 45 46 46 45 46 46 46 46 46 46 46 46 46 46 46 46 46 46 46 46 46 46 46 46 46 46 46 46 46 46 46 46 46 46 46 46 46 46 46 46 46 46 46 46 46 46 46 46 46 46 46 46 46 46 46 46 46 46 46 46 46 46 47 47 47 47 46 47 47 47 47 47 47 47 47 47 47 47 47 47 47 47 47 48 47 47 47 46 47 47 47 47 47 47 47 47 46 46 46 46 47 47 47 47 47 47 47 47 47 47 47 48 47 47 46 47 47 47 47 47 47 47 48 47 47 47 47 47 47 47 47 47 47 47 47 47 47 47 47 47 48 48 51 51 51 51 51 52 52 52 52 52 52 53 53 53 53 53 53 53 53 53 53 53 53 53 53 53 52 52 52 52 52 52 51 51 51 51 51 51 51 52 52 51 51 51 51 51 50 50 51 50 50 50 50 50 49 50 50 50 50 50 50 50 50 49 49 48 48 48 49 48 48 49 49 48 49 48 48 49 49 49 49 49 49 49 49 49 49 49 49 49 49 49 48 48 48 48 48 48 49 49 49 49 49 49 49 48 48 48 48 49 49 49 49 49 49 48 48 48 48 48 48 48 48 48 48 48 48 48 48 48 48 48 48 48 48 48 48 48 48 48 48 48 48 48 48 48 48 47 47 47 47 47 47 47 47 47 47 47 47 47 47 47 47 47 47 47 47 47 47 47 47 47 48 48 48 47 48 48 47 48 47 48 47 47 47 46 46 46 46 46 46 46 46 46 46 46 46 46 46 46 46 46 46 46 46 46 46 46 46 46 46 45 45 46 46 46 46 46 46 46 46 46 46 46 46 46 46 46 46 46 46 46 46 46 46 46 46 46 45 45 46 46 46 46 46 46 46 46 46 46 46 46 46 46 46 46 46 46 46 46 46 46 46 46 46 46 47 46 47 47 47 47 47 47 47 47 47 47 47 47 47 47 47 47 47 47 47 48 48 48 48 48 48 48 48 48 47 47 47 47 48 48 47 48 48 47 47 47 47 47 48 47 47 47 47 47 47 47 46 47 48 48 47 46 46 47 47 47 47 47 47 48 47 47 47 47 47 47 47 46 47 47 47 47 47 48 48 47 47 48 48 51 51 51 51 51 51 52 52 52 52 53 53 53 53 53 52 53 53 53 53 53 53 53 53 53 53 53 53 52 52 53 53 52 52 51 51 51 51 52 52 52 52 51 51 51 51 50 50 50 50 51 51 51 50 50 50 50 50 51 51 51 50 49 49 49 49 49 49 49 49 50 49 49 49 49 48 49 49 49 49 49 49 49 50 50 50 49 49 49 49 49 48 48 48 48 48 48 48 49 49 49 49 49 49 49 49 49 48 49 49 49 49 49 49 48 48 48 48 48 48 48 48 48 48 48 48 48 48 48 48 48 48 48 48 48 48 48 48 48 48 48 48 48 48 48 48 48 48 47 47 47 47 48 48 47 47 47 47 47 47 47 47 47 47 47 47 47 47 47 47 47 47 47 48 47 48 48 47 47 47 47 47 47 47 47 46 46 46 47 47 47 47 47 47 47 46 46 47 47 47 46 46 46 46 46 46 46 46 46 46 46 46 46 46 46 46 46 46 46 46 46 46 46 46 46 46 46 46 46 46 46 46 46 46 46 46 46 46 46 46 46 46 46 46 46 46 46 46 46 46 46 46 46 46 46 46 46 46 46 46 46 46 46 46 46 46 47 47 47 47 48 47 47 47 47 47 47 47 47 47 47 47 47 47 47 47 47 48 48 48 48 48 48 48 48 47 47 47 47 47 48 48 48 48 48 47 47 47 47 47 47 47 47 47 47 47 47 46 46 48 48 48 47 47 46 47 47 47 47 47 47 47 47 47 47 47 47 47 47 47 47 47 47 47 48 48 47 48 48 48 51 51 51 51 52 52 52 52 52 53 53 53 53 52 52 53 53 53 53 53 53 53 53 53 53 53 53 53 53 53 53 52 52 52 51 51 51 52 52 52 52 52 51 51 51 51 51 50 50 51 51 51 50 50 50 51 51 50 51 51 51 50 50 50 49 49 49 49 49 50 49 49 49 49 49 49 49 49 49 49 49 49 49 49 49 49 49 49 49 49 48 49 49 48 49 48 48 48 48 49 49 49 49 49 49 49 49 48 48 49 49 49 49 49 49 48 48 49 48 48 48 49 48 48 48 48 48 48 48 48 48 48 48 48 48 48 48 48 48 48 48 48 48 48 48 48 48 48 48 47 47 47 47 47 47 47 47 47 47 47 47 47 47 47 47 47 47 47 47 47 47 47 48 47 47 47 47 47 47 47 47 47 47 47 47 46 46 46 47 47 47 47 47 47 47 47 47 47 46 46 46 46 46 46 46 46 46 46 47 46 46 46 46 46 46 46 46 46 46 46 46 46 46 46 46 46 46 46 46 46 46 46 46 46 46 46 46 46 46 46 46 46 46 46 46 46 46 46 46 46 46 46 46 46 46 46 45 46 46 45 46 47 47 47 47 47 47 47 47 47 47 47 47 46 47 47 47 47 47 47 47 47 47 47 47 47 47 47 47 47 47 47 47 48 48 47 47 47 47 47 47 47 47 47 47 47 47 47 47 47 47 47 47 47 47 47 47 47 48 48 48 48 48 47 47 47 47 47 47 47 47 47 47 47 47 47 47 47 47 47 47 47 47 47 47 48 48 48 51 51 51 51 52 52 52 53 52 52 52 52 52 52 53 53 53 53 53 53 53 53 53 53 53 53 53 53 53 52 52 52 52 52 52 52 52 52 52 52 52 51 51 51 50 50 50 50 51 51 51 51 49 50 51 51 51 51 51 51 51 50 50 49 49 49 49 50 49 49 49 49 49 49 49 49 49 49 49 49 49 49 49 49 49 49 49 49 49 49 49 49 49 48 48 48 49 49 49 49 49 49 49 49 49 48 48 49 49 50 49 49 49 49 49 49 49 49 49 49 49 49 49 48 48 48 48 48 48 48 48 48 48 48 48 48 48 48 48 48 48 48 48 48 48 48 48 48 47 47 47 47 47 47 47 47 47 47 47 47 47 47 47 47 47 47 47 47 47 47 48 47 47 47 46 47 47 48 47 47 47 47 47 47 47 47 47 47 47 47 46 46 46 47 47 46 46 46 46 46 46 46 46 46 46 47 47 46 46 46 46 46 46 46 46 46 46 46 46 46 46 46 46 46 46 46 46 46 46 46 46 46 46 46 46 46 46 46 46 46 46 46 46 46 46 46 46 46 46 46 46 46 46 46 46 46 45 45 45 46 47 48 48 47 47 47 47 47 47 47 47 47 47 47 47 47 47 47 47 47 47 47 47 47 47 47 47 47 47 47 47 48 48 48 47 47 47 47 47 48 48 48 47 47 47 47 47 47 47 47 47 47 47 47 47 47 47 48 48 48 48 48 47 47 47 47 47 47 47 47 47 47 47 47 47 47 47 47 47 47 47 47 47 47 48 48 48 52 52 52 51 52 52 52 51 51 52 52 52 52 52 53 53 53 53 53 53 53 53 53 53 53 53 52 52 52 52 53 52 52 52 52 52 51 51 51 51 51 51 51 51 51 51 51 51 50 50 50 50 50 51 51 51 51 51 50 50 50 50 50 49 49 49 50 49 49 49 49 49 49 49 49 49 49 49 49 49 49 49 49 49 49 49 49 49 49 49 49 49 49 49 49 48 48 49 49 49 49 49 49 49 49 49 49 49 49 49 49 49 48 49 49 48 49 49 49 49 48 48 48 48 48 48 48 48 48 48 48 48 48 48 48 48 48 48 48 48 48 48 48 48 48 48 48 48 48 47 47 47 47 47 47 47 47 47 47 47 47 47 47 47 47 47 47 48 48 48 47 47 46 47 48 48 47 47 47 47 47 47 47 47 46 47 47 47 47 47 46 46 47 47 46 47 47 47 47 47 47 47 47 47 47 47 46 46 46 46 46 46 46 46 46 46 46 46 46 46 46 46 46 46 46 46 46 46 46 46 46 46 46 46 46 46 46 46 47 47 47 47 46 46 46 46 46 46 46 46 46 46 46 46 46 46 46 46 47 47 48 48 47 47 47 47 47 48 47 47 46 47 47 47 47 47 47 47 47 47 47 47 47 47 47 47 47 47 47 48 48 48 48 48 47 47 48 48 48 48 48 47 47 47 48 48 48 47 47 47 47 47 47 47 47 47 48 48 48 48 48 47 48 47 47 47 47 47 47 47 47 47 47 47 47 47 47 47 47 48 48 48 47 48 48 48 52 52 52 52 51 51 52 51 52 52 52 53 53 53 53 53 53 53 53 53 53 53 53 53 53 52 52 52 52 52 53 53 52 53 53 52 52 52 52 51 51 51 51 51 51 51 51 51 50 50 50 51 51 51 51 51 51 51 51 51 50 50 50 50 49 49 50 49 49 49 49 49 49 49 49 49 49 49 49 49 49 49 49 49 49 49 49 49 49 49 49 49 49 49 49 49 49 49 48 49 49 49 49 49 49 49 49 49 49 49 49 49 49 49 49 49 49 48 49 48 48 48 48 48 48 48 48 48 48 48 48 48 48 48 48 48 48 48 48 48 48 48 48 48 48 48 48 48 48 48 48 48 48 48 48 48 47 47 47 47 47 47 47 47 47 47 47 47 47 48 48 47 46 47 47 47 47 47 47 47 47 47 47 47 47 47 46 47 47 47 47 47 47 47 46 47 47 47 47 47 47 47 47 47 46 46 46 46 47 47 47 47 47 47 47 46 46 46 46 46 46 46 46 46 46 46 46 46 46 46 46 46 46 46 46 46 46 47 46 47 46 47 47 47 47 47 47 47 46 46 46 46 47 46 47 47 47 47 47 47 47 48 48 47 47 47 47 47 47 47 47 47 47 47 47 47 47 47 47 47 47 47 47 47 47 48 47 47 48 48 48 48 48 47 47 47 48 48 48 48 48 48 48 47 47 48 48 47 47 47 47 47 47 47 47 48 49 48 48 48 48 47 47 47 47 47 47 47 47 47 47 47 47 47 47 47 47 47 48 47 47 48 48 48 47 48 49 52 52 52 52 52 52 52 52 52 52 52 52 53 53 53 53 53 53 53 53 53 53 53 53 53 52 52 52 52 52 52 52 52 52 53 52 52 52 52 51 51 51 51 51 51 51 51 51 50 50 50 50 51 51 51 51 51 50 50 50 51 50 50 50 50 50 50 49 49 49 49 49 49 49 49 49 49 49 49 49 49 50 49 49 49 49 49 49 49 49 49 49 49 49 49 49 49 49 49 48 49 49 49 49 49 49 49 49 49 49 49 49 49 49 49 49 49 49 49 49 49 49 48 48 48 48 48 48 48 48 48 48 48 48 48 48 48 48 48 48 48 48 48 48 48 48 48 48 48 48 48 48 48 48 48 48 48 48 48 47 47 47 47 47 47 47 47 47 47 48 48 47 46 47 47 47 47 47 47 47 47 48 47 47 47 47 47 47 47 47 47 47 47 47 47 47 47 47 47 47 47 47 47 46 47 46 46 46 47 47 47 47 47 46 46 46 46 46 46 46 46 46 46 46 46 46 46 46 46 46 46 46 46 46 46 46 46 46 46 46 46 47 47 47 47 47 47 47 47 47 47 47 47 47 47 47 47 47 47 47 47 48 48 47 47 47 47 47 47 47 47 47 47 47 47 47 47 47 47 47 47 47 47 47 47 48 47 47 48 48 48 48 48 47 47 47 47 48 48 48 48 48 48 48 48 48 48 48 48 47 47 47 47 47 47 48 49 49 48 47 47 47 47 47 47 47 47 47 47 47 47 47 47 47 47 47 47 47 47 47 48 48 48 49 48 48 49 53 53 53 52 52 52 52 52 52 52 53 53 53 53 53 53 53 53 53 53 53 53 53 53 54 53 52 52 52 52 52 52 52 52 53 53 52 52 52 52 52 51 52 52 52 52 51 51 51 50 50 51 51 51 51 51 51 51 50 50 50 50 50 50 49 50 50 50 49 49 49 49 49 48 49 49 49 49 49 49 49 49 50 49 49 49 49 49 50 49 49 49 49 49 49 49 49 49 49 49 49 49 49 49 49 49 49 49 49 49 49 49 49 49 48 49 49 49 49 49 49 49 49 48 48 48 48 48 48 48 48 48 48 48 48 48 48 48 48 48 48 48 48 48 48 48 48 48 48 48 48 47 47 47 48 48 48 48 48 48 47 47 47 47 47 47 47 47 47 47 48 47 46 47 47 47 47 47 47 47 47 48 47 47 47 47 47 47 47 47 47 47 47 47 47 47 47 47 47 47 47 47 47 47 47 47 47 47 47 47 47 47 47 47 46 46 46 46 46 46 46 46 46 46 46 46 46 46 46 46 46 46 46 46 46 46 46 46 46 46 47 46 47 47 47 47 47 47 47 47 47 47 47 47 48 47 47 47 47 47 48 48 48 48 47 47 47 47 47 47 47 47 47 47 47 47 47 47 47 47 47 47 47 47 47 47 47 47 47 47 47 48 48 48 47 47 48 48 47 48 48 48 48 48 49 48 48 47 48 48 47 47 47 47 47 48 48 48 48 47 47 47 47 47 47 47 47 47 47 47 47 47 47 47 47 47 47 47 48 47 48 48 48 49 49 48 48 49 53 53 53 52 52 52 52 52 53 53 53 53 53 53 53 53 53 53 53 53 53 53 53 53 53 53 53 52 52 52 52 52 52 52 52 52 52 52 52 52 52 52 52 52 52 51 51 51 50 50 51 51 51 51 51 51 51 51 50 50 51 51 50 50 50 50 50 50 50 50 49 49 48 49 49 49 50 50 50 50 49 50 49 49 49 49 49 49 49 49 50 49 49 50 50 50 50 49 49 49 49 49 49 49 49 49 49 50 50 49 48 48 48 48 48 48 48 48 48 48 48 49 49 49 48 48 48 48 48 48 48 48 48 48 48 48 48 48 48 48 48 48 48 48 48 48 48 48 48 48 48 47 47 48 48 48 48 48 48 48 48 47 47 47 47 47 47 47 47 47 48 47 47 46 47 47 47 47 47 48 47 47 47 47 47 47 47 47 47 47 47 47 47 47 47 47 47 47 47 47 47 47 47 47 47 47 47 47 47 47 47 47 46 46 46 46 46 46 46 46 46 46 46 46 46 46 46 46 46 46 46 46 46 46 46 46 46 47 47 47 47 47 47 47 47 47 47 47 47 47 47 47 47 47 47 47 47 47 47 47 48 48 48 48 47 48 47 47 47 47 47 47 47 47 47 47 47 47 47 47 47 47 47 47 48 47 47 47 47 47 48 48 48 47 47 47 48 47 47 48 47 47 48 48 48 48 47 47 47 47 47 47 47 47 47 48 48 48 48 47 47 47 47 47 47 47 47 47 47 47 47 47 47 47 47 47 47 48 47 48 48 48 48 48 48 48 48 49 53 53 53 53 53 52 52 52 53 53 54 53 53 53 53 53 53 53 53 53 53 53 53 53 53 53 54 53 52 52 52 52 52 52 52 52 51 52 52 52 52 52 52 52 51 51 51 51 50 50 51 51 51 51 51 51 51 50 50 50 50 50 50 50 50 50 50 50 49 48 49 48 49 49 49 49 49 49 50 50 50 50 49 49 49 50 49 49 49 49 50 50 50 50 50 50 50 50 50 50 50 49 49 49 49 49 50 50 50 48 48 49 49 49 48 49 48 48 48 48 48 48 49 49 49 48 48 48 48 48 48 48 48 48 48 48 48 48 48 48 48 48 48 48 48 48 48 48 48 48 48 48 48 48 48 48 48 48 48 48 48 48 48 47 47 47 47 47 47 47 47 47 47 47 47 47 46 47 47 47 47 47 47 47 47 47 47 47 47 47 47 47 47 47 47 47 47 47 47 47 47 47 47 47 47 47 47 47 47 47 47 47 46 46 46 46 46 46 46 46 46 46 46 46 46 46 46 46 46 46 46 46 46 46 46 46 46 46 47 47 47 47 47 47 47 47 47 47 47 47 47 47 47 47 47 47 47 47 47 47 47 48 47 47 47 47 48 47 47 47 47 47 47 47 47 47 47 47 47 47 47 47 47 47 48 47 47 47 47 48 48 48 48 48 47 47 48 47 47 47 47 48 48 48 48 48 47 47 47 47 47 47 47 47 47 47 47 48 47 47 47 47 47 47 47 47 47 47 47 47 47 47 47 47 47 47 47 48 48 48 48 47 47 48 48 48 48 48 48 49 53 53 53 53 52 52 52 53 53 53 53 54 54 54 54 53 53 53 53 53 53 53 53 53 53 54 54 53 52 52 52 52 52 52 52 51 51 52 52 52 52 52 52 51 51 51 50 51 51 51 51 51 52 52 51 51 51 51 51 51 50 50 49 49 49 49 49 48 48 49 49 49 49 49 49 49 49 50 50 50 50 50 50 50 50 49 49 49 49 49 50 50 50 50 50 50 50 50 50 50 49 49 49 50 50 49 49 49 48 49 50 50 50 49 48 49 48 48 48 48 48 48 48 48 48 48 48 48 48 49 49 48 48 48 48 48 48 48 48 48 48 49 48 48 48 48 48 48 48 48 48 48 48 48 48 48 48 48 48 48 48 48 48 47 47 47 47 47 47 47 47 47 47 47 47 47 47 47 47 47 47 47 47 47 47 47 47 47 47 47 47 47 47 47 47 47 47 47 47 47 47 47 47 47 47 47 47 47 47 47 47 47 47 47 47 46 46 46 46 46 46 46 46 46 46 46 46 46 46 46 46 46 46 46 46 46 46 47 47 47 46 47 47 47 47 47 47 47 47 47 47 47 47 47 47 47 47 47 47 47 48 47 47 48 48 47 47 47 47 47 47 47 47 47 47 47 47 47 47 47 47 47 47 47 47 47 47 47 47 47 47 48 48 48 47 47 47 47 48 48 48 48 49 48 48 47 47 47 47 47 47 47 47 47 47 47 47 47 47 47 47 47 47 47 47 47 47 47 47 47 47 47 47 47 47 47 47 47 48 48 48 48 48 48 47 48 48 48 48 49 52 52 52 53 53 53 52 52 52 52 52 52 53 54 54 54 54 54 53 53 53 53 53 53 53 53 53 54 53 53 53 52 52 52 52 52 52 51 51 51 52 52 52 52 52 51 50 51 52 52 52 51 51 52 51 51 51 51 51 51 50 50 50 50 50 49 50 50 50 50 49 48 49 49 50 50 50 50 50 50 50 50 50 50 50 50 50 50 49 49 49 50 49 50 50 50 50 50 50 50 50 50 50 50 49 49 49 49 50 49 49 49 50 50 50 49 49 48 48 48 48 48 48 48 48 48 48 48 48 48 48 49 49 48 48 48 49 49 49 48 48 48 48 48 48 48 48 48 47 48 48 48 48 48 48 48 48 48 48 47 48 48 48 48 48 48 47 47 47 47 47 48 48 47 47 47 47 47 47 47 47 47 47 47 47 47 47 47 47 47 47 47 47 47 47 47 47 47 47 47 47 47 47 47 47 47 47 47 47 47 47 47 47 47 47 47 47 47 47 47 46 46 46 46 46 46 46 46 46 46 46 46 46 46 46 46 46 47 47 47 47 47 46 47 47 47 47 47 47 47 47 47 47 47 47 47 47 47 47 47 47 47 47 47 47 47 47 47 47 46 47 47 47 47 47 47 47 47 47 47 47 47 47 47 47 47 47 47 47 47 47 47 48 48 48 48 47 48 48 48 48 48 48 48 48 48 47 47 47 47 47 48 48 47 47 48 48 47 47 48 48 48 48 48 47 47 47 47 47 47 47 47 47 47 47 47 47 48 48 48 48 47 48 48 48 47 47 47 48 48 48 48 48 49 49 52 52 52 52 52 53 53 53 52 52 52 52 52 53 54 53 53 53 54 54 54 53 53 53 54 53 53 53 53 54 54 54 53 53 53 53 53 52 52 52 51 51 51 51 51 51 51 51 51 52 52 52 52 52 52 52 51 51 51 51 51 51 50 51 51 50 49 50 50 51 51 49 49 49 49 49 49 49 49 50 50 50 50 50 50 50 50 50 50 50 50 50 50 50 50 50 50 50 50 50 50 50 50 50 50 50 49 50 50 50 49 50 50 49 50 50 50 49 49 48 48 49 48 48 47 48 48 48 48 48 48 48 49 49 49 48 48 48 49 49 49 48 48 49 49 49 49 49 48 48 48 48 48 48 48 48 48 48 48 48 48 48 48 48 48 48 48 48 47 47 47 47 47 47 47 47 48 47 47 47 47 47 47 47 47 47 47 47 47 47 47 47 47 47 47 47 47 47 47 47 47 47 47 47 47 47 47 47 47 47 47 47 47 47 47 47 47 47 47 47 47 47 46 46 46 46 47 46 46 46 46 46 46 46 46 46 46 46 46 47 47 47 47 47 47 47 47 47 47 47 47 47 47 47 47 47 47 47 47 47 47 48 47 47 48 48 48 47 48 47 47 47 47 47 47 47 47 47 47 47 47 47 46 46 47 47 47 47 47 47 47 47 47 47 48 48 47 47 48 48 48 48 48 48 48 48 48 48 48 48 48 48 48 48 48 47 47 48 48 47 47 47 47 48 48 47 47 47 47 47 47 47 47 47 47 47 48 48 47 48 48 48 48 48 47 47 47 47 48 48 48 48 48 48 48 49 51 51 51 52 52 52 53 53 53 53 52 53 53 53 53 53 53 53 52 52 53 53 53 53 53 54 54 54 53 54 53 54 54 54 53 53 53 53 53 53 53 52 52 52 52 52 52 52 51 51 51 52 52 51 52 52 52 52 52 51 51 51 50 50 50 50 50 49 50 50 50 50 49 49 49 49 49 49 49 49 50 50 49 50 50 50 50 50 50 50 50 50 50 50 50 50 50 50 50 50 50 50 50 50 50 51 51 50 50 50 50 49 50 51 50 50 50 51 50 49 49 48 48 48 48 47 48 49 48 48 48 48 49 49 49 49 49 49 49 49 49 49 49 48 49 48 49 49 49 49 48 48 48 48 48 48 48 48 48 48 48 48 48 48 48 48 48 48 48 48 47 47 47 47 47 47 47 47 47 48 47 47 47 47 47 47 47 47 47 47 47 47 47 47 47 47 47 47 47 47 47 47 47 47 47 47 47 47 47 47 47 47 47 47 47 47 47 47 47 47 47 47 47 46 46 46 47 47 47 47 47 46 46 46 46 46 46 46 46 47 47 47 47 47 47 47 47 47 47 47 47 47 47 47 47 47 47 47 47 47 47 47 48 47 47 47 47 48 48 48 48 48 47 47 47 47 47 47 47 47 47 47 47 47 47 46 46 46 47 47 47 47 47 47 47 47 47 47 47 47 47 48 48 48 48 48 48 48 48 48 48 48 48 48 48 48 48 47 47 48 48 48 47 47 47 48 48 47 47 47 47 47 47 47 47 47 48 48 48 48 48 48 48 48 48 48 48 48 47 47 47 47 47 48 48 48 48 49 51 51 51 51 51 51 52 51 52 52 52 53 52 53 52 53 53 53 53 54 53 53 52 52 53 53 53 54 53 53 53 53 53 53 53 53 52 52 52 53 53 53 53 53 53 53 53 53 53 53 52 51 52 52 52 52 51 52 52 52 52 52 52 52 51 50 50 50 50 50 50 50 49 49 49 49 50 49 49 49 49 49 50 49 49 50 50 50 50 50 50 50 50 50 51 50 50 50 50 50 51 51 50 51 50 50 50 50 51 51 50 50 49 49 50 51 51 51 51 50 50 50 49 48 48 48 47 48 49 49 49 49 50 50 49 49 49 49 49 50 49 49 48 48 48 48 49 49 49 49 49 49 48 48 48 48 48 48 48 48 48 48 48 48 48 48 48 48 48 48 48 47 47 47 47 47 47 47 47 47 47 47 47 47 47 47 47 47 47 47 47 47 47 47 47 47 47 47 47 47 47 47 47 47 47 47 47 47 47 47 47 47 47 47 47 47 47 47 47 47 47 47 47 47 47 46 46 47 47 47 47 47 47 47 47 47 47 47 46 46 46 46 47 47 47 47 47 47 47 47 47 47 47 47 47 47 47 47 47 47 47 48 47 47 47 48 47 47 47 47 48 48 48 48 48 47 47 47 47 47 47 47 47 47 47 47 47 47 47 47 47 47 47 47 46 47 47 47 47 47 47 47 47 47 47 48 48 47 47 48 48 48 48 47 48 48 48 48 48 48 48 47 47 47 47 47 47 48 48 48 47 47 47 47 47 47 47 47 47 47 47 47 47 47 47 48 48 48 49 49 48 48 48 48 48 48 48 48 48 51 51 52 52 51 51 51 51 50 51 51 52 52 52 52 52 53 53 53 53 53 53 53 52 53 53 53 53 53 53 53 54 54 54 54 53 52 52 52 52 52 52 52 52 52 52 53 52 52 52 52 51 52 52 52 52 51 51 51 51 51 51 52 52 51 50 50 51 51 51 50 49 49 49 49 50 50 49 50 49 49 49 49 49 50 50 51 50 50 49 49 50 50 51 50 50 50 50 50 51 50 50 51 51 51 51 51 51 51 51 50 50 49 49 50 50 51 51 50 50 49 49 49 49 49 48 48 47 48 48 49 49 49 50 50 50 50 49 49 48 49 49 49 49 49 48 49 49 49 49 49 49 49 48 48 48 48 48 48 48 48 48 48 48 48 48 48 48 48 48 47 47 47 47 48 48 48 47 47 47 47 47 47 47 47 47 47 47 47 47 47 47 47 47 47 47 47 47 47 47 47 47 47 47 47 47 47 47 47 47 47 47 47 47 47 47 47 47 47 47 47 47 47 47 47 46 47 47 47 47 47 47 47 47 47 47 47 47 47 46 46 46 47 47 47 47 47 47 47 47 47 47 47 47 47 47 47 47 47 47 47 48 48 47 47 47 47 48 47 47 47 48 48 48 47 47 47 47 47 48 47 47 47 47 47 47 47 48 48 47 47 47 47 47 47 47 47 47 48 48 48 48 48 47 47 47 47 47 48 48 48 48 48 47 47 48 48 48 47 48 48 48 48 48 47 47 47 48 48 48 47 47 47 47 47 47 47 47 47 47 48 48 48 48 48 48 48 48 48 49 49 49 49 48 48 48 48 48 48 51 51 51 52 52 52 52 52 51 50 50 51 51 52 52 52 53 53 53 53 53 52 52 52 52 53 53 53 54 54 54 54 54 54 54 53 53 53 53 53 53 52 52 52 52 52 52 51 52 52 51 51 52 52 52 52 52 52 52 52 51 51 52 51 51 50 50 51 50 50 49 49 50 50 50 50 50 50 50 50 49 49 49 50 50 50 50 50 49 50 50 50 51 50 50 50 51 51 50 50 50 50 50 50 51 51 51 51 51 50 50 50 50 50 50 50 51 51 50 50 49 49 49 49 48 48 48 48 49 49 49 49 50 51 50 49 48 49 49 48 49 48 48 48 48 49 49 49 49 49 49 49 49 49 48 48 48 48 48 48 48 48 48 48 48 48 48 48 48 47 48 48 48 48 48 48 48 48 47 47 47 47 47 47 47 47 47 47 48 48 48 48 48 48 48 48 47 47 47 47 47 47 47 47 47 47 47 47 47 47 47 47 47 47 47 47 47 47 47 47 47 47 47 47 47 47 47 47 47 47 47 47 47 47 47 47 46 46 46 46 47 46 46 46 46 47 47 47 47 47 47 47 47 47 47 47 47 47 47 47 48 48 47 47 48 48 48 48 47 47 47 48 48 47 48 47 47 47 49 48 47 48 47 47 47 47 48 48 48 48 48 48 48 48 48 48 48 49 49 48 48 48 47 47 47 47 47 47 48 48 49 48 47 47 47 47 47 47 47 48 48 48 48 48 48 47 47 48 48 47 47 47 47 47 47 47 47 48 48 48 48 49 49 49 48 48 49 49 48 48 49 49 49 48 49 48 48 49 48 54 51 51 51 51 52 52 52 52 52 52 53 52 51 51 51 51 51 51 52 53 53 53 53 53 52 52 52 53 53 53 53 53 54 54 54 54 54 54 53 53 53 54 54 54 53 53 53 53 52 52 52 53 53 52 52 52 52 52 53 53 53 53 52 51 52 53 53 52 51 51 51 51 50 50 50 50 50 50 51 51 50 49 49 50 50 50 49 49 49 49 50 50 50 50 51 51 50 50 51 51 51 50 50 50 51 51 50 51 51 51 51 50 50 50 51 50 50 50 50 50 51 50 49 49 49 49 49 49 49 48 48 49 49 49 49 50 51 50 50 50 49 49 49 49 49 49 49 48 49 49 49 49 49 49 49 49 49 48 48 48 48 48 48 48 48 48 48 48 48 48 48 48 48 48 48 48 48 48 48 48 48 48 47 47 47 47 47 47 47 47 47 48 48 48 48 48 48 48 48 48 48 48 47 47 47 47 47 47 47 47 47 47 47 47 47 47 47 47 47 47 47 47 47 47 47 47 47 47 47 47 47 47 47 47 47 47 47 47 47 47 47 46 46 47 47 47 47 47 47 47 47 47 47 47 47 47 47 47 47 47 47 47 47 48 48 47 47 47 47 48 48 48 48 48 48 48 48 48 47 47 47 48 48 48 48 48 48 48 48 48 48 49 49 49 49 49 49 49 49 49 49 48 49 49 48 48 47 47 47 48 48 48 48 49 48 48 47 47 47 47 47 47 47 47 48 48 48 48 48 47 48 48 48 47 47 47 47 47 47 47 48 48 48 48 48 49 49 48 48 48 48 49 49 49 49 49 49 49 49 49 49 49 54 54 53 52 51 51 51 51 51 51 52 52 52 52 53 53 52 52 52 52 51 51 51 52 52 53 53 52 52 52 53 53 53 53 53 53 53 53 53 54 54 54 54 53 54 53 53 53 53 53 53 54 53 53 53 53 53 53 53 53 52 52 53 53 53 53 53 52 51 52 52 52 52 52 52 51 51 51 51 51 50 50 50 50 50 50 50 50 50 50 50 50 49 49 49 50 50 50 51 50 50 51 51 50 50 50 50 51 51 50 51 51 52 52 52 51 51 52 52 51 51 51 50 51 51 50 50 50 49 49 49 48 49 49 48 48 48 49 50 51 50 50 50 50 50 50 50 50 49 49 48 48 49 49 49 49 49 49 49 49 49 48 48 48 48 48 48 48 48 48 48 48 48 48 47 48 48 48 48 48 47 47 48 48 48 48 48 47 47 47 47 47 47 47 47 48 48 48 48 48 48 48 48 48 48 48 48 48 48 48 47 47 47 47 47 47 47 47 47 47 47 47 47 47 47 47 47 47 47 47 47 47 47 47 47 47 47 47 47 47 47 47 47 47 47 47 47 47 47 47 47 47 47 47 47 47 47 47 47 47 47 47 47 47 47 47 47 48 48 47 47 47 48 48 48 48 48 48 48 49 49 48 48 48 48 48 49 49 49 49 49 49 48 48 49 49 49 49 49 49 49 49 49 49 49 49 49 48 48 48 48 47 48 48 48 48 48 48 48 47 47 47 47 47 48 48 48 48 47 48 48 48 48 48 48 48 48 47 47 47 47 47 47 48 48 48 48 48 48 49 49 49 48 48 49 48 48 49 49 49 49 50 50 49 50 50 53 53 53 54 54 54 54 54 54 54 54 53 52 51 51 51 51 51 50 51 51 51 51 51 52 53 53 52 53 53 52 52 52 51 52 53 53 52 52 52 53 53 53 53 53 53 53 53 53 53 54 54 54 54 54 53 53 53 53 53 53 53 53 53 53 53 53 53 53 53 52 52 52 53 53 54 53 52 52 51 51 52 52 52 52 52 51 51 50 50 50 50 50 50 50 51 50 50 50 50 51 50 50 50 49 50 50 50 51 51 50 51 50 50 51 50 50 50 50 50 51 52 51 52 52 52 52 53 53 52 52 52 51 52 51 50 51 51 50 49 49 49 49 49 49 49 48 48 49 50 50 50 49 49 49 49 50 49 49 49 48 49 49 49 49 49 49 49 49 49 50 49 49 49 48 48 48 48 48 48 48 48 48 48 48 48 48 48 48 48 47 48 48 48 48 48 48 48 48 48 48 48 47 47 47 47 47 48 48 48 48 48 48 48 48 48 48 48 48 48 48 48 47 47 47 47 47 47 47 47 47 47 47 47 47 47 47 47 47 47 47 47 47 47 47 47 47 47 47 47 47 47 47 47 47 47 47 47 47 47 47 47 47 47 47 47 47 47 47 47 47 47 47 47 47 47 47 48 48 48 47 47 47 48 48 48 48 49 48 48 48 48 48 48 48 48 48 49 49 49 49 49 49 49 48 48 48 49 49 49 49 49 49 49 49 49 49 49 49 49 49 48 48 48 48 48 48 48 48 48 47 47 47 47 48 48 48 48 48 48 48 48 48 48 48 48 48 47 47 47 48 48 47 48 48 48 48 48 48 49 49 49 49 49 49 49 48 48 49 50 49 49 49 49 49 50 53 53 53 53 54 54 53 53 52 52 52 52 51 51 52 52 51 51 52 53 51 51 51 51 51 51 51 51 51 52 53 53 53 53 52 52 52 52 52 52 52 53 53 52 53 53 53 53 53 53 53 53 53 54 54 54 54 54 54 53 53 54 54 54 53 53 52 52 52 53 53 53 52 52 52 52 52 53 53 53 53 53 52 52 52 52 52 52 52 52 51 51 51 50 50 50 51 51 50 51 51 51 50 50 50 50 50 49 49 50 51 51 51 50 50 51 51 52 51 51 51 51 51 51 52 51 51 52 52 52 53 53 53 53 52 52 52 51 51 51 51 50 50 49 50 49 49 49 48 49 48 49 49 49 49 49 49 49 49 50 50 50 49 49 49 50 49 49 49 50 50 50 50 50 50 50 49 49 49 49 48 48 48 49 48 48 48 48 48 48 48 48 48 47 47 48 48 48 48 48 48 48 47 47 47 47 48 47 47 47 48 47 47 47 48 48 48 48 48 48 48 48 48 48 47 47 47 47 47 47 47 47 47 47 47 47 47 47 47 47 47 47 47 47 47 47 47 47 47 47 47 47 47 47 47 47 47 47 47 47 47 47 47 47 47 47 47 47 47 47 47 47 47 47 47 47 47 47 47 47 48 48 48 48 47 47 48 48 48 48 48 48 48 48 48 48 48 48 48 48 49 49 48 49 49 49 49 48 48 48 48 48 49 49 49 49 49 49 49 49 49 49 49 49 48 48 48 48 48 48 48 48 48 47 47 47 47 47 48 48 48 48 48 48 48 48 48 48 48 48 48 48 48 48 48 48 48 48 48 48 48 48 48 49 49 49 50 49 49 49 48 48 49 49 49 49 49 49 50 54 53 53 53 54 54 54 53 52 52 52 52 52 52 53 52 52 52 51 51 51 52 52 52 52 53 53 54 53 52 51 51 51 51 51 51 51 52 52 52 53 53 53 53 53 53 53 52 52 53 53 53 52 52 53 53 53 53 53 53 53 53 53 54 54 54 54 54 54 54 53 54 54 54 53 53 53 53 53 53 53 53 53 53 53 53 53 53 53 53 53 53 53 53 52 52 52 52 52 51 51 50 50 51 51 51 51 50 51 51 51 51 51 51 51 50 50 49 50 50 50 50 50 50 50 50 50 51 51 51 51 52 52 52 51 52 52 52 52 52 52 52 52 52 52 52 52 52 52 52 50 49 49 49 49 49 49 49 48 48 48 48 48 49 49 48 49 49 50 50 50 49 49 49 50 50 49 49 49 49 49 49 50 50 50 50 50 50 49 49 49 49 49 49 48 48 48 48 48 48 48 48 48 48 47 48 48 48 48 48 47 47 48 48 48 48 48 48 48 48 48 48 48 48 48 48 48 47 48 47 47 47 47 47 47 47 47 48 47 47 47 47 47 47 47 47 47 48 47 47 48 48 47 47 47 47 47 47 47 47 47 47 47 47 47 47 47 47 47 47 47 47 47 47 47 48 47 47 47 47 47 47 47 47 47 47 47 47 47 48 48 48 48 47 47 48 47 48 48 48 48 48 48 48 48 48 48 48 48 48 48 48 48 48 48 49 49 48 48 48 49 49 49 49 49 49 49 49 49 49 49 49 49 48 48 48 48 48 49 48 48 48 48 47 47 47 47 48 48 48 48 48 48 48 48 48 48 48 48 48 47 47 47 48 48 48 48 48 48 48 48 48 48 49 49 49 49 49 49 49 49 49 49 49 49 50 50 50 54 53 54 54 54 54 53 53 52 53 53 53 53 53 53 53 52 52 52 51 52 52 52 52 52 53 53 52 52 52 51 51 51 51 52 52 51 51 52 52 53 53 53 53 53 53 53 53 53 53 53 53 52 53 53 53 54 54 54 54 54 53 53 53 53 53 54 54 54 54 54 54 54 54 54 53 54 54 54 54 54 54 53 53 52 53 53 53 53 53 53 53 52 52 51 51 52 52 51 51 50 51 51 52 51 51 50 51 51 52 51 51 51 51 51 51 50 50 50 50 50 50 50 51 51 51 50 51 51 51 52 52 52 51 51 52 52 52 52 52 52 51 51 51 52 52 52 53 52 51 50 50 50 49 49 49 49 49 49 49 48 48 48 48 48 50 49 49 49 49 49 49 50 50 50 50 50 50 50 50 50 50 50 50 50 50 50 51 50 50 50 50 50 50 49 49 49 48 48 48 48 48 48 48 48 48 48 48 47 48 48 48 48 48 48 48 48 48 48 48 48 48 48 48 48 48 48 48 48 48 47 48 48 47 47 47 47 47 47 48 48 48 48 48 48 48 48 47 47 48 48 47 47 47 48 48 48 48 48 48 48 47 47 47 47 47 47 47 47 47 47 47 47 47 48 47 47 47 47 47 47 47 47 47 48 48 48 47 48 48 48 48 48 47 47 48 48 48 48 48 48 48 48 48 48 48 48 47 47 48 48 48 48 48 49 49 49 48 48 49 49 49 49 49 49 49 49 49 49 49 49 49 49 49 48 48 48 48 48 49 49 48 48 47 47 47 47 48 48 48 48 48 48 48 48 48 48 47 47 48 47 47 47 48 48 48 48 48 48 48 48 48 48 49 48 49 49 49 49 49 49 49 49 49 49 50 50 54 54 54 54 54 55 54 54 53 53 53 53 54 54 54 53 52 52 51 52 52 51 52 52 52 52 52 52 51 51 52 51 51 51 51 51 52 52 52 52 52 52 52 53 53 53 53 53 53 53 53 52 53 53 53 53 54 54 54 54 53 53 53 53 53 54 54 54 54 54 54 54 54 54 54 54 54 54 54 54 54 54 53 53 53 54 54 53 53 53 53 52 51 51 51 52 51 51 51 51 51 52 52 51 51 51 51 51 51 51 51 51 51 50 51 51 51 50 50 51 51 51 51 52 51 51 51 52 52 52 52 52 51 51 52 52 52 52 52 52 51 51 51 51 52 52 52 52 52 51 51 51 50 49 50 50 50 49 49 48 48 48 48 49 50 50 50 49 49 49 50 50 50 50 50 50 50 50 50 50 50 51 51 50 50 50 51 51 51 51 51 51 50 50 50 49 49 49 49 49 48 48 48 48 48 48 48 48 48 48 48 48 48 48 48 48 48 48 48 48 48 48 48 48 48 48 48 48 48 48 48 48 48 48 48 47 47 47 48 48 48 48 48 48 48 48 47 47 48 48 47 47 47 47 47 48 48 48 48 48 48 47 47 47 47 47 47 47 47 47 47 47 48 48 47 47 47 47 47 47 47 47 47 47 48 48 48 48 48 48 48 48 48 47 48 48 48 48 48 48 48 48 48 48 48 48 48 48 48 48 48 48 48 48 49 49 48 48 49 49 49 49 49 49 49 49 49 48 49 49 49 49 49 49 49 49 49 48 49 49 49 48 48 48 48 48 48 47 47 47 47 47 47 47 47 47 47 48 48 48 47 47 48 48 48 48 48 48 48 48 48 48 48 48 48 49 49 49 49 49 50 50 49 49 49 50 54 54 54 54 55 55 55 55 54 54 54 54 54 54 54 53 52 52 51 52 52 52 52 52 52 52 52 52 52 52 51 51 51 51 51 52 52 52 52 53 52 52 52 52 53 53 53 53 54 54 54 53 52 52 53 53 54 54 54 54 54 54 54 54 54 54 54 54 54 54 54 54 54 54 54 54 54 54 54 53 53 53 53 53 54 54 54 55 54 54 54 54 53 52 51 51 51 51 51 52 51 52 52 52 51 52 52 51 51 51 51 51 51 51 50 51 51 50 50 50 51 51 51 52 52 52 52 52 52 52 52 51 51 51 51 51 51 52 53 52 52 52 51 51 50 51 51 51 51 52 52 52 52 51 51 50 51 50 50 49 48 48 48 49 49 50 50 50 50 50 50 50 50 50 50 50 50 50 50 50 50 51 51 51 51 51 51 51 50 50 50 50 50 50 50 50 50 50 50 49 49 48 48 48 48 48 48 49 48 48 48 48 48 48 48 48 48 48 48 48 48 48 48 48 48 48 48 48 48 48 48 48 48 48 48 48 47 47 48 48 48 48 48 48 48 48 48 47 47 47 48 48 47 47 47 47 48 48 48 48 48 48 48 47 47 47 47 47 47 47 47 47 47 48 48 47 48 47 48 47 47 47 47 47 47 47 48 48 48 48 48 48 48 48 48 48 48 48 48 48 48 48 48 48 48 48 48 48 48 48 48 48 48 48 48 48 49 48 49 49 49 49 49 49 49 48 48 48 49 49 49 49 49 49 49 49 49 49 49 49 49 49 49 48 48 48 48 47 47 47 47 47 47 47 47 47 47 48 48 48 48 48 47 48 48 48 48 48 48 49 48 48 48 48 49 48 49 49 49 49 49 49 49 49 49 49 50 50 54 54 55 55 55 55 54 54 53 53 53 54 54 54 53 53 52 52 51 52 53 52 52 53 52 52 53 53 53 52 52 52 51 52 51 51 51 51 51 51 52 53 53 52 52 52 52 53 53 53 53 54 54 54 53 53 53 53 54 54 54 54 54 54 54 54 54 54 54 54 54 54 54 54 54 54 54 54 54 54 54 54 54 53 53 53 53 53 53 53 53 54 54 53 53 52 51 52 52 52 51 52 52 52 53 52 52 52 52 52 52 51 50 51 51 51 51 50 50 50 50 50 50 50 51 51 51 52 52 52 52 52 52 52 52 52 51 51 51 52 52 52 52 52 52 52 51 50 50 51 51 51 51 52 52 52 52 51 50 50 49 49 48 48 48 49 49 49 50 50 50 51 51 51 51 51 51 51 51 51 51 51 51 51 52 51 51 51 51 51 51 51 51 50 50 50 51 50 50 50 50 49 49 49 49 49 48 48 48 48 49 49 48 48 48 48 48 48 48 48 48 48 48 48 48 48 48 48 48 48 48 48 48 48 48 48 48 48 47 47 48 48 48 48 48 48 48 48 48 47 47 48 48 48 48 48 48 47 47 48 48 48 48 48 48 48 47 47 47 47 47 47 47 47 47 48 48 48 48 48 48 47 47 47 47 47 47 47 47 48 48 48 48 48 48 48 48 48 48 48 48 48 48 48 48 48 48 48 48 48 48 48 48 48 48 48 48 48 49 48 49 48 49 49 49 48 48 48 48 49 49 49 49 49 49 49 48 48 48 48 48 49 48 48 48 48 48 48 48 48 47 47 47 47 47 48 48 47 47 48 48 48 48 47 47 48 48 48 48 48 48 48 48 48 49 49 48 48 49 49 48 49 49 49 49 49 49 49 49 49 55 55 54 55 55 55 55 54 53 53 53 53 53 54 54 53 53 52 52 53 53 53 52 52 53 53 53 52 53 53 53 53 52 52 52 51 51 51 51 51 51 52 52 52 52 52 52 52 52 52 52 53 53 53 53 53 53 53 53 53 53 54 54 54 54 54 54 54 54 54 54 54 54 54 54 54 54 54 54 54 54 54 54 54 55 54 53 54 54 54 54 53 53 53 53 52 52 52 52 52 52 52 52 52 53 52 52 52 52 51 51 51 51 50 50 50 50 50 50 51 51 51 51 51 50 50 50 51 52 52 52 52 52 52 52 52 52 51 51 50 51 51 52 52 52 51 51 51 51 50 51 51 50 50 51 51 51 51 51 50 50 49 49 48 48 49 49 50 49 50 50 51 51 51 51 50 51 51 51 51 51 51 52 52 52 51 51 51 50 50 50 51 51 51 50 50 50 50 50 50 50 50 50 50 50 50 49 49 48 48 48 49 49 49 49 49 48 48 48 48 48 48 48 48 48 48 48 48 48 48 48 48 48 48 48 48 48 48 48 47 47 48 48 48 48 48 48 48 48 47 47 48 48 48 48 48 48 48 48 48 48 48 48 48 48 48 48 48 47 47 47 47 47 47 47 48 48 48 48 48 48 47 47 47 47 48 47 47 47 47 47 48 48 48 48 48 48 48 48 48 48 48 48 48 48 48 48 48 48 48 48 48 48 48 48 48 48 48 48 48 48 49 49 48 48 48 48 48 48 49 49 49 49 48 48 48 48 48 48 48 48 48 48 48 48 48 48 48 48 47 47 47 48 47 47 48 48 48 47 47 47 48 48 48 48 47 47 47 48 48 48 48 48 48 48 48 48 48 48 48 48 48 48 48 48 49 49 49 49 49 50 56 56 55 55 55 54 54 55 55 54 54 54 53 53 53 53 52 52 51 52 53 54 53 52 53 53 54 54 53 53 54 54 53 53 53 52 52 52 51 51 51 51 51 51 51 52 53 53 53 53 53 52 52 52 53 53 53 53 53 53 53 53 53 54 54 54 54 54 54 54 54 54 54 54 54 54 54 54 53 54 54 54 54 54 54 55 55 54 54 55 55 55 54 53 53 53 52 52 52 52 52 52 52 52 53 53 52 51 51 52 51 51 50 51 51 51 51 51 51 50 51 51 51 52 51 50 51 50 51 52 52 52 51 51 52 52 52 52 52 52 51 51 51 51 52 51 50 50 50 50 50 50 50 50 50 50 51 51 51 51 51 51 50 49 48 48 48 49 50 50 50 51 51 51 51 50 50 51 51 50 50 51 51 51 52 52 52 51 51 50 50 50 50 51 50 51 50 50 50 50 50 51 51 51 50 50 50 50 50 49 49 49 49 49 49 49 49 49 49 48 48 48 48 48 48 48 48 48 48 48 48 48 48 48 48 48 48 48 48 47 48 48 48 48 48 48 48 48 48 48 48 48 48 48 48 48 48 48 48 48 48 48 48 48 48 48 48 48 47 47 47 47 48 47 47 47 47 48 48 48 48 48 47 47 47 47 48 48 47 47 47 47 48 48 48 48 48 48 48 48 48 48 48 48 48 48 48 48 48 48 48 48 48 48 48 48 48 48 48 48 48 48 48 49 48 48 49 49 49 49 49 49 49 48 48 48 48 48 48 48 48 48 48 48 48 48 48 48 48 48 47 47 48 48 47 47 48 48 48 48 48 47 47 48 48 48 47 47 48 48 48 48 48 48 48 48 48 48 48 48 48 49 49 49 49 49 49 49 49 49 49 50 50 55 55 55 55 56 55 54 54 55 54 53 53 54 53 52 52 52 52 52 52 53 53 53 53 52 52 53 53 54 54 54 54 54 54 54 54 53 53 53 52 52 52 52 51 51 52 52 53 53 53 53 54 53 53 52 52 52 52 53 53 53 53 53 53 53 54 54 54 54 54 53 53 54 54 54 54 53 53 53 53 53 54 54 54 54 54 54 54 55 54 55 55 55 54 54 54 53 52 52 52 52 52 52 52 52 53 52 52 52 51 51 51 51 51 51 52 52 52 51 51 50 51 51 52 52 52 52 52 52 52 52 52 52 52 51 52 52 52 53 52 52 52 51 51 51 51 50 50 51 51 50 50 50 49 50 50 50 51 51 51 51 51 51 51 50 49 48 49 49 50 50 50 51 51 51 50 50 50 51 50 50 50 50 50 51 51 51 51 51 50 50 50 50 50 50 50 50 50 50 51 51 51 51 51 50 50 50 50 50 50 50 49 49 49 49 49 49 49 49 49 49 49 49 48 49 48 48 48 48 48 48 48 48 48 48 48 48 48 48 48 48 48 48 48 48 48 48 48 48 48 48 48 48 48 48 48 48 48 48 48 48 48 48 48 48 48 48 48 48 47 47 47 48 48 48 47 47 47 48 48 48 48 47 47 47 47 48 48 48 48 47 47 47 48 48 48 48 48 48 48 48 48 48 48 48 48 48 48 48 48 48 48 48 48 48 48 48 48 48 48 48 49 49 48 48 48 48 48 48 48 48 48 49 49 48 48 48 48 48 48 48 48 48 48 48 48 48 48 48 48 48 47 47 48 48 48 48 48 48 48 48 48 48 47 47 48 48 48 47 47 47 47 48 48 48 48 48 48 48 48 49 49 49 49 49 49 50 49 49 49 49 49 49 50 55 54 54 55 56 55 54 53 54 54 54 53 53 53 52 52 52 53 53 53 54 53 53 52 52 53 52 53 53 54 53 54 53 53 54 54 54 54 54 53 53 52 52 51 51 51 52 52 52 52 53 54 53 54 54 53 53 53 53 53 53 54 54 54 54 54 54 54 54 54 54 54 54 54 54 53 53 53 54 54 54 54 54 54 54 54 54 55 54 54 54 55 55 54 54 54 54 53 52 52 52 52 52 52 52 53 53 53 53 52 51 51 51 52 51 52 52 52 52 51 51 51 51 52 52 52 52 53 53 52 52 52 52 52 51 52 52 52 52 52 52 51 51 51 51 51 51 51 51 52 51 51 51 50 50 50 51 51 51 51 51 50 50 50 50 49 49 49 50 50 50 50 50 50 50 50 50 50 50 50 50 50 50 50 50 50 51 51 51 51 51 50 50 50 50 50 50 50 50 50 50 50 51 51 50 50 50 50 50 50 50 50 49 50 49 49 49 49 49 49 49 49 49 49 48 48 48 48 48 48 48 48 48 48 48 48 48 48 48 48 48 48 48 48 48 48 48 48 48 48 48 48 48 48 48 48 48 48 48 48 48 48 48 48 48 48 48 48 48 48 47 47 48 48 48 48 48 48 48 48 48 48 48 47 47 47 48 48 48 48 48 48 48 48 48 48 48 48 48 48 48 48 48 48 48 48 48 48 48 48 48 48 48 48 48 48 48 48 48 48 48 49 49 48 49 48 47 48 48 48 48 48 48 48 48 48 48 48 48 48 48 48 48 48 48 48 48 48 48 48 47 47 47 48 48 48 48 48 48 48 48 48 48 48 48 48 48 48 48 48 47 47 47 48 48 49 49 48 48 48 48 48 49 48 49 50 50 50 49 49 49 49 49 49 50 54 54 54 54 55 55 55 54 53 54 54 54 53 52 53 53 53 54 54 55 55 54 53 52 53 53 53 52 53 54 53 53 53 54 54 54 54 55 54 54 53 52 52 52 52 51 51 51 51 51 52 52 53 54 54 54 54 55 54 54 54 54 54 54 55 54 54 54 54 54 54 54 54 54 54 54 54 53 54 54 54 54 54 54 54 54 54 55 55 54 54 55 55 54 54 54 54 54 54 53 52 53 53 53 53 53 53 53 52 52 51 51 52 52 52 52 51 51 51 51 52 51 51 51 51 52 52 53 53 52 52 52 52 52 52 52 51 52 52 51 51 51 51 51 51 52 51 51 52 52 52 51 50 50 50 49 50 50 50 51 51 51 50 50 49 49 49 49 49 49 49 49 50 50 50 50 50 50 50 50 50 50 51 51 51 51 51 52 52 51 51 51 51 51 50 51 51 50 50 50 50 50 50 50 50 50 50 50 50 50 50 50 49 50 49 49 49 49 49 49 49 48 48 48 48 49 49 49 49 48 48 48 48 48 48 48 48 48 48 48 48 48 48 48 48 48 48 48 48 48 48 48 48 48 48 48 48 48 48 48 48 48 48 48 48 48 48 48 47 48 48 47 47 48 48 48 48 48 48 48 48 48 47 47 47 48 48 48 48 48 48 48 48 48 48 48 48 48 48 48 48 48 48 48 48 48 48 48 48 48 48 48 48 48 48 48 48 48 48 48 48 48 48 48 48 48 47 48 48 48 48 48 48 48 48 48 48 48 48 48 48 48 48 48 48 48 48 48 48 47 48 48 48 48 48 48 48 48 48 49 48 48 48 48 48 48 48 48 48 48 47 47 47 48 48 48 48 48 48 48 49 49 49 49 49 49 49 49 49 49 49 49 49 50 50 51 55 55 54 54 54 54 54 54 54 53 54 53 53 54 54 54 54 55 55 55 54 55 54 54 54 54 54 53 52 53 53 54 54 54 54 54 54 55 55 54 53 53 53 53 52 52 52 52 51 51 51 52 53 53 53 54 54 54 55 54 54 55 55 55 54 54 55 55 55 55 55 54 54 55 54 55 55 54 54 53 54 54 54 54 54 54 54 55 55 54 55 55 55 54 54 54 54 54 54 54 53 53 52 52 52 52 53 53 52 52 52 51 52 52 53 53 52 52 51 52 52 51 52 52 52 52 52 52 53 53 53 53 53 53 53 52 52 52 51 51 51 51 51 52 51 52 52 52 52 53 52 51 51 51 50 50 50 50 50 51 51 52 51 50 50 49 49 50 50 50 50 50 50 51 51 51 50 50 50 50 50 50 50 51 51 52 52 52 52 52 52 51 51 51 50 51 51 51 51 50 50 50 50 50 50 50 50 50 50 49 50 50 50 49 49 49 49 49 49 49 49 49 48 48 48 48 49 49 49 49 48 48 48 48 48 48 48 48 48 48 48 48 48 48 48 48 48 48 48 48 48 48 48 48 48 48 48 48 48 48 48 48 48 47 48 48 48 48 48 48 48 48 48 48 48 48 48 48 48 48 48 48 47 47 47 47 48 48 48 48 48 48 48 48 48 48 48 48 48 48 48 48 48 48 48 48 48 48 48 48 48 48 48 48 48 48 48 48 48 48 48 48 49 48 48 48 48 47 48 48 48 48 48 48 48 48 48 48 48 48 48 48 48 48 47 47 47 47 47 47 48 48 48 48 48 48 48 48 49 49 49 49 49 48 48 48 49 48 49 48 48 47 47 48 48 48 47 48 48 48 48 48 49 49 49 49 49 49 49 49 49 49 49 49 50 51 56 56 55 55 54 54 53 53 53 53 53 54 53 53 53 54 54 55 55 54 54 54 54 53 54 55 55 55 54 53 53 54 54 54 54 55 55 55 55 55 55 54 54 53 53 53 53 53 52 52 51 52 52 53 53 53 53 53 54 54 54 54 54 55 54 54 54 55 55 55 55 54 54 55 55 55 55 54 54 54 53 54 54 55 55 55 55 55 55 55 54 54 55 54 54 54 54 54 54 54 54 53 52 52 52 52 52 52 52 52 52 52 52 52 52 53 52 52 52 52 52 51 51 52 52 52 52 53 53 53 53 53 53 53 53 52 52 52 52 51 51 51 51 52 52 52 53 53 53 54 53 52 52 51 51 50 50 50 51 51 51 51 51 50 49 49 49 49 50 50 50 51 51 51 50 50 49 50 50 50 51 51 50 51 52 52 52 52 53 54 53 52 51 51 51 51 51 51 50 50 50 50 50 49 50 50 50 50 50 50 50 50 50 49 49 49 49 49 49 49 49 49 49 49 49 49 49 49 49 49 49 49 49 48 48 48 49 48 48 48 48 48 48 48 48 48 48 48 48 48 48 48 48 48 48 48 48 48 48 48 48 48 48 48 47 48 48 48 48 48 48 48 48 48 48 48 48 48 48 48 48 48 48 48 48 48 48 48 48 48 48 48 48 48 48 48 48 48 48 48 48 48 48 48 48 48 48 48 48 48 48 48 48 48 48 48 48 48 48 48 48 48 48 48 47 48 48 47 47 48 48 48 48 48 48 48 48 48 48 48 48 48 48 48 47 47 48 48 48 48 48 48 48 48 48 49 49 49 49 49 49 49 49 49 49 49 49 49 49 48 48 47 48 47 48 48 48 48 48 48 48 48 48 49 49 48 48 49 49 49 49 49 49 49 50 50 51 56 56 55 54 54 54 54 53 54 54 54 54 54 54 54 55 55 55 54 54 54 54 54 55 55 55 55 54 53 54 54 54 54 54 54 55 55 55 54 55 54 54 54 53 53 53 53 52 52 51 52 52 52 52 52 52 53 53 54 53 53 54 54 54 55 55 55 55 55 55 55 54 55 55 55 55 55 55 54 54 54 55 55 55 55 55 55 55 55 55 55 54 54 54 55 54 54 54 54 53 53 52 52 53 52 52 53 53 52 51 52 52 52 53 53 53 52 52 52 51 51 52 53 53 53 53 53 53 53 53 53 52 52 52 52 52 52 52 52 52 52 52 52 52 53 53 54 54 54 53 52 52 52 51 51 50 50 50 50 50 51 50 49 49 49 49 50 50 50 50 50 50 49 49 50 50 50 50 51 51 51 51 52 52 52 53 53 53 53 52 52 51 52 52 51 51 51 50 50 50 50 50 49 50 50 50 50 50 50 50 50 50 49 49 49 49 49 49 49 49 49 49 49 49 49 49 49 49 49 49 49 48 48 48 48 49 48 49 48 48 48 48 48 48 48 48 48 48 48 48 48 48 48 48 48 48 48 48 48 48 48 48 47 48 48 48 48 48 48 48 48 48 48 48 48 48 48 48 48 48 48 48 48 48 48 48 48 48 48 48 48 49 49 49 48 48 48 48 48 48 48 48 48 48 48 48 48 48 48 48 48 48 48 48 48 48 48 48 48 48 48 48 47 47 47 47 47 48 48 48 48 48 48 48 48 48 48 48 48 48 48 48 47 48 48 48 48 48 48 49 49 49 49 49 49 49 49 49 49 49 49 49 49 49 49 49 49 49 48 47 48 48 47 47 47 47 48 48 48 48 48 48 48 49 49 49 49 49 49 49 49 49 50 50 51 56 55 54 54 54 53 53 54 53 54 54 54 55 55 55 55 54 54 55 54 54 54 55 55 55 55 54 54 55 55 55 54 54 55 55 54 54 54 54 54 54 54 53 52 52 52 52 52 52 52 52 53 53 53 53 53 53 53 53 53 53 53 54 54 54 54 55 55 55 55 55 55 55 55 55 55 54 54 54 54 55 55 55 55 55 55 55 55 55 55 54 55 55 54 55 54 54 53 53 52 52 53 53 53 53 53 52 52 52 52 52 53 53 52 52 52 52 52 52 52 52 53 54 54 53 53 53 52 52 52 53 53 52 52 52 53 53 53 53 53 53 53 53 53 54 53 53 53 52 51 51 51 50 51 51 50 50 50 50 50 49 49 49 49 49 49 49 49 49 49 49 50 50 51 51 51 51 52 52 52 52 52 52 53 53 53 52 52 52 52 52 52 52 52 52 51 51 51 50 50 50 50 50 50 50 50 50 50 50 50 50 49 49 49 49 49 49 49 49 49 49 49 49 49 49 49 49 49 49 49 48 48 49 49 49 48 48 48 48 48 48 48 48 48 48 48 48 48 48 48 48 48 48 48 48 48 49 48 48 48 48 48 48 48 48 48 48 48 48 48 48 48 48 48 48 48 48 48 48 48 48 48 48 48 48 48 48 48 48 49 49 49 49 48 48 48 48 48 48 48 48 48 48 48 48 48 48 48 48 48 48 48 48 48 48 48 48 48 47 47 47 47 47 47 47 47 48 48 48 48 48 48 48 48 49 49 49 48 48 48 48 47 47 47 48 48 48 48 49 49 49 49 49 49 49 49 49 49 49 49 49 49 49 49 49 49 48 48 48 48 48 48 48 47 47 47 48 48 48 48 49 49 48 48 48 49 49 49 49 49 49 50 50 51 52 52 52 55 55 54 54 54 54 54 54 54 55 55 55 55 55 55 54 54 54 55 55 55 56 55 55 55 54 54 55 55 55 55 55 55 54 53 53 53 54 54 54 53 52 52 52 52 53 54 54 53 54 54 54 54 54 53 53 53 54 54 53 54 54 55 55 55 55 55 55 55 55 55 55 55 54 54 54 54 54 55 55 55 55 55 55 55 55 55 55 55 55 55 54 55 55 55 54 53 52 53 53 53 53 53 53 52 52 51 52 53 53 53 52 52 52 52 52 53 53 52 53 54 54 53 53 52 53 52 53 53 52 52 52 52 53 54 54 54 54 54 54 54 53 53 53 53 53 52 51 50 51 51 52 51 51 50 50 49 49 49 50 49 50 50 50 50 50 49 49 49 50 50 50 51 51 51 51 52 52 52 52 52 53 53 53 53 53 53 52 52 52 52 52 52 52 51 51 50 50 50 50 50 50 49 49 50 50 50 50 50 49 49 49 49 49 49 49 49 49 49 49 49 49 49 49 49 49 49 48 48 49 49 49 49 48 48 48 48 48 48 48 48 48 48 48 48 48 48 48 48 48 48 48 49 49 49 48 48 49 48 48 48 48 48 48 48 48 48 48 48 48 48 48 48 48 48 48 48 48 48 48 48 48 48 48 48 48 48 49 48 48 48 48 48 48 48 48 48 48 49 48 48 48 48 48 48 48 48 48 48 48 48 48 48 48 48 47 47 47 47 48 48 48 48 48 48 48 48 48 48 48 48 48 48 48 48 48 48 48 47 47 47 47 48 48 48 48 49 49 48 48 48 48 49 49 49 49 49 49 49 49 49 49 49 49 49 49 48 48 48 48 48 48 48 47 48 48 48 48 48 48 48 49 49 49 49 50 50 50 50 50 50 51 51 51 50 50 51 56 55 55 55 55 54 55 54 54 54 54 54 54 55 54 54 55 56 56 56 56 56 55 55 54 55 55 55 55 55 55 54 54 53 53 53 54 54 53 52 52 52 52 53 53 53 54 55 55 54 54 54 55 55 54 55 55 54 54 54 54 55 55 55 55 55 55 55 55 55 55 55 55 55 55 55 54 55 55 55 55 55 55 55 55 55 55 55 55 55 55 55 55 55 54 54 54 53 54 54 53 53 53 53 52 52 53 53 52 52 52 52 52 52 53 53 53 53 54 54 53 53 53 53 53 53 53 53 52 52 52 53 53 53 53 54 54 54 54 53 53 54 54 53 52 51 51 52 52 52 51 51 50 50 50 50 51 50 50 50 51 51 51 50 50 49 50 50 50 50 51 51 52 51 51 51 52 52 52 52 53 52 52 52 52 53 53 52 52 52 52 52 51 51 50 50 51 51 50 50 50 50 49 50 50 50 49 50 50 49 49 49 49 49 49 49 49 49 49 49 49 49 49 49 49 49 49 49 49 49 48 48 48 48 48 48 48 48 48 48 48 48 48 48 49 48 49 48 48 48 49 49 50 49 49 49 48 48 48 48 48 48 48 48 48 48 48 48 48 48 48 48 48 48 48 48 48 48 48 48 48 48 48 48 48 48 48 48 48 48 48 48 48 48 48 48 48 49 48 48 48 48 48 48 48 48 48 48 48 48 48 48 49 49 49 48 48 49 49 48 48 48 48 48 48 48 47 48 48 48 48 48 48 48 48 48 48 48 48 48 48 48 48 48 48 49 48 49 49 49 49 49 49 49 49 49 49 49 49 49 49 49 49 49 49 49 49 49 49 49 48 48 48 48 48 48 48 48 48 48 49 49 49 49 49 49 49 49 50 50 50 49 49 49 50 51 56 55 55 55 55 54 55 55 55 55 55 56 56 56 56 57 56 56 56 55 55 55 55 56 55 55 54 55 54 53 53 53 54 53 53 52 52 53 53 53 53 53 53 54 54 54 55 55 55 55 55 55 55 54 54 55 55 55 55 55 55 55 55 55 55 55 55 55 55 55 55 54 55 55 55 55 55 56 55 55 55 55 55 55 56 56 55 55 55 55 55 55 54 54 54 54 54 53 52 52 52 53 53 53 52 52 53 52 53 53 54 53 54 54 54 54 54 54 54 53 53 54 53 52 52 52 52 52 52 53 54 54 54 53 54 54 54 54 54 53 52 52 52 52 51 51 51 51 51 51 51 51 51 50 50 51 51 50 50 49 50 50 50 51 51 52 51 52 51 51 51 51 51 51 52 52 52 51 52 52 52 53 52 52 52 53 53 52 52 52 51 50 50 50 50 50 50 50 49 50 50 50 49 50 50 49 49 49 49 49 49 49 49 49 49 49 49 49 49 49 49 49 49 49 49 48 48 48 48 48 48 48 48 48 48 48 49 48 48 49 49 49 49 48 48 48 48 49 49 50 49 49 49 48 48 48 48 48 48 48 49 48 48 48 48 48 48 48 48 48 48 48 48 48 48 48 48 48 48 47 48 48 48 48 48 48 48 48 48 48 48 48 49 49 48 48 48 48 48 48 48 48 48 48 48 48 49 49 49 49 49 49 49 49 49 49 49 48 48 48 48 48 48 48 48 48 48 48 48 48 48 48 48 48 48 48 48 48 49 48 49 49 48 49 49 49 49 49 49 49 49 49 49 49 49 49 49 49 49 49 49 49 49 49 49 49 48 48 48 48 48 48 48 49 49 49 49 48 49 49 49 49 49 49 50 49 49 49 50 50 51 56 56 56 55 55 55 55 56 56 56 56 56 56 57 57 57 57 56 56 56 56 56 56 56 55 55 55 54 53 53 53 53 53 53 52 53 53 53 53 53 53 53 54 54 55 55 55 55 55 55 55 55 55 55 55 55 55 55 55 55 55 55 55 56 56 56 56 55 55 55 55 55 55 55 56 56 56 56 56 55 55 55 55 55 55 55 56 56 55 55 55 55 54 54 54 53 53 53 53 53 53 53 52 53 53 53 52 53 53 54 54 55 55 55 54 55 55 55 54 54 54 53 53 52 52 53 53 53 53 54 54 54 54 54 54 54 54 54 53 52 52 53 52 51 52 52 52 52 51 51 51 51 50 50 51 50 50 50 50 50 50 50 51 51 51 51 52 51 51 51 51 51 52 52 51 52 51 52 52 52 52 52 52 53 53 53 53 52 51 51 51 50 50 50 50 50 50 50 50 50 50 50 49 50 50 49 49 49 49 49 49 49 49 49 49 49 49 49 49 49 49 49 49 48 48 48 48 48 48 48 48 48 48 48 48 48 49 48 49 49 49 49 48 48 48 48 48 49 50 49 49 49 49 49 48 49 48 48 48 49 48 48 48 48 48 48 48 48 48 48 48 48 48 48 48 47 47 47 47 48 48 48 48 48 48 48 48 48 48 48 48 49 49 48 48 48 48 48 48 48 48 48 48 48 48 48 48 48 48 48 48 49 48 49 49 49 48 48 48 48 48 48 48 48 48 48 48 48 48 48 48 48 48 48 48 48 48 48 48 49 49 48 48 49 49 49 49 49 49 49 49 49 49 49 49 49 49 49 49 49 49 49 50 49 49 48 48 48 48 48 48 49 48 48 48 48 48 49 50 50 49 49 49 49 49 49 50 50 50 50 51 51 52 53 53 56 56 56 56 55 56 56 56 56 56 56 56 57 57 57 57 57 57 57 56 56 56 56 56 56 56 55 54 54 53 53 53 53 52 53 54 53 53 53 54 54 54 55 55 55 54 54 54 55 56 56 56 56 56 56 55 55 55 55 55 55 55 55 56 55 55 56 56 55 55 55 55 56 56 56 56 56 56 56 56 56 56 55 55 55 55 55 55 56 56 55 54 53 54 54 53 53 54 54 54 53 53 53 53 54 53 53 53 54 54 55 55 55 55 55 55 54 54 54 54 54 53 52 52 52 52 52 53 53 54 54 54 54 54 54 54 54 54 53 53 52 52 52 52 52 52 51 52 51 51 50 51 51 51 50 50 50 50 50 51 51 51 51 51 51 52 51 50 50 51 51 52 52 51 51 51 52 52 52 52 52 52 53 53 52 53 53 52 51 50 50 51 51 50 50 50 50 50 50 50 50 50 50 50 50 50 49 49 49 49 49 49 49 49 49 49 49 49 49 49 48 48 48 48 48 48 48 48 48 48 49 48 49 49 48 49 49 48 49 49 49 48 48 48 48 48 48 49 50 50 50 50 49 49 48 48 48 48 48 48 48 48 48 48 48 48 48 48 48 48 48 48 48 47 47 47 47 48 48 48 48 48 48 48 48 48 48 48 48 48 48 49 48 48 48 48 49 49 49 48 48 48 48 48 48 49 49 49 49 49 49 49 49 49 49 49 49 49 48 48 48 48 48 48 48 48 48 48 48 48 48 48 48 48 48 48 48 48 49 49 48 48 48 48 49 49 49 49 49 49 49 49 49 49 49 49 49 49 49 50 49 49 49 49 49 48 48 48 48 48 48 48 49 49 49 49 49 50 49 49 49 49 49 49 50 50 50 50 50 50 51 51 51 51 51 52 53 57 56 56 56 56 56 56 57 57 57 57 57 57 57 57 57 57 57 57 57 56 56 56 55 55 54 54 53 53 53 52 53 54 54 54 54 54 54 54 54 55 55 54 54 54 55 55 56 56 57 56 56 56 56 56 56 55 55 55 55 55 55 55 55 56 55 55 55 55 56 56 56 56 56 56 56 56 56 56 55 55 55 56 55 55 56 56 55 54 54 53 54 53 53 54 55 55 54 53 52 53 54 53 53 53 53 54 54 55 55 55 55 55 55 54 53 53 53 53 53 53 52 53 53 54 54 54 54 54 54 54 54 54 54 54 53 52 52 53 52 52 52 52 51 51 51 51 51 51 51 51 51 51 50 50 50 51 50 50 51 51 51 52 51 51 51 52 52 53 52 52 52 52 52 52 52 52 52 53 52 53 53 53 52 52 52 51 51 51 51 50 50 50 50 50 50 51 50 50 50 50 50 50 50 50 50 50 49 49 49 50 49 49 49 49 49 49 49 48 48 48 49 49 49 48 48 49 49 48 49 49 48 49 49 48 49 49 50 49 49 48 48 49 49 50 51 50 50 49 49 48 49 48 49 49 48 48 48 48 48 48 48 48 48 48 48 48 48 48 48 48 48 47 48 48 48 48 48 48 48 48 48 48 48 48 48 48 48 48 48 48 48 48 48 48 48 48 48 48 49 49 49 49 49 49 49 49 49 49 49 49 49 49 49 49 48 48 48 48 48 48 48 48 48 48 48 48 48 48 48 48 48 48 48 48 48 48 48 48 49 49 49 49 49 49 49 49 49 49 49 49 49 49 49 49 49 49 49 49 49 49 49 49 48 48 48 48 48 48 48 48 48 49 49 49 50 49 49 49 49 50 49 49 50 50 50 50 50 50 50 50 51 51 52 52 57 57 57 57 57 57 57 57 57 57 57 57 57 57 56 56 56 57 57 56 56 55 55 55 54 54 53 53 52 52 53 53 54 53 53 53 53 54 55 55 54 54 54 55 56 56 56 57 57 57 57 57 57 56 56 56 56 55 55 55 55 55 55 55 56 56 55 56 56 56 56 56 56 55 56 55 56 56 55 55 56 56 56 55 55 55 54 54 54 54 53 53 54 54 54 54 53 53 54 55 54 53 53 54 55 54 54 54 55 54 54 54 54 53 55 54 53 54 54 52 53 53 54 54 54 54 54 54 54 54 54 54 53 53 52 52 52 52 52 52 52 52 51 51 51 51 51 51 51 50 50 50 50 50 50 50 50 50 50 50 50 51 51 52 52 52 52 52 52 52 53 52 52 52 52 52 52 52 52 53 53 52 52 51 51 50 50 50 50 51 50 50 50 50 50 51 50 50 51 50 50 50 49 49 49 49 49 50 49 49 49 49 49 49 49 49 49 49 49 49 49 49 49 48 49 49 49 49 49 49 49 49 49 49 50 50 50 50 49 49 49 50 51 51 50 50 49 50 49 50 49 49 49 48 48 49 49 48 48 48 48 48 48 48 48 48 48 48 48 48 48 49 48 48 48 48 48 48 48 48 48 48 48 48 48 48 48 48 49 48 48 48 48 48 48 48 48 49 49 49 49 49 49 49 49 49 49 49 49 49 49 49 49 49 49 48 48 48 48 48 48 48 48 48 48 48 48 48 48 48 48 48 48 48 48 48 48 49 49 49 49 49 49 49 49 49 49 49 49 49 49 49 50 49 49 49 49 49 49 49 49 49 48 48 48 48 48 47 48 48 48 49 48 49 49 49 49 49 50 50 50 50 50 50 50 50 50 51 51 52 52 53 53 57 57 57 57 57 57 57 57 57 57 57 57 57 57 57 57 56 56 55 55 55 54 55 54 54 54 53 52 53 53 53 53 53 53 54 54 55 54 54 54 54 54 55 56 57 56 56 56 56 57 57 57 56 56 56 56 56 55 55 55 55 56 56 55 56 56 56 57 56 56 56 56 56 55 55 56 56 56 56 56 56 56 56 56 55 55 54 54 53 54 54 54 54 54 53 53 54 55 54 53 53 54 54 55 54 54 55 55 54 54 54 55 55 54 54 55 54 53 53 54 54 55 54 54 54 54 54 54 54 54 54 53 52 52 52 52 52 53 53 52 52 52 51 51 50 50 50 50 50 50 50 50 50 51 51 50 51 51 51 50 51 51 52 52 51 51 52 52 52 53 53 52 52 53 53 53 52 53 53 53 53 52 51 51 51 51 51 50 50 50 50 50 50 51 51 50 51 51 50 50 49 49 49 49 49 49 49 49 49 49 49 49 49 49 49 49 49 49 49 49 49 49 49 49 49 49 49 49 50 50 50 50 50 50 51 50 50 50 50 50 51 51 51 51 51 50 49 50 50 50 49 49 49 49 49 49 48 48 48 48 48 48 48 49 48 49 49 49 49 49 48 49 49 49 49 49 49 49 49 49 49 48 48 48 48 49 49 48 48 48 48 49 49 49 49 49 48 48 49 49 49 49 49 49 49 49 49 49 49 49 49 49 49 49 48 48 48 48 48 48 48 48 48 48 48 48 48 48 48 48 48 48 48 48 48 48 49 49 49 49 49 49 49 49 49 49 49 49 49 49 49 49 49 49 49 49 48 48 48 49 48 48 48 49 48 48 48 48 48 48 48 49 49 49 49 49 49 49 49 50 51 51 50 50 50 51 52 53 53 53 53 54 57 57 57 57 57 57 57 57 57 57 57 56 56 55 54 54 54 55 55 55 54 53 53 53 53 53 53 53 54 54 54 54 54 54 54 55 55 56 56 57 56 56 57 57 57 57 57 56 56 56 56 56 56 56 56 55 55 55 56 56 56 56 56 56 56 57 56 56 56 56 56 56 56 56 56 56 56 56 56 55 54 54 53 54 54 54 55 55 54 53 53 54 54 54 54 54 54 54 55 54 54 54 54 55 55 54 55 55 54 54 55 54 54 53 54 54 54 55 55 55 55 54 54 54 54 53 53 52 52 51 52 52 52 52 52 52 52 51 51 50 50 50 50 50 50 51 51 51 51 51 51 52 52 51 51 51 51 51 51 51 51 52 52 52 53 53 53 53 53 53 53 53 53 53 53 53 52 52 51 51 50 50 50 50 51 51 50 50 50 50 50 51 51 51 50 50 49 49 49 49 50 49 49 49 49 49 49 49 49 49 49 49 49 50 49 49 49 49 49 50 50 50 50 50 50 50 50 50 50 50 50 50 50 50 51 50 50 50 51 51 51 51 51 51 50 49 49 49 49 49 48 48 48 48 48 48 49 48 49 49 49 49 49 49 49 48 49 49 49 49 49 49 49 49 49 49 48 48 48 48 49 49 48 48 48 48 48 49 49 49 48 48 48 48 48 48 49 48 49 48 49 49 48 49 49 49 49 49 49 49 49 48 48 48 48 48 49 48 48 48 48 48 48 48 48 47 48 48 48 48 48 48 49 49 49 49 49 49 49 49 49 49 49 49 49 49 49 49 49 49 49 49 49 48 48 48 48 48 49 49 48 48 48 48 48 48 48 49 49 49 50 50 50 50 50 50 51 50 50 50 51 52 52 52 51 52 52 53 54 53 53 53 52 53 53 57 57 57 57 57 57 57 57 57 57 57 56 56 55 54 54 54 54 55 55 54 53 53 53 54 54 53 53 53 54 54 54 54 54 55 56 56 57 57 57 56 56 56 57 57 57 57 57 57 57 57 57 57 56 56 56 55 56 56 56 56 56 56 56 57 57 56 56 56 56 56 56 56 56 56 56 56 56 56 56 56 55 54 54 54 54 54 55 54 54 54 54 54 55 55 54 54 55 55 55 54 54 54 55 54 55 55 55 54 55 55 55 54 54 54 54 54 54 55 55 55 54 54 54 54 53 53 53 52 52 51 52 52 52 52 52 52 51 51 51 51 50 50 50 51 51 51 51 51 52 52 53 52 51 51 51 51 51 52 52 51 51 52 52 53 53 54 53 53 53 53 53 53 53 53 53 53 52 51 51 51 51 51 51 51 51 51 50 50 50 50 50 50 51 51 50 49 49 49 50 50 50 50 49 49 49 49 49 49 49 49 50 50 50 50 49 50 50 50 50 50 50 50 50 50 50 50 50 50 50 49 50 50 51 50 50 50 50 50 50 50 51 51 51 50 50 49 49 49 49 49 49 48 48 48 48 49 49 49 49 49 49 49 49 49 49 49 49 49 49 49 49 49 49 48 48 48 48 48 49 49 49 49 49 48 48 48 48 48 48 48 48 48 48 48 48 48 48 48 48 49 49 48 49 49 49 49 49 49 49 49 48 48 48 49 49 49 49 48 49 49 48 48 48 48 48 48 48 48 48 48 48 48 48 49 49 49 49 49 49 49 49 49 49 49 49 49 49 49 50 49 49 49 49 48 48 48 48 48 49 49 48 49 49 49 49 48 48 49 49 50 50 50 50 50 50 50 50 51 51 51 52 51 51 50 51 51 52 52 53 52 51 51 52 52 52 53 58 57 57 57 57 57 57 57 57 57 57 56 56 55 55 54 54 54 54 54 53 53 54 54 55 54 54 54 54 54 54 53 54 55 55 56 56 56 56 57 57 56 56 57 57 57 57 57 57 57 57 57 57 56 56 56 57 57 56 56 56 56 57 57 57 57 56 56 56 56 56 56 56 56 56 56 56 56 56 56 56 55 54 54 54 55 55 55 54 54 54 54 54 55 55 55 55 55 55 55 55 55 54 55 55 55 55 54 54 55 55 55 54 54 54 54 55 54 55 55 54 54 54 53 53 53 52 52 52 52 52 51 52 52 52 52 52 52 51 52 51 51 50 51 51 51 51 51 51 52 52 53 52 51 51 52 52 52 52 52 52 52 52 52 52 53 54 54 54 53 53 53 53 53 53 53 53 52 51 51 51 51 51 51 51 50 50 51 51 51 50 50 50 50 50 50 50 50 50 50 50 50 50 50 49 49 49 49 49 49 49 49 50 50 50 50 50 50 50 50 50 50 50 50 50 50 50 50 50 49 50 50 50 51 50 50 49 50 50 50 50 50 50 50 50 50 50 50 50 50 49 49 49 49 48 48 49 49 49 49 49 49 49 49 49 49 49 49 49 49 49 49 49 48 48 48 48 48 48 49 49 49 49 49 49 48 48 48 48 49 48 48 48 48 48 48 48 48 48 48 48 48 48 49 48 49 49 49 48 48 48 48 48 48 48 48 49 49 49 48 49 49 48 48 48 48 48 48 48 48 48 48 48 49 49 49 49 49 49 48 48 48 48 48 48 49 49 49 49 49 49 49 49 49 49 48 48 48 48 49 49 49 49 49 50 49 49 49 48 49 49 49 50 50 50 50 51 51 52 52 52 51 50 50 50 50 51 51 51 52 52 51 50 50 51 51 51 52 58 58 57 57 57 57 57 57 57 56 56 55 54 54 54 54 54 54 54 53 53 53 54 54 55 55 55 55 54 54 54 54 54 55 55 55 56 56 57 57 56 57 57 57 57 57 57 57 57 57 57 56 56 56 56 57 57 57 56 56 57 57 57 57 57 56 56 56 56 56 56 56 56 56 56 56 56 56 56 56 55 54 54 54 54 55 55 54 55 54 54 54 54 55 56 55 56 56 55 55 55 55 55 55 55 55 54 54 55 55 54 54 54 54 54 55 55 55 55 54 54 54 53 52 52 52 52 52 52 52 52 51 52 52 52 52 51 51 51 51 51 51 50 50 51 51 51 52 52 53 53 52 52 51 52 52 53 53 53 53 53 53 52 52 53 54 54 54 53 53 53 53 53 53 54 53 52 51 51 51 51 51 51 51 51 51 51 51 51 51 50 50 50 50 50 50 50 50 50 50 50 50 49 49 50 49 49 49 49 50 50 50 50 50 50 50 50 50 50 51 50 50 50 50 50 50 49 50 49 50 50 50 50 50 50 49 50 50 49 49 49 50 50 49 50 50 50 50 50 50 50 49 49 49 49 49 49 49 49 49 49 49 49 49 49 49 49 49 49 49 48 48 48 48 48 48 48 49 49 49 49 49 49 49 49 49 48 49 49 48 48 48 48 48 48 49 49 48 48 48 48 48 48 48 48 48 48 48 48 48 48 48 48 49 49 49 49 49 49 49 48 48 49 49 49 49 48 48 48 49 49 48 48 48 49 48 48 48 48 48 48 49 49 49 49 49 48 48 49 49 49 49 49 49 49 48 48 48 48 49 49 49 49 49 49 49 49 48 49 49 49 50 50 51 51 51 52 52 52 52 51 51 50 50 49 50 50 51 50 51 52 51 50 50 51 51 52 53 58 57 57 57 58 58 57 57 56 55 54 54 54 54 55 55 55 54 54 54 54 53 53 54 54 55 54 55 55 55 55 55 55 55 56 55 55 56 56 57 56 56 57 56 56 57 57 57 57 57 57 56 56 57 56 57 57 57 57 56 56 56 57 57 57 56 56 56 56 56 56 56 56 56 56 56 56 56 56 56 56 54 54 55 54 55 55 55 55 55 55 56 55 56 56 55 56 56 55 55 55 55 55 56 56 55 55 54 54 55 55 54 54 54 54 55 55 55 55 55 54 53 53 52 52 52 52 53 53 53 52 52 51 52 52 51 51 51 51 52 51 51 51 51 51 51 51 51 52 52 53 52 52 53 52 53 53 54 54 54 54 54 53 53 53 54 54 54 54 53 53 53 54 54 53 53 52 52 52 52 52 51 52 51 51 51 51 51 51 51 50 51 50 50 50 50 50 50 50 50 50 50 50 50 49 49 49 49 49 50 50 50 50 50 50 50 50 50 50 50 50 50 50 49 50 50 49 49 49 49 50 49 50 50 49 50 50 49 49 49 50 50 50 50 49 49 50 49 49 49 49 49 49 49 49 49 49 49 49 49 49 49 49 48 48 49 49 49 49 49 49 49 49 49 48 49 49 49 49 49 49 49 49 49 49 49 49 48 48 48 49 48 48 49 49 49 49 48 48 48 48 48 48 48 48 49 48 49 48 48 48 48 48 49 48 49 49 49 49 49 49 49 49 49 50 50 49 49 50 49 49 49 48 48 48 48 49 49 49 49 50 50 49 49 50 49 48 48 48 49 49 49 50 49 49 49 48 48 48 48 49 49 49 49 49 49 49 49 48 49 49 49 49 50 51 51 52 51 51 51 51 51 51 51 50 49 50 51 50 51 51 51 50 50 51 51 51 52 52 58 57 58 58 58 57 57 56 55 54 55 54 55 56 55 55 55 55 54 54 53 54 54 54 54 54 54 54 55 55 56 56 56 57 57 55 56 56 56 56 56 56 56 56 56 57 57 57 57 57 57 57 57 57 57 57 57 57 57 57 57 56 57 57 56 56 56 56 57 56 57 57 56 56 56 56 56 56 56 56 55 54 55 55 55 55 55 55 55 55 56 56 56 56 56 56 56 56 56 56 55 55 55 55 55 54 55 55 55 54 54 54 54 55 55 55 55 55 55 54 53 53 53 52 52 52 53 54 53 52 52 51 51 51 51 52 52 52 52 51 51 51 51 51 51 51 51 51 52 52 53 53 53 53 54 54 54 54 55 54 54 54 53 53 53 54 54 54 54 54 53 54 53 53 52 51 51 52 52 52 51 51 51 51 52 52 51 51 51 51 51 50 50 50 50 50 50 49 49 50 49 49 49 49 49 49 49 49 49 50 50 50 50 50 50 50 50 50 50 50 50 50 49 49 50 49 49 49 49 49 49 50 50 49 50 50 50 49 50 50 50 50 50 50 49 49 49 49 49 49 49 49 49 49 49 49 49 49 49 49 48 48 49 48 49 49 49 49 49 49 49 49 49 49 49 49 49 49 49 49 49 49 49 49 49 49 49 49 49 49 49 48 48 48 48 48 48 48 48 49 49 48 48 49 49 49 48 48 48 48 48 48 48 48 48 48 48 48 48 48 48 49 49 49 48 48 48 49 49 50 50 49 49 49 49 49 50 50 50 50 50 50 49 49 49 49 48 48 49 49 49 49 49 49 49 49 48 48 48 48 49 49 49 49 49 50 49 49 49 49 49 49 50 51 50 51 51 51 50 51 51 51 51 50 50 50 50 50 50 50 50 50 50 50 50 50 51 52 52 58 58 58 58 58 57 56 55 55 55 55 56 56 56 56 56 55 54 54 54 54 54 54 54 55 55 54 54 54 55 55 56 56 56 56 56 56 56 57 57 57 56 57 57 57 57 57 57 57 57 57 57 57 57 57 57 57 57 57 57 57 57 57 56 57 57 57 57 57 56 56 56 56 56 57 57 57 57 56 55 55 55 56 56 55 55 55 56 56 56 57 57 56 56 56 57 57 56 56 56 56 55 55 55 55 55 55 55 55 55 55 55 55 56 56 55 55 54 54 53 53 53 53 53 53 53 53 53 53 52 52 52 52 52 52 52 52 51 51 51 51 51 51 52 51 51 52 52 53 53 53 54 54 54 54 54 55 55 55 55 55 54 54 54 54 54 54 54 53 53 53 52 52 51 51 51 51 51 51 51 51 52 51 51 52 52 51 51 51 51 50 50 50 50 50 50 50 50 50 50 50 49 49 49 49 49 49 49 49 50 49 50 50 50 50 50 50 50 50 50 50 50 49 50 49 49 50 50 50 50 50 50 50 50 50 50 49 50 50 49 50 49 49 49 49 49 49 49 49 49 49 49 49 49 49 49 49 49 49 49 49 48 48 49 49 49 49 49 49 49 49 49 49 49 49 49 49 49 49 49 49 49 49 49 49 49 49 49 49 49 48 48 48 48 48 48 48 48 48 48 48 49 49 49 49 48 48 48 49 49 49 48 47 47 47 47 47 46 46 47 47 47 47 47 47 47 48 49 49 50 50 50 50 50 50 49 50 50 50 50 50 50 50 49 49 48 48 49 49 49 49 49 50 50 49 48 48 48 48 48 49 49 49 49 49 50 49 49 49 49 50 50 50 50 50 50 50 50 50 51 50 50 50 49 50 50 50 50 50 50 51 51 51 51 51 51 51 52 53 53 58 58 58 58 58 57 56 56 56 56 56 56 56 56 56 55 54 55 54 54 54 54 54 54 55 55 55 55 55 55 55 55 56 57 57 57 56 56 57 57 57 57 57 57 57 57 57 57 57 57 57 58 57 57 57 57 57 57 57 57 57 57 57 57 57 57 57 57 57 57 57 57 57 57 57 57 57 57 56 56 55 56 56 56 56 56 56 56 56 57 57 56 56 56 56 57 57 57 57 57 56 56 56 56 56 56 56 56 56 56 56 55 55 55 55 54 54 54 53 53 52 53 53 53 53 53 52 53 52 52 52 52 51 51 51 51 51 51 50 51 51 51 51 51 51 51 52 52 52 53 54 55 54 54 55 55 55 55 55 55 54 54 55 55 55 54 54 53 53 53 52 52 52 52 52 52 51 52 52 51 51 52 52 52 51 51 51 50 50 50 50 50 50 51 51 50 50 50 50 49 49 49 50 49 50 50 49 49 49 49 50 50 50 50 50 50 50 50 50 50 50 50 50 50 50 50 50 50 50 50 50 50 50 50 50 50 50 50 49 50 50 49 49 49 49 49 49 49 49 50 49 49 49 49 49 49 49 49 49 49 49 49 49 50 50 50 50 49 49 49 49 49 49 49 49 49 49 49 49 49 49 49 49 49 49 49 49 49 49 49 49 49 49 49 49 49 49 49 49 49 49 49 49 49 49 49 49 49 48 48 48 48 48 48 47 47 47 47 48 48 47 47 47 48 48 48 48 49 49 49 50 50 51 51 50 50 51 51 51 51 51 51 50 50 49 49 49 49 49 49 49 50 50 50 49 49 49 49 49 49 49 49 50 50 50 50 49 49 50 50 50 51 51 50 50 50 50 51 51 51 50 50 51 51 51 51 51 51 51 52 52 52 53 53 53 53 53 53 53 53 53 58 58 58 57 56 56 56 56 56 56 56 55 55 55 55 54 54 55 55 54 54 54 55 55 56 56 56 56 56 56 57 57 57 56 56 56 57 57 58 58 57 57 57 57 57 57 57 58 58 58 57 57 57 57 57 57 57 57 57 57 57 57 57 57 57 57 57 57 57 57 57 57 57 57 57 57 57 56 56 57 57 57 57 57 56 57 56 56 55 55 56 55 56 57 57 57 57 57 56 56 57 57 56 56 56 57 57 56 56 55 55 55 54 54 54 53 53 53 53 53 53 53 53 53 53 52 53 52 52 51 51 51 51 51 51 51 51 51 51 51 52 52 52 52 52 52 52 53 54 55 54 55 55 55 55 55 55 55 55 55 54 54 54 54 54 53 53 53 52 52 52 53 52 52 52 52 52 51 51 51 50 50 50 50 50 51 50 50 51 50 51 51 50 50 50 49 49 50 50 50 50 50 50 49 49 49 49 50 50 50 50 50 50 50 50 50 50 50 50 50 50 50 50 50 50 50 50 50 50 50 50 50 50 50 50 49 49 49 49 49 49 49 50 50 49 50 50 50 50 50 49 49 49 49 49 49 49 49 49 50 49 50 50 50 50 50 49 49 49 49 49 49 49 49 49 49 49 49 49 49 49 49 49 49 49 49 49 49 49 49 49 49 49 49 49 49 49 49 49 48 48 48 49 49 49 48 48 49 49 49 49 48 47 47 48 49 49 49 48 47 48 48 47 48 48 49 49 49 49 49 50 50 50 50 50 50 51 50 50 49 49 49 49 49 49 50 49 49 49 49 50 49 49 49 49 49 49 49 49 50 50 50 49 49 50 50 50 50 51 51 51 51 50 50 50 50 50 50 50 50 51 51 52 52 52 52 52 53 53 53 54 54 53 53 53 52 53 53 58 57 56 56 56 56 56 56 55 55 56 55 55 55 55 55 54 54 53 54 54 55 55 56 56 56 57 57 57 57 57 56 56 56 56 57 57 58 58 58 57 58 57 58 58 58 57 57 57 57 57 57 57 57 57 57 57 57 57 57 57 57 57 57 57 57 57 57 57 57 57 57 57 57 57 57 57 57 57 57 57 56 56 56 56 55 56 55 55 56 56 57 57 57 57 57 57 57 57 56 57 57 57 57 56 55 54 54 54 54 55 54 54 53 53 53 53 53 52 52 52 52 52 53 52 52 52 52 51 51 51 51 51 51 51 51 52 52 52 52 52 52 52 52 53 54 54 55 55 55 55 55 55 55 56 55 55 54 53 54 54 53 53 53 53 52 52 53 53 53 52 52 52 52 51 51 51 51 51 51 51 50 50 50 50 50 51 51 51 51 50 49 50 49 50 50 51 50 50 50 49 49 50 50 50 50 50 50 50 50 50 50 50 50 50 50 50 50 50 50 50 50 50 50 50 50 50 50 50 50 50 50 50 49 49 49 50 49 49 50 49 49 50 50 50 50 50 50 49 49 49 49 49 49 49 49 50 50 49 50 50 50 50 50 50 49 50 49 49 49 49 49 49 49 49 49 49 49 49 49 49 49 49 49 49 49 49 49 49 49 49 49 49 49 49 49 49 48 48 48 48 48 48 49 49 49 49 49 48 48 48 48 48 49 48 48 48 48 48 47 47 48 48 49 48 49 49 50 49 49 49 49 49 50 50 50 50 49 49 49 49 49 49 49 49 49 49 49 49 49 49 49 49 49 48 48 49 49 50 49 49 50 50 50 50 50 50 50 50 50 50 50 49 50 50 51 51 51 52 52 52 52 53 53 53 53 52 52 53 52 52 52 52 53 54 54 58 57 56 56 56 56 55 55 55 55 55 56 56 56 55 54 55 54 54 53 54 55 55 55 56 57 58 58 58 58 58 57 56 57 57 57 58 58 58 58 58 58 58 58 58 58 58 58 58 58 58 58 58 57 57 57 57 57 57 57 57 57 57 57 57 57 57 57 57 57 57 57 57 57 57 57 57 57 57 57 57 57 56 56 55 56 55 56 56 56 56 57 57 56 57 57 57 57 57 57 57 57 57 56 55 54 53 54 54 55 54 54 54 53 53 52 52 52 52 52 52 52 52 52 52 52 52 51 51 51 52 51 51 52 52 52 52 52 52 52 52 52 52 53 53 54 55 55 55 55 55 55 55 55 55 55 54 53 53 53 53 53 53 53 52 53 54 54 53 52 53 52 52 52 52 52 51 51 52 51 51 50 50 51 50 50 51 51 51 50 50 50 49 50 50 51 50 50 50 49 49 50 50 50 50 50 50 50 51 50 50 50 50 50 50 50 50 50 50 50 50 50 50 50 50 50 50 50 50 50 50 50 50 50 49 50 49 49 49 49 50 50 50 50 50 50 50 50 49 49 49 49 49 49 49 49 49 50 50 50 50 50 50 50 49 49 49 49 49 49 49 49 49 49 49 49 49 49 49 49 49 49 49 49 49 49 49 49 49 48 49 49 49 49 49 48 48 48 48 48 48 48 48 48 49 49 49 49 49 49 48 48 48 49 48 48 48 47 47 47 47 48 48 49 49 49 49 49 49 50 50 50 50 49 50 50 50 49 49 49 49 49 49 49 49 49 49 49 49 49 49 50 49 49 48 48 49 49 49 49 49 50 50 50 49 50 50 50 50 49 49 50 50 51 50 51 52 52 52 52 52 52 52 53 53 52 52 52 52 52 52 53 54 54 54 54 58 58 58 57 57 57 56 55 55 56 55 56 56 56 56 55 56 56 56 55 54 53 54 55 55 56 57 58 58 58 58 58 57 57 57 57 57 58 58 58 58 58 58 57 58 57 58 57 57 58 58 58 57 57 57 57 57 57 57 57 57 57 57 57 57 57 57 57 57 57 57 57 57 57 57 57 57 57 57 57 57 57 57 56 55 55 55 55 55 55 56 56 57 57 57 57 58 58 58 57 57 57 57 57 57 56 54 54 54 54 54 54 54 53 53 53 52 52 52 52 52 52 52 52 52 52 52 52 52 51 51 52 52 52 52 52 52 52 52 52 52 52 52 53 53 54 54 54 54 55 55 55 55 55 56 56 56 55 54 54 53 53 54 54 54 53 53 53 53 53 52 52 52 52 52 52 52 52 52 52 52 51 50 50 51 51 50 51 51 51 50 50 50 50 50 51 50 50 50 50 50 50 50 50 50 50 50 50 50 50 50 50 50 50 50 50 50 50 50 50 50 50 50 50 50 50 50 50 50 50 50 50 50 50 50 50 50 50 49 49 49 50 50 50 50 50 50 50 50 49 49 49 49 49 49 49 49 50 50 50 50 50 50 50 50 50 50 49 49 49 49 49 49 49 49 49 49 49 49 49 49 49 49 49 49 49 49 49 49 49 49 49 49 48 49 48 48 48 48 48 48 48 48 48 48 48 48 49 49 49 49 49 48 48 49 49 49 48 48 48 47 47 47 48 48 49 49 48 49 50 50 49 49 50 50 50 50 50 50 49 49 49 49 49 49 49 49 49 49 50 50 49 49 50 50 49 49 48 49 49 49 49 50 50 49 49 49 49 49 49 50 50 51 51 51 51 51 52 52 51 51 51 52 52 52 52 52 52 51 52 52 53 53 54 53 53 52 58 59 58 58 58 57 57 56 56 56 56 56 57 57 56 56 56 56 56 56 56 55 54 54 56 56 56 57 58 58 58 59 59 58 58 58 58 58 58 58 58 57 57 57 57 57 58 58 58 57 57 58 58 57 57 58 58 57 57 57 57 57 57 57 57 57 57 57 57 57 57 57 57 57 56 57 57 57 57 57 57 57 57 57 57 56 55 56 56 56 56 56 56 56 57 57 57 57 57 57 57 57 57 57 56 55 55 54 54 53 54 54 54 54 54 53 53 53 53 52 52 52 52 52 52 52 52 52 52 52 51 51 51 52 52 52 52 52 52 52 52 52 52 52 52 53 54 54 54 54 55 55 55 55 55 56 56 56 55 54 54 54 53 54 54 53 53 53 53 53 53 52 52 52 52 52 52 52 52 52 52 52 51 51 51 51 51 51 50 51 51 51 51 50 51 51 51 51 51 51 50 50 50 50 50 51 51 50 50 51 51 51 50 50 50 50 50 50 50 50 50 50 50 50 50 50 50 50 50 50 50 50 50 50 50 50 50 50 50 50 49 49 50 50 50 50 50 50 50 50 49 49 49 49 49 49 49 50 50 50 50 49 49 50 50 50 50 50 50 50 49 49 49 49 49 49 49 49 49 49 49 49 49 49 49 49 49 49 49 49 49 49 49 49 48 48 49 49 49 48 48 48 48 48 48 49 49 49 49 49 49 49 49 49 49 49 49 49 49 48 48 48 48 48 48 48 48 49 49 49 49 49 49 49 49 50 50 50 50 50 49 49 49 49 49 49 49 49 49 49 49 50 49 49 49 49 50 49 49 49 49 49 49 50 49 49 48 48 49 50 49 49 50 50 50 50 51 51 52 51 50 51 52 52 52 52 53 52 51 51 52 52 52 53 53 52 51 51 59 59 58 58 58 58 57 56 56 57 57 57 57 56 56 57 57 57 57 56 56 55 54 54 55 56 56 57 57 58 58 58 58 59 59 59 59 59 58 58 57 57 57 57 58 58 58 58 58 58 57 57 57 57 57 58 58 58 58 58 58 58 57 57 57 57 57 57 57 57 57 57 57 57 57 57 57 57 57 57 57 57 57 57 56 55 55 56 56 56 57 56 55 56 56 57 57 57 57 57 57 57 57 56 55 55 55 54 54 53 54 54 54 54 54 54 53 53 53 52 52 53 53 53 53 52 52 52 52 52 52 51 52 51 52 52 52 52 52 53 53 53 52 52 52 53 53 54 54 54 54 55 55 55 56 56 55 55 55 54 53 53 53 54 53 53 53 53 53 53 52 52 52 53 52 52 52 52 51 51 52 52 52 51 51 51 52 51 50 51 51 52 52 52 51 51 51 52 51 50 50 50 50 51 51 50 50 50 50 51 51 51 50 50 51 51 50 50 50 50 50 50 50 50 50 50 50 50 50 50 50 50 50 50 50 50 50 50 50 50 50 50 50 50 50 50 50 50 50 50 50 50 49 49 50 50 49 50 50 50 50 50 49 49 49 49 50 50 50 49 49 49 49 49 49 49 49 50 49 49 49 49 49 49 49 49 49 49 49 49 49 49 49 49 48 48 48 49 49 49 49 49 49 48 48 48 49 49 49 50 49 49 49 49 50 49 49 49 49 49 49 49 48 48 48 48 48 48 48 49 49 48 49 49 49 49 49 49 49 50 49 49 49 49 49 49 49 49 49 49 49 49 49 49 49 49 50 50 49 49 49 49 49 49 49 48 49 49 50 51 50 49 49 49 50 50 50 50 51 51 50 50 51 52 52 53 53 52 51 51 52 52 52 53 53 52 51 51 52 59 58 59 59 58 58 57 57 57 57 57 57 56 56 57 57 57 57 56 56 54 55 56 56 56 57 57 57 57 58 58 58 59 59 59 59 59 58 58 57 57 57 57 58 58 58 58 58 58 58 58 58 58 58 58 58 58 58 58 58 58 58 58 57 57 57 57 57 58 57 57 57 57 57 57 57 57 57 57 57 57 57 57 56 55 55 56 56 56 56 56 55 56 56 56 57 57 57 57 57 56 56 56 55 55 55 54 54 54 54 54 54 54 54 54 54 53 53 53 53 53 53 53 52 52 52 52 52 52 52 52 52 52 51 52 52 52 52 52 52 52 52 52 52 53 53 53 54 54 54 54 55 55 56 56 56 55 55 54 53 53 53 53 53 53 53 53 53 53 52 52 52 53 52 52 52 52 52 51 51 52 52 52 52 52 52 51 51 51 52 52 52 52 51 51 51 51 51 50 50 51 51 51 51 51 50 50 50 51 51 51 51 51 51 51 51 50 50 50 50 50 50 50 50 50 50 50 50 50 50 50 50 50 50 50 50 50 50 50 50 50 49 50 50 50 49 49 49 50 50 50 49 49 49 50 50 50 50 50 50 50 50 50 50 50 50 50 50 50 49 49 49 49 49 49 49 50 49 49 49 49 49 49 49 49 49 49 49 49 49 49 49 49 49 48 48 48 49 49 50 49 49 49 48 48 48 49 49 49 49 49 49 49 49 50 49 49 49 49 49 49 49 48 48 48 48 48 48 48 48 48 48 48 48 48 49 49 49 49 49 48 49 48 48 49 49 49 49 49 49 49 49 49 49 49 49 49 49 49 49 49 49 49 48 49 49 50 50 50 51 50 49 49 49 50 50 50 50 51 50 50 51 51 52 52 52 52 51 51 51 52 52 53 52 52 51 51 52 51 52 59 59 59 58 58 58 57 57 57 57 57 57 57 57 56 56 56 56 56 55 55 56 56 57 56 56 57 57 57 57 58 59 59 59 59 59 58 58 58 58 58 58 58 59 59 59 59 58 58 58 58 58 58 58 58 57 58 58 58 58 58 58 58 57 57 57 57 58 57 57 57 57 57 57 57 57 57 57 57 57 57 57 57 56 55 55 56 55 55 55 55 56 56 56 56 56 57 56 56 56 55 55 55 55 55 54 54 54 54 54 54 54 54 54 54 54 53 53 53 53 52 52 52 52 52 52 52 52 52 53 53 52 52 52 52 52 52 52 52 52 52 52 52 52 53 53 53 53 54 55 54 54 55 55 56 55 54 53 53 53 53 53 53 53 53 53 53 53 53 53 52 52 52 52 52 52 52 52 51 52 52 52 52 52 52 52 52 52 52 52 52 52 51 51 51 51 51 50 50 50 51 51 51 51 51 51 51 51 51 51 51 51 51 51 51 51 51 50 50 50 50 50 50 50 50 50 50 50 50 50 50 50 50 50 50 50 50 50 49 50 49 49 50 50 49 49 49 49 49 50 50 49 49 49 49 50 50 50 50 50 50 50 50 50 50 50 50 50 50 50 50 49 49 49 49 50 50 49 49 49 49 49 49 49 49 49 49 49 49 49 49 49 49 48 48 48 48 49 49 49 50 49 49 49 48 48 49 49 49 49 50 49 49 49 49 49 49 49 49 49 49 49 49 49 48 48 48 48 48 48 48 48 48 48 48 48 48 48 48 48 49 48 48 48 49 49 49 49 48 49 49 49 49 49 49 49 49 49 49 49 49 49 49 49 49 49 49 50 50 50 49 49 49 49 49 50 50 50 49 50 50 50 51 52 52 52 51 51 51 51 52 52 52 51 51 51 51 51 52 59 59 59 59 59 58 58 57 57 58 58 57 57 56 56 55 56 56 56 55 55 56 56 56 56 57 57 56 57 57 58 58 58 59 59 59 58 59 58 58 58 58 59 59 59 59 59 58 58 58 58 58 58 58 58 57 58 58 58 58 58 58 58 58 58 57 57 57 57 57 58 58 58 58 57 57 57 57 58 57 57 57 57 56 56 55 55 56 56 56 56 56 56 56 56 56 56 56 55 55 55 55 55 55 55 54 54 54 54 54 55 54 54 54 53 53 53 53 53 53 53 52 52 52 52 52 52 52 52 53 53 52 52 52 52 52 52 52 52 52 52 52 52 52 52 53 53 54 54 54 53 53 54 55 55 55 54 54 54 54 54 53 53 53 53 53 53 52 52 52 52 52 52 52 52 51 51 51 51 51 51 51 52 52 51 52 52 52 52 52 52 52 52 51 51 50 51 51 51 51 50 51 51 51 51 51 51 51 51 51 51 51 51 51 51 51 51 51 50 50 50 50 50 50 50 50 50 50 50 50 50 50 50 50 50 50 50 50 50 49 49 49 50 50 50 49 49 49 49 49 50 50 49 49 49 50 50 50 50 50 50 50 50 50 50 50 50 50 50 50 50 50 49 49 49 50 50 49 49 49 49 49 49 49 49 49 49 49 49 50 50 49 49 49 48 48 48 48 49 49 49 50 49 49 49 48 48 49 49 49 49 49 49 49 49 49 49 49 49 49 49 49 49 49 49 48 48 48 48 48 48 48 48 48 48 48 48 48 48 49 49 49 48 48 49 49 49 49 49 48 49 49 49 49 49 49 49 49 49 49 49 49 49 49 49 50 50 50 50 50 49 49 49 49 50 50 50 50 49 50 50 50 50 51 51 52 52 51 51 51 52 52 52 52 51 51 50 51 51 52 59 59 59 58 58 58 58 58 57 56 56 55 56 56 56 56 56 56 56 56 56 56 56 57 57 57 58 58 58 58 58 58 59 59 59 59 58 58 58 59 59 59 59 59 59 59 59 58 58 58 58 58 58 58 58 58 58 58 58 58 58 58 57 57 57 57 58 58 58 58 58 58 58 58 58 57 57 57 58 57 57 56 56 55 55 56 56 56 56 56 56 56 56 56 56 55 55 55 55 55 55 55 54 54 54 54 54 55 55 54 54 53 53 53 53 53 53 53 53 52 52 52 52 53 53 53 53 53 52 52 52 52 52 52 52 52 52 52 53 53 52 53 53 53 53 53 53 53 54 54 54 54 54 54 54 54 54 54 53 53 53 53 53 54 53 52 52 53 53 52 52 52 52 52 52 52 52 51 51 51 51 52 52 52 52 52 53 52 52 52 51 51 51 51 51 51 51 51 51 51 51 51 51 51 51 51 51 51 51 51 51 51 51 51 51 51 50 50 50 50 50 50 50 50 50 50 50 50 50 50 50 50 50 50 50 50 50 49 49 50 50 50 49 49 49 49 49 49 49 50 49 49 50 50 50 50 50 50 50 50 50 50 50 50 50 50 50 50 50 50 49 50 50 50 49 49 49 49 49 49 49 49 49 49 49 49 50 50 50 49 49 48 48 48 49 49 49 49 49 49 49 50 49 49 49 49 49 49 49 49 49 49 49 49 49 49 49 49 49 49 49 48 48 48 48 48 48 48 48 48 48 48 48 48 48 48 49 49 48 48 48 48 49 49 49 49 48 49 48 48 49 49 49 49 49 49 49 49 49 49 49 50 50 50 51 50 50 49 50 49 49 49 49 50 49 50 50 50 50 50 49 50 51 52 51 51 51 52 52 52 52 52 51 50 51 51 52 52 59 59 58 58 58 57 56 56 56 56 56 56 56 56 56 56 56 56 56 56 57 57 57 57 57 58 58 58 58 59 59 59 58 58 58 58 59 59 59 59 59 59 59 59 59 59 58 58 58 58 58 58 58 58 58 58 58 58 58 58 57 57 58 58 58 58 58 58 58 58 58 58 58 58 58 58 58 57 57 56 56 55 55 56 56 56 56 56 56 56 56 56 55 55 55 55 55 55 55 54 54 54 54 54 54 54 54 54 53 53 53 53 53 53 53 53 53 52 52 52 53 53 53 53 52 52 52 52 52 52 52 52 52 52 53 52 52 53 53 53 53 52 53 53 54 54 54 53 53 54 54 54 54 54 54 53 53 53 53 53 54 53 53 52 53 53 52 52 53 52 52 53 53 53 52 51 51 51 51 51 51 52 52 52 51 51 51 52 52 51 51 51 51 50 51 51 51 51 51 51 51 51 51 51 51 51 51 51 51 51 51 51 51 51 50 50 50 50 50 50 50 50 50 50 50 50 50 50 50 50 50 50 50 50 50 49 50 50 49 49 49 49 49 49 49 49 49 49 49 50 50 50 50 50 50 50 50 50 50 50 50 50 50 50 50 50 50 50 50 50 49 49 49 49 49 49 49 50 50 50 49 50 50 50 50 50 50 49 49 49 48 48 49 49 49 49 48 49 50 50 49 49 49 49 49 49 49 49 49 49 49 49 49 49 49 49 49 48 48 48 48 48 48 48 48 48 48 48 48 48 48 48 48 48 48 48 48 48 48 49 48 48 48 48 48 48 49 49 49 49 49 49 49 49 49 49 49 49 49 50 50 51 50 50 50 50 50 50 50 49 49 49 50 50 50 49 49 49 50 51 52 51 51 51 51 52 52 52 51 51 51 51 51 51 51 58 58 57 56 56 57 56 57 57 57 56 56 56 56 56 56 57 57 56 56 57 57 57 57 58 59 59 59 59 58 58 58 59 59 59 59 59 59 59 59 59 59 59 59 59 58 58 58 58 58 58 58 58 58 58 58 58 58 58 58 58 58 58 58 58 58 58 58 58 58 58 58 58 58 57 57 56 56 56 56 55 55 56 56 56 56 56 56 56 55 55 56 55 55 55 55 54 54 54 54 54 54 54 54 55 54 54 53 53 53 53 53 53 53 53 52 52 53 53 53 53 53 52 53 53 52 52 52 52 52 52 52 52 52 52 52 52 53 53 53 53 53 53 54 53 53 53 53 53 53 54 54 54 54 53 53 53 53 53 52 53 53 53 52 52 53 53 53 53 53 52 52 52 52 52 51 51 51 52 51 51 51 51 51 51 51 52 51 51 51 51 51 51 51 51 51 51 51 51 51 51 51 51 51 51 50 50 50 50 50 51 50 50 50 50 50 50 50 50 50 50 50 50 50 50 50 50 49 49 49 49 49 49 49 49 49 49 49 49 49 49 49 49 49 49 49 50 50 50 50 50 50 50 50 50 50 50 50 50 50 50 50 50 50 50 50 50 49 49 49 49 50 50 50 50 50 50 50 50 50 50 50 50 50 49 49 49 49 49 49 49 49 49 49 49 49 50 49 49 49 49 49 49 49 49 49 49 49 49 49 49 49 49 50 49 48 48 48 47 48 48 48 48 48 48 48 48 48 48 48 48 48 48 48 48 48 48 48 48 48 48 48 48 48 48 48 49 49 49 49 49 49 49 49 49 49 49 50 50 50 50 50 50 51 50 50 50 49 49 49 49 49 49 50 50 51 51 52 51 51 51 51 51 51 52 51 51 50 51 51 51 51 52 52 58 58 57 57 57 57 57 57 57 57 56 56 56 56 56 56 56 56 57 57 57 58 59 59 58 59 59 59 58 58 59 59 59 59 59 59 59 59 59 59 59 59 59 59 59 58 58 58 58 58 58 58 58 58 58 58 58 58 58 58 58 58 58 58 58 58 58 58 58 58 58 58 58 57 57 57 56 56 56 56 56 56 56 56 56 56 56 56 56 56 56 55 55 55 55 54 54 54 54 54 54 54 54 54 54 54 54 53 53 53 53 52 52 52 52 52 52 53 53 53 53 53 53 53 53 52 52 52 52 52 52 52 53 53 53 53 53 53 53 54 53 53 53 53 52 53 53 53 53 54 54 54 54 53 53 53 53 53 53 53 54 54 53 54 53 53 53 53 53 52 52 52 52 53 52 51 50 51 51 50 51 51 51 51 51 51 51 51 51 51 51 51 51 51 51 51 51 51 51 51 51 50 51 51 51 50 50 50 50 50 50 50 50 50 50 50 50 50 50 50 50 50 50 50 50 50 50 50 49 49 49 49 49 49 49 49 49 49 49 49 49 49 49 49 49 50 50 50 50 50 50 50 50 50 50 50 50 50 50 50 50 50 50 50 50 50 50 50 50 50 50 50 50 50 50 50 50 50 50 50 50 50 49 49 49 49 49 49 49 49 49 49 49 49 49 49 50 50 50 49 49 49 49 49 49 49 49 49 49 49 49 49 50 50 49 48 48 48 48 48 48 48 48 48 48 48 48 48 48 48 48 48 48 48 48 48 48 48 49 48 48 48 48 48 48 49 49 49 49 49 49 49 49 49 49 49 50 50 49 50 50 50 50 50 51 51 50 50 49 49 49 49 49 50 50 50 51 51 52 51 50 51 51 52 51 50 50 51 51 51 52 52 52 52 52 58 57 58 57 57 56 56 56 56 56 57 57 58 58 57 56 56 57 57 58 58 59 58 58 58 58 59 59 59 59 59 59 59 59 59 59 59 59 59 59 59 59 59 59 58 58 58 58 58 58 58 58 58 58 58 58 58 58 58 58 58 58 58 58 58 58 58 58 58 58 58 58 58 58 57 57 56 56 56 56 56 56 56 56 56 57 57 57 56 56 56 56 55 55 54 54 54 54 54 54 54 54 54 54 54 55 54 54 53 53 53 53 53 52 53 53 53 53 53 53 53 54 54 53 53 52 52 52 52 52 53 53 53 53 53 54 54 54 53 53 54 53 53 52 53 54 54 53 53 54 54 53 53 53 53 53 53 53 53 53 54 54 54 53 53 52 53 53 53 52 52 53 53 52 51 51 51 51 50 51 51 51 51 51 51 51 51 51 51 51 51 51 51 51 51 51 51 51 51 51 51 51 51 51 51 50 50 50 50 50 50 50 50 50 50 50 50 50 50 50 50 50 50 50 50 50 50 50 50 50 49 49 49 50 49 49 49 50 49 49 49 49 49 49 50 50 50 50 50 50 50 50 50 50 50 50 50 50 50 50 50 50 50 50 50 50 50 50 50 50 50 50 50 50 50 50 50 50 49 49 49 49 49 49 49 49 49 49 49 49 49 49 49 49 49 50 51 51 51 50 50 49 49 49 49 49 49 49 48 49 49 49 50 50 49 49 48 48 48 48 48 48 48 48 48 48 48 48 48 48 48 48 48 49 49 49 49 49 49 49 49 49 48 48 48 48 48 49 49 49 49 49 49 49 49 50 50 49 49 49 49 49 50 50 51 51 51 51 50 49 49 48 49 49 50 50 51 52 52 51 50 51 52 51 50 51 51 52 52 52 52 52 52 52 52 59 58 57 57 57 56 56 57 56 56 57 58 58 57 56 56 57 57 58 58 58 59 58 58 58 58 58 59 59 59 60 60 59 59 59 59 59 59 60 60 59 59 59 59 59 59 58 58 58 58 58 58 58 58 58 58 58 58 58 58 58 58 58 58 58 58 58 58 58 58 58 58 58 58 57 56 56 56 56 56 56 56 56 56 57 57 57 57 57 56 56 56 56 55 55 55 55 55 55 55 54 54 54 54 54 54 54 54 53 53 53 54 54 53 53 53 53 54 54 54 54 53 53 53 53 53 53 52 52 52 52 53 53 52 53 54 54 53 53 53 53 53 53 53 53 53 53 53 54 54 54 54 54 53 53 53 53 53 53 54 54 54 54 53 53 53 52 52 52 52 52 53 53 53 52 51 51 52 51 50 50 50 50 51 51 51 51 52 52 51 51 51 51 51 51 51 51 51 51 51 51 51 51 51 51 50 50 50 50 50 50 50 50 50 50 50 51 50 50 50 51 50 50 50 50 50 50 50 50 50 49 49 50 50 50 50 49 49 49 49 49 49 49 49 50 50 50 50 50 50 50 50 50 50 50 50 50 50 50 50 50 50 50 50 50 50 50 49 49 50 50 50 49 50 50 50 50 50 49 49 49 49 50 50 50 49 49 49 50 50 49 49 49 49 49 49 50 51 51 51 51 50 49 49 49 49 49 49 49 49 49 49 50 51 49 49 48 48 48 48 48 49 49 48 48 48 48 48 48 48 49 49 49 49 49 49 49 50 50 50 49 49 49 48 48 48 48 48 49 49 49 49 49 49 50 49 49 50 50 50 50 49 50 50 50 50 50 51 51 51 50 49 49 49 49 49 50 51 51 51 50 51 52 51 51 51 52 52 51 51 51 52 52 52 51 52 52 51 51 52 52 59 58 58 58 57 57 57 57 56 56 57 57 57 56 56 56 56 58 57 57 57 58 57 57 57 58 58 58 59 59 60 59 59 59 59 60 60 60 60 59 59 59 59 59 59 59 59 59 59 59 59 59 59 58 58 58 58 58 58 58 59 59 58 58 58 58 58 58 58 58 58 58 58 58 58 57 57 57 56 56 55 55 55 56 56 57 56 56 56 56 56 56 56 56 55 55 55 55 55 55 55 54 54 54 54 54 54 54 53 53 53 53 53 53 53 53 53 53 54 54 53 53 53 53 52 52 52 52 52 52 52 53 52 52 53 53 54 53 53 53 53 53 52 53 54 54 54 54 54 54 55 54 54 53 53 53 53 54 54 54 54 55 54 54 54 53 53 52 52 53 53 53 53 52 52 51 51 52 52 52 51 51 51 50 51 51 51 52 52 51 51 51 51 51 51 51 51 51 51 51 51 51 51 51 51 51 50 50 50 51 51 50 51 50 50 50 50 50 50 50 50 51 50 50 50 50 50 51 50 50 50 50 50 50 49 50 49 49 50 49 49 49 49 49 50 50 50 50 50 50 50 50 50 50 50 50 50 50 50 50 50 50 50 50 50 50 50 50 49 49 50 49 49 50 50 50 50 50 50 50 50 50 50 50 50 50 49 50 50 50 50 50 49 49 49 49 49 49 50 50 50 51 50 50 49 49 49 49 49 49 49 49 50 50 50 49 48 48 48 48 48 48 49 49 49 48 48 48 48 48 49 49 49 49 50 49 50 50 50 50 50 50 50 50 50 49 49 49 49 49 49 49 49 50 50 49 50 50 50 51 50 50 50 50 50 50 50 50 50 51 51 50 50 50 49 50 50 51 51 51 51 50 51 51 50 51 52 52 52 51 51 52 52 52 51 51 51 52 51 51 51 52 52 59 59 58 58 58 57 57 57 57 56 56 56 56 56 56 57 57 57 57 57 57 57 58 58 58 58 58 59 59 59 60 60 60 60 60 60 60 59 59 59 59 59 59 59 59 59 59 59 59 59 59 59 58 58 58 58 59 58 59 59 58 58 58 59 58 58 58 58 58 58 58 58 58 58 58 58 57 56 56 56 55 55 56 56 56 56 56 55 56 56 56 56 55 55 55 55 55 55 54 55 54 54 55 55 54 54 53 53 54 54 53 53 54 53 53 54 54 54 53 53 53 53 53 53 52 52 52 52 52 52 52 52 52 53 53 53 53 53 53 52 53 53 54 54 55 54 54 54 54 55 54 53 53 53 53 54 54 54 55 54 53 54 54 54 53 53 52 52 53 54 53 53 53 52 51 52 53 52 52 51 51 51 51 51 51 51 51 51 51 51 51 51 51 51 51 52 51 51 51 51 51 51 51 51 50 50 50 50 51 51 51 50 50 50 50 50 50 50 50 50 51 50 50 51 51 51 51 50 50 50 49 49 49 50 50 49 50 50 50 50 49 49 50 50 50 50 50 50 50 50 50 50 50 50 50 50 50 50 50 50 50 50 50 50 50 50 50 50 50 50 50 50 50 50 50 50 50 50 50 50 50 50 50 49 49 49 50 49 50 50 50 49 49 49 50 50 49 50 50 50 51 52 51 51 50 49 49 49 49 49 50 51 51 50 49 48 48 48 48 48 49 49 49 49 48 48 49 49 49 49 49 50 50 50 51 51 50 50 50 50 50 50 50 50 50 50 50 49 49 49 49 49 50 49 50 50 50 50 50 50 51 50 50 50 50 50 50 50 50 50 50 50 49 50 50 50 51 51 51 51 50 51 50 51 51 52 51 51 51 52 51 51 51 50 51 51 51 52 52 52 52 52 53 59 58 58 57 57 57 57 57 57 56 57 58 58 58 58 58 58 59 59 59 58 58 59 59 59 59 60 60 60 60 60 60 60 60 60 60 60 60 60 59 59 59 59 59 59 59 59 59 58 58 58 58 59 59 59 59 59 58 59 59 58 58 59 58 58 58 59 58 58 58 58 58 57 57 57 57 56 55 55 55 56 56 56 55 55 55 55 55 55 55 55 55 55 55 54 54 54 54 54 54 54 54 53 53 54 54 54 54 54 54 54 54 54 53 53 53 53 53 52 52 52 52 53 52 52 52 52 53 52 52 53 54 53 53 53 54 54 54 54 54 54 53 54 54 54 54 54 54 54 53 53 54 54 54 54 54 53 53 54 55 54 53 53 52 53 54 53 52 52 52 51 52 53 53 52 52 52 51 51 51 51 51 51 51 51 51 51 51 52 52 52 51 51 51 51 51 51 51 50 50 50 50 50 50 50 51 51 51 51 50 51 51 50 50 50 50 50 50 51 51 51 51 50 50 50 50 50 50 49 49 50 50 50 50 50 50 50 49 50 50 50 50 50 50 50 50 50 50 50 50 50 50 50 50 50 50 50 50 50 50 50 50 50 50 50 50 50 50 50 50 50 50 50 50 50 50 50 50 50 50 50 49 49 49 49 49 49 49 49 49 49 49 49 50 50 49 50 52 53 53 51 50 50 50 49 49 50 52 52 51 50 48 48 48 48 48 49 49 49 50 49 49 49 49 49 49 49 50 50 50 50 50 50 50 50 50 49 49 50 50 50 50 50 50 50 49 49 49 50 49 49 50 50 50 50 50 51 51 50 50 50 50 50 50 50 49 49 50 50 49 49 50 50 51 51 51 51 50 51 51 51 51 51 51 51 52 52 51 50 50 50 50 51 51 51 52 52 52 59 59 59 58 57 57 57 57 57 57 57 58 58 58 58 58 58 58 58 58 59 59 59 59 60 60 60 60 60 60 60 60 60 60 60 60 60 59 59 59 60 60 60 60 59 59 59 59 58 58 59 59 59 59 59 59 59 59 58 58 58 58 59 59 58 58 58 58 58 58 58 58 58 57 57 56 56 55 55 55 55 55 55 54 55 55 55 55 54 54 55 55 55 55 55 55 54 54 54 54 53 54 54 54 54 54 54 54 54 54 54 54 53 53 53 53 53 52 53 53 53 53 52 52 52 52 52 53 53 53 52 53 54 54 53 53 53 53 54 54 54 54 54 55 55 54 54 54 54 54 54 54 53 53 53 53 53 54 54 53 53 52 53 53 54 53 52 52 51 52 52 53 52 52 52 51 51 52 51 51 51 51 51 51 51 51 51 51 51 51 51 51 51 51 51 51 51 50 50 51 50 50 50 51 51 51 51 51 51 51 50 50 50 50 50 50 50 51 51 51 51 51 50 50 50 50 49 49 50 50 51 50 51 50 49 49 50 50 50 50 50 50 50 50 50 50 50 50 50 50 50 50 50 50 50 50 50 50 50 50 50 50 50 50 50 50 50 50 50 50 50 50 50 50 50 50 50 50 50 50 50 49 49 49 49 49 49 49 49 49 49 49 50 50 50 50 52 52 53 53 52 52 50 50 51 52 52 51 51 50 49 48 48 48 49 49 49 50 50 50 50 50 50 50 50 50 50 50 49 49 49 50 49 49 49 49 50 50 50 49 50 50 50 50 50 49 50 50 50 50 49 49 49 50 50 50 50 51 51 51 51 51 51 50 50 49 49 49 49 49 49 50 50 51 50 50 51 52 51 50 50 51 51 51 52 51 50 50 50 50 51 51 51 51 52 58 58 58 58 57 57 57 58 58 58 58 58 59 59 59 59 59 60 60 60 61 60 60 60 60 60 60 60 60 60 60 59 60 60 60 60 60 60 59 59 59 59 59 59 59 59 59 59 59 59 58 58 58 59 59 58 58 58 58 58 58 58 58 58 58 58 58 58 57 57 56 55 55 54 54 55 54 54 54 54 54 54 54 54 55 55 55 55 55 55 54 54 54 54 54 54 54 54 54 54 54 54 54 54 54 54 53 53 53 53 53 53 54 54 53 52 52 52 52 52 53 53 52 53 54 54 53 53 53 53 54 54 54 54 54 55 55 55 54 54 54 54 54 54 54 54 54 54 54 53 53 53 53 52 52 53 54 54 53 53 52 52 52 52 53 53 52 52 52 51 52 52 51 51 51 51 50 51 51 51 51 51 51 51 51 51 51 51 51 50 50 50 50 51 50 50 51 51 51 51 51 51 51 50 50 50 50 50 51 51 51 51 51 51 51 51 50 51 50 50 49 50 51 51 51 50 50 50 50 50 50 50 50 50 50 51 51 51 51 51 50 50 50 50 50 50 50 50 50 50 50 50 50 50 50 50 50 50 50 50 50 50 50 50 50 50 50 50 50 50 50 50 50 49 49 50 50 49 49 49 49 49 49 49 49 49 49 49 49 50 51 52 53 53 53 53 52 52 52 52 52 52 51 50 49 48 48 48 49 49 50 50 51 51 51 51 51 50 50 50 50 50 49 49 49 49 50 49 49 50 50 50 50 49 49 50 50 50 50 50 50 50 50 49 49 49 49 49 50 50 50 50 51 51 51 51 51 50 49 49 49 49 49 49 49 49 49 50 50 51 51 51 50 51 51 51 51 51 51 51 50 50 50 50 51 51 51 51 57 58 58 58 58 58 58 59 59 59 60 60 59 59 60 60 60 60 60 60 60 60 61 60 60 60 60 60 60 60 60 60 60 60 60 59 59 59 59 59 59 59 59 59 59 59 59 59 59 59 58 58 58 58 59 58 58 58 58 58 58 58 58 58 58 58 58 57 57 56 55 55 56 56 55 54 53 54 54 54 54 55 55 55 55 55 54 54 54 54 54 54 54 54 54 54 54 54 54 55 54 54 54 53 54 54 53 53 53 53 53 52 52 52 52 52 52 53 53 52 53 54 54 53 53 53 54 54 54 54 54 54 55 55 55 55 55 55 54 54 54 54 54 54 54 54 53 53 54 54 53 52 53 53 53 53 53 53 52 52 53 53 53 53 53 52 52 52 52 51 51 51 51 51 50 50 51 51 51 51 51 51 51 51 51 50 50 50 50 51 51 51 51 51 51 51 51 51 51 50 50 50 51 51 51 51 51 50 50 51 51 51 51 51 51 51 50 50 50 50 51 51 50 50 51 50 50 50 50 50 51 51 51 51 51 51 51 50 50 50 50 51 50 50 50 50 50 50 50 50 50 50 50 50 50 50 50 50 50 50 50 50 50 50 51 50 50 51 50 51 50 50 50 50 49 50 50 49 49 49 50 49 49 50 50 49 49 50 51 53 53 53 53 53 52 52 52 52 52 52 51 50 49 48 48 49 49 49 49 50 51 51 51 51 51 50 50 50 50 50 50 49 49 49 50 50 50 50 50 50 50 50 50 50 50 50 50 50 50 50 49 50 49 49 50 50 50 50 50 50 50 51 51 51 51 50 50 50 50 50 49 49 49 49 49 49 49 50 50 50 50 51 51 51 51 51 50 50 51 50 51 50 50 50 51 51 57 58 59 59 59 59 58 59 60 60 60 60 59 59 60 60 60 60 60 60 61 61 60 60 60 60 60 60 60 60 60 60 60 60 60 60 59 59 59 59 59 59 59 59 59 59 59 59 58 58 58 58 58 59 59 58 58 58 58 58 58 58 58 58 58 58 58 58 58 57 57 57 56 56 56 56 54 54 54 54 54 54 55 55 55 55 54 54 54 54 54 54 54 54 54 54 54 54 54 55 55 55 55 54 54 54 54 53 54 53 53 53 52 52 53 53 52 52 52 53 54 54 53 53 53 53 54 54 54 54 54 54 54 55 55 55 55 56 55 55 54 54 54 54 54 54 54 54 55 54 53 53 52 53 53 53 54 54 53 52 53 54 53 53 52 52 52 52 52 52 52 51 51 51 51 50 51 51 51 51 51 51 50 50 51 51 51 50 50 51 51 51 51 51 51 51 51 51 51 51 50 50 51 51 51 51 50 50 50 50 51 51 52 51 51 51 51 51 50 51 51 51 51 51 51 50 51 50 50 50 50 51 51 51 51 51 51 50 50 51 51 51 50 50 50 50 50 50 50 50 50 50 50 50 50 50 50 50 50 50 50 50 50 50 51 51 50 51 51 51 51 51 50 50 50 50 50 49 49 49 49 50 50 50 50 49 50 50 50 52 53 53 53 53 52 52 52 52 52 52 51 50 50 49 48 48 49 49 49 49 50 50 50 51 51 50 50 50 50 50 50 49 49 49 50 49 50 50 50 50 50 50 50 50 50 50 50 50 50 50 50 50 49 50 50 49 49 50 50 50 50 50 50 50 51 51 51 51 51 51 51 51 51 50 50 50 49 49 50 50 50 50 50 50 50 51 50 50 50 50 50 50 50 51 51 57 58 58 59 59 59 60 59 59 59 60 60 60 59 59 60 60 60 60 60 60 61 60 60 60 60 60 60 60 60 60 60 60 60 60 60 60 60 60 60 59 59 59 60 60 59 60 59 59 58 58 58 58 58 58 58 58 58 58 58 58 58 58 58 58 58 58 58 58 58 58 57 57 57 56 56 55 55 54 54 54 54 54 54 54 54 54 54 54 54 54 55 55 54 54 55 55 54 54 55 54 55 55 55 55 55 55 54 54 54 54 54 53 53 53 53 52 52 52 52 53 53 53 53 53 53 53 53 54 53 53 54 54 55 55 54 54 55 56 56 55 55 55 55 55 55 55 55 55 55 54 54 53 53 53 53 54 54 54 54 53 53 54 54 54 53 52 52 52 52 52 52 52 52 51 51 51 51 51 51 51 51 51 51 51 51 51 51 51 50 51 51 51 51 51 51 51 51 52 51 51 51 50 51 50 50 50 51 51 50 50 50 51 52 51 51 51 51 51 51 51 51 51 51 51 50 50 50 50 51 51 51 51 51 51 51 51 51 50 51 51 51 51 51 50 50 50 50 50 50 50 50 50 50 50 50 50 50 50 50 50 50 50 50 50 50 50 51 50 50 51 51 51 50 51 50 50 50 50 49 49 49 50 50 50 50 50 49 50 50 51 52 53 53 53 53 52 52 52 52 52 51 50 50 50 49 49 49 49 49 49 50 50 50 50 50 50 50 50 50 50 50 50 50 49 49 49 49 50 50 50 50 50 50 50 50 50 50 50 50 50 50 50 50 50 49 49 49 49 49 50 51 51 50 50 50 50 51 51 51 50 50 51 51 51 51 51 50 49 49 50 50 50 50 50 50 51 50 50 50 50 50 50 51 51 51 58 58 59 59 59 59 59 60 60 60 60 60 59 59 60 60 60 60 60 60 60 60 60 61 60 60 60 60 60 60 60 60 60 60 60 60 60 60 60 60 60 60 60 60 60 60 59 59 59 58 58 58 58 58 58 58 58 58 58 58 59 58 58 58 58 58 58 58 58 58 57 56 56 56 55 55 54 54 54 55 54 55 55 55 55 55 55 54 54 54 55 55 55 54 54 54 55 55 55 55 55 55 56 55 55 55 55 54 54 54 54 54 53 53 53 53 52 52 52 52 52 53 53 53 53 53 54 53 53 54 54 54 55 54 54 55 55 56 56 56 56 56 56 55 55 55 55 55 55 55 54 53 54 53 54 54 54 54 54 54 53 53 53 53 53 53 53 52 52 52 52 51 51 51 51 51 51 51 51 51 51 51 51 51 51 51 51 51 51 50 51 51 51 51 51 51 51 51 51 51 50 50 50 51 51 51 51 51 51 51 51 51 51 51 50 50 50 50 51 51 51 51 51 50 50 50 51 51 51 51 51 51 51 51 51 51 51 51 51 51 51 51 51 51 50 51 51 50 50 50 50 50 50 50 50 50 50 50 50 50 50 50 50 50 50 50 50 50 50 51 51 51 51 51 51 50 50 50 50 49 49 50 50 50 50 50 50 50 50 50 51 52 52 52 52 52 52 53 53 52 51 51 50 49 49 49 49 49 50 50 50 50 50 50 50 50 50 50 50 50 50 50 50 49 50 50 50 49 49 50 50 50 50 50 50 50 50 50 50 50 50 50 50 50 50 49 49 49 49 50 50 50 50 50 50 50 50 50 51 50 50 50 50 50 51 51 51 50 50 49 50 50 50 50 50 50 50 50 50 51 50 51 50 50 51 58 58 58 59 59 60 60 60 60 60 60 59 60 60 60 60 60 60 61 61 61 61 61 61 60 60 60 60 60 60 60 60 60 60 60 60 60 60 60 60 60 60 60 60 60 59 59 59 58 58 58 58 58 58 58 58 58 58 58 58 58 58 58 58 58 58 58 57 56 56 55 55 55 56 55 55 56 55 55 55 55 55 55 55 55 55 55 54 54 54 55 55 55 55 54 55 55 55 55 55 55 55 55 55 55 55 54 55 55 55 54 55 54 54 53 53 52 52 52 53 53 53 54 54 54 54 54 54 54 54 54 54 54 55 56 56 56 55 55 56 56 55 55 55 55 54 54 55 55 54 54 55 54 55 54 54 54 54 54 54 54 53 53 52 52 52 52 52 51 51 51 51 51 51 51 51 51 51 51 50 51 51 51 51 51 51 51 51 51 51 51 51 51 51 51 51 51 51 51 51 51 51 51 51 51 51 51 52 52 51 51 51 50 50 50 50 50 51 51 50 51 50 50 50 51 51 51 51 51 51 51 51 51 51 51 51 51 51 51 51 51 51 51 51 50 50 50 50 51 50 50 50 50 50 50 50 50 50 50 50 50 50 50 50 50 50 50 51 51 51 51 51 51 51 50 50 50 50 49 50 50 50 50 50 50 50 50 50 50 50 50 51 52 52 53 53 53 52 52 51 51 50 49 49 49 49 50 50 50 50 50 50 50 50 50 50 50 50 50 50 50 50 50 50 50 50 50 49 50 50 50 50 50 50 50 50 50 50 50 50 50 50 50 50 49 49 49 49 50 50 50 50 50 50 50 50 50 50 50 50 50 50 50 50 51 51 50 50 50 50 50 50 50 50 50 50 50 50 50 50 50 50 59 60 60 60 60 60 60 60 60 60 60 60 60 61 61 61 61 61 61 61 60 60 60 60 60 60 60 60 60 60 60 60 60 60 60 60 60 60 60 60 60 59 59 59 59 59 58 58 58 58 58 58 58 58 58 58 58 58 58 58 58 58 58 58 57 56 56 56 57 56 55 56 56 56 55 55 55 55 55 55 55 55 55 55 55 54 54 54 55 55 55 55 55 55 55 55 55 55 55 55 55 55 54 55 55 55 55 55 55 54 54 53 53 53 52 53 53 53 53 54 54 54 54 55 54 54 54 55 55 55 56 56 55 55 55 56 57 56 56 56 55 55 55 54 55 55 55 56 55 55 54 54 54 55 54 54 55 54 53 53 53 52 52 52 52 52 52 52 51 51 51 51 52 52 51 50 51 51 52 51 52 52 51 51 51 51 51 51 51 51 51 52 51 51 51 51 51 51 51 51 51 51 51 52 51 51 51 51 51 50 50 50 51 51 51 50 50 51 50 50 51 51 51 51 51 51 51 51 51 51 51 51 51 51 51 51 51 50 50 50 50 50 50 50 51 50 50 50 50 50 50 50 50 50 50 50 50 50 50 50 50 50 51 50 51 50 50 51 51 51 51 51 50 50 50 50 50 50 50 50 50 50 50 50 50 50 49 50 51 52 52 53 53 52 52 52 51 50 50 50 49 49 49 50 50 50 50 50 50 50 50 50 50 50 50 50 50 50 50 50 50 50 50 49 50 50 50 50 50 49 49 50 50 50 50 50 50 50 50 50 50 49 49 49 49 50 50 50 50 50 50 50 50 50 50 50 49 50 50 50 50 50 51 51 50 50 50 50 50 50 50 50 50 49 49 50 50 50 59 59 60 60 60 60 60 60 60 60 60 61 61 61 61 61 60 61 61 61 60 60 60 60 60 60 60 60 60 60 60 60 60 60 60 60 60 60 60 60 60 59 59 58 58 58 58 59 59 59 59 58 58 58 58 58 58 58 58 58 58 57 56 56 57 57 55 55 56 56 55 55 55 55 55 55 55 55 55 55 55 55 55 55 54 54 55 55 55 55 55 55 55 55 55 55 55 55 54 54 54 54 54 54 55 55 54 54 53 53 53 53 53 53 54 53 54 54 54 54 54 54 54 55 55 55 55 55 55 55 56 56 56 56 57 56 56 55 55 54 54 55 55 55 55 54 54 54 54 55 54 54 54 54 54 53 53 53 52 52 52 52 52 52 52 51 51 51 52 52 51 51 51 51 52 52 52 52 52 52 51 51 51 51 51 51 51 51 51 51 51 52 51 51 51 51 51 51 51 51 51 51 51 51 51 51 50 50 51 51 50 50 50 51 51 50 51 51 51 51 51 51 51 51 51 51 51 51 51 51 51 51 51 50 50 50 50 50 50 50 51 51 50 50 50 50 50 50 50 50 50 50 50 50 50 50 50 50 50 50 50 50 50 51 51 51 51 51 50 50 50 50 50 50 50 50 50 50 50 50 49 50 50 50 50 50 50 51 52 52 52 52 51 50 50 50 50 50 50 50 50 50 50 50 50 50 50 50 50 50 50 51 51 50 51 51 50 50 50 49 50 50 50 50 50 50 49 49 50 50 50 50 50 50 50 50 50 50 49 49 49 50 50 50 50 50 50 50 50 50 50 50 49 49 49 49 50 50 50 50 51 51 51 50 50 50 49 50 50 50 50 50 60 60 60 60 60 60 61 61 61 61 61 61 60 60 60 60 61 61 61 61 61 60 60 60 60 60 60 60 60 60 60 60 60 60 59 59 59 59 59 59 59 59 58 58 58 58 58 58 58 58 58 58 58 58 57 56 56 57 57 56 55 56 55 55 55 55 55 56 55 55 55 55 55 55 55 55 55 55 55 55 55 55 55 55 55 55 56 56 55 55 55 55 55 55 54 54 54 55 55 55 54 54 53 53 53 53 53 53 53 54 54 54 54 54 55 55 55 55 55 54 55 55 55 56 56 56 56 56 56 56 55 55 54 54 55 55 55 55 55 54 54 54 54 54 54 54 55 54 53 53 52 52 53 53 53 53 52 52 51 51 51 52 52 52 51 51 51 52 52 52 52 52 52 52 51 51 51 51 51 51 51 51 51 51 51 51 51 51 51 51 51 51 51 51 51 51 51 51 51 51 51 51 51 51 50 50 51 51 51 51 51 51 51 51 51 51 51 51 51 51 51 51 51 51 51 50 50 50 50 51 50 51 51 51 51 50 51 50 50 50 50 50 50 50 50 50 50 50 50 50 50 50 50 50 50 50 50 50 50 51 51 51 51 51 50 50 50 50 50 50 50 50 50 50 50 50 50 50 50 50 50 51 51 52 51 51 51 50 50 50 50 50 50 50 50 50 50 50 50 50 50 50 50 50 50 50 50 50 51 51 51 50 50 50 50 50 50 50 50 50 49 49 50 50 50 50 50 50 50 50 50 50 49 49 50 50 50 50 50 50 50 50 50 50 50 49 49 49 49 49 49 49 49 50 51 51 51 50 50 49 50 50 50 50 61 61 61 61 61 61 60 60 61 61 61 61 61 61 61 61 61 61 60 60 60 60 60 60 60 60 60 60 59 60 59 59 59 59 59 59 58 59 58 58 58 58 58 58 58 58 58 57 57 57 57 57 56 56 56 56 55 56 55 55 55 55 56 55 55 55 55 56 56 55 55 55 55 55 55 55 55 56 56 55 56 55 55 55 55 56 56 55 55 54 54 54 54 54 54 54 54 54 53 53 53 53 53 54 54 54 54 54 55 55 54 54 54 55 55 56 56 56 56 56 56 55 56 56 55 55 54 54 55 55 54 55 55 55 55 54 54 54 54 55 55 54 54 53 53 52 53 53 53 53 53 52 52 52 51 52 52 52 52 51 51 51 51 51 51 52 52 52 52 52 52 51 51 51 51 51 51 51 51 51 51 51 51 51 51 51 51 51 51 51 51 51 51 51 51 51 51 50 50 51 51 51 51 51 51 51 51 51 51 51 51 51 51 51 51 51 51 51 50 51 51 51 51 51 51 51 51 51 51 51 51 51 51 51 51 50 50 50 50 50 50 50 50 50 50 50 50 50 50 50 50 50 50 50 51 51 51 51 51 51 50 50 50 50 50 50 50 50 50 50 50 50 50 50 50 50 50 50 51 51 51 51 51 50 50 50 49 50 50 50 50 50 50 50 50 50 50 50 51 50 50 50 50 50 50 50 50 50 50 50 50 50 50 50 50 49 50 50 50 50 50 50 50 50 50 50 50 50 50 50 50 50 50 51 50 50 50 50 50 49 50 49 49 49 49 49 49 49 49 50 50 51 50 49 49 61 61 61 61 61 61 60 60 61 61 61 61 61 61 61 61 61 60 60 60 60 60 60 60 60 60 60 59 60 60 59 59 59 59 59 59 59 59 59 59 59 59 58 58 58 58 58 57 58 57 57 56 56 56 56 56 56 56 55 55 55 56 56 56 55 55 55 55 55 55 55 55 55 55 56 56 56 56 56 56 56 56 55 55 56 55 55 55 55 55 54 54 54 54 54 53 53 53 53 53 54 54 54 54 54 54 54 54 54 55 55 55 56 56 56 56 56 56 55 55 56 56 56 56 55 55 54 54 54 54 55 55 55 55 55 55 54 54 55 54 54 53 53 53 52 53 53 52 52 53 52 52 52 52 52 52 52 52 51 51 52 52 52 52 52 52 52 52 52 52 51 51 51 51 51 51 51 51 51 51 51 51 51 51 51 51 51 51 51 51 51 51 51 51 51 51 51 51 50 50 51 51 51 51 51 51 51 51 51 51 51 51 51 51 51 51 51 51 51 51 51 51 51 51 51 51 51 51 51 51 51 51 51 51 50 50 51 51 50 50 50 50 50 50 50 50 50 50 50 50 50 50 50 50 50 51 51 51 51 51 50 50 50 50 50 50 50 50 50 50 50 50 50 49 50 50 50 50 50 51 51 51 50 50 50 49 50 50 49 50 50 50 50 50 50 50 50 50 50 50 50 50 50 50 50 50 50 50 50 50 50 50 50 50 50 49 50 50 50 50 50 50 50 50 50 50 50 50 50 50 50 50 50 51 51 50 50 50 50 50 50 50 50 50 49 49 49 49 49 49 50 51 61 61 61 61 61 61 61 61 61 61 61 61 61 61 61 61 61 61 61 61 61 61 60 60 60 60 60 59 60 60 59 60 59 59 60 59 59 59 59 59 59 59 58 58 58 58 58 58 58 57 56 57 56 57 57 56 56 56 55 55 55 56 56 56 56 56 56 55 56 56 56 56 56 56 56 56 57 57 57 57 57 57 56 56 55 55 55 55 55 54 55 54 54 54 54 54 54 54 53 54 54 54 54 54 54 55 55 55 56 56 56 56 56 56 56 56 56 56 55 56 56 57 56 56 56 55 54 55 55 55 54 54 55 55 55 55 54 54 55 55 54 54 53 53 52 52 52 52 52 52 53 52 52 52 53 52 52 52 52 51 51 52 52 52 52 52 52 53 52 53 52 52 52 51 51 51 51 51 51 51 51 51 51 51 51 51 51 51 51 51 51 51 51 51 51 51 51 51 51 50 50 50 51 51 51 52 51 51 51 51 51 51 51 51 51 51 51 51 51 51 51 51 51 51 51 51 51 51 51 51 51 51 51 51 50 51 51 51 51 51 51 51 51 50 50 50 50 50 50 50 50 50 50 50 50 51 51 51 51 51 50 50 50 50 50 50 50 50 50 50 50 50 50 50 50 50 50 50 50 50 51 51 51 51 50 50 50 50 50 49 50 50 50 50 50 50 50 50 50 51 50 50 51 51 50 50 50 50 49 49 50 50 50 50 50 49 49 50 50 50 50 50 50 50 50 50 50 50 50 50 50 50 50 50 50 50 50 50 50 50 50 50 50 50 50 50 49 49 49 49 49 49 61 61 61 61 61 61 61 61 61 61 61 61 61 61 61 61 61 61 61 61 61 61 61 61 60 60 60 59 59 60 60 60 60 59 59 59 59 60 59 59 59 59 58 58 58 58 58 57 57 57 57 56 57 57 56 56 56 56 56 55 56 56 56 56 56 57 56 56 57 57 56 57 57 56 56 57 57 57 57 57 57 56 56 56 56 56 56 55 55 54 54 54 54 54 54 54 54 53 54 54 53 54 54 54 55 55 55 55 55 55 56 56 56 56 56 56 56 56 56 56 56 56 56 56 55 55 55 55 55 55 55 54 55 54 55 54 54 55 55 55 54 53 53 53 53 53 53 52 52 52 52 52 52 53 52 52 52 52 52 51 52 52 52 52 53 53 52 52 53 53 52 52 52 52 52 52 52 52 51 51 51 51 51 51 51 51 51 51 51 51 51 51 51 51 51 51 51 51 51 51 51 51 51 51 51 52 51 51 51 51 51 51 51 51 51 51 51 51 51 51 51 51 51 51 51 51 51 51 51 51 51 50 50 51 51 51 51 51 51 51 50 51 51 51 51 51 50 50 50 50 50 50 51 51 51 51 51 51 51 51 50 50 50 50 50 50 50 50 50 50 50 50 51 51 50 50 49 50 50 50 50 51 51 51 50 50 50 50 49 50 50 50 50 50 50 50 50 51 51 51 51 51 51 51 50 50 50 50 49 49 50 51 50 50 49 49 50 50 50 50 50 50 50 49 49 49 50 50 49 50 50 50 50 50 50 50 50 50 50 50 50 50 50 50 50 50 49 49 49 49 62 61 61 61 61 61 61 61 61 61 61 61 61 61 61 61 61 61 61 61 61 60 61 61 60 60 60 60 59 59 59 60 60 59 59 59 59 59 59 59 59 59 59 59 58 57 57 57 57 57 57 57 57 57 56 56 56 56 56 56 56 56 56 56 56 56 57 57 57 57 57 57 57 57 56 56 56 57 57 57 57 56 56 56 56 55 55 56 55 55 54 54 54 54 54 54 54 53 53 54 54 54 54 54 55 55 55 55 55 56 56 56 56 56 56 56 56 56 56 56 55 56 56 56 56 56 55 54 55 55 54 54 54 54 54 54 55 55 55 55 54 54 53 53 53 54 53 53 52 52 52 52 52 53 53 52 53 53 52 51 52 52 52 52 52 52 52 52 52 52 52 53 52 52 52 53 53 52 52 51 51 51 51 51 51 51 51 51 51 51 51 51 51 51 51 51 51 51 51 51 51 51 51 51 51 51 51 51 51 51 51 51 51 51 51 51 51 51 51 51 51 51 51 51 51 51 51 51 51 51 51 50 51 51 51 51 51 51 51 51 51 51 51 51 51 50 50 50 50 50 50 50 51 51 51 51 51 51 51 51 50 50 50 50 50 50 50 50 50 50 50 50 50 50 50 50 49 50 50 50 50 50 50 50 50 50 50 50 49 50 50 50 50 50 50 50 50 50 50 51 51 51 51 51 51 51 51 50 50 50 50 51 51 50 49 49 49 50 50 50 50 50 50 50 49 49 50 49 50 50 50 50 50 50 50 50 50 50 50 50 50 50 50 50 50 50 50 49 49 49 62 62 61 61 61 61 61 61 61 61 61 61 61 61 61 61 61 61 61 61 61 61 61 60 60 60 60 59 59 59 59 59 59 59 59 59 59 59 59 59 59 59 58 58 58 57 57 57 58 57 57 56 56 56 56 56 55 56 57 57 57 57 56 57 57 57 56 56 57 57 56 56 56 57 57 57 57 57 56 57 57 57 56 56 55 55 55 55 55 55 54 54 54 54 53 53 53 53 54 54 54 55 55 55 54 54 55 55 56 55 56 56 56 56 56 56 56 56 56 57 56 56 56 56 55 54 54 55 55 55 55 55 55 54 54 55 54 55 54 54 54 53 53 54 54 54 53 53 52 52 53 53 53 53 53 53 52 52 52 52 52 52 52 52 52 51 52 52 52 52 52 52 52 53 53 52 52 52 52 52 52 51 51 51 51 51 51 51 50 51 51 51 51 51 51 51 51 51 51 51 51 51 51 51 51 51 51 51 51 51 51 51 51 51 51 51 51 51 51 51 51 51 51 51 51 51 51 51 51 50 51 51 51 51 51 51 51 51 51 51 51 50 51 50 50 50 50 50 50 51 51 51 51 51 51 51 51 51 51 51 51 50 50 50 49 50 50 50 50 50 50 50 50 49 50 50 50 50 50 50 49 50 50 50 50 50 50 50 50 50 50 50 50 50 50 50 50 50 51 51 51 51 51 51 51 50 50 50 50 50 51 51 50 50 49 49 50 50 49 50 50 50 49 49 49 50 50 50 49 50 50 50 50 50 50 50 49 49 49 50 50 50 50 50 50 50 50 62 62 61 61 61 61 62 61 61 61 61 61 61 61 61 61 61 61 61 61 61 61 60 60 60 59 59 60 60 59 59 60 60 59 59 59 59 59 59 59 59 59 59 58 57 57 57 58 57 57 56 56 56 56 56 56 56 56 56 56 56 56 56 56 56 56 56 56 56 56 57 57 57 57 57 57 56 56 56 56 56 56 56 56 56 55 55 55 55 55 54 54 54 54 53 53 53 54 54 54 54 54 54 55 55 55 55 55 55 56 56 56 56 56 56 56 56 56 56 57 56 56 55 55 55 55 55 55 55 55 55 55 54 54 54 54 55 54 54 54 54 54 54 54 54 54 53 53 53 53 53 53 53 53 52 52 52 53 52 52 52 52 52 52 52 52 52 52 52 52 52 52 52 52 53 53 52 52 51 51 51 51 51 51 51 51 51 51 51 51 51 51 51 51 51 51 51 50 51 51 51 51 51 51 51 51 51 51 51 51 51 51 51 51 51 51 51 51 51 51 51 51 51 51 51 51 51 51 51 51 51 51 51 51 51 51 51 51 51 51 51 51 50 51 51 51 51 51 51 51 51 51 51 51 51 51 51 51 51 51 51 50 50 50 50 50 50 50 50 50 50 50 49 50 50 50 49 50 50 50 49 49 50 50 50 50 50 50 50 50 50 50 50 50 50 50 50 50 51 51 51 51 51 51 50 51 51 50 50 50 51 50 50 49 49 50 50 49 50 50 50 49 49 49 49 49 50 50 50 50 50 50 50 50 50 50 49 49 49 50 50 50 50 50 50 50 62 62 62 62 62 61 61 61 61 61 61 61 61 61 61 61 61 61 61 61 60 60 59 60 60 60 60 60 60 60 60 60 59 59 59 59 59 59 59 59 58 58 58 58 58 58 58 57 57 56 56 56 56 57 56 56 56 57 56 57 56 57 57 56 57 57 57 57 57 57 57 57 57 56 56 56 55 56 56 56 56 56 56 56 55 55 55 55 54 54 54 54 53 53 53 54 54 54 55 55 55 54 54 55 55 56 56 55 57 56 56 56 56 56 56 56 57 57 56 56 56 56 55 55 55 55 55 55 55 54 54 54 54 55 54 54 54 54 54 54 54 54 54 54 53 53 53 53 53 52 52 52 52 52 52 53 52 52 53 53 52 52 52 52 52 52 52 52 52 52 52 53 53 52 52 52 52 52 52 51 51 51 51 51 51 51 51 51 51 51 51 51 51 51 51 51 51 51 51 51 51 51 51 51 51 51 51 51 51 51 51 51 51 51 51 51 51 51 51 51 51 51 51 51 51 51 51 51 51 51 51 51 51 51 51 51 51 51 50 50 50 51 51 51 51 51 51 51 51 51 51 51 51 51 51 51 51 51 50 50 50 50 50 50 50 50 50 50 50 49 50 50 50 49 49 50 50 49 49 50 49 49 50 50 50 50 50 50 50 50 50 50 50 50 51 51 51 51 51 51 51 51 51 51 50 50 50 50 50 51 50 50 50 50 49 50 50 50 49 49 49 49 49 50 50 50 49 49 49 49 49 49 49 49 49 49 49 49 49 49 50 62 62 62 62 62 62 62 61 61 61 61 61 61 61 61 61 61 61 61 61 60 60 60 60 60 60 60 60 59 59 59 59 59 59 59 59 59 59 59 59 59 58 58 59 58 58 57 57 57 56 56 57 57 57 57 57 58 57 57 57 57 57 57 57 57 57 57 57 57 58 57 57 56 56 55 56 56 55 55 55 56 56 56 56 55 55 55 55 54 54 54 54 54 53 54 55 55 55 55 54 55 55 55 55 56 55 56 56 56 56 56 56 56 56 57 57 57 56 56 56 56 56 55 55 54 54 55 54 55 55 54 54 54 55 55 54 55 55 54 55 55 55 54 54 54 53 53 53 52 52 52 52 52 52 53 52 52 53 53 53 52 53 53 53 53 53 52 52 53 53 53 53 52 52 52 53 52 52 52 51 51 51 51 51 51 51 51 51 51 51 51 51 51 51 51 51 51 51 51 51 51 51 51 51 51 51 51 51 51 51 51 51 51 51 51 51 51 51 51 51 51 51 51 51 51 51 51 51 51 51 51 51 51 51 51 51 51 50 50 50 50 50 51 51 51 51 51 51 51 50 50 50 50 51 51 51 51 50 50 49 50 50 50 50 50 49 49 49 49 50 50 49 49 49 49 49 49 49 49 49 49 50 51 50 50 50 50 50 50 50 50 50 50 50 51 51 52 51 51 51 51 51 51 51 50 50 50 50 50 50 50 50 49 49 50 50 50 50 49 49 49 49 49 49 49 49 49 48 48 48 48 48 49 49 49 49 49 62 62 62 62 62 62 62 61 62 61 61 61 61 61 61 61 61 61 61 61 61 60 60 60 60 60 60 60 60 59 59 59 59 59 59 59 59 59 59 59 59 59 58 58 58 58 58 57 58 57 57 57 58 57 58 58 58 58 57 57 57 58 58 58 57 57 57 57 57 57 57 56 57 57 56 57 56 56 56 55 55 55 55 56 56 55 55 55 54 54 54 54 54 54 55 55 55 55 54 55 55 56 56 55 55 56 56 55 55 56 56 56 56 56 56 57 57 57 56 56 56 56 55 55 55 54 54 54 54 55 54 54 54 55 55 55 55 55 54 54 55 55 55 54 54 53 53 53 53 53 52 52 52 52 52 52 53 53 53 53 53 53 53 53 53 53 53 52 52 53 53 53 53 53 53 53 53 52 52 51 51 51 51 51 51 51 51 51 51 51 51 51 51 51 51 51 51 51 51 51 51 51 51 51 51 51 51 51 51 51 51 51 51 51 51 51 51 51 51 51 51 51 51 51 51 51 51 51 51 51 51 51 51 51 51 51 51 51 51 51 51 50 50 51 51 51 51 51 51 50 50 51 51 51 51 51 51 51 51 50 49 50 51 50 50 49 49 49 49 49 50 49 49 49 49 49 50 50 49 50 50 49 49 50 50 50 50 50 50 50 50 50 50 50 51 51 52 52 52 51 51 51 51 51 50 50 49 49 50 50 50 49 49 50 50 50 50 50 50 49 49 49 49 49 49 49 49 49 49 48 48 48 48 48 49 49 49 62 62 62 62 62 62 62 62 61 61 61 61 61 62 61 61 61 61 61 61 60 60 60 60 60 60 60 59 59 59 59 59 59 59 59 59 59 59 59 59 59 58 58 57 57 57 57 58 58 58 58 57 57 57 58 58 57 57 57 57 57 57 58 57 56 57 57 57 57 56 56 56 56 57 57 56 56 57 56 55 55 55 55 56 56 55 55 55 54 54 55 54 55 55 55 55 54 55 55 55 55 56 56 56 55 55 55 55 55 56 56 56 56 56 56 57 57 57 56 56 57 56 55 55 54 54 54 54 55 55 54 55 55 55 55 55 55 54 54 54 55 55 54 54 53 53 54 53 53 53 52 52 52 52 53 53 53 52 52 52 52 52 53 53 53 53 53 53 53 53 53 54 54 54 53 53 52 52 51 51 51 51 51 51 51 51 51 51 52 51 51 51 51 52 52 51 51 51 51 51 51 51 51 51 51 51 51 51 51 52 52 51 52 52 51 51 51 51 51 51 51 51 51 51 51 51 51 51 51 51 51 51 51 51 51 51 51 51 51 51 51 51 51 51 50 50 50 50 50 50 50 50 50 50 50 50 50 51 51 50 50 50 51 50 50 50 49 49 49 49 49 49 50 50 50 50 50 49 50 51 50 50 49 50 50 50 50 50 50 50 50 50 50 51 52 51 51 51 51 51 51 51 51 51 50 49 49 49 49 49 49 49 49 50 50 50 50 49 49 49 49 49 49 49 48 49 49 49 49 48 48 48 48 48 49 62 63 63 63 62 62 62 62 61 61 61 62 62 62 61 61 60 60 61 61 61 60 60 60 60 60 60 60 59 59 59 59 59 59 59 59 59 59 59 59 59 59 59 58 57 57 57 58 58 57 57 57 57 58 58 57 57 57 57 57 57 57 57 57 56 57 57 57 57 56 56 56 56 56 57 57 57 57 57 56 55 55 55 55 55 55 55 55 55 54 54 54 55 55 54 55 55 55 55 55 55 56 56 56 56 56 56 55 55 56 56 56 56 56 57 57 57 57 56 56 56 56 55 55 54 54 54 54 54 55 55 55 55 55 55 55 54 54 54 55 55 54 54 55 54 54 54 53 53 53 52 52 52 53 52 52 52 52 52 53 53 53 53 52 53 53 54 53 53 53 53 54 54 54 53 53 53 52 52 51 52 52 51 51 51 51 52 52 52 52 51 51 51 52 52 51 51 51 51 52 51 52 51 51 51 51 51 51 52 52 52 52 52 51 51 51 51 51 51 51 51 51 51 51 51 51 51 51 51 51 51 51 51 51 51 51 51 51 51 51 51 51 51 51 50 50 50 50 50 50 50 50 50 50 50 50 50 50 50 50 50 50 50 51 50 49 49 50 49 49 49 50 50 50 50 50 50 50 50 50 51 50 50 50 50 50 50 50 50 50 50 50 50 51 51 52 51 51 51 51 51 51 51 51 51 50 49 49 49 49 49 50 50 50 50 50 50 50 49 49 49 49 49 49 48 48 49 49 49 49 48 48 48 63 63 63 62 62 61 62 62 61 60 60 60 60 60 60 61 61 61 60 60 60 60 60 60 60 60 60 59 59 59 59 59 59 59 59 59 59 60 60 59 58 57 57 57 58 57 57 57 57 57 57 57 57 58 58 58 58 57 57 56 56 57 57 57 57 57 57 56 56 56 57 57 57 57 57 57 56 55 55 54 55 55 55 55 55 55 55 54 54 54 55 55 56 56 55 56 55 55 56 56 56 56 56 56 56 57 57 56 57 57 57 56 57 56 56 56 56 57 56 55 55 55 55 55 55 55 55 55 55 55 55 55 55 54 54 55 55 55 55 54 54 54 53 53 53 52 52 52 52 52 52 52 52 52 53 53 52 53 53 53 53 53 54 54 53 53 53 52 53 53 53 53 53 52 52 51 51 51 51 52 51 52 52 52 52 51 51 51 51 52 52 52 52 52 52 52 52 52 52 52 51 52 52 52 52 52 52 52 51 51 51 51 51 51 51 51 51 51 51 51 51 51 51 51 51 51 51 51 51 51 51 51 51 51 51 51 51 51 51 51 51 51 50 50 51 51 51 51 50 50 50 50 50 50 50 50 50 50 50 50 50 49 50 51 50 50 50 50 50 50 50 51 51 50 50 50 51 50 50 50 50 50 50 50 50 50 50 50 50 50 51 51 51 51 51 50 50 50 51 52 51 50 50 49 49 49 50 50 50 50 50 51 50 50 50 49 49 49 50 49 49 49 48 49 49 63 63 62 62 62 61 61 60 60 60 60 60 60 60 60 60 60 60 60 60 60 60 60 60 60 60 60 60 59 59 59 59 59 60 60 60 59 58 57 57 57 58 57 57 57 57 57 57 57 57 57 57 58 58 57 57 56 57 57 57 57 57 57 57 56 56 56 57 56 56 57 57 56 57 56 55 55 55 55 55 55 55 55 55 54 55 55 55 55 55 56 56 56 56 55 56 56 56 57 56 57 56 56 57 57 57 57 58 57 57 56 56 56 56 56 56 55 55 55 55 55 55 55 55 55 55 55 55 55 55 55 54 54 54 55 54 54 54 54 53 53 53 53 53 53 53 52 52 52 52 52 52 52 52 53 53 53 53 53 54 54 54 53 52 52 52 52 52 52 53 53 52 52 51 51 52 52 52 52 52 52 52 51 51 51 51 52 52 52 52 52 52 52 52 52 52 52 52 52 52 52 52 52 52 52 51 51 52 51 52 52 52 52 51 51 51 51 51 51 51 51 51 51 51 51 51 51 51 51 51 51 51 51 51 51 51 51 51 51 51 51 50 50 51 51 50 50 50 50 50 50 50 50 50 50 50 50 49 50 50 50 51 50 50 50 50 50 50 51 51 51 51 51 51 50 51 50 50 50 50 50 50 50 50 50 50 50 50 50 51 51 51 50 50 50 51 52 52 51 51 50 49 49 49 49 49 50 50 50 50 50 50 50 50 50 50 50 50 49 49 63 63 63 61 61 61 60 60 60 60 60 60 60 60 60 60 60 60 60 60 60 60 60 60 59 59 59 59 60 60 60 60 59 59 57 57 57 57 57 57 57 57 57 57 57 57 57 57 58 57 57 57 56 57 57 57 57 57 57 57 56 56 57 57 56 56 57 57 57 56 56 56 56 55 55 55 55 55 55 54 55 55 55 55 56 56 56 56 56 56 56 56 56 56 56 57 57 56 57 57 57 56 57 57 57 57 57 57 57 56 56 56 56 55 55 55 55 55 55 55 55 55 55 55 55 55 55 55 55 55 55 55 54 54 54 54 53 53 53 53 53 53 52 53 53 53 52 52 53 53 53 53 53 53 53 53 54 54 53 53 52 52 52 52 52 53 53 53 52 52 52 52 52 52 52 52 52 52 51 51 51 51 52 52 52 52 52 52 52 52 52 52 52 52 52 52 52 52 52 52 52 52 52 52 52 52 52 52 51 51 51 51 51 51 51 51 51 51 51 51 51 51 51 51 51 51 51 51 51 51 51 51 51 51 51 51 51 50 50 50 51 50 50 50 50 51 51 50 50 50 50 50 50 49 49 49 49 50 50 50 50 50 50 50 51 51 51 51 50 51 51 51 51 50 51 50 50 50 50 50 50 50 50 50 50 50 51 51 51 51 50 50 51 51 51 50 49 50 49 49 49 49 49 49 50 50 50 50 50 50 50 50 50 50 50 49 62 61 61 61 61 61 61 61 60 60 60 60 60 60 60 60 60 60 60 60 59 59 60 60 60 60 60 59 58 57 57 57 57 57 57 57 58 58 58 58 57 57 57 57 57 57 56 57 57 57 57 57 57 57 57 57 56 56 56 56 56 56 57 57 57 57 56 56 56 56 56 55 55 55 55 55 55 55 55 55 55 55 55 55 56 56 56 56 56 56 56 57 57 57 56 56 56 56 56 57 56 56 56 56 57 56 56 56 56 55 55 55 55 55 55 55 55 55 55 55 55 55 55 55 55 55 55 55 54 54 54 54 53 53 54 54 53 53 53 53 53 54 53 53 53 53 53 53 53 53 53 54 53 54 53 53 53 53 52 52 52 52 52 53 53 52 52 52 52 52 52 52 52 51 51 51 51 51 52 52 52 52 52 52 52 52 52 52 52 52 52 52 52 52 52 52 52 52 52 52 52 52 52 51 51 51 52 51 51 51 51 51 51 51 51 51 51 51 51 51 51 51 51 51 51 51 51 51 51 51 51 51 50 50 50 50 50 50 50 50 50 50 51 50 50 50 50 51 50 50 50 50 50 50 50 50 50 51 50 50 50 50 50 50 50 50 51 51 52 51 51 50 50 50 50 50 50 50 50 50 50 50 51 51 51 51 51 50 50 50 50 49 49 51 50 49 49 49 49 49 50 50 50 51 51 51 51 50 49 50 50 49 62 61 61 61 61 60 60 60 60 60 60 60 60 60 60 60 60 60 60 60 60 60 60 59 57 58 59 59 59 57 57 58 58 58 58 57 58 57 58 58 57 57 57 56 56 56 57 57 57 57 57 57 56 56 57 57 57 57 57 56 57 56 56 56 56 56 56 56 56 55 55 55 55 55 55 55 55 55 55 56 56 57 56 56 56 56 56 57 56 57 56 56 56 57 57 57 57 57 57 56 56 56 56 56 56 56 56 55 55 55 55 55 55 55 55 55 55 55 55 55 55 55 55 55 54 54 54 54 54 54 54 53 54 53 53 53 54 54 54 53 53 54 54 53 54 54 54 54 53 54 53 53 53 52 53 52 52 52 52 52 53 53 52 52 52 52 52 52 52 52 52 52 52 52 52 52 52 52 52 52 52 52 52 52 52 52 52 52 52 52 52 52 52 52 52 52 52 52 51 51 51 52 52 51 51 51 51 51 51 51 51 51 51 51 51 51 51 51 51 51 51 51 51 51 51 51 51 51 51 51 51 51 50 50 51 51 51 50 50 51 50 50 50 50 50 50 50 50 50 49 50 50 50 50 50 50 50 50 50 50 50 50 50 51 51 52 51 51 51 50 50 50 51 51 50 50 50 50 51 51 51 51 51 51 50 50 50 49 49 51 51 50 49 49 49 49 49 50 50 50 51 50 50 50 50 49 49 49 61 61 61 61 61 61 61 60 60 60 60 60 60 60 60 59 60 60 60 60 60 60 60 58 58 59 59 59 59 58 59 58 59 58 57 58 58 57 58 58 58 58 57 56 56 56 56 56 56 57 57 56 56 56 56 57 57 57 56 56 56 56 56 56 55 56 56 55 56 55 56 55 55 55 55 55 55 55 56 56 56 56 56 56 56 56 56 56 56 57 57 57 57 56 56 57 57 57 56 56 56 56 57 56 55 55 55 55 55 55 55 55 55 55 55 55 55 55 55 55 55 55 55 54 54 54 54 54 54 54 54 54 54 54 54 54 53 53 53 53 53 53 53 53 53 54 53 53 53 54 54 53 52 52 53 52 52 52 52 53 52 52 52 52 52 52 52 52 52 52 52 52 52 52 52 52 52 52 52 52 52 52 52 52 52 52 52 52 52 52 52 52 52 52 52 52 52 52 52 52 52 52 51 52 51 51 51 51 51 51 51 51 51 51 51 51 51 51 51 51 51 51 51 51 51 51 51 51 51 51 51 51 51 51 51 51 51 50 51 51 51 50 50 51 50 50 50 50 49 49 50 50 50 50 50 50 50 50 50 50 51 51 51 51 51 52 52 51 51 50 50 51 51 51 51 51 51 51 50 50 51 51 51 51 50 50 49 49 50 51 51 50 49 50 49 50 50 50 50 50 50 50 50 50 49 61 61 61 61 61 60 60 60 60 60 60 60 60 60 60 60 59 59 60 58 58 59 60 60 60 59 59 59 59 58 58 58 58 58 57 57 58 58 58 57 57 56 56 56 56 56 56 57 56 56 56 56 57 56 56 56 56 56 56 56 56 55 55 55 55 55 55 55 55 55 55 56 55 55 56 56 55 56 55 56 56 56 56 56 57 57 57 57 57 57 56 56 57 57 57 56 56 56 56 56 55 55 55 55 55 55 55 55 55 55 55 55 55 55 55 55 55 55 55 55 55 55 54 54 54 54 54 54 54 55 54 54 54 54 53 53 53 53 54 53 53 53 53 53 53 54 53 53 52 52 52 53 52 52 52 53 52 52 52 52 52 52 52 52 52 52 52 52 52 52 52 52 52 52 52 52 52 52 52 52 52 52 52 52 52 52 52 52 52 52 52 52 52 52 52 52 52 52 52 51 51 51 51 51 51 51 51 51 51 51 51 51 51 51 51 51 51 51 51 51 51 51 51 51 51 51 51 51 51 51 51 51 51 50 51 51 51 50 51 51 51 50 51 50 50 49 50 50 50 50 50 50 50 50 50 50 51 50 50 51 51 51 51 52 52 51 51 51 51 51 51 51 51 50 50 51 50 51 51 51 51 50 49 49 49 49 50 51 50 50 49 50 50 51 50 50 50 50 50 50 50 49 61 61 61 61 61 60 60 60 60 60 60 59 60 60 59 60 59 58 59 59 60 60 60 60 60 59 59 59 59 59 58 58 57 58 58 58 58 58 58 57 57 57 57 56 57 57 56 56 56 56 56 56 57 56 56 56 55 56 56 56 56 56 55 55 55 55 55 55 56 56 56 55 55 55 55 55 56 56 57 56 56 56 56 56 57 56 56 56 56 56 57 57 57 56 56 56 55 56 56 55 55 55 55 55 55 55 55 55 55 55 55 55 55 55 55 55 55 55 55 55 54 54 54 54 54 54 55 55 54 54 54 54 54 53 53 53 54 53 53 53 53 54 54 53 53 52 52 52 52 53 52 53 52 53 53 52 52 52 52 52 52 52 52 52 52 52 52 52 52 52 52 52 52 52 52 52 52 52 52 52 52 52 52 52 52 52 52 52 52 52 52 52 52 52 52 52 52 51 51 51 51 51 51 51 51 51 51 51 51 51 51 51 51 51 51 51 51 51 51 51 51 51 51 51 51 51 51 51 51 51 51 51 51 52 51 51 51 52 51 51 51 51 50 50 49 50 51 51 51 51 50 49 50 50 50 50 50 51 51 51 51 52 52 51 51 52 52 52 52 51 51 51 51 51 51 50 50 50 50 50 50 49 49 49 50 51 51 50 50 50 50 51 51 50 50 50 50 50 49 49 61 61 61 60 60 60 60 60 60 60 60 60 61 60 59 59 59 59 59 60 60 60 60 60 59 59 59 59 59 58 58 58 58 58 58 58 57 57 58 57 56 57 57 57 57 56 56 56 56 56 56 57 57 56 55 56 56 56 56 56 55 55 55 55 55 56 56 56 56 56 56 56 55 56 56 56 56 56 56 56 56 56 56 56 56 56 56 57 56 56 57 56 55 55 56 56 56 55 55 55 55 56 56 56 55 55 56 56 55 55 55 55 55 55 55 55 54 54 54 54 54 54 54 55 55 54 54 55 55 54 53 53 53 53 53 53 54 54 54 53 53 53 53 52 53 52 52 52 53 53 52 53 53 52 52 52 52 52 52 52 52 52 52 52 53 53 53 52 52 52 52 52 52 52 52 52 52 52 52 52 52 52 52 52 52 52 52 52 52 52 52 52 52 51 51 51 51 51 51 51 51 52 51 51 51 51 51 51 51 51 51 51 51 51 51 51 52 51 51 51 51 51 50 51 51 51 51 51 51 52 52 52 52 52 52 52 52 52 51 51 51 50 49 50 51 51 51 51 50 50 50 50 50 50 50 50 50 51 51 51 52 51 52 52 52 52 51 51 51 51 52 51 50 51 51 50 51 51 50 50 49 49 50 51 51 51 50 50 51 51 50 50 50 50 50 50 50 61 60 60 61 61 61 61 61 61 61 60 59 60 60 60 60 60 60 60 60 61 60 59 60 60 60 59 59 59 59 58 58 57 57 57 57 58 57 58 58 57 57 56 56 56 56 56 56 57 57 56 56 56 56 57 57 56 56 56 56 55 55 55 55 55 55 55 55 55 55 56 55 56 56 56 56 55 55 55 55 55 55 55 56 56 55 56 56 55 54 55 56 55 55 55 55 55 55 55 55 55 55 55 55 55 55 55 54 54 54 55 55 55 54 54 54 54 54 54 55 55 55 54 54 54 53 53 53 53 53 53 53 53 54 53 53 53 52 52 52 52 52 52 52 52 53 52 52 52 52 52 52 52 52 52 52 52 52 52 52 52 52 53 53 52 52 52 52 52 52 52 52 52 52 52 52 52 52 52 52 52 52 52 52 52 52 51 51 51 51 51 51 51 51 51 51 51 51 51 51 51 51 51 51 51 50 50 51 51 50 51 51 51 51 51 51 51 51 51 51 51 51 52 52 52 53 53 52 52 53 53 53 53 52 51 52 52 51 50 50 50 50 51 51 51 51 52 51 51 50 50 50 50 50 51 51 51 51 52 52 52 52 51 51 51 51 50 50 51 51 51 50 50 51 51 50 49 49 49 50 50 50 51 51 51 50 50 50 50 50 50 60 61 61 61 61 61 61 61 60 60 60 60 60 61 61 60 60 61 61 61 61 60 60 61 61 60 60 60 59 58 58 58 58 58 59 58 58 58 58 57 57 57 56 56 56 56 56 56 56 56 56 56 56 57 56 56 56 56 55 56 55 55 55 55 55 55 55 55 56 56 56 56 56 56 55 55 55 55 55 55 55 55 55 55 56 55 55 55 56 55 55 55 55 55 55 55 55 55 55 55 55 55 55 55 55 55 54 54 55 55 55 55 55 55 55 55 55 55 55 55 55 54 54 53 53 53 53 53 53 53 53 54 54 53 53 53 52 53 53 53 52 52 52 52 52 52 52 52 52 52 52 52 52 52 52 51 51 51 52 52 52 52 52 52 52 52 52 52 52 52 52 52 52 52 52 52 52 52 52 52 52 52 52 51 51 51 51 51 51 51 51 51 51 51 51 51 51 51 51 51 51 51 51 50 51 51 50 51 51 51 51 51 51 51 52 52 51 51 51 51 52 52 52 53 53 52 52 52 53 53 53 53 53 52 52 52 51 51 50 50 51 51 51 52 52 52 52 51 51 50 51 51 50 50 50 51 51 52 52 52 51 52 52 51 51 50 51 51 51 50 50 51 51 50 50 49 49 49 50 51 51 51 50 50 50 50 50 50 50 60 61 61 62 61 61 61 61 60 60 61 61 61 61 61 61 61 61 61 61 62 61 61 61 61 61 61 61 59 59 59 59 58 58 58 58 58 58 57 57 57 57 57 57 57 57 57 57 56 56 56 56 56 57 57 57 57 57 56 56 56 56 55 55 55 55 55 56 56 55 55 55 55 56 56 55 55 55 55 55 55 55 55 55 55 56 55 55 55 56 56 55 55 55 55 55 55 55 55 55 55 55 55 55 55 55 54 54 55 55 55 55 55 55 55 55 55 55 55 55 54 54 54 53 53 53 53 53 53 53 54 54 53 53 53 53 53 53 53 53 53 52 52 52 52 52 52 52 52 52 52 52 51 51 51 51 51 51 52 52 52 52 52 52 52 52 52 52 52 52 52 52 52 52 52 52 52 52 52 52 52 52 51 51 51 51 52 51 51 51 51 51 51 51 51 51 51 51 51 51 51 51 51 51 50 51 50 50 51 51 51 51 52 52 52 52 52 51 51 51 52 51 51 52 53 53 53 52 53 53 53 52 53 52 51 51 51 50 50 51 50 50 50 51 51 51 52 52 52 51 52 51 51 51 50 50 51 51 52 52 51 52 52 52 52 51 51 52 51 51 51 51 51 51 50 50 49 49 50 50 51 51 51 51 50 50 50 50 61 61 61 62 61 62 61 62 61 61 61 61 61 61 61 61 61 61 61 61 62 62 62 61 61 61 61 61 61 61 60 59 59 59 58 58 58 58 58 58 58 58 58 58 58 58 57 57 57 56 56 56 56 56 57 57 56 57 56 56 56 56 56 56 55 55 56 56 56 56 55 55 55 55 56 56 55 55 55 55 55 55 55 55 55 55 56 55 55 56 56 55 55 55 55 55 55 55 55 55 55 55 55 55 55 55 54 54 55 55 55 55 55 55 55 55 55 55 55 55 54 54 54 54 54 54 53 53 53 53 53 53 53 53 53 53 53 53 53 52 53 53 52 52 52 52 52 52 52 52 52 51 51 51 51 51 51 51 53 52 52 52 52 52 52 52 52 52 52 52 52 52 52 52 52 52 52 52 52 52 52 51 51 52 52 52 52 51 51 51 51 51 51 51 51 51 51 51 51 51 51 51 51 51 51 50 50 50 51 51 51 52 52 52 52 51 52 51 51 51 51 51 52 52 52 53 53 53 53 52 52 51 51 51 50 50 51 51 51 51 51 51 51 51 50 51 51 52 53 52 52 52 52 52 51 51 51 51 52 52 52 52 52 52 51 52 52 52 51 51 50 50 49 50 50 51 51 51 51 51 51 50 61 61 61 62 62 62 62 62 62 62 62 62 62 61 61 61 62 62 62 62 62 62 62 62 61 61 61 61 61 61 60 60 60 59 58 58 58 58 58 59 59 58 58 58 58 58 57 57 57 57 57 56 56 56 56 57 57 56 56 56 56 56 56 56 56 56 56 56 56 56 55 55 55 55 55 55 56 55 55 55 55 56 55 55 55 55 56 56 55 55 56 56 55 55 55 55 55 55 55 55 55 55 55 55 55 55 55 54 55 55 55 55 55 55 55 55 55 55 54 55 55 55 54 54 54 54 54 54 54 54 54 53 53 53 53 53 53 53 53 52 52 52 53 52 52 52 52 52 52 52 51 51 52 51 51 52 51 51 53 53 53 52 53 52 52 53 52 52 52 52 52 52 52 52 52 52 52 52 52 52 51 52 52 52 52 52 51 51 51 51 51 51 51 51 51 51 51 51 51 51 51 51 51 51 50 50 50 50 51 51 51 51 51 51 51 51 52 52 51 51 52 51 52 52 53 53 53 53 53 53 52 51 51 50 51 51 52 52 51 51 52 51 52 52 51 50 51 52 52 52 52 52 52 52 52 52 52 52 52 52 52 52 52 51 52 52 49 50 50 61 62 62 62 62 62 63 62 62 62 62 63 62 62 62 62 61 62 62 62 62 62 62 62 62 62 60 60 60 61 60 60 60 60 59 58 58 58 58 58 58 58 58 58 58 58 58 58 58 57 57 57 57 56 56 56 56 56 56 56 56 56 56 56 56 56 56 56 56 55 55 55 55 56 55 55 55 55 55 55 56 56 56 55 55 55 55 56 56 55 55 56 56 56 55 55 55 55 55 55 55 55 55 55 55 55 55 55 54 55 55 55 55 55 55 55 55 55 55 54 55 55 55 55 55 55 55 55 54 55 54 54 53 53 53 53 53 53 53 52 52 52 52 52 52 52 52 52 52 52 51 52 52 52 52 52 52 51 52 53 53 53 52 53 53 53 53 52 52 52 52 52 52 52 52 52 52 52 52 52 52 52 52 52 52 51 51 51 51 51 51 51 51 51 51 51 51 51 51 51 51 51 51 51 51 51 50 50 50 51 51 50 51 51 50 51 51 51 51 51 51 51 52 52 53 53 53 52 52 53 53 52 51 51 51 52 52 53 52 51 51 52 52 53 52 52 51 51 51 52 51 51 51 51 51 51 51 51 52 52 52 52 53 50 62 62 62 63 63 63 62 62 63 62 62 63 63 63 62 62 62 62 62 62 62 62 62 62 62 61 60 60 60 60 60 60 60 60 60 59 58 58 58 59 59 59 59 59 59 58 58 58 58 58 57 57 57 57 57 57 57 57 57 56 56 56 56 56 56 56 56 56 56 56 56 56 56 56 56 55 56 56 55 55 56 56 56 55 55 55 55 56 56 56 55 56 56 56 56 55 55 55 55 55 55 55 55 55 55 55 55 55 55 55 55 56 56 56 55 55 55 55 55 55 55 55 55 55 55 55 55 54 54 54 54 54 54 54 53 53 53 53 53 52 53 53 52 52 52 52 52 52 52 52 51 52 52 52 52 52 52 51 52 53 53 53 53 53 53 53 53 52 52 52 52 52 53 52 52 52 52 52 52 52 51 52 52 52 51 51 51 51 51 51 51 51 51 51 51 51 52 51 51 51 51 51 51 51 51 51 51 50 51 51 51 51 50 50 50 50 50 51 51 51 52 51 52 53 53 52 52 52 53 53 53 53 52 51 52 52 53 53 52 52 51 52 53 52 51 51 51 51 51 51 51 51 51 51 52 52 51 51 51 51 52 63 63 63 63 63 63 63 64 63 63 62 63 63 63 63 63 62 62 62 62 62 62 62 61 60 60 60 61 60 59 60 59 59 60 59 59 58 59 59 59 59 59 59 59 59 58 58 58 58 58 58 57 57 57 58 57 57 57 56 56 56 56 56 56 56 56 56 56 56 56 56 56 56 56 56 56 56 55 56 56 56 55 55 56 55 55 56 56 56 55 56 56 56 56 56 55 55 55 55 55 55 55 55 55 55 55 55 55 55 55 55 55 56 55 55 55 55 55 55 55 54 55 55 55 55 55 55 54 54 55 55 54 54 54 53 54 54 53 53 53 53 52 52 52 52 52 52 52 52 52 52 52 52 52 52 52 52 52 53 53 53 53 53 53 53 53 52 52 52 52 52 53 52 52 52 52 52 52 51 51 51 51 51 51 51 51 51 51 51 52 52 52 51 51 51 52 52 51 52 51 51 51 51 51 51 51 51 51 51 51 51 51 50 50 50 51 51 51 51 52 52 52 52 52 52 52 52 52 53 53 52 51 51 52 53 53 53 53 52 52 52 53 52 52 52 51 51 52 52 52 52 51 51 52 52 51 51 52 52 64 64 64 64 64 64 64 64 64 63 63 63 63 63 63 63 63 63 62 62 62 61 61 60 60 60 60 60 59 59 59 59 59 59 59 58 58 59 59 59 59 59 59 59 59 59 58 58 58 58 58 58 57 57 58 57 57 57 56 56 56 57 57 57 56 56 56 56 56 56 56 56 56 56 56 56 56 56 56 56 56 55 56 56 55 56 56 56 56 56 56 56 55 56 56 56 55 55 55 55 55 55 55 55 55 55 55 55 55 55 55 55 56 56 55 55 55 55 55 55 54 55 54 54 55 54 55 54 55 55 54 54 54 54 53 54 54 54 53 53 53 53 53 52 52 52 52 52 52 52 52 52 52 52 52 52 52 52 53 53 53 53 53 53 53 53 52 52 52 52 52 53 53 52 52 52 52 52 51 51 51 51 51 51 51 52 52 51 51 52 52 52 52 51 52 51 52 52 52 51 51 51 52 52 51 51 51 50 51 51 51 51 51 50 50 50 51 51 51 52 52 52 52 52 52 52 52 52 53 53 53 52 52 52 52 52 53 53 53 53 53 53 52 52 53 52 51 53 52 52 52 52 51 52 52 51 52 65 65 65 64 64 64 64 64 63 63 63 63 63 63 63 63 62 62 62 62 61 60 60 60 59 59 59 59 59 58 59 59 59 59 59 58 59 60 59 59 59 59 59 59 59 59 59 58 58 58 58 57 58 58 57 58 58 57 56 56 57 57 57 57 56 56 56 56 56 56 56 56 56 56 56 56 56 56 56 56 55 56 56 56 55 56 56 56 56 56 55 55 56 56 56 55 55 55 55 55 55 55 55 55 55 55 55 55 55 55 55 56 55 55 56 56 55 54 55 55 55 54 55 55 55 54 54 55 55 55 54 53 54 53 54 54 53 53 53 53 53 53 53 53 52 52 52 51 52 52 52 52 52 52 52 53 53 54 53 53 53 53 53 53 53 53 52 52 52 52 53 52 52 52 52 52 52 52 52 52 51 52 52 52 52 52 52 51 52 52 53 52 51 52 52 52 52 52 51 51 52 52 52 51 52 51 50 51 52 51 51 51 50 50 50 51 51 51 52 52 52 52 52 52 52 52 53 53 53 53 52 52 52 52 52 53 54 54 54 54 53 52 53 53 52 52 52 52 52 52 52 52 52 53 52 65 65 65 65 65 65 65 66 66 65 65 64 64 64 65 63 63 63 63 63 63 63 63 62 62 62 62 61 60 60 59 60 60 59 59 59 59 59 59 59 59 59 59 58 59 60 59 59 59 59 59 59 59 59 59 59 58 58 58 58 58 58 58 57 58 57 56 56 56 56 57 57 56 56 56 56 56 56 56 56 56 56 56 56 56 56 56 56 56 56 56 56 56 56 56 56 56 56 56 55 56 56 56 55 55 55 55 56 56 55 55 55 55 55 55 55 55 55 55 55 55 55 55 55 55 55 55 55 55 55 55 55 55 54 54 55 54 54 54 53 54 53 53 53 54 53 53 53 53 53 53 53 53 52 52 52 52 52 52 52 52 52 52 53 53 53 53 53 53 53 53 53 53 53 52 52 52 52 53 52 52 52 52 52 52 52 52 52 52 52 52 52 52 53 52 51 52 52 53 52 51 52 53 52 51 51 51 51 52 52 52 52 51 51 50 52 52 51 51 50 50 50 50 50 50 50 51 51 51 52 53 52 52 52 52 53 53 53 53 52 53 53 53 53 54 54 54 54 54 53 53 53 52 52 52 52 53 53 53 53 65 65 65 66 66 66 66 65 65 65 65 65 64 64 64 65 65 63 63 63 62 62 62 62 62 62 61 62 61 60 60 59 59 60 60 59 59 59 59 59 59 59 59 59 58 59 59 59 59 59 59 59 59 59 59 59 59 59 58 58 59 58 58 58 58 58 58 57 57 57 57 56 56 56 56 56 56 57 56 56 56 56 56 56 56 56 56 56 56 56 56 56 56 56 56 56 56 56 56 56 56 56 56 56 56 55 55 55 55 56 56 55 55 55 55 55 55 56 56 56 56 56 55 55 55 55 55 55 55 55 55 55 55 55 54 55 54 54 54 54 54 54 54 53 53 53 53 53 53 53 53 53 53 53 53 52 52 52 52 52 52 52 52 52 52 53 52 53 53 53 53 53 53 53 53 53 53 52 52 52 53 52 52 53 52 52 52 52 52 52 52 52 52 52 53 52 52 52 52 52 53 52 52 53 53 51 52 52 51 51 52 52 52 52 51 51 50 51 52 51 50 50 50 50 51 51 50 51 51 51 51 52 53 53 52 52 52 53 53 54 53 52 53 53 53 54 54 54 54 54 54 54 53 53 52 52 52 53 53 53 66 66 65 65 65 65 66 66 66 65 65 65 64 64 65 64 64 64 64 64 62 62 62 62 62 62 61 61 61 61 61 61 60 59 60 60 59 59 59 59 59 59 59 59 59 59 59 59 59 59 59 59 59 59 59 59 59 59 59 59 59 59 58 58 58 58 58 58 58 58 57 57 57 57 56 56 56 56 56 57 57 56 56 56 56 56 56 56 56 56 56 56 56 56 56 56 56 56 56 56 56 56 56 56 56 55 55 56 55 55 56 56 56 56 56 56 56 56 55 56 56 56 56 56 56 56 55 55 55 55 55 55 55 55 55 55 55 55 55 55 55 54 53 54 54 54 54 54 54 53 53 53 53 53 53 53 53 53 53 52 52 52 52 52 53 52 52 53 53 53 53 53 53 53 53 53 53 53 53 53 52 52 52 52 52 52 52 52 52 52 52 52 52 52 52 52 52 52 53 52 52 53 53 53 52 52 53 52 52 53 52 51 51 52 52 52 51 51 51 50 51 51 50 50 50 50 50 51 52 52 52 52 52 52 52 53 53 53 52 52 53 53 54 53 53 53 53 53 53 53 53 54 54 54 54 54 53 53 52 52 52 52 52 65 65 66 66 65 66 65 65 64 64 64 64 65 65 64 63 63 64 63 62 61 61 61 62 61 61 61 61 61 60 60 59 60 59 59 59 59 59 59 59 59 59 59 59 59 59 59 59 59 59 59 59 59 59 59 59 59 59 59 59 59 58 58 58 58 58 58 58 58 58 58 57 57 57 57 57 57 57 57 57 57 56 56 56 56 56 56 56 56 56 56 56 56 56 56 56 56 56 56 56 56 56 56 56 56 55 55 55 56 56 56 56 56 56 56 55 55 55 56 56 56 56 56 56 56 56 55 55 55 55 55 55 55 55 55 55 55 55 55 55 54 53 53 53 54 54 53 54 54 54 54 54 53 53 53 53 53 52 52 53 53 52 52 53 53 53 53 53 53 54 53 53 53 53 53 53 53 53 53 53 52 52 53 52 52 52 51 52 52 52 52 52 53 53 53 53 53 53 52 52 53 54 53 52 52 53 52 52 53 52 51 51 52 52 52 51 51 51 50 50 50 49 50 50 51 51 51 52 52 52 52 52 52 53 53 53 53 53 53 53 54 54 54 53 53 53 53 53 53 53 53 53 54 54 54 53 52 52 52 52 52 52 64 65 65 65 65 65 64 63 64 64 64 64 64 64 63 62 63 62 61 61 60 61 61 60 60 60 60 60 59 59 59 59 59 59 59 60 60 60 60 60 60 60 60 59 59 59 59 59 59 59 59 59 59 60 59 59 59 59 59 59 59 58 58 58 58 58 58 58 58 58 57 58 57 57 57 57 57 57 57 56 57 57 56 56 56 56 56 56 56 56 56 56 56 56 56 56 56 56 56 56 56 56 56 56 56 55 55 56 56 56 56 56 56 56 56 56 56 55 56 56 56 56 56 56 56 56 55 55 55 55 55 55 55 55 55 55 55 55 55 54 54 54 53 53 53 53 53 53 53 53 53 53 53 53 52 52 52 52 53 53 53 53 53 53 53 53 53 53 54 53 53 53 53 53 53 53 53 53 53 52 52 53 52 52 52 52 52 52 53 53 53 53 53 53 53 54 53 52 53 53 54 54 53 53 53 52 52 52 52 52 52 52 52 52 52 51 50 49 49 49 50 50 51 51 52 52 52 52 52 53 52 52 52 53 53 53 54 53 53 54 54 54 53 53 54 54 54 53 53 53 54 54 54 54 53 52 52 52 52 52 52 52 65 64 64 65 64 63 63 63 63 62 63 63 63 63 62 61 62 61 60 60 60 60 60 59 59 59 59 59 59 59 59 59 60 60 60 60 60 60 60 60 60 60 60 59 59 59 59 59 59 59 59 59 59 59 59 59 59 59 59 59 59 59 58 58 58 58 58 58 58 58 57 57 57 57 57 57 57 57 57 56 56 56 56 56 56 56 56 56 56 56 56 56 56 56 56 56 56 56 56 56 56 56 56 56 56 56 56 56 56 56 56 56 56 56 55 56 56 56 56 56 56 56 56 56 56 56 55 55 55 55 55 56 55 55 55 55 55 55 55 54 54 53 53 53 53 53 53 53 54 54 54 53 53 52 52 53 53 52 52 53 53 53 52 53 52 53 53 53 54 54 54 53 53 53 53 53 52 52 52 52 53 53 53 53 52 52 51 52 52 52 52 53 53 53 53 54 53 53 53 53 53 54 54 53 53 53 52 51 51 52 52 52 52 51 51 51 50 50 50 50 51 51 52 52 52 51 52 52 52 52 53 53 53 53 53 53 53 53 54 54 54 54 53 53 54 54 54 54 54 54 54 54 54 54 53 52 52 52 52 52 52 52 52 64 64 63 63 63 62 62 62 62 62 61 62 61 61 61 61 61 60 60 60 60 60 60 60 60 60 60 60 60 60 60 60 60 60 60 60 60 60 60 60 60 60 60 59 59 59 59 60 60 60 59 59 60 59 59 59 59 59 59 59 59 59 58 58 59 59 58 59 58 58 57 57 57 57 57 57 57 57 56 56 56 56 56 56 56 56 56 56 56 56 56 56 56 56 56 56 56 56 56 56 56 56 56 56 56 56 56 56 56 56 56 56 56 56 56 56 56 56 56 56 56 56 56 56 56 55 55 55 56 56 55 55 55 55 55 55 55 55 55 54 54 54 54 54 54 54 54 54 54 54 53 53 53 53 53 53 53 53 52 52 52 52 52 53 52 52 53 53 54 54 54 54 53 53 53 53 53 53 53 52 53 53 53 53 53 52 52 52 52 53 53 53 54 53 54 54 54 53 53 53 53 54 54 53 53 52 52 52 51 51 51 52 52 51 50 50 51 50 50 50 51 52 52 51 51 51 52 52 53 53 52 53 53 53 53 53 53 54 54 54 54 54 53 54 54 54 54 54 54 54 54 54 53 53 53 52 52 52 52 52 52 52 52 68 68 67 67 67 68 68 68 66 64 64 63 62 61 62 62 62 61 61 61 61 61 61 61 60 60 60 60 60 60 60 60 60 60 60 60 60 60 60 60 60 60 60 60 60 60 60 60 60 60 60 60 59 60 60 59 60 60 60 60 60 60 59 60 60 59 59 59 59 59 59 59 59 59 59 59 59 58 58 57 57 57 57 57 57 57 57 57 56 56 56 56 56 56 56 56 56 56 56 56 56 56 56 56 56 56 56 56 56 56 56 56 56 56 56 56 56 56 56 56 56 56 56 56 55 56 56 56 56 56 56 56 56 56 56 56 55 55 56 56 56 56 55 55 55 55 55 55 54 54 54 54 54 54 54 54 53 53 53 53 53 53 53 54 54 53 53 53 53 52 52 52 52 52 53 53 53 54 54 54 53 53 53 53 54 53 53 53 52 53 53 53 53 52 52 52 52 52 53 53 53 54 53 53 54 54 54 53 53 53 54 54 54 53 52 52 52 52 51 51 51 52 51 51 50 51 51 50 50 51 51 51 51 52 52 52 52 53 53 53 53 53 53 53 53 53 54 54 54 54 54 53 54 54 54 54 54 54 54 54 54 53 52 52 52 52 52 52 52 52 52 52 53 68 68 67 67 67 67 67 68 67 68 69 69 67 67 68 67 65 64 63 62 61 61 61 61 62 62 62 61 61 61 61 61 61 61 61 61 61 61 61 61 61 61 61 61 61 61 61 61 61 60 60 60 60 60 60 60 60 60 60 60 60 60 60 60 60 60 60 60 60 60 60 60 60 59 59 59 59 59 59 59 59 59 59 59 58 58 58 58 58 57 57 57 57 57 57 57 56 56 56 56 57 57 56 56 56 56 56 56 56 56 56 56 56 56 56 56 56 56 56 56 56 56 56 56 56 56 56 56 56 56 56 56 56 56 56 56 56 56 57 56 56 56 56 55 56 56 55 55 55 56 56 56 55 55 55 54 54 54 54 54 53 53 53 53 53 53 53 53 53 54 54 53 53 53 53 53 53 52 52 53 53 53 52 53 54 54 54 54 53 54 54 54 54 53 53 53 53 53 53 53 53 52 52 53 53 53 53 53 54 53 53 53 53 54 54 54 54 54 54 54 53 52 52 52 52 52 51 51 51 51 51 50 51 51 51 51 50 51 51 51 52 52 52 52 53 52 53 53 53 53 53 54 54 54 54 54 54 54 54 54 54 54 53 54 54 54 54 54 53 53 52 52 52 52 52 52 52 52 52 52 52 68 68 68 67 67 68 67 67 67 67 67 67 68 69 69 68 67 68 68 68 68 68 67 66 65 63 62 62 61 61 62 62 62 62 62 62 62 62 62 62 62 61 61 61 61 61 61 61 61 61 61 61 61 61 61 61 61 61 61 61 60 60 60 60 60 60 60 60 60 60 60 60 60 60 60 60 60 60 60 60 60 59 59 59 59 59 59 59 59 59 59 58 58 58 58 58 58 57 57 57 58 57 57 57 56 56 56 57 57 56 56 56 56 56 56 56 56 56 56 56 56 56 56 56 56 56 56 56 56 56 56 56 56 56 56 56 56 56 56 56 56 56 56 56 57 56 56 56 56 56 55 56 56 56 56 56 56 56 56 55 55 55 54 54 55 54 54 54 54 54 53 53 53 53 53 53 53 54 53 53 54 53 53 52 52 52 52 52 53 53 53 54 54 54 54 54 54 54 54 54 53 53 54 54 53 53 53 53 52 52 52 53 53 53 53 53 53 53 53 53 53 54 54 54 54 53 53 53 53 52 52 51 51 51 51 50 51 51 50 51 50 51 52 52 52 52 52 52 52 52 52 52 52 52 53 53 53 53 53 53 54 54 54 55 54 54 54 54 54 53 53 54 53 54 54 53 53 52 52 52 52 53 52 52 52 52 52 52 53 68 67 67 67 67 67 67 67 67 67 66 67 67 67 67 67 67 66 67 67 68 68 67 67 67 68 69 68 68 67 66 65 63 62 62 61 62 62 62 62 62 62 62 62 62 62 62 62 61 61 61 61 61 61 61 61 61 61 61 61 61 61 61 61 61 61 60 60 60 60 60 60 60 60 60 60 60 60 60 60 60 60 60 60 60 60 60 60 59 59 59 59 59 59 59 59 59 59 58 58 58 58 58 58 58 57 57 58 58 58 57 57 57 56 56 56 57 57 57 56 57 57 57 56 56 56 56 56 56 56 56 56 56 56 56 56 56 56 56 56 56 56 56 56 57 56 56 56 56 56 57 57 57 56 56 56 56 56 55 56 55 56 56 56 56 56 56 55 55 55 55 55 55 54 54 55 54 54 54 53 53 54 53 53 54 54 54 53 53 53 53 53 53 53 53 52 52 53 53 53 54 54 54 54 54 54 53 53 54 54 54 53 53 53 53 52 52 52 53 53 53 53 53 53 53 53 53 54 54 54 53 53 53 53 54 53 53 52 53 52 52 51 51 51 51 51 51 51 51 52 52 52 52 52 52 52 53 53 53 53 52 52 52 53 53 52 53 53 53 54 54 54 54 54 54 54 53 53 53 54 54 54 53 53 52 53 52 52 53 53 52 52 52 52 52 52 53 53 68 68 67 67 67 68 68 67 67 67 66 67 67 68 67 67 66 65 66 66 67 68 67 67 67 67 68 68 67 67 66 65 64 63 61 61 62 62 62 63 63 62 62 62 62 62 62 62 62 61 61 61 61 61 61 61 61 61 61 61 61 61 61 61 61 61 60 60 60 60 60 60 60 60 60 60 60 60 60 60 60 60 60 60 60 60 60 60 60 59 59 59 59 59 59 59 59 59 58 58 58 58 58 58 58 58 58 58 58 58 58 57 57 57 56 57 57 57 57 56 57 57 57 57 57 56 56 56 56 56 56 56 56 56 56 56 56 56 56 56 56 57 56 56 56 56 56 56 57 57 57 57 57 56 56 56 56 56 55 55 55 55 55 56 56 56 56 55 55 55 54 54 55 55 55 55 55 55 54 54 53 54 54 54 54 54 54 54 54 53 53 53 53 53 53 53 52 52 53 54 54 54 54 54 54 53 54 54 54 54 54 53 53 53 53 53 53 53 53 53 53 53 53 53 53 53 54 54 53 54 53 53 53 53 53 53 53 52 52 52 52 52 51 51 51 51 52 52 51 52 52 52 52 52 52 52 52 52 52 52 53 53 52 52 52 52 52 53 53 53 54 55 54 54 54 54 54 53 53 53 54 54 54 53 53 53 52 52 53 53 52 52 52 52 52 52 52 53 68 68 67 68 67 68 68 67 67 67 66 67 67 67 66 66 66 65 66 67 67 68 67 67 67 68 68 67 67 66 65 64 63 62 62 62 62 62 62 62 63 63 62 62 62 62 62 62 62 62 62 62 61 61 61 61 61 61 61 61 61 61 61 61 61 61 60 60 60 60 60 60 61 60 60 60 60 60 60 60 60 60 60 60 60 60 60 60 60 60 59 59 59 59 59 59 59 59 58 58 58 58 58 58 58 58 58 58 58 58 58 58 57 57 56 56 57 57 57 56 57 57 57 57 57 57 57 56 56 56 56 56 56 56 56 56 56 56 56 56 56 56 56 56 56 56 57 56 57 57 57 57 56 56 56 56 56 56 56 55 55 55 55 55 56 56 56 55 55 55 55 55 55 54 54 54 54 55 55 55 54 54 55 55 55 55 55 54 54 54 53 54 53 53 53 53 53 52 53 54 54 54 54 54 54 54 54 54 54 54 53 54 53 54 53 53 53 53 53 53 53 53 53 53 53 53 53 53 53 53 53 53 53 53 53 53 53 52 52 52 52 52 52 51 51 51 51 51 52 52 52 51 51 52 52 52 52 52 52 52 52 53 53 53 53 53 53 53 53 53 54 55 54 54 54 54 54 53 53 53 54 54 54 54 53 53 52 52 53 53 53 52 52 52 52 53 53 53 68 68 68 68 68 68 67 67 67 67 67 67 67 66 66 65 66 66 67 67 68 67 66 66 67 66 67 67 66 65 64 64 63 62 62 62 62 63 63 63 63 63 63 63 62 62 62 62 62 62 62 62 62 61 61 61 61 61 61 61 61 61 61 61 61 61 61 61 61 61 61 61 61 60 60 60 60 60 60 60 60 60 60 60 60 60 60 60 60 59 60 60 59 59 59 59 59 58 58 58 58 58 58 58 58 58 58 57 57 58 58 58 57 57 56 56 57 57 57 57 57 57 57 57 57 57 57 57 57 56 56 56 56 56 56 56 56 56 56 56 57 56 56 56 56 57 57 57 57 57 57 57 56 56 56 56 56 56 56 56 56 56 56 56 56 56 56 56 55 55 55 55 55 55 55 54 55 55 55 55 55 55 55 55 55 55 55 54 54 54 54 54 53 53 53 53 53 53 54 54 54 54 54 54 54 54 54 54 54 54 54 53 54 53 53 53 53 53 53 53 53 53 53 53 53 53 53 53 53 53 53 53 53 53 53 53 52 52 52 52 52 52 51 51 51 51 51 52 52 52 52 52 52 52 51 51 52 52 52 52 52 53 53 53 53 53 53 53 54 54 54 54 54 54 54 54 53 53 53 54 54 54 54 53 53 53 52 52 53 53 52 52 52 52 52 68 67 67 67 67 68 68 68 68 67 67 66 66 67 66 66 66 66 66 66 67 67 67 66 65 65 65 67 66 65 64 64 63 63 62 62 62 63 63 63 63 63 63 63 63 63 63 63 62 62 62 62 62 62 62 62 62 62 61 61 61 61 61 61 61 61 61 61 61 61 61 61 61 61 60 61 61 61 60 60 60 60 60 60 60 60 60 60 60 60 60 60 60 60 59 59 59 59 58 59 59 58 58 58 58 58 58 58 58 57 58 58 58 57 57 57 57 57 57 57 57 57 57 57 57 57 57 57 57 57 56 56 56 56 56 56 56 56 56 56 57 56 56 56 56 56 56 56 57 56 56 57 57 56 56 56 56 56 56 56 56 56 56 56 56 56 56 56 55 55 55 55 55 55 55 55 55 54 54 55 55 55 55 55 55 55 55 54 55 54 54 54 53 54 53 53 53 53 53 54 54 54 54 54 54 54 54 54 55 54 54 54 54 54 54 54 53 53 53 53 53 53 53 53 53 53 53 53 54 53 53 52 52 52 52 52 52 52 52 52 52 52 52 51 51 51 51 51 52 52 52 52 52 52 52 52 51 52 52 52 52 52 52 52 53 53 53 53 53 53 54 54 53 54 54 54 54 53 53 54 54 54 54 54 53 53 53 53 52 53 53 53 52 52 53 68 68 67 67 67 68 68 68 67 66 65 66 66 65 66 66 65 66 67 67 67 67 65 65 65 66 66 65 64 63 63 62 62 63 63 63 63 63 63 63 63 63 63 63 63 63 62 62 62 62 62 62 62 62 62 62 61 61 61 61 61 61 61 61 61 61 61 61 61 61 61 61 61 61 61 61 60 60 60 60 60 60 60 60 60 60 60 60 60 60 60 60 59 59 59 59 59 59 59 59 59 58 58 58 58 58 58 58 58 58 58 58 58 57 57 57 57 57 57 57 57 57 57 57 57 57 57 57 56 56 56 56 56 56 56 56 56 56 56 56 56 56 56 56 56 56 56 56 56 56 56 56 56 56 56 56 56 56 56 56 56 56 55 56 56 56 55 55 55 55 54 54 55 55 55 55 54 54 55 55 54 55 55 54 55 54 55 55 55 54 54 54 54 54 53 53 54 54 54 54 54 54 54 54 54 54 55 55 54 54 54 54 54 54 53 53 53 53 53 53 53 53 53 53 53 53 54 53 53 53 53 52 52 52 52 52 52 52 52 52 52 51 51 51 51 51 52 52 52 52 52 52 52 52 51 51 52 52 52 52 52 52 52 52 53 52 52 53 54 53 53 53 54 54 54 54 54 54 54 54 54 54 54 54 54 53 53 54 54 54 54 53 53 68 69 68 66 66 67 66 66 66 66 66 65 65 65 64 64 65 66 66 67 67 67 67 66 64 64 64 63 63 63 63 63 63 63 63 63 63 63 63 63 63 63 63 63 63 62 62 62 62 62 62 62 62 62 62 62 61 61 61 61 61 61 61 61 61 61 61 61 61 61 61 61 61 61 61 61 61 61 61 60 60 60 60 60 60 60 60 60 60 60 60 60 59 60 60 59 59 59 59 59 59 58 58 58 58 58 58 58 58 58 58 58 57 57 57 57 57 57 57 57 57 57 57 57 57 57 57 57 57 56 56 56 56 56 56 56 56 56 56 56 56 56 56 56 56 56 56 56 56 56 56 56 56 56 56 56 56 56 56 55 55 55 55 55 55 55 55 55 55 54 54 54 55 54 55 55 54 55 55 54 55 55 55 54 54 54 54 55 54 54 54 54 54 53 53 54 54 55 55 55 54 55 55 55 54 55 54 55 55 54 54 54 54 53 53 53 53 53 53 53 53 53 53 53 54 54 53 53 53 53 52 52 53 52 53 52 52 52 52 52 52 52 51 51 52 52 52 52 52 52 52 52 52 52 51 51 52 52 52 51 51 51 52 52 52 52 53 53 53 53 53 54 54 54 54 54 54 54 54 54 54 54 54 54 54 54 54 54 54 54 54 54 68 67 66 66 66 66 66 67 67 67 66 67 66 65 65 64 65 66 66 67 68 67 66 65 65 65 64 64 64 63 63 63 63 63 63 63 63 63 63 63 63 63 63 63 62 62 62 62 62 62 62 62 62 62 62 62 62 62 61 61 61 61 61 61 61 61 61 61 61 61 61 61 61 61 61 61 61 61 61 60 60 60 60 60 60 60 60 60 60 60 60 60 60 60 59 59 59 59 59 59 59 58 58 58 58 58 58 58 58 57 58 58 57 57 57 57 57 57 57 57 57 57 57 57 57 57 57 57 57 57 57 56 56 57 56 56 56 56 56 56 56 56 56 56 57 56 56 56 56 56 56 56 57 57 57 57 56 56 55 55 55 55 55 55 55 55 54 54 54 54 54 55 54 54 55 55 54 55 54 55 55 55 55 55 54 54 54 54 54 54 54 54 53 54 55 55 55 55 55 55 55 55 55 54 54 54 54 54 54 53 53 53 53 53 53 53 53 53 53 53 53 53 53 53 54 53 53 53 53 53 53 52 52 52 52 52 52 52 52 52 51 51 51 52 52 52 52 52 52 52 52 52 52 52 51 51 51 51 51 52 52 52 52 52 52 52 52 53 53 53 54 54 54 54 54 54 54 54 54 54 54 54 55 54 54 54 54 54 54 68 67 67 67 69 68 69 69 67 67 66 65 64 66 66 66 67 66 66 65 65 64 64 64 64 63 63 63 63 63 64 64 64 63 63 63 63 63 63 63 63 62 62 62 62 62 62 62 62 62 62 62 62 62 62 62 62 61 61 62 61 61 61 61 61 61 61 61 61 61 61 61 61 61 61 60 60 60 60 60 60 60 60 60 60 60 60 60 60 60 59 59 59 59 59 59 59 58 58 58 58 58 58 58 58 57 57 58 58 57 57 57 57 57 57 57 57 57 57 57 57 57 57 57 57 57 56 57 57 56 56 56 56 56 56 56 56 57 57 57 57 57 56 56 56 56 56 56 56 56 57 56 56 56 55 55 55 55 55 54 55 55 55 55 54 54 54 55 55 54 55 55 54 55 54 55 54 54 55 55 54 54 54 54 54 54 54 54 54 54 55 55 55 55 55 55 55 54 55 55 54 54 54 54 54 54 54 54 53 53 53 53 53 53 53 53 53 53 53 53 53 53 53 53 53 53 53 53 52 52 52 52 52 52 52 52 52 52 52 52 52 52 52 52 52 52 52 52 52 52 52 51 51 52 52 52 52 52 53 53 52 52 52 53 53 53 54 54 54 54 54 54 54 54 54 55 54 55 55 54 54 54 54 54 54 55 54 69 69 69 69 69 70 70 70 68 68 68 68 64 64 64 65 65 64 65 64 63 63 63 63 63 64 63 63 64 64 64 64 64 64 64 63 63 63 63 63 63 63 62 62 62 62 62 62 62 62 62 62 62 62 62 62 61 61 62 61 62 61 61 61 61 61 61 61 61 61 61 61 61 61 61 61 60 60 60 61 61 61 60 60 60 60 60 60 60 60 59 59 59 59 59 59 59 58 58 58 58 58 58 58 58 58 57 57 57 57 57 57 57 57 57 57 57 57 57 57 57 57 57 57 57 57 57 57 57 56 56 56 56 56 56 56 56 56 57 56 57 57 56 56 56 56 56 56 56 56 57 57 56 55 55 55 56 56 55 55 55 55 55 55 55 54 54 54 55 54 55 55 54 55 55 54 54 54 55 55 54 54 54 54 54 54 54 54 54 55 56 56 55 54 55 54 55 55 54 54 54 54 54 54 54 54 54 54 53 53 53 53 53 53 53 53 53 53 53 53 53 53 53 53 53 53 53 52 53 52 52 52 52 52 52 52 52 52 52 52 52 52 52 52 52 52 52 52 51 51 52 52 52 52 52 53 53 53 53 54 54 53 53 53 52 53 54 54 54 54 54 54 54 54 54 54 54 55 54 54 54 54 55 55 54 54 54 70 71 71 71 71 70 69 70 70 69 68 67 64 64 64 63 63 63 63 63 63 63 63 64 64 64 64 64 64 64 64 64 64 64 64 63 63 63 63 63 63 63 63 62 62 62 62 62 62 62 62 62 62 62 62 62 62 62 62 61 61 61 61 62 61 61 61 61 61 61 61 61 61 61 60 60 60 61 61 61 61 60 60 60 60 60 60 60 59 59 59 59 59 59 59 59 58 58 58 58 58 58 58 58 58 57 57 57 57 57 57 57 57 57 57 57 57 57 57 57 57 57 57 57 57 57 57 56 56 56 56 56 56 57 56 57 57 57 57 56 56 56 56 56 56 56 56 57 57 56 56 56 56 56 56 56 56 56 55 55 55 55 54 54 54 54 54 54 55 55 54 55 55 54 54 54 55 55 55 55 54 54 54 54 54 54 54 55 55 55 55 54 54 54 54 54 54 54 54 54 54 54 55 54 54 54 54 53 54 54 53 53 53 53 53 53 53 53 53 53 53 52 52 52 53 53 53 53 53 52 52 52 52 52 52 52 52 52 52 52 52 52 52 52 52 52 51 51 51 52 53 53 53 52 53 53 53 54 54 53 54 54 53 53 53 53 54 54 54 54 54 54 55 54 54 54 54 54 54 55 55 54 54 54 71 71 71 71 70 70 70 69 69 68 67 66 65 65 64 65 64 63 64 64 63 63 64 64 64 64 64 64 64 64 64 64 64 64 64 64 64 63 63 63 63 63 63 63 63 62 62 62 62 62 62 62 62 62 62 62 62 62 62 62 62 62 61 61 61 61 61 61 61 61 61 61 61 60 60 60 61 61 61 61 60 60 60 60 60 60 60 59 59 59 59 59 59 59 59 59 58 58 58 58 58 58 58 58 58 57 57 57 57 57 57 57 57 57 57 57 57 57 57 57 57 57 57 57 57 57 57 57 57 56 56 56 57 57 57 57 57 57 56 56 56 56 56 56 56 56 56 56 56 56 56 56 56 56 56 56 56 55 55 55 55 54 55 55 54 54 54 54 55 55 54 54 54 54 54 55 54 55 55 55 55 54 54 53 53 54 54 55 55 55 55 54 55 54 54 54 54 54 55 55 55 55 55 55 54 54 54 54 54 54 54 54 53 53 54 54 54 54 53 52 52 52 52 52 52 52 52 52 53 52 52 52 52 52 52 52 52 52 52 52 52 52 52 52 52 52 52 52 52 53 53 54 54 54 53 53 54 54 54 54 54 53 53 54 54 54 54 54 54 54 55 54 54 54 54 54 54 54 55 54 54 54 71 70 70 70 70 70 70 70 69 68 67 67 66 67 67 68 67 65 64 64 64 64 64 64 64 64 64 64 64 64 64 64 64 64 64 64 64 64 63 63 63 63 63 63 63 63 63 63 62 62 62 62 62 62 62 62 62 62 62 62 62 62 62 61 61 61 61 61 61 61 61 61 61 61 61 61 61 61 61 61 61 60 61 61 61 60 60 60 59 59 59 59 59 59 59 59 59 59 59 59 58 58 58 58 58 58 58 57 57 57 57 57 57 58 57 57 57 57 57 57 57 57 57 57 57 57 57 57 57 57 56 56 56 56 56 57 56 56 57 56 56 56 57 56 56 56 56 56 56 56 56 56 55 56 55 56 56 56 55 55 54 54 54 55 55 54 54 54 54 55 54 54 54 54 54 54 54 54 54 54 54 55 55 54 53 53 54 54 55 55 55 55 55 54 55 54 54 54 54 54 55 55 55 55 55 55 55 55 54 54 54 53 53 53 53 53 53 54 54 53 52 53 53 52 52 52 52 52 52 52 52 52 52 52 52 52 52 52 52 52 52 52 53 53 53 53 53 53 53 52 52 53 53 54 54 54 54 54 54 55 55 54 54 53 53 54 54 55 55 55 55 54 54 54 54 54 54 54 54 54 54 54 55 71 69 69 69 69 69 69 69 69 69 69 68 69 68 69 69 68 66 66 65 65 64 64 64 64 64 64 64 64 64 64 64 64 64 64 64 64 64 64 63 63 63 63 63 63 63 63 63 63 63 62 62 62 62 62 62 62 62 62 62 62 62 62 61 61 61 61 61 61 61 61 61 61 61 61 61 61 61 61 61 61 61 61 61 61 61 61 60 60 59 59 59 59 59 59 59 59 59 59 59 59 59 59 59 59 58 58 58 58 57 57 57 58 58 58 57 57 57 57 57 57 57 57 57 57 57 57 57 57 57 57 57 57 56 57 56 56 56 56 56 56 56 56 57 56 56 56 56 56 56 57 57 56 56 55 55 55 55 55 55 55 54 55 55 55 55 55 54 54 54 54 54 54 54 54 54 54 54 54 54 54 54 54 54 54 54 53 54 54 55 55 55 55 55 54 55 54 54 55 55 55 55 55 55 55 55 55 55 55 55 54 54 54 53 53 53 54 54 54 54 53 53 53 53 53 53 52 52 52 52 52 52 52 52 52 52 52 52 52 52 52 52 52 52 53 53 54 54 54 54 53 52 53 53 54 55 55 55 54 55 55 55 54 54 53 53 53 54 55 55 55 55 54 54 54 54 54 54 54 54 54 54 54 54 54 70 70 70 70 69 68 69 70 69 70 71 71 70 70 71 69 68 67 65 65 64 64 64 64 64 64 64 64 64 64 64 64 64 64 64 64 64 64 64 63 63 63 63 63 63 63 63 63 63 63 63 62 62 62 62 62 62 62 62 62 62 61 62 61 61 61 61 61 61 61 61 61 61 61 61 61 61 61 61 61 61 61 61 61 61 60 60 60 60 59 59 59 59 59 59 59 59 59 59 59 59 59 59 58 58 59 59 58 58 58 57 57 58 58 58 58 58 58 58 58 57 57 57 57 57 57 57 57 57 57 57 57 57 57 57 56 56 56 56 56 56 56 56 57 57 57 56 56 56 56 57 56 56 56 56 55 56 55 55 55 55 55 55 55 56 55 55 55 54 55 55 54 55 54 53 54 54 54 54 54 54 54 54 54 54 54 53 53 53 54 55 55 54 54 55 55 55 55 55 55 55 55 55 55 55 55 55 55 55 55 54 54 53 53 53 53 54 54 55 54 54 54 54 53 53 53 53 52 52 52 52 52 52 52 52 52 52 52 52 52 52 52 52 52 52 52 53 53 54 54 54 53 52 54 54 54 55 54 54 55 55 55 55 54 53 53 54 54 55 55 55 55 54 54 54 54 54 54 54 54 54 54 54 54 71 71 71 71 71 70 70 69 68 69 70 70 70 70 70 70 70 69 68 67 68 67 65 64 64 64 64 64 65 65 65 64 64 64 64 64 64 64 64 64 64 63 63 63 63 63 63 63 63 63 63 63 63 63 63 62 62 62 62 62 62 62 62 62 62 61 62 62 61 61 61 61 61 61 61 61 61 61 61 61 61 61 61 61 61 61 60 60 61 61 60 59 59 59 59 59 59 59 59 59 59 59 59 59 59 59 59 59 59 59 58 58 58 58 58 58 58 58 58 58 58 58 57 57 57 57 57 57 57 57 57 57 57 57 57 57 57 56 56 56 56 57 56 57 57 56 57 57 57 56 56 56 56 56 56 56 56 56 56 56 56 56 55 56 56 56 56 55 55 55 55 55 55 55 55 54 53 54 54 54 54 54 54 54 54 54 53 53 53 53 53 54 54 54 55 54 55 55 55 55 55 55 55 55 55 55 55 55 55 55 55 55 55 54 54 53 53 53 54 54 54 54 53 53 53 53 53 53 53 52 52 52 52 51 51 52 52 52 52 52 52 52 52 53 53 53 53 52 52 53 53 53 54 54 53 53 53 54 54 54 54 55 55 55 55 54 53 54 54 55 54 54 54 54 55 54 54 54 54 54 54 54 54 54 54 55 71 71 72 72 71 70 70 70 68 68 69 69 68 68 68 69 70 69 69 69 69 68 66 65 64 64 64 64 65 65 65 65 65 64 64 64 64 64 64 64 64 63 63 63 63 63 63 63 63 63 63 63 63 63 63 63 62 62 62 62 62 62 62 62 62 62 62 62 62 61 61 61 61 61 61 61 61 61 61 61 61 61 61 61 61 61 61 61 61 61 60 60 59 59 59 59 59 59 59 59 59 59 59 59 59 59 59 59 59 58 58 58 58 58 58 58 58 58 58 58 58 58 58 58 58 57 57 57 57 57 57 57 57 57 57 57 57 56 57 56 57 57 57 56 57 57 56 56 56 56 56 56 56 57 56 56 56 56 56 56 56 56 56 56 56 56 55 55 55 55 55 55 55 55 55 55 54 53 54 54 54 54 53 54 54 53 53 53 53 53 53 54 54 55 55 55 55 55 55 55 55 55 55 55 55 55 55 55 54 55 55 55 55 55 54 54 54 54 54 54 54 53 52 52 52 52 52 52 53 53 52 52 51 51 51 52 52 52 52 52 52 53 53 53 53 54 54 53 53 53 54 54 54 55 54 54 54 53 53 54 54 54 54 55 55 55 54 55 55 55 55 55 54 54 54 55 54 54 54 54 54 54 54 54 54 72 72 72 70 70 69 70 70 69 68 68 68 68 68 68 69 70 70 70 70 68 67 66 65 64 64 64 64 65 65 65 65 65 65 65 64 64 64 64 64 64 64 64 63 63 63 63 63 63 63 63 63 63 63 63 63 63 62 62 62 62 62 62 62 62 62 62 62 62 62 62 62 62 61 61 61 61 61 62 61 61 61 61 61 61 61 61 61 61 61 61 60 59 59 59 59 59 59 59 59 59 59 59 59 59 59 59 59 59 59 58 58 58 58 58 58 58 58 58 58 58 58 58 58 58 58 57 57 57 57 57 57 57 57 57 57 56 56 56 57 57 58 57 56 57 57 57 57 57 56 56 56 56 57 57 56 56 56 56 56 56 56 56 56 55 56 55 55 55 55 55 55 55 55 54 54 54 53 54 54 53 54 54 54 54 54 54 53 53 54 53 54 54 55 55 55 55 55 55 55 55 55 55 55 54 54 54 54 54 55 55 55 55 55 54 54 54 54 54 54 54 53 52 52 52 52 52 52 53 52 52 52 51 51 52 52 52 52 52 52 52 53 53 53 53 53 54 54 53 53 53 54 54 54 55 55 55 54 54 54 54 54 55 55 55 55 55 56 55 55 55 55 54 54 54 55 55 55 54 54 54 54 54 54 54 72 71 70 70 70 69 68 68 69 68 68 68 68 68 69 69 70 71 70 68 67 66 66 65 64 64 65 65 65 65 65 65 65 65 65 64 64 64 64 64 64 64 63 63 63 63 63 63 63 63 63 63 63 63 63 63 63 62 62 62 62 62 62 62 62 62 62 62 62 62 62 62 62 62 62 62 62 62 61 61 61 61 61 61 61 61 61 61 61 61 60 59 59 59 59 59 59 59 59 59 59 59 59 59 59 59 59 59 58 58 58 58 58 58 58 58 58 58 58 58 58 58 58 58 58 58 58 57 57 57 57 57 57 57 57 57 57 56 56 57 57 57 57 57 57 57 57 57 57 56 56 56 57 56 56 56 56 56 56 56 56 56 56 56 55 55 55 55 55 55 56 55 55 54 54 54 54 54 54 54 54 54 54 54 54 54 54 53 54 53 54 54 55 55 55 55 55 55 55 55 55 55 54 54 55 55 54 55 55 55 55 55 55 54 54 54 54 54 54 54 53 52 52 52 52 52 52 52 52 52 51 52 52 52 52 52 52 52 52 52 53 53 53 54 54 54 54 54 54 53 53 54 54 55 55 55 55 54 54 54 55 55 55 55 55 55 55 55 55 55 55 54 54 54 54 54 54 54 54 53 54 54 54 54 72 71 71 72 71 70 70 70 70 69 68 67 67 67 68 67 69 69 69 67 67 66 66 65 65 64 65 65 65 65 65 65 65 65 65 65 65 65 64 64 64 64 64 64 64 64 63 63 63 63 63 63 63 63 63 63 63 63 62 62 62 62 62 62 62 62 62 63 62 62 62 62 62 62 62 62 62 62 62 61 61 61 61 61 61 61 61 61 61 61 60 60 59 59 59 59 59 60 59 59 59 59 59 59 59 59 59 59 58 58 58 58 58 58 58 58 58 58 58 58 58 58 58 58 58 58 58 57 57 57 57 57 57 57 57 57 57 57 57 57 58 58 57 57 57 57 57 57 57 56 56 56 57 56 56 56 56 56 56 56 56 56 56 56 56 56 55 55 55 56 56 55 55 54 54 54 54 54 54 54 54 54 54 54 54 54 54 54 53 53 54 55 55 55 54 55 55 54 55 54 54 54 54 55 55 55 55 55 55 55 55 55 55 54 54 54 53 54 54 54 53 53 52 52 52 52 52 52 52 52 52 52 52 52 52 52 52 52 52 52 53 53 54 54 54 54 55 54 54 54 53 54 54 54 54 54 54 55 54 55 55 56 55 55 55 55 54 54 54 54 54 54 54 54 55 55 54 54 54 53 53 54 54 73 72 73 71 70 69 68 68 68 69 69 68 67 67 67 67 69 69 67 66 65 65 65 65 65 65 65 65 65 65 65 65 65 65 65 65 65 65 65 64 64 64 64 64 64 64 63 63 63 63 63 63 63 63 63 63 63 62 62 62 62 62 62 62 62 62 63 63 62 62 62 62 62 62 62 62 62 62 62 61 61 61 61 61 62 61 61 61 61 60 60 59 59 59 59 59 60 59 59 59 59 59 59 59 59 59 59 59 58 58 58 58 58 58 58 58 58 58 58 58 58 58 58 58 58 58 58 58 57 57 57 57 57 57 57 57 57 57 57 57 58 58 58 58 57 57 57 57 57 56 56 56 56 57 56 56 56 56 57 56 56 56 56 56 56 56 55 55 55 55 55 55 54 54 54 54 54 54 54 54 54 54 54 54 54 54 54 53 53 54 55 55 54 54 54 54 54 54 54 54 54 54 55 55 55 55 55 55 55 54 55 54 54 53 54 53 54 54 53 53 52 52 52 52 52 52 52 52 52 52 52 52 52 52 52 52 52 51 52 53 53 53 53 54 54 55 55 55 54 54 54 54 54 54 54 55 54 55 55 56 56 55 55 55 55 54 54 54 54 53 53 53 54 54 55 54 54 53 53 53 54 54 72 72 72 72 71 69 70 70 70 71 70 69 68 68 66 67 68 69 69 68 67 66 66 65 65 65 65 65 65 65 65 65 65 65 65 65 65 65 65 65 64 64 64 64 64 64 64 63 63 63 63 63 63 63 63 63 63 63 62 62 62 62 63 63 63 63 62 62 62 62 62 62 62 62 62 62 62 62 62 62 62 62 61 61 62 62 61 61 61 61 60 59 59 59 59 59 59 59 59 59 59 59 59 59 59 59 60 60 59 58 58 58 58 58 58 58 58 58 58 58 58 58 58 58 58 58 58 58 58 58 57 57 57 57 57 57 57 57 57 57 57 58 57 57 57 57 57 57 57 57 57 56 56 57 57 57 56 56 56 56 56 56 56 56 56 56 56 55 55 55 55 55 55 55 54 54 54 54 54 54 54 54 54 54 54 54 54 54 54 54 55 54 54 54 54 54 54 54 54 54 54 54 54 55 55 55 56 55 55 54 54 54 54 53 53 53 53 53 53 52 52 52 52 52 52 52 52 52 52 52 52 52 52 52 52 52 53 53 52 52 52 52 53 53 53 54 54 54 54 55 54 55 54 54 54 55 55 55 55 55 55 55 55 54 54 54 55 55 54 54 54 53 53 53 54 54 53 53 53 53 54 54 54 72 72 71 71 70 71 72 72 72 72 71 70 69 68 67 66 66 66 67 67 66 66 66 65 65 65 65 66 66 66 65 65 65 65 65 65 65 65 65 65 64 64 64 64 64 64 64 64 64 63 63 63 63 63 63 63 63 63 63 62 62 63 63 63 63 63 62 62 62 62 62 62 62 62 62 62 62 62 62 62 62 62 61 61 61 61 61 61 61 61 60 60 60 60 60 59 59 59 59 59 60 59 59 59 59 59 59 59 59 59 58 58 58 58 59 59 58 58 58 58 58 58 58 58 58 58 58 58 58 58 58 58 57 57 57 57 57 57 57 57 58 58 57 57 57 57 57 57 57 57 57 57 56 56 57 57 57 56 56 56 57 56 56 56 56 56 56 55 55 55 55 56 56 55 55 55 54 54 54 54 54 54 54 54 54 54 54 54 54 54 55 54 54 54 54 54 54 54 54 54 54 54 54 54 55 55 55 55 54 54 53 53 53 53 53 53 53 52 52 52 52 52 52 52 52 52 52 52 52 52 52 52 52 52 52 52 53 53 53 53 53 52 52 52 53 53 53 54 54 54 55 55 54 54 54 54 55 55 55 56 56 56 55 55 55 55 55 55 55 55 54 53 53 53 53 54 53 53 54 54 54 54 55 54 54 53 73 73 72 71 71 72 72 71 71 70 70 70 69 68 68 68 67 67 66 66 66 66 65 65 65 66 66 66 66 66 66 66 66 65 65 65 65 65 65 65 64 64 64 64 64 64 64 64 64 63 63 63 64 63 63 63 63 63 63 63 63 63 63 63 63 63 63 62 62 62 62 62 62 62 62 62 62 62 62 62 62 62 62 61 61 61 61 61 61 61 60 60 60 60 60 59 59 59 59 59 60 59 59 59 59 59 59 59 59 58 58 58 58 58 59 59 59 59 58 58 58 58 58 58 58 58 58 58 58 58 58 58 57 57 57 57 57 57 57 57 58 57 57 57 57 57 57 57 57 57 57 57 57 56 56 56 57 57 57 56 57 57 56 56 56 56 56 56 55 55 55 55 56 55 55 55 54 54 54 54 54 54 54 54 54 54 54 54 54 54 55 55 55 55 54 54 54 54 54 54 54 54 55 54 55 55 55 54 54 53 53 53 53 53 53 53 53 53 53 53 53 53 52 52 52 52 52 52 52 52 52 52 53 53 53 53 53 53 53 53 53 52 53 53 53 53 54 54 55 55 55 55 55 54 55 54 54 55 55 55 55 55 55 55 55 55 55 56 55 55 54 53 53 53 53 53 52 53 53 54 54 54 54 54 54 53 53 73 72 71 72 72 72 72 71 70 69 69 69 68 68 68 67 67 67 67 66 66 65 66 66 66 66 66 66 66 66 66 66 66 65 65 65 65 65 65 65 64 64 64 64 64 64 64 64 64 63 63 63 63 63 63 63 63 63 63 63 63 63 63 63 63 63 62 62 62 62 62 62 62 62 62 62 62 62 62 62 62 62 61 61 61 61 61 61 61 60 61 60 60 60 60 59 59 59 59 59 59 59 59 59 59 59 59 59 59 58 58 58 59 59 59 59 59 58 58 58 58 58 58 58 58 58 58 58 58 58 58 58 57 57 57 57 57 57 57 58 57 57 58 57 58 57 57 57 57 57 57 57 56 56 57 57 57 57 57 57 57 56 56 56 56 56 56 56 56 55 55 55 56 55 55 54 54 54 54 54 54 54 54 54 54 54 54 54 54 55 55 55 54 54 54 54 54 54 54 55 54 54 54 54 54 54 54 53 53 53 53 53 53 53 53 53 53 53 53 53 53 53 52 52 52 53 53 52 52 52 52 52 52 52 53 53 53 53 54 53 53 53 54 54 54 53 54 54 55 55 55 55 55 54 55 55 55 55 55 55 54 55 54 55 55 56 56 56 55 54 53 53 53 53 53 53 52 52 53 53 53 54 53 53 53 53 52 53 73 73 73 73 74 73 72 71 70 69 69 69 69 69 69 67 66 66 66 66 66 66 66 66 66 66 66 66 66 66 66 66 66 66 65 65 65 65 65 65 65 64 64 64 64 64 64 64 64 64 63 63 63 63 63 63 63 63 63 63 63 63 63 63 63 63 62 62 62 62 62 62 62 62 62 62 62 62 62 62 62 62 62 62 62 61 61 61 60 61 61 60 60 60 59 59 59 59 59 59 60 59 60 60 60 59 59 59 58 58 58 59 59 59 59 59 59 59 58 58 58 58 58 58 58 58 58 58 58 58 58 58 58 58 58 57 57 57 57 57 58 58 57 57 57 57 57 57 57 57 57 56 56 57 57 57 57 57 57 56 56 56 56 56 56 56 56 56 56 55 56 56 55 55 55 54 54 54 54 54 54 54 54 54 54 54 54 54 55 54 54 54 54 54 55 55 55 55 55 55 54 54 54 54 54 53 53 53 53 53 53 53 53 53 53 53 53 53 53 53 53 53 53 53 53 53 53 53 53 53 52 52 52 53 53 53 53 54 54 53 54 54 55 54 54 54 54 54 54 54 55 55 55 55 55 56 56 55 55 54 54 54 55 55 56 55 55 55 54 54 54 54 54 54 53 53 52 52 52 52 52 53 53 53 53 52 53 53 74 74 74 73 73 72 71 71 70 70 69 70 70 69 68 67 66 66 66 66 66 66 66 66 66 66 66 66 66 66 66 66 66 66 66 65 65 65 65 65 64 64 64 64 64 64 64 64 64 64 63 63 63 63 63 63 63 63 63 63 63 63 63 63 63 63 63 63 62 62 62 62 62 62 62 62 62 62 62 62 62 62 62 62 62 61 61 60 61 61 61 60 60 60 60 59 59 59 59 60 60 60 60 59 59 59 59 59 59 59 59 59 59 59 59 59 59 58 58 58 58 58 58 58 58 58 58 58 58 58 58 58 57 58 57 57 57 58 58 58 57 57 57 57 57 57 58 57 57 57 56 56 56 56 57 57 57 56 56 56 56 56 56 56 56 56 56 55 55 55 55 55 55 55 54 54 54 54 54 54 54 54 54 54 54 54 54 54 54 55 55 55 55 55 55 55 55 55 55 54 54 54 54 54 53 53 53 53 53 53 53 53 53 53 53 53 53 53 53 53 53 53 52 52 53 53 53 53 53 53 53 52 52 53 53 53 53 53 53 53 54 55 55 55 55 54 54 55 55 55 55 55 56 56 56 56 55 55 55 54 54 55 55 55 54 54 54 54 54 53 54 55 55 55 54 53 53 52 52 52 52 53 53 52 52 53 53 53 74 73 72 71 71 71 70 70 69 69 68 68 68 68 67 66 66 66 66 66 66 66 66 66 66 66 66 66 66 66 66 66 66 66 65 65 65 65 65 65 65 64 64 64 64 64 64 64 63 63 63 63 63 63 63 63 63 63 63 63 63 63 63 63 63 63 62 62 62 62 62 62 62 62 62 62 62 62 62 62 62 62 62 61 61 60 60 61 61 61 61 60 60 59 59 59 59 59 60 60 60 59 59 59 59 59 59 59 59 59 59 59 59 59 59 59 59 58 58 58 58 58 58 58 58 58 58 58 58 58 58 58 57 57 57 57 57 57 57 57 57 57 57 57 58 57 57 57 57 56 56 56 57 57 57 56 57 56 56 56 56 56 56 56 56 55 55 55 55 55 55 54 54 54 54 54 54 54 54 54 54 54 54 54 54 55 55 55 55 55 55 55 55 55 55 55 55 55 54 54 53 53 53 53 53 53 53 53 53 53 53 53 53 53 53 53 53 53 53 53 53 53 53 53 53 53 53 53 53 53 52 52 52 53 53 53 53 54 54 54 54 54 54 55 54 55 55 55 55 56 56 55 55 55 54 55 55 55 54 55 55 55 54 53 53 54 54 53 53 54 55 54 54 54 54 53 53 53 52 52 53 52 52 53 53 53 52 53 72 72 72 71 71 70 69 68 67 67 68 67 66 66 66 66 66 66 66 66 66 66 66 66 66 66 66 66 66 66 65 65 65 65 65 65 65 65 65 64 64 64 64 64 64 63 63 63 63 63 63 63 63 63 63 63 63 63 63 63 63 63 62 62 62 62 62 62 62 62 62 62 62 62 62 62 62 62 62 62 61 61 61 61 61 61 61 60 60 60 60 59 59 59 59 60 60 60 60 59 59 59 59 59 59 59 59 59 59 59 59 59 59 59 59 58 58 58 58 58 58 58 58 58 58 58 58 58 58 58 57 57 58 58 58 57 58 58 57 57 57 57 57 57 57 57 57 56 56 57 57 56 56 57 57 56 56 56 56 56 56 55 55 55 55 55 55 55 55 54 54 54 54 54 54 54 54 54 54 54 54 54 55 55 55 55 55 55 55 55 55 55 55 54 54 54 54 54 53 53 54 54 53 53 53 54 53 53 53 53 53 53 53 53 53 53 53 53 53 52 53 53 53 53 53 53 53 53 52 52 52 52 53 53 54 54 53 54 53 54 54 55 55 54 54 54 55 56 55 55 55 55 54 54 54 54 55 55 54 54 54 53 54 54 53 53 54 54 53 53 53 53 53 53 53 52 52 52 52 52 52 52 52 52 53 53 53 73 73 72 70 70 69 68 67 67 67 67 66 66 66 67 67 67 66 66 66 66 66 66 66 66 66 66 66 66 65 65 65 65 65 65 65 65 64 64 64 64 64 63 63 63 63 63 63 63 63 63 63 63 63 63 63 63 63 63 63 63 62 62 62 62 62 63 62 62 62 62 62 62 62 62 62 62 62 61 61 61 61 61 61 61 61 60 60 60 59 59 59 59 59 59 60 60 59 59 60 59 59 59 59 59 59 59 59 59 59 59 59 59 59 58 58 58 58 58 58 58 58 58 58 58 58 58 58 58 57 58 58 58 58 58 58 58 58 57 58 57 57 57 57 57 56 56 57 57 56 57 57 57 56 56 56 56 56 56 56 55 55 55 55 55 55 55 54 54 54 54 54 54 54 54 54 54 53 54 54 55 55 55 55 55 55 54 54 54 54 54 54 54 53 53 54 54 54 54 54 54 53 53 53 53 53 53 53 53 53 53 53 53 53 53 53 53 53 53 53 53 53 53 53 54 53 53 53 53 53 53 53 53 53 53 53 53 54 54 54 54 54 54 54 55 56 56 56 56 55 55 55 55 54 54 54 54 54 53 53 53 53 54 54 55 54 53 53 53 53 52 52 52 52 52 52 52 52 52 52 52 52 52 53 53 53 73 72 72 71 70 69 68 67 67 66 66 66 66 66 66 66 66 66 66 66 66 66 66 66 66 66 66 66 66 65 65 65 65 65 65 65 65 65 64 64 64 64 64 64 64 64 64 64 63 63 63 64 63 63 63 63 63 63 63 63 63 63 63 63 63 63 63 63 63 63 62 62 62 62 62 62 62 62 62 61 60 61 61 61 61 60 60 60 60 60 59 59 59 59 59 60 60 59 60 60 59 59 59 59 59 59 58 59 59 59 59 59 58 58 58 58 58 58 58 58 58 58 58 58 58 58 57 57 57 57 58 58 58 58 58 58 58 58 58 58 58 58 57 57 57 57 57 57 57 57 57 57 56 56 56 56 56 56 56 56 56 56 55 56 55 56 55 55 54 54 54 54 54 54 54 54 54 54 54 54 54 54 54 54 54 54 54 54 54 53 53 53 53 53 53 53 53 53 53 53 53 53 53 53 53 53 53 53 53 53 53 53 53 53 52 52 52 52 53 53 53 53 53 53 53 53 53 53 53 53 52 52 53 52 52 52 52 53 53 53 53 53 53 53 53 54 55 54 54 54 53 53 54 53 53 54 53 54 53 53 53 52 52 53 53 53 53 52 51 51 51 51 51 51 51 51 51 51 51 51 52 52 52 52 52 52 72 71 71 70 69 68 68 67 67 66 66 66 66 66 66 66 66 66 66 66 66 66 66 66 66 66 66 66 66 65 65 65 65 65 65 65 64 64 64 64 64 64 64 64 64 64 64 64 64 64 64 64 63 63 63 63 63 63 63 63 63 63 63 63 63 63 63 63 63 62 62 62 62 62 62 62 62 62 62 60 61 61 61 60 60 60 60 60 60 60 59 59 59 59 59 60 60 60 60 60 59 59 59 59 59 59 59 59 59 59 59 59 58 58 58 58 58 58 58 58 58 58 58 58 58 57 57 57 57 58 58 58 58 58 58 58 58 58 58 58 57 57 57 57 57 57 57 57 57 57 57 56 56 56 56 56 56 56 56 56 56 56 56 55 56 55 55 55 54 54 54 54 54 55 55 55 54 54 54 54 54 54 54 54 55 54 54 54 53 53 53 53 53 53 53 54 53 53 53 53 53 53 53 53 53 53 53 53 53 53 53 53 53 53 52 52 52 52 52 52 53 53 53 53 53 54 53 53 53 53 53 53 53 54 53 52 53 53 53 53 53 53 53 54 55 54 54 54 53 53 54 54 54 53 54 54 54 54 54 53 53 53 53 52 53 52 52 52 52 52 52 52 52 52 51 51 50 51 51 52 52 52 52 52 52 52 71 71 70 70 69 68 68 67 67 66 66 66 66 66 66 67 67 67 66 66 66 66 66 66 66 66 66 66 65 65 65 65 65 65 65 64 64 64 64 64 64 64 64 64 64 64 64 64 64 64 64 64 64 64 63 63 63 63 63 63 62 63 63 63 63 63 63 62 62 62 62 62 62 62 62 62 62 62 60 61 61 61 61 61 61 60 60 60 60 60 59 59 59 59 59 60 60 60 60 59 59 59 59 59 59 59 59 59 59 59 59 59 59 58 58 58 58 58 58 58 58 58 58 58 57 57 57 57 58 58 58 58 58 58 58 58 58 58 58 58 57 57 57 57 57 57 57 57 57 57 56 56 56 56 56 56 56 56 56 56 56 56 56 55 55 55 55 54 54 54 54 55 55 55 55 54 54 54 54 54 54 54 54 54 54 54 53 53 54 54 54 54 54 54 54 54 53 53 53 53 53 53 53 53 53 53 53 53 53 53 53 53 52 53 53 53 53 53 53 53 53 53 54 54 54 54 54 54 53 53 53 53 54 53 53 53 53 53 53 53 53 53 54 55 55 55 54 54 54 54 55 54 54 54 54 54 54 54 53 53 53 53 53 52 52 53 53 53 52 52 52 52 52 51 51 50 51 51 52 52 51 52 52 52 52 71 70 70 69 69 68 67 67 67 66 66 66 67 67 67 67 67 67 67 66 66 66 66 66 66 66 66 66 66 65 65 65 65 65 65 65 64 64 64 64 64 64 64 64 64 63 63 63 63 63 63 64 64 64 63 63 63 64 63 63 63 63 63 63 63 63 63 63 62 62 62 62 62 62 62 62 62 62 60 60 60 61 61 61 61 60 60 60 60 60 60 59 59 59 60 60 60 60 59 59 59 59 59 59 59 59 59 59 59 59 59 59 59 59 59 58 58 58 58 58 58 58 58 58 58 57 57 57 58 58 58 58 58 58 58 58 58 58 58 58 57 57 57 57 57 57 57 57 57 57 56 56 56 56 56 56 56 56 56 56 56 56 56 55 55 55 54 54 54 54 54 55 55 55 54 54 54 54 54 54 54 54 54 54 54 54 54 54 54 54 54 54 54 54 54 54 53 53 53 53 53 53 53 53 53 53 53 53 53 53 53 53 53 52 52 52 52 53 53 53 53 54 54 54 54 54 54 54 54 55 54 54 53 54 54 53 53 54 53 53 53 54 54 55 55 55 55 55 54 55 54 54 54 54 54 54 54 53 53 53 53 53 53 53 53 53 54 54 53 52 52 51 51 51 51 51 51 51 51 51 51 52 52 52 69 69 68 68 67 67 66 66 66 66 67 67 67 67 67 67 67 66 66 66 66 66 66 66 66 66 65 65 65 65 65 65 65 65 64 64 64 64 64 64 64 64 63 63 63 63 63 63 63 64 64 64 64 64 64 64 64 64 63 63 63 63 63 63 63 63 63 62 62 62 62 62 62 62 62 62 61 60 60 61 61 61 61 61 61 61 61 60 60 60 60 60 60 60 60 60 60 59 59 59 59 59 59 59 59 59 59 59 59 59 59 59 59 58 58 58 58 58 58 58 58 58 58 58 58 58 58 58 59 58 58 58 58 58 58 58 58 58 58 57 57 57 57 57 57 57 57 56 57 57 57 57 56 56 56 56 56 56 56 56 56 56 56 55 55 54 54 54 55 55 55 55 55 54 54 54 54 54 54 54 54 54 54 54 54 54 54 54 54 54 54 54 54 54 53 53 53 53 53 53 53 53 53 53 53 53 53 53 53 53 53 53 52 53 53 53 53 53 53 54 54 54 54 54 54 54 54 55 55 55 54 54 54 53 53 53 54 54 54 54 55 54 54 55 55 55 55 55 54 54 54 54 55 54 54 53 53 53 54 53 53 53 53 53 53 54 53 53 52 52 51 51 51 51 51 51 52 52 52 52 52 69 68 68 68 67 67 66 66 66 66 67 67 67 67 67 67 67 67 67 66 66 66 66 66 66 66 66 66 65 65 65 65 65 65 65 65 64 64 64 64 64 64 64 64 64 64 63 63 63 63 64 64 64 64 63 63 64 64 63 63 63 63 63 63 63 63 63 63 63 63 63 63 63 62 62 62 62 61 61 60 60 60 61 61 61 61 61 61 61 60 60 60 59 59 59 60 59 59 59 59 59 59 59 59 59 59 59 59 59 59 59 59 59 59 59 58 58 58 58 58 58 58 58 58 58 58 58 58 59 59 59 59 58 58 58 58 58 58 58 58 58 57 57 57 57 57 57 57 56 56 57 57 57 57 56 56 56 56 56 56 56 56 56 56 56 55 55 54 55 55 55 55 55 55 55 54 54 55 54 54 54 54 54 54 54 54 54 54 54 54 54 54 54 54 54 53 53 53 53 53 53 53 53 53 53 53 53 53 53 53 53 53 53 53 53 53 53 53 53 54 54 54 54 54 55 55 55 55 55 55 55 55 55 54 54 54 54 54 55 55 55 55 55 54 55 55 55 55 55 55 55 55 55 55 54 54 53 53 53 54 53 53 53 53 54 54 53 53 52 52 51 51 51 51 51 51 51 51 52 52 52 52 68 67 67 67 68 67 67 67 67 67 67 67 67 67 67 67 67 66 66 66 66 66 66 66 66 66 66 65 65 65 65 65 65 65 65 64 64 64 64 64 64 64 64 64 64 64 63 63 63 64 64 64 64 63 64 64 63 63 63 63 63 63 63 63 63 63 63 63 63 63 62 62 62 62 62 61 61 61 61 61 61 61 61 61 60 60 60 60 60 60 59 59 60 60 60 59 59 59 59 59 59 59 59 59 59 59 59 59 59 59 59 59 59 59 58 58 58 58 58 58 58 58 58 58 58 58 58 59 59 59 58 58 58 58 59 58 58 58 57 57 57 57 57 57 57 57 57 56 57 57 57 57 57 57 57 56 56 56 56 56 56 56 56 55 55 54 55 55 55 55 55 55 55 55 55 55 55 55 54 54 54 54 54 54 54 54 54 54 54 54 54 54 53 53 53 53 53 53 53 53 53 53 53 53 53 53 53 53 53 53 53 53 53 53 53 53 54 54 55 54 53 54 54 54 54 55 55 56 55 55 55 55 55 55 55 55 55 55 55 55 55 54 55 55 54 54 54 54 55 55 55 55 54 54 53 54 54 54 54 53 53 53 54 53 53 52 52 52 51 51 51 51 52 52 51 51 52 52 52 52 69 68 68 67 67 67 67 67 67 67 67 67 67 67 67 67 67 67 66 66 66 66 66 66 66 66 66 66 65 65 65 65 65 65 65 64 64 64 64 64 64 64 64 64 64 64 64 63 63 63 64 63 63 63 63 64 64 64 64 63 63 63 63 63 62 63 63 63 62 62 63 63 62 62 62 61 61 61 61 61 61 61 61 61 61 60 60 60 61 61 60 60 60 60 60 59 59 59 59 59 59 59 59 59 59 59 59 59 59 59 59 59 59 59 59 58 58 58 58 58 58 58 58 58 58 58 58 58 58 59 58 59 58 58 58 58 58 58 58 57 57 57 57 57 57 57 57 57 56 57 57 57 57 57 57 56 56 56 56 56 56 56 55 55 55 55 55 55 55 55 55 55 55 55 55 55 55 54 54 54 54 54 54 54 54 54 54 54 54 54 54 54 53 54 53 53 53 53 53 53 53 53 53 53 53 53 53 53 53 53 53 54 53 53 53 53 54 54 55 54 53 53 53 53 54 54 55 55 55 55 54 54 55 55 55 55 55 55 54 55 55 54 55 55 54 54 54 55 55 55 55 54 54 54 53 54 54 54 54 54 54 54 54 53 53 53 52 52 52 52 51 51 52 52 51 51 51 52 52 52 67 67 67 67 67 67 67 67 67 67 67 67 67 67 67 67 67 66 66 66 66 66 66 66 66 66 66 65 65 65 65 65 65 65 65 64 64 64 64 64 64 64 64 64 64 63 63 63 63 63 63 63 63 64 64 64 64 63 63 63 63 63 62 62 62 63 62 62 62 63 63 62 62 61 61 61 61 61 61 61 61 61 61 61 61 61 61 61 60 60 60 60 60 60 59 59 59 59 59 59 59 59 59 59 59 59 59 59 59 59 59 59 59 59 59 59 58 58 58 58 58 58 58 59 59 58 59 58 58 58 58 59 58 58 58 58 58 58 57 57 57 57 57 57 57 57 57 57 57 57 57 57 56 56 56 56 56 55 55 55 55 55 55 55 55 55 55 55 55 55 55 55 55 55 55 55 54 54 54 54 54 54 54 54 54 54 54 54 54 54 54 53 54 54 54 53 53 53 53 53 53 53 53 53 53 53 54 53 53 53 54 53 53 53 54 54 54 54 53 53 54 54 53 54 54 55 55 55 54 54 55 55 55 54 55 55 55 54 54 54 55 54 54 54 54 54 54 55 55 55 54 54 54 54 54 55 55 54 55 55 54 54 53 52 52 52 51 52 52 52 52 52 52 52 52 51 52 67 67 67 67 67 67 67 67 67 67 67 67 67 67 67 66 66 66 66 66 66 66 66 66 66 66 66 66 65 65 65 65 65 65 65 65 64 64 64 64 64 64 64 64 64 64 64 63 63 63 63 63 63 64 64 64 64 63 63 63 63 63 62 62 62 62 62 62 62 62 62 63 62 61 61 61 61 61 61 61 61 61 61 60 60 60 61 61 61 60 60 60 60 59 59 59 59 59 60 59 59 59 59 59 59 59 59 59 59 59 59 59 59 59 59 59 58 58 58 58 58 58 58 59 58 58 59 58 58 58 58 58 58 58 58 58 57 58 58 58 58 57 57 57 57 57 57 57 57 57 57 56 56 56 56 56 56 56 56 55 56 55 55 55 55 55 55 55 55 55 56 55 55 55 55 55 54 54 54 54 54 54 54 54 54 54 54 54 54 54 54 53 53 54 54 54 53 53 53 53 54 53 53 53 53 53 54 54 53 53 53 53 53 53 54 53 53 53 53 54 54 54 54 55 55 55 55 55 55 54 54 55 55 54 55 55 54 54 54 54 54 54 54 54 54 54 54 55 54 54 55 54 54 55 55 55 55 55 55 55 55 54 53 52 52 52 52 52 52 52 52 52 51 52 52 51 51 67 67 67 67 67 67 67 67 67 67 67 67 67 67 67 67 66 66 66 66 66 66 66 66 66 66 66 66 66 65 65 65 65 65 65 65 65 64 64 64 64 64 64 64 64 64 64 64 64 63 63 63 63 63 64 64 64 64 64 63 63 63 62 62 62 62 62 62 62 62 62 63 63 61 61 61 61 61 61 61 61 61 60 60 60 60 61 61 61 61 61 60 60 59 59 59 59 59 59 59 59 59 59 59 59 59 59 59 59 59 59 59 59 59 59 59 59 58 58 58 58 58 58 59 58 59 59 58 58 58 58 58 58 58 58 58 57 57 58 58 58 57 57 57 57 57 57 57 57 57 57 57 56 56 57 56 56 56 57 56 56 56 55 55 55 55 55 55 55 55 56 55 55 55 55 55 54 54 54 54 54 54 54 55 54 54 54 54 54 54 54 54 54 54 54 53 53 53 53 53 54 54 54 54 54 54 54 54 54 53 53 53 53 54 54 53 53 53 53 54 54 54 54 54 55 55 54 55 55 55 54 54 54 54 55 55 55 54 54 54 54 54 54 55 54 54 54 54 54 55 55 55 55 54 55 55 54 54 55 54 54 54 53 53 53 52 52 52 52 51 51 51 51 52 52 51 68 68 67 67 67 67 67 67 67 67 67 67 67 67 67 67 67 67 67 66 66 66 66 66 66 66 66 66 66 66 66 65 65 65 65 65 65 65 65 65 65 65 65 65 64 64 64 64 64 64 64 63 63 63 63 63 63 63 64 64 64 64 64 63 63 63 63 63 63 62 62 62 63 62 62 61 61 61 61 61 61 60 60 60 60 60 60 60 61 61 61 61 60 59 59 60 60 59 59 59 59 60 60 59 59 59 59 59 59 59 59 59 59 59 59 59 59 59 59 59 58 58 58 58 58 59 59 59 58 58 58 58 58 58 58 58 58 58 58 57 57 58 58 57 57 57 57 57 57 57 57 57 57 57 56 56 56 56 56 56 57 56 56 56 55 55 55 55 55 55 55 55 55 55 55 55 55 55 55 55 55 55 55 55 54 55 55 55 54 54 54 54 54 54 54 54 54 54 54 53 53 53 53 54 54 53 53 54 54 54 54 54 54 54 53 53 53 53 53 53 53 53 53 53 53 54 54 54 53 54 54 54 54 54 54 54 54 54 54 54 54 55 55 54 54 54 55 55 54 54 54 55 55 55 54 54 54 54 54 54 54 54 54 53 54 53 53 52 51 51 51 51 52 52 52 52 52 52 68 68 68 68 67 67 67 67 67 67 67 67 67 67 67 67 67 67 67 66 66 66 66 66 66 66 66 66 66 66 66 66 65 65 65 65 65 65 65 65 65 65 65 64 64 64 64 64 64 64 64 63 63 63 63 63 63 64 64 64 64 63 63 63 63 63 63 63 62 62 62 62 62 62 61 61 61 61 61 61 60 60 60 60 60 60 61 61 61 60 60 60 60 60 60 60 60 59 59 59 59 60 59 59 59 59 59 59 59 59 59 59 59 59 59 59 59 59 59 59 59 58 58 58 59 59 59 58 58 58 58 58 58 58 58 58 58 58 58 58 57 57 57 58 57 57 57 57 57 57 57 57 57 56 56 56 56 56 56 56 56 56 56 55 55 55 55 55 55 56 55 55 55 55 55 55 55 55 55 55 55 55 55 55 55 55 55 54 54 54 54 54 54 54 54 54 54 54 53 53 53 53 53 53 53 53 54 54 54 53 53 53 53 53 53 53 53 53 53 53 53 53 53 53 54 54 54 53 53 53 53 53 54 54 54 55 55 55 54 55 55 55 55 54 54 54 55 55 54 54 55 55 55 55 54 54 54 54 54 54 53 53 53 53 53 53 53 52 51 51 52 52 52 52 69 69 68 68 67 67 67 67 67 67 67 67 67 67 67 67 67 67 67 67 66 67 67 66 66 66 66 66 66 66 66 66 65 65 65 65 65 65 65 65 65 65 64 64 64 64 64 64 64 64 64 64 63 63 63 63 63 63 63 63 63 63 63 63 63 63 63 62 62 62 62 62 62 61 61 61 61 61 61 61 61 60 60 60 60 60 61 61 60 61 61 61 61 61 60 60 60 59 60 59 59 59 59 59 59 59 60 59 59 59 59 59 59 59 59 59 59 59 59 59 58 58 58 59 59 59 59 58 58 58 58 58 58 58 58 58 58 58 58 58 57 58 57 57 57 57 57 57 57 57 57 57 57 56 56 56 56 56 57 56 56 56 56 55 55 55 55 56 56 55 55 55 55 55 55 55 55 55 55 55 55 55 55 55 55 55 54 54 54 55 54 54 54 54 54 54 54 54 54 53 54 54 53 54 53 53 54 54 53 53 53 53 53 53 53 53 53 53 53 53 53 53 53 54 53 53 53 53 53 54 54 54 54 54 55 55 55 54 55 54 55 55 55 54 54 54 55 54 54 55 55 55 54 54 55 54 54 54 54 53 53 53 52 53 53 52 52 52 52 52 52 69 68 68 67 67 67 67 67 67 67 67 67 67 67 67 67 67 67 67 66 66 66 66 66 66 66 66 66 66 66 65 65 65 65 65 65 65 65 65 65 65 64 64 64 64 64 64 64 64 64 64 64 63 63 63 63 63 63 63 63 63 63 63 63 62 63 63 62 62 62 62 61 61 61 61 61 61 61 61 61 60 60 61 61 60 61 60 61 61 61 61 61 61 60 60 60 60 60 60 60 59 59 59 59 60 60 59 59 59 59 59 59 59 59 59 59 59 59 58 58 58 59 59 59 59 58 58 58 58 58 58 58 58 58 58 58 58 58 58 58 57 57 57 57 57 57 57 57 57 57 57 57 56 56 56 56 57 57 56 56 56 55 55 55 55 56 56 55 55 55 55 55 55 55 55 55 55 55 55 55 55 55 55 55 55 55 55 55 55 55 54 54 54 54 54 54 54 53 53 53 53 53 54 54 54 54 53 53 53 53 53 53 53 53 53 53 53 53 52 53 53 54 53 53 53 53 54 54 55 55 55 54 55 56 55 55 55 55 55 55 55 55 54 54 55 55 55 55 55 55 55 55 55 55 54 54 54 54 54 54 53 52 52 52 52 53 53 53 69 69 68 68 67 67 67 67 67 67 67 67 67 67 67 67 67 67 67 67 66 66 66 66 66 66 66 66 66 66 65 65 65 65 65 65 65 65 65 65 65 64 64 64 64 64 64 64 64 64 64 64 64 64 64 63 63 63 63 63 63 63 63 63 62 63 63 62 62 62 62 61 61 61 61 61 61 61 61 61 61 61 61 61 61 61 61 61 61 61 61 61 61 60 60 60 60 60 60 59 59 59 59 59 59 59 59 59 59 59 59 59 59 59 59 59 59 59 59 59 59 59 59 59 59 59 59 59 58 58 58 58 58 58 58 58 58 58 58 58 58 57 57 57 57 57 57 57 57 57 57 57 57 57 56 57 57 57 57 56 56 56 56 56 56 56 56 55 55 55 55 55 55 55 55 55 55 55 55 55 55 55 55 55 55 55 55 55 55 55 54 54 54 54 54 54 53 54 54 54 54 54 54 54 54 53 53 53 53 53 53 53 53 53 53 54 53 53 53 52 52 53 53 53 54 54 54 54 55 55 55 55 55 56 55 55 56 55 55 55 56 55 54 54 55 55 55 55 54 54 55 55 54 54 53 53 53 53 53 53 52 52 52 53 54 69 69 69 69 68 68 67 67 67 67 67 67 67 67 67 67 67 67 67 67 67 67 66 66 66 66 66 66 66 66 66 66 65 65 65 65 65 65 65 65 65 65 64 64 64 64 64 64 64 64 64 64 64 64 64 64 63 63 63 63 63 63 63 63 63 63 63 63 63 63 62 61 61 61 61 61 61 61 61 61 61 61 61 61 61 61 62 61 62 61 61 61 60 60 60 60 60 60 60 60 60 59 59 59 59 59 59 59 59 59 59 59 59 59 59 59 59 59 59 59 59 59 59 59 59 59 59 59 59 59 58 58 58 58 58 58 58 58 58 58 58 57 57 57 57 57 57 57 57 56 56 57 57 57 57 57 57 57 57 57 56 56 56 56 56 56 56 55 56 56 55 55 55 55 55 55 55 55 55 55 55 55 55 55 55 55 55 55 55 55 54 54 54 54 54 54 54 54 54 54 54 54 54 54 54 53 53 53 53 54 54 53 53 54 53 53 54 54 53 53 53 53 53 54 54 54 54 54 54 54 55 55 55 55 55 55 55 55 55 55 56 55 54 55 54 55 55 54 54 54 54 53 53 53 52 52 53 52 52 52 53 53 69 68 68 68 68 68 67 67 67 67 67 67 67 67 67 67 67 67 67 67 67 67 67 66 66 66 66 66 66 66 66 66 66 65 65 65 65 65 65 65 65 65 64 64 65 64 64 64 64 64 64 64 64 64 64 64 64 64 64 63 63 63 63 63 63 63 63 63 63 63 63 61 61 61 61 61 61 61 61 61 61 61 61 61 61 61 62 62 62 61 61 60 60 60 61 61 60 60 61 60 60 60 59 59 59 59 59 59 59 59 59 59 59 59 59 59 59 59 59 59 59 59 59 59 59 59 59 59 59 59 59 59 59 58 58 58 58 58 58 58 58 58 58 58 57 57 58 57 57 57 56 57 57 57 57 57 57 57 57 57 56 56 56 56 56 55 56 56 56 56 56 56 55 55 55 55 55 55 55 55 55 55 55 55 55 55 55 55 54 55 54 54 54 54 54 54 54 54 54 55 54 54 54 53 54 54 54 54 54 54 54 54 54 54 54 54 54 53 53 54 53 53 53 53 53 53 54 54 54 54 55 55 56 56 55 55 55 55 55 56 56 55 54 54 54 55 54 54 53 54 54 53 53 53 52 53 53 52 53 53 53 69 68 68 68 68 68 68 68 67 67 67 67 67 67 67 67 67 67 67 67 67 67 67 67 66 66 66 66 66 66 66 66 66 66 65 65 65 65 65 65 65 65 65 64 64 64 64 64 64 64 64 64 64 64 64 64 64 64 64 63 63 63 63 63 63 63 63 63 63 63 63 62 62 61 61 61 61 61 61 61 61 61 61 60 60 60 61 62 62 61 61 61 61 60 61 61 60 60 61 60 59 59 59 59 59 59 59 59 59 59 59 59 59 59 59 59 59 59 59 59 59 59 59 59 59 59 59 59 59 59 59 59 59 59 59 58 58 58 58 58 58 58 58 58 57 58 57 57 57 57 56 56 57 57 57 57 57 57 57 56 56 56 56 56 56 55 55 55 56 56 56 55 55 55 55 55 55 55 55 55 55 55 55 55 55 55 55 55 54 54 54 54 54 54 54 54 54 54 54 54 53 53 53 54 53 54 54 54 55 54 55 55 54 54 54 54 54 54 54 54 54 54 53 54 54 54 53 54 54 55 55 55 55 56 55 55 55 55 55 55 54 54 54 54 54 54 54 53 53 53 53 53 53 53 53 53 53 53 53 69 69 68 69 68 68 68 67 67 68 68 67 67 67 67 67 67 67 67 67 67 67 67 67 67 66 66 66 66 66 66 66 66 66 66 65 65 65 65 65 65 65 65 65 64 64 64 64 64 64 64 64 64 64 64 64 64 64 64 63 63 63 63 63 63 63 63 63 63 63 63 62 62 62 62 61 61 61 61 61 61 61 61 61 61 61 61 62 62 62 61 60 60 61 61 61 60 61 61 60 60 60 59 59 59 59 59 59 59 59 59 59 59 59 59 59 59 59 59 59 58 59 59 59 59 59 59 59 59 59 59 59 59 59 59 58 58 58 58 58 58 58 58 58 58 58 57 57 58 57 57 56 56 57 57 57 57 57 57 57 57 57 56 56 56 56 55 55 56 56 55 55 55 55 55 55 56 55 55 55 55 55 55 55 55 55 55 55 55 54 54 54 54 54 55 55 55 54 54 53 53 53 54 54 54 54 55 55 55 55 55 55 55 55 54 54 54 54 54 53 53 54 54 54 54 54 54 55 55 55 56 54 55 54 54 54 54 54 53 53 53 53 53 53 54 53 53 53 53 53 54 70 69 69 69 68 69 68 68 68 68 69 68 68 67 67 67 67 67 67 67 67 67 67 67 66 66 66 66 66 66 66 66 66 66 66 66 65 65 65 65 65 65 65 65 65 65 64 64 64 64 64 64 64 64 64 64 64 64 64 64 64 63 63 63 63 63 63 63 63 63 63 62 62 62 62 62 61 61 61 61 61 61 61 61 61 62 62 63 63 62 61 61 61 61 61 61 60 60 61 61 60 60 59 59 59 59 59 59 59 59 59 59 59 59 59 59 59 59 59 59 58 59 59 59 59 59 59 59 59 59 59 59 59 59 59 58 58 58 58 58 58 58 58 58 58 58 58 58 58 57 57 57 56 56 57 57 57 57 57 57 57 57 57 57 56 56 55 55 55 55 55 55 55 55 56 56 56 56 55 55 55 55 55 55 55 55 55 55 55 54 54 54 54 54 54 55 54 54 53 53 53 54 54 54 54 54 55 54 55 55 55 55 54 54 54 54 53 54 53 53 54 54 54 54 54 54 55 55 54 54 54 54 54 54 54 54 54 53 53 70 70 69 69 69 68 68 67 67 67 67 67 67 67 67 67 67 66 66 66 66 66 66 66 66 66 66 66 66 66 65 65 65 65 65 65 65 65 64 64 64 64 64 64 64 64 64 64 64 64 64 64 64 64 64 64 64 64 63 63 63 63 63 62 62 62 62 62 61 61 61 61 61 61 61 61 61 61 62 63 63 62 62 62 62 61 62 61 60 61 61 62 61 60 60 60 60 59 59 59 59 59 59 59 59 59 59 59 59 59 59 59 59 59 59 59 59 59 59 59 59 59 59 59 59 59 58 58 58 58 58 58 58 58 58 58 58 58 58 58 58 58 57 57 57 56 56 57 57 57 57 57 57 57 57 57 57 56 56 56 55 55 55 55 56 56 56 56 56 56 55 55 55 55 55 55 55 55 55 55 55 54 54 54 54 54 54 53 54 54 54 55 54 55 55 55 55 55 55 54 55 54 54 54 53 53 54 54 54 54 54 55 54 54 54 54 68 67 68 67 67 67 67 67 67 67 67 66 66 66 66 66 66 66 66 66 66 66 66 66 66 65 65 65 65 65 65 65 65 64 64 64 64 64 64 64 64 64 64 64 64 64 64 64 64 64 64 64 64 63 63 63 63 62 62 62 62 62 61 61 61 61 61 61 61 62 62 62 62 63 63 63 63 63 63 63 62 61 61 62 62 62 62 61 60 60 60 60 59 59 59 59 59 59 59 59 59 59 59 59 59 59 59 59 59 59 59 59 59 59 59 59 59 59 59 58 58 58 58 58 58 58 58 58 58 58 58 58 57 58 58 58 58 57 57 56 56 57 57 57 57 57 57 57 57 57 57 56 55 55 55 55 55 56 56 56 56 56 56 56 55 55 55 55 55 55 55 55 55 55 55 54 54 53 53 53 53 54 54 55 56 54 54 55 55 55 55 55 54 54 54 54 54 53 54 54 68 68 68 67 67 67 67 67 67 67 67 67 66 66 66 66 66 66 66 66 66 66 65 65 65 65 65 65 64 64 64 64 64 64 64 64 64 64 64 64 64 64 64 64 64 64 64 64 64 64 64 63 63 63 63 62 62 62 62 61 61 61 61 61 61 61 61 61 62 62 62 62 63 63 63 62 62 63 63 62 62 62 62 61 62 61 60 60 60 60 59 59 59 59 59 59 59 59 59 59 59 59 59 59 59 60 59 59 59 59 59 59 59 59 59 58 58 58 58 58 58 58 58 58 58 58 58 58 58 58 58 58 58 58 58 57 57 56 56 56 57 57 57 57 57 57 57 56 56 56 56 56 55 55 55 56 56 56 56 56 56 56 55 55 55 55 55 55 55 55 55 55 55 54 54 55 54 54 54 55 55 54 55 68 67 67 67 67 67 67 68 67 66 66 65 66 66 66 66 66 66 66 65 65 65 65 65 65 64 64 64 64 64 64 64 64 64 64 64 64 64 64 64 64 64 64 64 64 64 64 63 63 63 63 63 62 61 61 61 61 61 61 61 61 61 62 62 61 61 61 62 63 63 63 62 61 62 62 63 63 63 62 61 60 61 61 60 60 60 59 59 59 59 59 59 59 59 59 59 59 59 59 59 59 59 60 59 59 59 59 59 59 59 59 59 58 58 58 58 58 58 58 58 58 58 58 58 58 57 57 57 57 58 58 58 58 57 57 56 56 56 57 57 57 57 57 56 56 56 56 56 55 55 55 55 56 56 56 56 56 56 56 56 55 56 55 55 55 55 55 55 55 68 68 67 67 67 67 67 67 67 66 66 65 65 65 65 65 65 65 65 65 65 65 65 65 65 65 65 65 64 64 64 64 64 64 64 64 64 64 64 64 64 64 64 64 64 64 64 63 63 63 63 63 61 61 61 61 61 61 61 61 62 61 61 62 63 63 62 62 62 63 63 62 62 61 61 62 62 63 62 61 60 61 61 60 60 60 60 60 60 60 59 59 59 59 59 59 59 59 59 59 59 59 59 60 60 59 59 59 59 59 59 59 59 59 58 58 58 58 58 58 58 58 58 58 58 57 57 57 58 58 58 58 58 58 57 56 56 56 57 57 57 58 57 57 57 57 57 56 56 55 55 55 56 56 56 56 56 56 56 56 56 56 56 56 55 55 55 67 67 68 67 67 67 67 67 66 66 66 65 65 65 65 65 65 65 65 65 65 65 65 65 65 65 65 64 64 64 64 64 64 64 64 64 64 64 64 64 64 64 64 64 63 63 63 63 63 61 62 62 61 61 62 62 62 61 62 61 62 63 63 63 63 63 64 64 63 63 62 61 61 62 62 63 62 60 61 61 61 60 60 60 60 60 60 60 60 59 59 59 59 59 59 59 59 59 59 59 60 60 59 59 59 59 59 59 59 59 59 58 58 59 59 58 58 58 58 59 58 58 58 57 58 58 58 58 58 57 57 57 56 57 57 57 57 57 57 56 56 56 56 56 55 55 56 56 56 56 56 56 56 56 56 55 56 56 56 56 55 68 68 68 67 67 66 66 66 65 65 65 65 65 65 65 65 65 65 65 65 65 65 65 64 64 64 64 65 65 65 65 64 64 64 64 64 64 64 64 64 63 63 64 63 63 63 63 63 63 63 63 63 62 63 63 63 62 63 64 64 64 64 64 63 62 62 62 62 61 62 62 62 62 61 60 61 61 60 60 60 59 59 59 59 59 59 59 59 59 59 59 59 59 59 59 59 59 59 60 59 59 59 59 59 59 59 59 59 59 59 59 59 58 58 59 59 59 58 58 58 58 57 57 57 57 57 57 57 57 57 56 56 56 56 56 56 55 55 56 56 56 56 56 56 56 56 55 56 56 56 56 69 68 68 68 67 67 66 65 65 65 66 65 65 65 65 66 66 65 65 65 64 64 64 65 65 65 65 65 65 65 65 64 64 64 64 64 64 64 64 63 63 64 64 64 64 64 65 64 64 65 64 63 64 64 64 64 64 64 64 63 64 64 63 62 62 62 62 61 61 62 62 61 61 60 60 60 60 60 59 59 60 60 59 59 59 59 59 59 59 59 59 59 59 59 59 59 59 60 60 60 60 60 59 59 59 59 59 59 59 59 59 59 58 58 59 59 59 58 57 57 57 57 57 58 57 57 57 57 57 56 56 56 56 56 55 56 56 56 56 56 56 56 56 56 56 56 69 69 68 68 67 67 66 65 65 66 65 64 65 66 66 66 65 65 65 65 65 65 65 65 65 65 65 65 65 65 65 64 64 64 64 64 64 63 63 63 63 64 65 64 64 65 65 66 66 65 64 64 65 64 64 63 63 63 63 63 63 63 63 63 62 62 61 61 61 61 61 61 60 60 60 60 60 60 60 60 60 60 59 59 59 59 59 59 59 59 59 59 59 59 59 59 59 59 60 60 60 59 59 59 59 59 59 59 59 59 59 59 59 59 59 58 57 57 57 57 57 58 56 56 56 56 55 56 56 56 56 56 56 56 69 68 67 68 67 67 67 67 66 65 66 67 66 66 65 65 65 65 65 65 65 65 65 65 65 65 65 65 65 65 64 64 64 64 64 64 64 64 64 64 64 63 63 64 64 65 66 66 65 66 66 65 64 63 63 63 63 63 63 63 63 63 63 62 62 61 61 61 61 61 61 61 61 61 61 61 61 60 61 60 60 59 59 59 59 59 59 58 58 58 59 59 59 59 59 60 60 60 60 60 59 59 59 59 59 59 59 59 60 59 60 58 58 56 56 56 56 56 56 68 68 68 68 67 67 67 67 67 66 66 66 65 65 65 65 65 65 65 65 65 65 65 65 65 65 65 65 65 64 64 64 64 63 64 64 64 65 65 65 64 64 64 65 66 66 66 66 66 66 65 65 64 63 63 63 63 63 63 63 63 62 62 62 62 62 62 62 62 62 62 62 61 61 62 62 62 61 60 60 59 59 59 59 59 59 58 58 58 58 59 59 59 59 59 60 60 60 60 59 59 59 59 59 59 59 60 60 56 56 69 70 70 70 69 68 67 67 66 66 66 66 65 65 65 65 65 65 65 65 65 65 65 65 65 65 65 65 65 64 64 64 64 64 64 64 64 64 65 66 65 64 64 65 66 66 65 65 65 65 65 64 64 64 64 64 63 63 63 63 63 62 62 62 62 62 62 62 63 62 63 62 62 62 63 63 62 61 61 61 60 60 60 60 59 59 59 59 58 58 59 59 59 60 60 60 60 60 60 59 59 59 59 60 60 70 70 70 69 68 67 66 66 66 66 65 65 65 65 65 66 65 65 65 65 65 65 65 65 65 65 65 64 64 64 64 65 65 65 64 65 65 66 65 65 65 65 66 67 66 64 64 64 64 64 63 64 64 64 63 63 63 63 62 62 63 62 62 62 62 62 62 63 64 64 63 63 63 64 63 63 62 61 61 60 60 60 60 60 59 59 59 58 59 59 59 59 60 60 59 60 60 60 59 59 60 71 70 69 68 67 66 66 66 66 66 66 66 65 65 66 66 65 65 65 65 65 65 65 65 65 64 64 64 64 65 65 65 65 65 66 66 66 66 66 66 67 67 66 65 65 64 64 63 63 63 63 63 63 63 63 63 63 63 63 63 63 62 63 63 63 63 63 63 64 65 64 65 65 63 62 62 61 61 60 60 60 60 60 59 59 59 58 59 59 59 59 59 59 59 60 60 60 60 60 70 69 68 67 66 66 66 66 66 66 66 65 65 65 66 66 65 65 65 65 65 65 65 65 64 64 65 64 64 65 65 65 65 65 66 66 67 65 65 66 66 67 66 66 66 65 65 64 64 64 64 63 63 63 63 63 63 63 63 63 63 63 63 64 65 64 63 64 66 64 62 61 61 60 60 60 60 60 60 60 59 59 58 59 59 60 59 59 60 59 59 60 60 68 68 67 66 66 66 66 66 66 65 65 65 66 66 65 65 65 65 65 65 65 65 65 64 65 65 65 64 64 64 64 64 66 67 67 67 67 64 64 65 66 66 67 67 67 67 67 66 66 65 65 65 64 64 63 63 63 63 63 63 64 64 64 64 65 66 65 66 60 60 60 60 60 60 60 60 59 59 59 58 59 59 59 60 60 60 60 60 66 66 66 66 66 66 65 65 66 66 66 66 66 65 65 65 65 65 65 65 65 65 65 65 65 65 65 65 65 65 64 64 65 65 65 66 64 64 64 64 65 65 65 65 65 65 65 65 65 66 66 66 65 64 64 64 64 64 64 64 65 65 66 67 60 60 60 60 60 60 60 60 59 59 59 58 59 59 59 59 60 59 60 59 66 66 66 66 66 65 65 66 66 66 66 66 65 65 65 65 65 65 65 65 65 65 65 65 66 66 66 65 65 65 65 64 64 64 64 65 64 63 64 64 64 63 63 63 64 63 63 64 64 64 65 65 65 64 65 65 64 65 65 65 65 66 67 60 60 60 60 59 59 60 60 59 58 58 58 58 58 59 59 59 59 59 66 66 65 65 65 65 65 66 66 66 66 66 66 65 65 65 65 65 65 65 65 65 66 67 67 66 66 66 65 66 65 65 64 64 64 63 63 63 63 63 63 63 63 64 64 64 64 64 64 65 65 64 65 65 65 66 65 66 66 66 67 60 60 60 60 60 59 59 58 58 59 59 58 58 58 58 59 58 66 66 66 66 66 66 65 65 65 65 65 66 66 66 66 65 66 65 65 65 65 65 65 66 66 66 66 67 66 66 66 65 65 65 65 64 64 64 64 64 64 64 64 64 65 65 65 65 65 65 66 65 66 66 66 66 66 67 67 60 60 61 60 60 59 60 59 60 60 59 58 58 58 58 58 66 66 66 67 66 66 66 67 66 66 66 67 67 66 66 67 67 66 65 66 65 65 65 66 66 67 67 67 66 66 65 66 65 65 64 65 65 65 64 65 65 65 64 65 66 66 66 67 66 67 66 67 68 67 68 68 68 60 60 60 60 60 60 60 60 60 60 59 58 58 58 58 67 67 67 67 68 68 67 67 67 67 68 68 68 67 68 68 68 67 67 67 66 66 66 67 68 68 67 66 66 66 66 66 66 64 64 64 65 65 65 66 66 65 66 67 67 67 68 68 68 68 68 69 68 59 59 59 59 59 59 60 59 59 58 58 58 58 68 68 68 68 68 68 68 68 68 68 68 68 68 68 69 69 69 68 69 69 68 68 68 68 68 68 68 67 67 66 67 67 66 65 65 64 64 65 66 67 67 67 68 68 68 69 69 59 59 59 59 59 60 60 59 59 58 58 69 69 69 69 69 69 69 68 68 68 69 69 69 69 69 69 69 68 69 68 68 68 67 68 68 68 68 67 66 67 67 68 66 65 64 64 64 65 65 66 67 68 69 69 59 59 59 59 60 60 60 59 59 58 58 70 70 70 70 70 70 69 68 68 68 69 69 69 69 69 69 68 68 68 68 68 68 68 68 68 68 68 68 67 67 67 68 67 65 65 65 65 66 66 66 66 68 59 60 59 59 60 60 60 60 59 59 59 58 71 71 71 71 71 70 69 68 68 69 69 69 69 69 69 69 69 68 68 68 68 68 68 68 68 69 69 69 68 67 67 68 67 67 67 67 67 67 67 67 68 59 59 59 59 60 60 60 60 60 59 59 58 72 72 71 70 70 70 69 69 69 69 69 69 69 69 69 68 68 68 68 68 68 68 68 69 69 69 69 69 69 68 68 68 69 69 69 69 68 68 68 69 59 59 59 59 60 60 60 60 73 72 71 70 69 69 69 69 69 69 69 69 69 69 69 69 68 69 69 69 69 69 69 70 70 70 70 70 70 69 68 69 70 59 59 60 60 73 73 73 71 70 69 69 69 69 70 69 69 69 70 69 69 69 69 69 69 69 69 70 70 70 71 71 71 71 70 70 70 71 73 73 72 71 70 69 68 68 68 69 68 68 68 68 68 69 69 68 69 69 69 70 70 70 70 71 71 72 71 70 70 69 68 68 68 69 69 69 69 69 68 69 69 69 69 69 69 70 70 71 71 70 71 72 70 69 69 68 68 69 69 69 69 69 69 69 69 69 69 69 69 69 70 70 71 71 72 71 72 69 68 69 69 69 69 69 69 69 69 69 69 69 69 69 70 70 71 71 72 72 68 69 70 69 69 69 69 69 69 69 69 69 69 69 69 70 70 70 71 72 69 69 69 70 69 69 68 69 69 69 69 69 69 70 70 70 71 71 71 72 70 70 69 69 69 68 69 69 70 70 70 70 70 71 71 72 72 72 72 71 70 70 69 69 69 69 69 69 70 71 71 71 72 72 72 72 72 72 71 71 71 70 70 70 69 69 69 69 70 71 71 72 72 71 72 72 70 70 70 71 71 70 70 70 69 69 70 71 71 71 70 71 72 71 70 71 71 71 71 71 71 71 70 70 70 70 70 70 72 73 72 71 71 71 71 71 71 71 72 72 71 70 70 71 71 72 73 72 71 70 71 71 71 71 72 72 71 71 70 72 72 72 72 73 71 71 70 71 71 71 72 72 72 71 71 71 71 71 71 72 72 71 71 71 72 72 72 73 73 72 71 72 72 72 71 72 73 72 71 71 71 72 72 72 73 73 72 72 71 73 73 73 73 73 73 72 71 71 71 71 72 72 72 73 72 72 72 72 73 74 74 73 72 71 71 71 71 72 72 71 73 73 73 72 73 73 73 74 74 73 73 72 72 72 72 73 73 72 72 73 74 73 73 73 73 73 74 74 74 74 74 74 73 73 73 73 73 74 73 72 73 74 73 73 73 73 73 74 75 74 74 74 75 74 74 74 74 74 74 74 74 74 74 73 73 74 74 73 73 73 74 74 74 74 74 74 73 73 73 74 74 74 74 74 74 74 73 73 74 74 74 73 74 74 74 73 74 74 74 74 74 74 74 74 74 74 74 74 73 73 73 74 74 74 74 74 74 75 74 73 73 73 73 73 73 73 73 73 73 74 75 75 74 75 75 74 73 73 73 73 73 74 74 74 74 74 74 74 74 74 74 74 74 74 73 73 73 74 74 73 74 74 74 74 74 74 