40 40 40 40 40 40 40 40 40 40 40 40 40 40 40 40 40 40 40 40 40 40 40 40 40 40 40 40 40 40 40 40 40 40 40 40 40 40 40 40 40 40 40 40 40 40 40 40 40 40 40 40 40 40 40 40 40 40 40 40 40 40 40 40 40 40 40 40 40 40 40 40 40 40 40 40 40 39 40 40 40 40 40 40 40 40 40 40 40 40 40 40 40 40 40 40 40 40 40 40 40 40 40 40 40 40 40 40 40 40 40 40 40 40 40 40 40 40 40 40 40 40 40 39 39 39 39 39 40 40 40 40 40 40 40 40 40 40 40 40 40 40 40 40 40 40 40 40 40 40 40 40 40 40 40 40 40 40 40 40 40 40 40 40 40 40 40 40 40 40 40 40 40 40 40 40 40 40 40 40 40 40 40 40 40 40 40 39 39 39 39 39 39 39 39 39 39 39 40 40 40 40 40 40 40 40 40 40 40 40 40 40 40 40 40 40 40 40 40 40 40 40 40 40 40 40 40 40 40 40 40 40 40 40 40 40 40 40 40 40 40 40 40 40 40 40 40 40 40 40 40 40 40 40 40 40 40 40 40 40 40 40 40 40 39 39 39 39 39 39 39 39 39 39 39 39 39 39 40 40 40 40 40 40 40 40 40 40 40 40 40 40 40 40 40 40 40 40 40 40 40 40 40 40 40 40 40 40 40 40 40 40 40 40 40 40 40 40 40 40 40 40 40 40 40 40 40 40 40 40 40 40 40 40 40 40 40 40 40 40 40 40 40 40 40 40 40 39 39 39 39 39 39 39 39 39 39 39 39 39 39 39 39 39 40 40 40 40 40 40 40 40 40 40 40 40 40 40 40 40 40 40 40 40 40 40 40 40 40 40 40 40 40 40 40 40 40 40 40 40 40 40 40 40 40 40 40 40 40 40 40 40 40 40 40 40 40 40 40 40 40 40 40 40 40 40 40 40 40 40 40 39 39 39 39 39 39 39 39 39 39 39 39 39 39 39 39 39 39 39 39 40 40 40 40 40 40 40 40 40 40 40 40 40 40 40 40 40 40 40 40 40 40 40 40 40 40 40 40 40 40 40 40 40 40 40 40 40 40 40 40 40 40 40 40 40 40 40 40 40 40 40 40 40 40 40 40 40 40 40 40 40 40 40 40 40 40 40 40 40 39 39 39 39 39 39 39 39 39 39 39 39 39 39 39 39 39 39 39 39 39 39 39 40 40 40 40 40 40 40 40 40 40 40 40 40 40 40 40 40 40 40 40 40 40 40 40 40 40 40 40 40 40 40 40 40 40 40 40 40 40 40 40 40 40 40 40 40 40 40 40 40 40 40 40 40 40 40 40 40 40 40 40 40 40 40 40 40 40 40 40 40 40 39 39 39 39 39 39 39 39 39 39 39 39 39 39 39 39 39 39 39 39 39 39 39 40 40 40 40 40 40 40 40 40 40 40 40 40 40 40 40 40 40 40 40 40 40 40 40 40 40 40 40 40 40 40 40 40 40 40 40 40 40 40 40 40 40 40 40 40 40 40 40 40 40 40 40 40 40 40 40 40 40 40 40 40 40 40 40 40 40 40 40 40 40 40 40 39 39 39 39 39 39 39 39 39 39 39 39 39 39 39 39 39 39 39 39 39 39 39 39 39 39 40 40 40 40 40 40 40 40 40 40 40 40 40 40 40 40 40 40 40 40 40 40 40 40 40 40 40 40 40 40 40 40 40 40 40 40 40 40 40 40 40 40 40 40 40 40 40 40 40 40 40 40 40 40 40 40 40 40 40 40 40 40 40 40 40 40 40 40 40 40 39 39 39 39 39 39 39 39 39 39 39 39 39 39 39 39 39 39 39 39 39 39 39 39 39 39 39 39 39 39 40 40 40 40 40 40 40 40 40 40 40 40 40 40 40 40 40 40 40 40 40 40 40 40 40 40 40 40 40 40 40 40 40 40 40 40 40 40 40 40 40 40 40 40 40 40 40 40 40 40 40 40 40 40 40 40 40 40 40 40 40 40 40 40 40 40 40 40 40 40 40 39 39 39 39 39 39 39 39 39 39 39 39 39 39 39 39 39 39 39 39 39 39 39 39 39 39 39 39 39 39 39 40 40 40 40 40 40 40 40 40 40 40 40 40 40 40 40 40 40 40 40 40 40 40 40 40 40 40 40 40 40 40 40 40 40 40 40 40 40 40 40 40 40 40 40 40 40 40 40 40 40 40 40 40 40 40 40 40 40 40 40 40 40 40 40 40 40 40 40 40 40 40 39 39 39 39 39 39 39 39 39 39 39 39 39 39 39 39 39 39 39 39 39 39 39 39 39 39 39 39 39 39 39 39 40 40 40 40 40 40 40 40 40 40 40 40 40 40 40 40 40 40 40 40 40 40 40 40 40 40 40 40 40 40 40 40 40 40 40 40 40 40 40 40 40 40 40 40 40 40 40 40 40 40 40 40 40 40 40 40 40 40 40 40 40 40 40 40 40 40 40 40 40 40 40 40 40 39 39 39 39 39 39 39 39 39 39 39 39 39 39 39 39 39 39 39 39 39 39 39 39 39 39 39 39 39 39 39 39 39 39 40 40 40 40 40 40 40 40 40 40 40 40 40 40 40 40 40 40 40 40 40 40 40 40 40 40 40 40 40 40 40 40 40 40 40 40 40 40 40 40 40 40 40 40 40 40 40 40 40 40 40 40 40 40 40 40 40 40 40 40 40 40 40 40 40 40 40 40 40 40 40 40 40 39 39 39 39 39 39 39 39 39 39 39 39 39 39 39 39 39 39 39 39 39 39 39 39 39 39 39 39 39 39 39 39 39 39 39 39 40 40 40 40 40 40 40 40 40 40 40 40 40 40 40 40 40 40 40 40 40 40 40 40 40 40 40 40 40 40 40 40 40 40 40 40 40 40 40 40 40 40 40 40 40 40 40 40 40 40 40 40 40 40 40 40 40 40 40 40 40 40 40 40 40 40 40 40 40 40 40 40 40 40 39 39 39 39 39 39 39 39 39 39 39 39 39 39 39 39 39 39 39 39 39 39 39 39 39 39 39 39 39 39 39 39 39 39 39 39 39 39 39 39 40 40 40 40 40 40 40 40 40 40 40 40 40 40 40 40 40 40 40 40 40 40 40 40 40 40 40 40 40 40 40 40 40 40 40 40 40 40 40 40 40 40 40 40 40 40 40 40 40 40 40 40 40 40 40 40 40 40 40 40 40 40 40 40 40 40 40 40 40 40 40 40 40 40 40 40 40 40 40 40 40 40 39 39 39 39 39 39 39 39 39 39 39 39 39 39 39 39 39 39 39 39 39 39 39 39 39 39 39 39 39 39 39 39 39 39 39 39 39 39 39 39 39 40 39 39 39 39 39 40 40 40 40 40 40 40 40 40 40 40 40 40 40 40 40 40 40 40 40 40 40 40 40 40 40 40 40 40 40 40 40 40 40 40 40 40 40 40 40 40 40 40 40 40 40 40 40 40 40 40 40 40 40 40 40 40 40 40 40 40 40 40 40 40 40 40 40 40 40 40 40 40 40 40 40 40 40 40 40 40 39 39 39 39 39 39 39 39 39 39 39 39 39 39 39 39 39 39 39 39 39 39 39 39 39 39 39 39 39 39 39 39 39 39 39 39 39 39 39 39 39 39 39 39 39 39 39 39 39 40 40 40 40 40 40 40 40 40 40 40 40 40 40 40 40 40 40 40 40 40 40 40 40 40 40 40 40 40 40 40 40 40 40 40 40 40 40 40 40 40 40 40 40 40 40 40 40 40 40 40 40 40 40 40 40 40 40 40 40 40 40 40 40 40 40 40 40 40 40 40 40 40 40 40 40 39 39 39 39 40 40 40 40 39 39 39 39 39 39 39 39 39 39 39 39 39 39 39 39 39 39 39 39 39 39 39 39 39 39 39 39 39 39 39 39 39 39 39 39 39 39 39 39 39 39 38 39 39 39 39 39 39 39 39 40 40 40 40 40 40 40 40 40 40 40 40 40 40 40 40 40 40 40 40 40 40 40 40 40 40 40 40 40 40 40 40 40 40 40 40 40 40 40 40 40 40 40 40 40 40 40 40 40 40 40 40 40 40 40 40 40 40 40 40 40 40 40 40 40 40 40 40 40 40 40 40 40 40 40 40 40 39 39 39 39 39 39 40 40 39 39 39 39 39 39 39 39 39 39 39 39 39 39 39 39 39 39 39 39 39 39 39 39 39 39 39 39 39 39 39 39 39 39 39 39 39 39 39 39 39 39 38 38 39 39 39 39 39 39 39 39 39 39 40 40 40 40 40 40 40 40 40 40 40 40 40 40 40 40 40 40 40 40 40 40 40 40 40 40 40 40 40 40 40 40 40 40 40 40 40 40 40 40 40 40 40 40 40 40 40 40 40 40 40 40 40 40 40 40 40 40 40 40 40 40 40 40 40 40 40 40 40 40 40 40 40 40 40 40 40 40 39 39 39 39 39 39 39 39 39 39 39 39 39 39 39 39 39 39 39 39 39 39 39 39 39 39 39 39 39 39 39 39 39 39 39 39 39 39 39 39 39 39 39 39 39 39 39 39 38 39 39 39 39 39 39 39 39 39 39 39 39 40 40 40 40 40 40 40 40 40 40 40 40 40 40 40 40 40 40 40 40 40 40 40 40 40 40 40 40 40 40 40 40 40 40 40 40 40 40 40 40 40 40 40 40 40 40 40 40 40 40 40 40 40 40 40 40 40 40 40 40 40 40 40 40 40 40 40 40 40 40 40 40 40 40 40 40 40 40 40 40 40 40 40 40 40 39 39 39 39 39 39 39 39 39 39 39 39 39 39 39 39 39 39 39 39 39 39 39 39 39 39 39 39 39 39 39 39 39 39 39 39 39 39 39 39 39 39 39 39 39 39 39 39 38 38 39 39 39 39 39 39 39 39 39 39 39 39 39 39 39 40 39 39 39 39 39 39 39 39 39 40 40 40 40 40 40 40 40 40 40 40 40 40 39 39 39 39 39 39 39 39 39 39 39 39 39 39 40 40 40 40 40 40 40 39 40 40 40 40 40 40 40 40 40 40 40 40 40 40 40 40 40 40 40 40 40 40 40 40 40 40 40 40 40 40 40 40 40 40 40 40 40 40 40 40 40 40 40 40 40 39 39 39 39 39 39 39 39 39 39 39 39 39 39 39 39 39 39 39 39 39 39 39 39 39 39 39 39 39 39 39 39 39 39 39 39 39 39 39 39 39 39 39 39 39 39 39 38 38 38 39 39 39 39 39 39 39 39 39 39 39 39 39 39 39 39 39 39 39 39 39 39 39 39 39 39 39 40 40 40 40 40 40 40 40 40 40 40 40 40 40 39 39 39 39 39 39 39 39 39 39 39 39 39 39 39 39 39 39 39 39 40 40 40 40 40 40 40 40 40 40 40 40 40 40 40 40 40 40 40 40 40 40 40 40 40 40 40 40 40 40 40 40 40 40 40 40 40 40 40 40 40 40 40 40 39 39 39 39 39 39 39 39 39 39 39 39 39 39 39 39 39 39 39 39 39 39 39 39 39 39 39 39 39 39 39 39 39 39 39 39 39 39 39 39 39 39 39 39 39 39 38 38 38 38 38 38 39 39 39 39 39 39 39 39 39 39 39 39 39 39 39 39 39 39 39 39 39 39 39 39 39 39 39 39 39 39 39 39 39 39 39 39 39 39 39 39 39 39 39 39 39 39 39 39 39 39 39 39 39 39 39 39 39 39 39 39 39 40 40 40 40 40 40 40 40 40 40 40 40 40 40 40 40 40 40 40 40 40 40 40 40 40 40 40 40 40 40 40 40 40 40 40 40 40 40 40 40 40 40 40 40 40 39 39 39 39 39 39 39 39 39 39 39 39 39 39 39 39 39 39 39 39 39 39 39 39 39 39 39 39 39 39 39 39 39 39 39 39 39 39 39 39 39 39 39 39 39 38 38 38 38 38 38 38 38 39 39 39 39 39 39 39 39 39 39 39 39 39 39 39 39 39 39 39 39 39 39 39 39 39 39 39 39 39 39 39 39 39 39 39 39 39 39 39 39 39 39 39 39 39 39 39 39 39 39 39 39 39 39 39 39 39 39 39 39 39 39 39 39 39 39 39 39 40 40 40 40 40 40 40 40 40 40 40 40 40 40 40 40 40 40 40 40 40 40 40 40 40 40 40 40 40 40 40 40 40 40 40 40 40 40 40 40 40 40 40 39 39 39 39 39 39 39 39 39 39 39 39 39 39 39 39 39 39 39 39 39 39 39 39 39 39 39 39 39 39 39 39 39 39 39 39 39 39 39 39 39 39 39 39 39 39 39 38 38 38 38 38 38 38 38 38 38 38 38 38 38 38 38 39 39 39 39 39 39 39 39 39 39 39 39 39 39 39 39 39 39 39 39 39 39 39 39 39 39 39 39 39 39 39 39 39 39 39 39 39 39 39 39 39 39 39 39 39 39 39 39 39 39 39 39 39 39 39 39 39 39 39 39 39 39 39 39 39 39 39 39 39 39 40 40 40 40 40 40 40 40 40 40 40 40 40 40 40 40 40 40 40 40 40 40 40 40 40 40 40 40 40 40 40 40 40 40 40 40 40 40 40 40 40 40 39 39 39 39 39 39 39 39 39 39 39 39 39 39 39 39 39 39 39 39 39 39 39 39 39 39 39 39 39 39 39 39 39 39 39 39 39 39 39 39 39 39 39 39 39 39 39 38 38 38 38 38 38 38 38 38 38 38 38 38 38 38 38 38 38 38 39 39 39 39 39 39 39 39 39 39 39 39 39 39 39 39 39 39 39 39 39 39 39 39 39 39 39 39 39 39 39 39 39 39 39 39 39 39 39 39 39 39 39 39 39 39 39 39 39 39 39 39 39 39 39 39 39 39 39 39 39 39 39 39 39 39 39 39 39 39 40 40 40 40 40 40 40 40 40 40 40 40 40 40 40 40 40 40 40 40 40 40 40 40 40 40 40 40 40 40 40 40 40 40 40 40 40 40 40 40 39 39 39 39 39 39 39 39 39 39 39 39 39 39 39 39 39 39 39 39 39 39 39 39 39 39 39 39 39 39 39 39 39 39 39 39 39 39 39 39 39 39 39 39 39 39 39 39 39 38 38 38 38 38 38 38 38 38 38 38 38 38 38 38 38 38 38 38 39 39 39 39 39 39 39 39 39 39 39 39 39 39 39 39 39 39 39 39 39 39 39 39 39 39 39 39 39 39 39 39 39 39 39 39 39 39 39 39 39 39 39 39 39 39 39 39 39 39 39 39 39 39 39 39 39 39 39 39 39 39 39 39 39 39 39 39 39 39 40 40 40 40 40 40 40 40 40 40 40 40 40 40 40 40 40 40 40 40 40 40 40 40 40 40 40 40 40 40 40 40 40 40 40 40 40 40 40 39 39 39 39 39 39 39 39 39 39 39 39 39 39 39 39 39 39 39 39 39 39 39 39 39 39 39 39 39 39 39 39 39 39 39 39 39 39 39 39 39 39 39 39 39 39 39 39 39 39 38 38 38 38 38 38 38 38 38 38 38 38 38 38 38 38 38 38 38 38 39 39 39 39 39 39 39 39 39 39 39 39 39 39 39 39 39 39 39 39 39 39 39 39 39 39 39 39 39 39 39 39 39 39 39 39 39 39 39 39 39 39 39 39 39 39 39 39 39 39 39 39 39 39 39 39 39 39 39 39 39 39 39 39 39 39 39 39 39 39 39 39 39 39 39 39 40 39 39 40 40 40 40 40 40 40 40 40 40 40 40 40 40 40 40 40 39 40 40 40 40 40 40 40 40 40 40 40 40 40 40 39 40 40 39 39 39 39 39 39 39 39 39 39 39 39 39 39 39 39 39 39 39 39 39 39 39 39 39 39 39 39 39 39 39 39 39 39 39 39 39 39 39 39 39 39 39 39 39 39 39 39 39 39 38 38 38 38 38 38 38 38 38 38 38 38 38 38 38 38 38 38 38 38 38 39 39 39 39 39 39 39 39 39 39 39 39 39 39 39 39 39 39 39 39 39 39 39 39 39 39 39 39 39 39 39 39 39 39 39 39 39 39 39 39 39 39 39 39 39 39 39 39 39 39 39 39 39 39 39 39 39 39 39 39 39 39 39 39 39 39 39 39 39 39 39 39 39 39 39 39 39 39 39 39 39 39 39 39 39 39 39 39 39 40 40 40 40 40 40 40 40 40 40 40 40 40 40 40 40 40 40 40 40 40 40 40 40 40 40 39 39 39 39 39 40 40 39 39 39 39 39 39 39 39 39 39 39 39 39 39 39 39 39 39 39 39 39 39 39 39 39 39 39 39 39 39 39 39 39 39 39 39 39 39 39 39 39 39 39 39 39 39 39 39 39 39 38 38 38 38 38 38 38 38 38 38 38 38 38 38 38 38 38 38 38 38 38 38 39 39 39 39 39 39 39 39 39 39 39 39 39 39 39 39 39 39 39 39 39 39 39 39 39 39 39 39 39 39 39 39 39 39 39 39 39 39 39 39 39 39 39 39 39 39 39 39 39 39 39 39 39 39 39 39 39 39 39 39 39 39 39 39 39 39 39 39 39 39 39 39 39 39 39 39 39 39 39 39 39 39 39 39 39 39 39 39 39 39 39 39 40 40 40 40 40 40 40 40 40 40 40 40 40 39 39 39 39 39 39 39 40 40 39 39 39 39 39 39 39 39 40 39 39 39 39 39 39 39 39 39 39 39 39 39 39 39 39 39 39 39 39 39 39 39 39 39 39 39 39 39 39 39 39 39 39 39 39 39 39 39 39 39 39 39 39 39 39 39 39 39 39 39 38 38 38 38 38 38 38 38 38 38 38 38 38 38 38 38 38 38 38 38 38 38 38 39 39 39 39 39 39 39 39 39 39 39 39 39 39 39 39 39 39 39 39 39 39 39 39 39 39 39 39 39 39 39 39 39 39 39 39 39 39 39 39 39 39 39 39 39 39 39 39 39 39 39 39 39 39 39 39 39 39 39 39 39 39 39 39 39 39 39 39 39 39 39 39 39 39 39 39 39 39 39 39 39 39 39 39 39 39 39 39 39 39 39 39 39 39 39 39 39 39 39 39 39 39 39 39 39 39 39 39 39 39 39 39 39 39 39 39 39 39 39 39 39 39 39 39 39 39 39 39 39 39 39 39 39 39 39 39 39 39 39 39 39 39 39 39 39 39 39 39 39 39 39 39 39 39 39 39 39 39 39 39 39 39 39 39 39 39 39 39 39 39 39 39 39 39 39 39 39 39 38 38 38 38 38 38 38 38 38 38 38 38 38 38 38 38 38 38 38 38 38 38 38 38 38 38 38 39 39 39 39 39 39 39 39 39 39 39 39 39 39 39 39 39 39 39 39 39 39 39 39 39 39 39 39 39 39 39 39 39 39 39 39 39 39 39 39 39 39 39 39 39 39 39 39 39 39 39 39 39 39 39 39 39 39 39 39 39 39 39 39 39 39 39 39 39 39 39 39 39 39 39 39 39 39 39 39 39 39 39 39 39 39 39 39 39 39 39 39 39 39 39 39 39 39 39 39 39 39 39 39 39 39 39 39 39 39 39 39 39 39 39 39 39 39 39 39 39 39 39 39 39 39 39 39 39 39 39 39 39 39 39 39 39 39 39 39 39 39 39 39 39 39 39 39 39 39 39 39 39 39 39 39 39 39 39 39 39 39 39 39 39 39 39 39 39 39 39 39 39 39 39 39 39 38 38 38 38 38 38 38 38 38 38 38 38 38 38 38 38 38 38 38 38 38 38 38 38 38 38 38 38 38 38 38 39 39 39 39 39 39 39 39 39 39 39 39 39 39 39 39 39 39 39 39 39 39 39 39 39 39 39 39 39 39 39 39 39 39 39 39 39 39 39 39 39 39 39 39 39 39 39 39 39 39 39 39 39 39 39 39 39 39 39 39 39 39 39 39 39 39 39 39 39 39 39 39 39 39 39 39 39 39 39 39 39 39 39 39 39 39 39 39 39 39 39 39 39 39 39 39 39 39 39 39 39 39 39 39 39 39 39 39 39 39 39 39 39 39 39 39 39 39 39 39 39 39 39 39 39 39 39 39 39 39 39 39 39 39 39 39 39 39 39 39 39 39 39 39 39 39 39 39 39 39 39 39 39 39 39 39 39 39 39 39 39 39 39 39 39 39 39 39 39 39 39 39 39 39 39 39 39 38 38 38 38 38 38 38 38 38 38 38 38 38 38 38 38 38 38 38 38 38 38 38 38 38 38 38 38 38 38 38 38 38 39 39 39 39 39 39 39 39 39 39 39 39 39 39 39 39 39 39 39 39 39 39 39 39 39 39 39 39 39 39 39 39 39 39 39 39 39 39 39 39 39 39 39 39 39 39 39 39 39 39 39 39 39 39 39 39 39 39 39 39 39 39 39 39 39 39 39 39 39 39 39 39 39 39 39 39 39 39 39 39 39 39 39 39 39 39 39 39 39 39 39 39 39 39 39 39 39 39 39 39 39 39 39 39 39 39 39 39 39 39 39 39 39 39 39 39 39 39 39 39 39 39 39 39 39 39 39 39 39 39 39 39 39 39 39 39 39 39 39 39 39 39 39 39 39 39 39 39 39 39 39 39 39 39 39 39 39 39 39 39 39 39 39 39 39 39 39 39 39 39 39 39 39 39 39 38 38 38 38 38 38 38 38 38 38 38 38 38 38 38 38 38 38 38 38 38 38 38 38 38 38 38 38 38 38 38 38 38 38 39 38 38 38 38 38 38 38 39 39 39 39 39 39 39 39 39 39 39 39 39 39 39 39 39 39 39 39 39 39 39 39 39 39 39 39 39 39 39 39 39 39 39 39 39 39 39 39 39 39 39 39 39 39 39 39 39 39 39 39 39 39 39 39 39 39 39 39 39 39 39 39 39 39 39 39 39 39 39 39 39 39 39 39 39 39 39 39 39 39 39 39 39 39 39 39 39 39 39 39 39 39 39 39 39 39 39 39 39 39 39 39 39 39 39 39 39 39 39 39 39 39 39 39 39 39 39 39 39 39 39 39 39 39 39 39 39 39 39 39 39 39 39 39 39 39 39 39 39 39 39 39 39 39 39 39 39 39 39 39 39 39 39 39 39 39 39 39 39 39 39 39 39 39 39 38 38 38 38 38 38 38 38 38 38 38 38 38 38 38 38 38 38 38 38 38 38 38 38 38 38 38 38 38 38 38 38 38 38 38 38 38 38 38 38 38 38 38 38 38 38 38 38 38 38 38 38 38 38 38 38 38 39 39 39 39 39 39 39 39 39 39 39 39 39 39 38 38 39 39 39 39 39 39 39 39 39 39 39 39 39 39 39 39 39 39 39 39 39 39 39 39 39 39 39 39 39 39 39 39 39 39 39 39 39 39 39 39 39 39 39 39 39 39 39 39 39 39 39 39 39 39 39 39 39 39 39 39 39 39 39 39 39 39 39 39 39 39 39 39 39 39 39 39 39 39 39 39 39 39 39 39 39 39 39 39 39 39 39 39 39 39 39 39 39 39 39 39 39 39 39 39 39 39 39 39 39 39 39 39 39 39 39 39 39 39 39 39 39 39 39 39 39 39 39 39 39 39 39 39 39 39 38 38 38 38 38 38 38 38 38 38 38 38 38 38 38 38 38 38 38 38 38 38 38 38 38 38 38 38 38 38 38 38 38 38 38 38 38 38 38 38 38 38 38 38 38 38 38 38 38 38 38 38 38 38 38 38 38 38 38 38 38 38 38 38 38 38 38 38 38 38 38 38 38 38 38 38 38 39 39 39 39 39 39 39 39 39 39 39 39 39 39 39 39 39 39 39 39 39 39 39 39 39 39 39 39 39 39 39 39 39 39 39 39 39 39 39 39 39 39 39 39 39 39 39 39 39 39 39 39 39 39 39 39 39 39 39 39 39 39 39 39 39 39 39 39 39 39 39 39 39 39 39 39 39 39 39 39 39 39 39 39 39 39 39 39 39 39 39 39 39 39 39 39 39 39 39 39 39 39 39 39 39 39 39 39 39 39 39 39 39 39 39 39 39 39 39 39 39 39 39 39 39 39 39 39 39 39 39 39 39 38 38 38 38 38 38 38 38 38 38 38 38 38 38 38 38 38 38 38 38 38 38 38 38 38 38 38 38 38 38 38 38 38 38 38 38 38 38 38 38 38 38 38 38 38 38 38 38 38 38 38 38 38 38 38 38 38 38 38 38 38 38 38 38 38 38 38 38 38 38 38 38 38 38 38 38 38 38 38 39 39 39 39 39 39 39 39 39 39 39 39 39 39 39 39 39 39 39 39 39 39 39 39 39 39 39 39 39 39 39 39 39 39 39 39 39 39 39 39 39 39 39 39 39 39 39 39 39 39 39 39 39 39 39 39 39 39 39 39 39 39 39 39 39 39 39 39 39 39 39 39 39 39 39 39 39 39 39 39 39 39 39 39 39 39 39 39 39 39 39 39 39 39 39 39 39 39 39 39 39 39 39 39 39 39 39 39 39 39 39 39 39 39 39 39 39 39 39 39 39 39 39 39 39 39 39 39 39 39 39 39 39 38 38 38 38 38 38 38 38 38 38 38 38 38 38 38 38 38 38 38 38 38 38 38 38 38 38 38 38 38 38 38 38 38 38 38 38 38 38 38 38 38 38 38 38 38 38 38 38 38 38 38 38 38 38 38 38 38 38 38 38 38 38 38 38 38 38 38 38 38 38 38 38 38 38 38 38 38 38 38 38 39 39 39 39 39 39 39 39 39 39 39 39 39 39 39 39 39 39 39 39 39 39 39 39 39 39 39 39 39 39 39 39 39 39 39 39 39 39 39 39 39 39 39 39 39 39 39 39 39 39 39 39 39 39 39 39 39 39 39 39 39 39 39 39 39 39 39 39 39 39 39 39 39 39 39 39 39 39 39 39 39 39 39 39 39 39 39 39 39 39 39 39 39 39 39 39 39 39 39 39 39 39 39 39 39 39 39 39 39 39 39 39 39 39 39 39 39 39 39 39 39 39 39 39 39 39 39 39 39 38 39 39 38 38 38 38 38 38 38 38 38 38 38 38 38 38 38 38 38 38 38 38 38 38 38 38 38 38 38 38 38 38 38 38 38 38 38 38 38 38 38 38 38 38 38 38 37 37 38 38 39 38 38 38 38 38 38 38 38 38 38 38 38 38 38 38 38 38 38 38 38 38 38 38 38 38 38 38 38 38 38 38 38 38 38 38 38 38 38 38 38 38 38 38 38 38 38 38 38 38 38 38 38 38 38 38 38 38 38 38 39 39 39 39 39 39 39 39 39 39 39 39 39 39 39 38 38 38 39 39 39 39 39 39 39 39 39 39 39 39 39 39 39 39 39 39 39 39 39 39 39 39 39 39 39 39 39 39 39 39 39 39 39 39 39 39 39 39 39 39 39 39 39 39 39 39 39 39 39 39 39 39 39 39 39 39 39 39 39 39 39 39 39 39 39 39 39 39 39 39 39 39 39 39 39 39 38 38 38 38 38 38 38 38 38 38 38 38 38 38 38 38 38 38 38 38 38 38 38 38 38 38 38 38 38 38 38 38 38 38 38 38 38 38 38 38 38 38 38 38 38 38 38 38 37 37 37 37 37 37 37 37 37 37 38 38 38 38 38 38 38 38 38 38 38 38 38 38 38 38 38 38 38 38 38 38 38 38 38 38 38 38 38 38 38 38 38 38 38 38 38 38 38 38 38 38 38 38 38 38 38 38 38 38 38 38 38 38 38 38 38 38 38 38 38 38 38 38 38 38 38 38 38 38 38 38 39 39 39 39 39 39 38 38 38 38 38 39 39 39 39 39 39 39 39 39 39 39 39 39 39 39 39 39 39 39 39 39 39 39 39 39 39 39 39 39 39 39 39 39 39 39 39 39 39 39 39 39 39 39 39 39 39 39 39 39 39 39 39 39 39 39 39 39 39 39 39 39 39 39 39 39 39 39 39 39 39 39 39 39 39 39 38 38 38 38 38 38 38 38 38 38 38 38 38 38 38 38 38 38 38 38 38 38 38 38 38 38 38 38 38 38 38 38 38 38 38 38 38 38 38 38 38 38 38 38 38 38 38 38 38 37 37 37 37 37 37 37 37 37 37 38 38 38 38 38 38 38 38 38 38 38 38 38 38 38 38 38 38 38 38 38 38 38 38 38 38 38 38 38 38 38 38 38 38 38 38 38 38 38 38 38 38 38 38 38 38 38 38 38 38 38 38 38 38 38 38 38 38 38 38 38 38 38 38 38 38 38 38 38 38 38 38 38 38 38 38 38 38 38 38 38 38 38 38 38 38 38 39 39 39 39 39 39 39 39 39 39 39 39 39 39 39 39 39 39 39 39 39 39 39 39 39 39 39 39 39 39 39 39 39 39 39 39 39 39 39 39 39 39 39 39 39 39 39 39 39 39 39 39 39 39 39 39 39 39 39 39 39 39 39 39 39 39 39 39 39 38 38 38 38 38 38 38 38 38 38 38 38 38 38 38 38 38 38 38 38 38 38 38 38 38 38 38 38 38 38 38 38 38 38 38 38 38 38 38 38 38 38 38 38 38 38 38 38 38 38 37 37 37 37 37 37 37 37 37 37 38 38 38 38 38 38 38 38 38 38 38 38 38 38 38 38 38 38 38 38 38 38 38 38 38 38 38 38 38 38 38 38 38 38 38 38 38 38 38 38 38 38 38 38 38 38 38 38 38 38 38 38 38 38 38 38 38 38 38 38 38 38 38 38 38 38 38 38 38 38 38 38 38 38 38 38 38 38 38 38 38 38 38 38 38 38 38 38 39 39 39 39 39 39 39 39 39 39 39 39 39 39 39 39 39 39 39 39 39 39 39 39 39 39 39 39 39 39 39 39 39 39 39 39 39 39 39 39 39 39 39 39 39 39 39 39 39 39 39 39 39 39 39 39 39 39 39 39 39 39 39 39 39 39 39 39 38 38 38 38 38 38 38 38 38 38 38 38 38 38 38 38 38 38 38 38 38 38 38 38 38 38 38 38 38 38 38 38 38 38 38 38 38 38 38 38 38 38 38 38 38 38 38 38 38 38 37 37 37 37 37 37 37 37 37 37 37 38 38 38 38 38 38 38 38 38 38 38 38 38 38 38 38 38 38 38 38 38 38 38 38 38 38 38 38 38 38 38 38 38 38 38 38 38 38 38 38 38 38 38 38 38 38 38 38 38 38 38 38 38 38 38 38 38 38 38 38 38 38 38 38 38 38 38 38 38 38 38 38 38 38 38 38 38 38 38 38 38 38 38 38 38 38 38 38 39 39 39 39 39 39 39 39 39 39 39 39 39 39 39 39 39 39 39 39 39 39 39 39 39 39 39 39 39 39 39 39 39 39 39 39 39 39 39 39 39 39 39 39 39 39 39 39 39 39 39 39 39 39 39 39 39 39 39 39 39 39 39 39 39 39 39 38 38 38 38 38 38 38 38 38 38 38 38 38 38 38 38 38 38 38 38 38 38 38 38 38 38 38 38 38 38 38 38 38 38 38 38 38 38 38 38 38 38 38 38 38 38 38 38 38 38 37 37 37 37 37 37 37 37 37 37 37 37 37 38 38 38 38 38 38 38 38 38 38 38 38 38 38 38 38 38 38 38 38 38 38 38 38 38 38 38 38 38 38 38 38 38 38 38 38 38 38 38 38 38 38 38 38 38 38 38 38 38 38 38 38 38 38 38 38 38 38 38 38 38 38 38 38 38 38 38 38 38 38 38 38 38 38 38 38 38 38 38 38 38 38 38 38 38 38 38 39 39 39 39 39 39 39 39 39 39 39 39 39 39 39 39 39 39 39 39 39 39 39 39 39 39 39 39 39 39 39 39 39 39 39 39 39 39 39 39 39 39 39 39 39 39 39 39 39 39 39 39 39 39 39 39 39 39 39 39 39 39 39 39 39 38 38 38 38 38 38 38 38 38 38 38 38 38 38 38 38 38 38 38 38 38 38 38 38 38 38 38 38 38 38 38 38 38 38 38 38 38 38 38 38 38 38 38 38 38 38 38 38 38 38 38 38 37 37 37 37 37 37 37 37 37 37 37 37 37 37 37 38 38 38 38 38 38 38 38 38 38 38 38 38 38 38 38 38 38 38 38 38 38 38 38 38 38 38 38 38 38 38 38 38 38 38 38 38 38 38 38 38 38 38 38 38 38 38 38 38 38 38 38 38 38 38 38 38 38 38 38 38 38 38 38 38 38 38 38 38 38 38 38 38 38 38 38 38 38 38 38 38 38 38 38 39 39 39 39 39 39 39 39 39 39 39 39 39 39 39 39 39 39 39 39 39 39 39 39 39 39 39 39 39 39 39 39 39 39 39 39 39 39 39 39 39 39 39 39 39 39 39 39 39 39 39 39 39 39 39 39 39 39 39 39 39 39 39 39 38 38 38 38 38 38 38 38 38 38 38 38 38 38 38 38 38 38 38 38 38 38 38 38 38 38 38 38 38 38 38 38 38 38 38 38 38 38 38 38 38 38 38 38 38 38 38 38 38 38 38 38 37 37 37 37 37 37 37 37 37 37 37 37 37 37 37 37 37 37 37 37 38 38 38 38 38 38 38 38 38 38 38 38 38 38 38 38 38 38 38 38 38 38 38 38 38 38 38 38 38 38 38 38 38 38 38 38 38 38 38 38 38 38 38 38 38 38 38 38 38 38 38 38 38 38 38 38 38 38 38 38 38 38 38 38 38 38 38 38 38 38 38 38 38 38 38 38 38 38 38 38 38 38 38 39 39 39 39 39 39 39 39 39 39 39 39 39 39 39 39 39 39 39 39 39 39 39 39 39 39 39 39 39 39 39 39 39 39 39 39 39 39 39 39 39 39 39 39 39 39 39 39 39 39 39 39 39 39 39 39 39 39 39 39 39 39 39 39 38 38 38 38 38 38 38 38 38 38 38 38 38 38 38 38 38 38 38 38 38 38 38 38 38 38 38 38 38 38 38 38 38 38 38 38 38 38 38 38 38 38 38 38 38 38 38 38 38 38 38 38 37 37 37 37 37 37 37 37 37 37 37 37 37 37 37 37 37 37 37 37 37 37 36 38 38 38 38 38 38 38 38 38 38 38 38 38 38 38 38 38 38 38 38 38 38 38 38 38 38 38 38 38 38 38 38 38 38 38 38 38 38 38 38 38 38 38 38 38 38 38 38 38 38 38 38 38 38 38 38 38 38 38 38 38 38 38 38 38 38 38 38 38 38 38 38 38 38 38 38 38 38 38 38 38 38 38 38 38 39 39 39 39 39 39 39 39 39 39 39 39 39 39 39 39 39 39 39 39 39 39 39 39 39 39 39 39 39 39 39 39 39 39 39 39 39 39 39 39 39 39 39 39 39 39 39 39 39 39 39 39 39 39 39 39 39 38 38 38 38 38 38 38 38 38 38 38 38 38 38 38 38 38 38 38 38 38 38 38 38 38 38 38 38 38 38 38 38 38 38 38 38 38 38 38 38 38 38 38 38 38 38 38 38 38 38 38 38 38 38 38 38 37 37 37 37 37 37 37 37 37 37 37 37 37 37 37 37 37 37 37 37 37 37 36 38 38 38 38 38 38 38 38 38 38 38 38 38 38 38 38 38 38 38 38 38 38 38 38 38 38 38 38 38 38 38 38 38 38 38 38 38 38 38 38 38 38 38 38 38 38 38 38 38 38 38 38 38 38 38 38 38 38 38 38 38 38 38 38 38 38 38 38 38 38 38 38 38 38 38 38 38 38 38 38 38 38 38 38 38 38 39 39 39 39 39 39 39 39 39 39 39 39 39 39 39 39 39 39 39 39 39 39 39 39 39 39 39 39 39 39 39 39 39 39 39 39 39 39 39 39 39 39 39 39 39 39 39 39 39 39 39 39 39 39 39 38 38 38 38 38 38 38 38 38 38 38 38 38 38 38 38 38 38 38 38 38 38 38 38 38 38 38 38 38 38 38 38 38 38 38 38 38 38 38 38 38 38 38 38 38 38 38 38 38 38 38 38 38 38 38 38 38 37 37 37 37 37 37 37 37 37 37 37 37 37 37 37 37 37 37 37 37 37 37 37 37 37 37 37 37 37 36 38 38 38 38 38 38 38 38 38 38 38 38 38 38 38 38 38 38 38 38 38 38 38 38 38 38 38 38 38 38 38 38 38 38 38 38 38 38 38 38 38 38 38 38 38 38 38 38 38 38 38 38 38 38 38 38 38 38 38 38 38 38 38 38 38 38 38 38 38 38 38 38 38 38 38 38 38 38 38 38 38 38 38 38 38 38 39 39 39 39 39 39 39 39 39 39 39 39 39 39 39 39 39 39 39 39 39 39 39 39 39 39 39 39 39 39 39 39 39 39 39 39 39 39 39 39 39 39 39 39 39 39 39 38 38 39 38 38 38 38 38 38 38 38 38 38 38 38 38 38 38 38 38 38 38 38 38 38 38 38 38 38 38 38 38 38 38 38 38 38 38 38 38 38 38 38 38 38 38 38 38 38 38 38 38 38 38 38 38 38 38 38 38 38 38 38 37 37 37 37 37 37 37 37 37 37 37 37 37 37 37 37 37 37 37 37 37 37 37 37 37 37 37 37 37 37 37 37 37 38 38 38 38 38 38 38 38 38 38 38 38 38 38 38 38 38 38 38 38 38 38 38 38 38 38 38 38 38 38 38 38 38 38 38 38 38 38 38 38 38 38 38 38 38 38 38 38 38 38 38 38 38 38 38 38 38 38 38 38 38 38 38 38 38 38 38 38 38 38 38 38 38 38 38 38 38 38 38 38 38 38 38 38 38 38 38 38 38 39 39 39 39 39 39 39 39 39 39 39 39 39 39 39 39 39 39 39 39 39 39 39 39 39 39 39 39 39 39 39 39 39 39 39 39 39 39 39 39 39 39 39 38 38 38 38 38 38 38 38 38 38 38 38 38 38 38 38 38 38 38 38 38 38 38 38 38 38 38 38 38 38 38 38 38 38 38 38 38 38 38 38 38 38 38 38 38 38 38 38 38 38 38 38 38 38 38 38 38 38 38 38 38 38 38 38 37 37 37 37 37 37 37 37 37 37 37 37 37 37 37 37 37 37 37 37 37 37 37 37 37 37 37 37 37 37 37 37 38 38 38 38 38 38 38 38 38 38 38 38 38 38 38 38 38 38 38 38 38 38 38 38 38 38 38 38 38 38 38 38 38 38 38 38 38 38 38 38 38 38 38 38 38 38 38 38 38 38 38 38 38 38 38 38 38 38 38 38 38 38 38 38 38 38 38 38 38 38 38 38 38 38 38 38 38 38 38 38 38 38 38 38 38 38 38 38 38 38 38 38 39 39 39 39 39 39 39 39 39 39 39 39 39 39 39 39 39 39 39 39 39 39 39 39 39 39 39 39 39 39 39 39 39 39 39 39 39 39 39 39 38 38 38 38 38 38 38 38 38 38 38 38 38 38 38 38 38 38 38 38 38 38 38 38 38 38 38 38 38 38 38 38 38 38 38 38 38 38 38 38 38 38 38 38 38 38 38 38 38 38 38 38 38 38 38 38 38 38 38 38 38 38 38 37 37 37 37 37 37 37 37 37 37 37 37 37 37 37 37 37 37 37 37 37 37 37 37 37 37 37 37 37 37 37 37 37 38 38 38 38 38 38 38 37 37 37 37 37 38 38 38 38 38 38 38 38 38 38 38 38 38 38 38 38 38 38 38 38 38 38 38 38 38 38 38 38 38 38 38 38 38 38 38 38 38 38 38 38 38 38 38 38 38 38 38 38 38 38 38 38 38 38 38 38 38 38 38 38 38 38 38 38 38 38 38 38 38 38 38 38 38 38 38 38 38 38 38 38 38 38 38 39 39 39 39 39 39 39 39 39 39 39 39 39 39 39 39 39 39 39 39 39 39 39 39 39 39 39 39 39 39 39 39 39 39 39 39 39 38 38 38 38 38 38 38 38 38 38 38 38 38 38 38 38 38 38 38 38 38 38 38 38 38 38 38 38 38 38 38 38 38 38 38 38 38 38 38 38 38 38 38 38 38 38 38 38 38 38 38 38 38 38 38 38 38 38 38 38 38 38 37 37 37 37 37 37 37 37 37 37 37 37 37 37 37 37 37 37 37 37 37 37 37 37 37 37 37 37 37 37 37 37 37 37 37 37 37 37 37 37 37 37 37 37 37 37 37 37 37 37 37 37 37 37 37 37 37 37 37 37 37 37 37 37 37 38 38 38 38 38 38 38 38 38 38 38 38 38 38 38 38 38 38 38 38 38 38 38 38 38 38 38 38 38 38 38 38 38 38 38 38 38 38 38 38 38 38 38 38 38 38 38 38 38 38 38 38 38 38 38 38 38 38 38 38 38 38 38 38 38 38 39 39 39 39 39 39 39 39 39 39 39 39 39 39 39 39 39 39 39 39 39 39 39 39 39 39 39 39 39 39 39 39 38 39 38 38 38 38 38 38 38 38 38 38 38 38 38 38 38 38 38 38 38 38 38 38 38 38 38 38 38 38 38 38 38 38 38 38 38 38 38 38 38 38 38 38 38 38 38 38 38 38 38 37 38 38 38 38 38 38 38 38 38 38 38 37 37 37 37 37 37 37 37 37 37 37 37 37 37 37 37 37 37 37 37 37 37 37 37 37 37 37 37 37 37 37 37 37 37 37 37 37 37 37 37 37 37 37 37 37 37 37 37 37 37 37 37 37 37 37 37 37 37 37 37 37 37 37 37 37 37 37 37 37 37 37 37 37 37 37 37 37 38 38 38 38 38 38 38 38 38 38 38 38 38 38 37 38 38 38 38 38 38 38 38 38 38 38 38 38 38 38 38 38 38 38 38 38 38 38 38 38 38 38 38 38 38 38 38 38 38 38 38 38 38 38 38 38 38 38 39 39 38 39 39 39 39 39 39 39 39 39 39 39 39 39 39 39 39 39 39 39 39 39 38 39 39 39 39 39 38 38 38 38 38 38 38 38 38 38 38 38 38 38 38 38 38 38 38 38 38 38 38 38 38 38 38 38 38 38 38 38 38 38 38 38 38 38 38 38 38 38 38 38 38 38 38 38 38 37 37 38 38 38 38 38 38 38 38 38 38 37 37 37 37 37 37 37 37 37 37 37 37 37 37 37 37 37 37 37 37 37 37 37 37 37 37 37 37 37 37 37 37 37 37 37 37 37 37 37 37 37 37 37 37 37 37 37 37 37 37 37 37 37 37 37 37 37 37 37 37 37 37 37 37 37 37 37 37 37 37 37 37 37 37 37 37 37 37 37 37 37 37 37 37 37 37 38 38 38 38 37 37 37 37 37 38 38 38 38 38 38 38 38 38 38 38 38 38 38 38 38 38 38 38 38 38 38 38 38 38 38 38 38 38 38 38 38 38 38 38 38 38 38 38 38 38 38 38 38 38 38 38 38 38 39 39 38 38 38 38 38 38 38 38 38 38 38 38 39 39 39 39 38 38 38 38 38 38 38 38 38 38 38 38 38 38 38 38 38 38 38 38 38 38 38 38 38 38 38 38 38 38 38 38 38 38 38 38 38 38 38 38 38 38 38 38 38 38 38 38 38 38 38 37 37 37 38 38 38 38 38 38 38 38 38 37 37 37 37 37 37 37 37 37 37 37 37 37 37 37 37 37 37 37 37 37 37 37 37 37 37 37 37 37 37 37 37 37 37 37 37 37 37 37 37 37 37 37 37 37 37 37 37 37 37 37 37 37 37 37 37 37 37 37 37 37 37 37 37 37 37 37 37 37 37 37 37 37 37 37 37 37 37 37 37 37 37 37 37 37 37 37 37 37 37 37 37 37 37 37 37 38 38 38 38 38 38 38 38 38 38 38 38 38 38 38 38 38 38 38 38 38 38 38 38 38 38 38 38 38 38 38 38 38 38 38 38 38 38 38 38 38 38 38 38 38 38 38 38 38 39 38 38 38 38 38 38 38 38 38 38 38 38 38 38 38 38 38 38 38 38 38 38 38 38 38 38 38 38 38 38 38 38 38 38 38 38 38 38 38 38 38 38 38 38 38 38 38 38 38 38 38 38 38 38 38 38 38 38 38 38 38 38 38 38 38 37 37 37 37 38 38 38 38 38 38 38 38 37 37 37 37 37 37 37 37 37 37 37 37 37 37 37 37 37 37 37 37 37 37 37 37 37 37 37 37 37 37 37 37 37 37 37 37 37 37 37 37 37 37 37 37 37 37 37 37 37 37 37 37 37 37 37 37 37 37 37 37 37 37 37 37 37 37 37 37 37 37 37 37 37 37 37 37 37 37 37 37 37 37 37 37 37 37 37 37 37 37 37 37 37 37 37 37 37 37 38 38 38 38 38 38 38 38 38 38 38 38 38 38 38 38 38 38 38 38 38 38 38 38 38 38 38 38 38 38 38 38 38 38 38 38 38 38 38 38 38 38 38 38 38 38 38 38 38 38 38 38 38 38 38 38 38 38 38 38 38 38 38 38 38 38 38 38 38 38 38 38 38 38 38 38 38 38 38 38 38 38 38 38 38 38 38 38 38 38 38 38 38 38 38 38 38 38 38 38 38 38 38 38 38 38 38 38 38 38 37 37 37 37 37 38 38 38 38 38 38 38 37 37 37 37 37 37 37 37 37 37 37 37 37 37 37 37 37 37 37 37 37 37 37 37 37 37 37 37 37 37 37 37 37 37 37 37 37 37 37 37 37 37 37 37 37 37 37 37 37 37 37 37 37 37 37 37 37 37 37 37 37 37 37 37 37 37 37 37 37 37 37 37 37 37 37 37 37 37 37 37 37 37 37 37 37 37 37 37 37 37 37 37 37 37 37 37 37 37 37 37 37 37 38 38 38 38 38 38 38 38 38 38 38 38 38 38 38 38 38 38 38 38 38 38 38 38 38 38 38 38 38 38 38 38 38 38 38 38 38 38 38 38 38 38 38 38 38 38 38 38 38 38 38 38 38 38 38 38 38 38 38 38 38 38 38 38 38 38 38 38 38 38 38 38 38 38 38 38 38 38 38 38 38 38 38 38 38 38 38 38 38 38 38 38 38 38 38 38 38 38 38 38 38 38 38 38 37 37 37 37 37 37 37 38 38 38 38 38 38 37 37 37 37 37 37 37 37 37 37 37 37 37 37 37 37 37 37 37 37 37 37 37 37 37 37 37 37 37 37 37 37 37 37 37 37 37 37 36 36 37 37 37 37 37 37 37 37 37 37 37 37 37 37 37 37 37 37 37 37 37 37 37 37 37 37 37 37 37 37 37 37 37 37 37 37 37 37 37 37 37 37 37 37 37 37 37 37 37 37 37 37 37 37 37 37 37 37 37 37 37 37 37 37 37 38 38 38 38 38 38 38 38 38 38 38 38 38 38 38 38 38 38 38 38 38 38 38 38 38 38 38 38 38 38 38 38 38 38 38 38 38 38 38 38 38 38 38 38 38 38 38 38 38 38 38 38 38 38 38 38 38 38 38 38 38 38 38 38 38 38 38 38 38 38 38 38 38 38 38 38 38 38 38 38 38 38 38 38 38 38 38 38 38 38 38 38 38 38 38 38 38 38 38 38 38 37 37 37 37 37 37 37 37 38 38 38 38 38 37 37 37 37 37 37 37 37 37 37 37 37 37 37 37 37 37 37 37 37 37 37 37 37 37 37 37 37 37 37 37 37 37 37 37 37 37 37 36 36 36 37 37 37 37 37 37 37 37 37 37 37 37 37 37 37 37 37 37 37 37 37 37 37 37 37 37 37 37 37 37 37 37 37 37 37 37 37 37 37 37 37 37 37 37 37 37 37 37 37 37 37 37 37 37 37 37 37 37 37 37 37 37 37 37 37 37 37 37 37 38 38 38 38 38 38 38 38 38 38 38 38 38 38 38 38 38 38 38 38 38 38 38 38 38 38 38 38 38 38 38 38 38 38 38 38 38 38 38 38 38 38 38 38 38 38 38 38 38 38 38 38 38 38 38 38 38 38 38 38 38 38 38 38 38 38 38 38 38 38 38 38 38 38 38 38 38 38 38 38 38 38 38 38 38 38 38 38 38 38 38 38 38 38 38 38 38 37 37 37 37 37 37 37 37 37 38 38 38 38 37 37 37 37 37 37 37 37 37 37 37 37 37 37 37 37 37 37 37 37 37 37 37 37 37 37 37 37 37 37 37 37 37 37 37 37 37 37 37 36 36 36 37 37 37 37 37 37 37 37 37 37 37 37 37 37 37 37 37 37 37 37 37 37 37 37 37 37 37 37 37 37 37 37 37 37 37 37 37 37 37 37 37 37 37 37 37 37 37 37 37 37 37 37 37 37 37 37 37 37 37 37 37 37 37 37 37 37 37 37 37 37 37 37 38 38 38 38 38 38 38 38 38 38 38 38 38 38 38 38 38 38 38 38 38 38 38 38 38 38 38 38 38 38 38 38 38 38 38 38 38 38 38 38 38 38 38 38 38 38 38 38 38 38 38 38 38 38 38 38 38 38 38 38 38 38 38 38 38 38 38 38 38 38 38 38 38 38 38 38 38 38 38 38 38 38 38 38 38 38 38 38 38 38 38 38 38 38 37 37 37 37 37 37 37 37 37 37 37 38 38 38 37 37 37 37 37 37 37 37 37 37 37 37 37 37 37 37 37 37 37 37 37 37 37 37 37 37 37 37 37 37 37 37 37 37 37 37 37 37 37 37 36 36 37 37 37 37 37 37 37 37 37 37 37 37 37 37 37 37 37 37 37 37 37 37 37 37 37 37 37 37 37 37 37 37 37 37 37 37 37 37 37 37 37 37 37 37 37 37 37 37 37 37 37 37 37 37 37 37 37 37 37 37 37 37 37 37 37 37 37 37 37 37 37 37 37 37 37 37 37 37 38 38 38 38 38 38 38 38 38 38 38 38 38 38 38 38 38 38 38 38 38 38 38 38 38 38 38 38 38 38 38 38 38 38 38 38 38 38 38 38 38 38 38 38 38 38 38 38 38 38 38 38 38 38 38 38 38 38 38 38 38 38 38 38 38 38 38 38 38 38 38 38 38 38 38 38 38 38 38 38 38 38 38 38 38 38 38 38 37 37 37 37 37 37 37 37 37 37 37 37 38 37 37 37 37 37 37 37 37 37 37 37 37 37 37 37 37 37 37 37 37 37 37 37 37 37 37 37 37 37 37 37 37 37 37 37 37 37 37 37 37 37 37 36 36 36 36 36 36 36 36 36 36 36 36 36 36 36 36 36 36 36 36 36 36 36 36 36 36 36 37 37 37 37 37 37 37 37 37 37 37 37 37 37 37 37 37 37 37 37 37 37 37 37 37 37 37 37 37 37 37 37 37 37 37 37 37 37 37 37 37 37 37 37 37 37 37 37 37 37 37 37 38 38 38 38 38 38 38 38 38 38 38 38 38 38 38 38 38 38 38 38 38 38 38 38 38 38 38 38 38 38 38 38 38 38 38 38 38 38 38 38 38 38 38 38 38 38 38 38 38 38 38 38 38 38 38 38 38 38 38 38 38 38 38 38 38 38 38 38 38 38 38 38 38 38 38 38 38 38 38 38 38 38 38 38 38 38 38 37 37 37 37 37 37 37 37 37 37 37 37 37 37 37 37 37 37 37 37 37 37 37 37 37 37 37 37 37 37 37 37 37 37 37 37 37 37 37 37 37 37 37 37 37 37 37 37 37 37 37 37 37 37 37 36 36 36 36 36 36 36 36 36 36 36 36 36 36 36 36 36 36 36 36 36 36 36 36 36 36 36 36 36 36 36 36 36 37 37 37 37 37 37 37 37 37 37 37 37 37 37 37 37 37 37 37 37 37 37 37 37 37 37 37 37 37 37 37 37 37 37 37 37 37 37 37 37 37 37 37 37 37 37 37 37 37 37 38 38 38 38 38 38 38 38 38 38 38 38 38 38 38 38 38 38 38 38 38 38 38 38 38 38 38 38 38 38 38 38 38 38 38 38 38 38 38 38 38 38 38 38 38 38 38 38 38 38 38 38 38 38 38 38 38 38 38 38 38 38 38 38 38 38 38 38 38 38 38 38 38 38 38 38 38 38 38 38 38 38 38 38 38 37 37 37 37 37 37 37 37 37 37 37 37 37 37 37 37 37 37 37 37 37 37 37 37 37 37 37 37 37 37 37 37 37 37 37 37 37 37 37 37 37 37 37 37 37 37 37 37 37 37 37 37 37 37 37 37 37 36 36 36 36 36 36 36 36 36 36 36 36 36 36 36 36 36 36 36 36 36 36 36 36 36 36 36 36 36 36 36 36 36 36 36 37 37 37 37 37 37 37 37 37 37 37 37 37 37 37 37 37 37 37 37 37 37 37 37 37 37 37 37 37 37 37 37 37 37 37 37 37 37 37 37 37 37 37 37 37 37 37 37 37 37 38 38 38 38 38 38 38 38 38 38 38 38 38 38 38 38 38 38 38 38 38 38 38 38 38 38 38 38 38 38 38 38 38 38 38 38 38 38 38 38 38 38 38 38 38 38 38 38 38 38 38 38 38 38 38 38 38 38 38 38 38 38 38 38 38 38 38 38 38 38 38 38 38 38 38 38 38 38 38 38 37 37 37 37 37 37 37 37 37 37 37 37 37 37 37 37 37 37 37 37 37 37 37 37 37 37 37 37 37 37 37 37 37 37 37 37 37 37 37 37 37 37 37 37 37 37 37 37 37 37 37 37 37 37 37 37 37 37 36 36 36 36 36 36 36 36 36 36 36 36 36 36 36 36 36 36 36 36 36 36 36 36 36 36 36 36 36 36 36 36 36 36 36 36 36 36 36 36 36 36 36 36 37 37 37 37 37 37 37 37 37 37 37 37 37 37 37 37 37 37 37 37 37 37 37 37 37 37 37 37 37 37 37 37 37 37 37 37 37 37 37 37 37 37 38 38 38 38 38 38 38 38 38 38 38 38 38 38 38 38 38 38 38 38 38 38 38 38 38 38 38 38 38 38 38 38 38 38 38 38 38 38 38 38 38 38 38 38 38 38 38 38 38 38 38 38 38 38 38 38 38 38 38 38 38 38 38 38 38 38 38 38 38 38 38 38 38 38 38 38 38 37 37 37 37 37 37 37 37 37 37 37 37 37 37 37 37 37 37 37 37 37 37 37 37 37 37 37 37 37 37 37 37 37 37 37 37 37 37 37 37 37 37 37 37 37 37 37 37 37 37 37 37 37 37 37 37 37 37 37 36 36 36 36 36 36 36 36 36 36 36 36 36 36 36 36 36 36 36 36 36 36 36 36 36 36 36 36 36 36 36 36 36 36 36 36 36 36 36 36 36 36 36 36 36 36 36 36 36 36 37 37 37 37 37 37 37 37 37 37 37 37 37 37 37 37 37 37 37 37 37 37 37 37 37 37 37 37 37 37 37 37 37 37 37 37 37 37 37 38 38 38 38 38 38 38 38 38 38 38 38 38 38 38 38 38 38 38 38 38 38 38 38 38 38 38 38 38 38 38 38 38 38 38 38 38 38 38 38 38 38 38 38 38 38 38 38 38 38 38 38 38 38 38 38 38 38 38 38 38 38 38 38 38 38 38 38 38 38 38 38 37 37 37 37 37 37 37 37 37 37 37 37 37 37 37 37 37 37 37 37 37 37 37 37 37 37 37 37 37 37 37 37 37 37 37 37 37 37 37 37 37 37 37 37 37 37 37 37 37 37 37 37 37 37 37 37 37 37 36 36 36 36 36 36 36 36 36 36 36 36 36 36 36 36 36 36 36 36 36 36 36 36 36 36 36 36 36 36 36 36 36 36 36 36 36 36 36 36 36 36 36 36 36 36 36 36 36 36 36 36 36 36 36 36 36 36 36 36 37 37 37 37 37 37 37 37 37 37 37 37 37 37 37 37 37 37 37 37 37 37 37 37 37 37 37 37 37 37 37 37 37 37 37 38 38 38 38 38 38 38 38 38 38 38 38 38 38 38 38 38 38 38 38 38 38 38 38 38 38 38 38 38 38 38 38 38 38 38 38 38 38 38 38 38 38 38 38 38 38 38 38 38 38 38 38 38 38 38 38 38 38 38 38 38 38 38 38 38 38 38 38 38 37 37 37 37 37 37 37 37 37 37 37 37 37 37 37 37 37 37 37 37 37 37 37 37 37 37 37 37 37 37 37 37 37 37 37 37 37 37 37 37 37 37 37 37 37 37 37 37 37 37 37 37 37 37 37 37 37 37 37 36 36 36 36 36 36 36 36 36 36 36 36 36 36 36 36 36 36 36 36 36 36 36 36 36 36 36 36 36 36 36 36 36 36 36 36 36 36 36 36 36 36 36 36 36 36 36 36 36 36 36 36 36 36 36 36 36 36 36 36 36 36 36 36 36 36 36 36 37 37 37 37 37 37 37 37 37 37 37 37 37 37 37 37 37 37 37 37 37 37 37 37 37 37 37 37 37 37 37 37 37 38 38 38 38 38 38 38 38 38 38 38 38 38 38 38 38 38 38 38 38 38 38 38 38 38 38 38 38 38 38 38 38 38 38 38 38 38 38 38 38 38 38 38 38 38 38 38 38 38 38 38 38 38 38 38 38 38 38 38 38 38 38 38 37 37 37 37 37 37 37 37 37 37 37 37 37 37 37 37 37 37 37 37 37 37 37 37 37 37 37 37 37 37 37 37 37 37 37 37 37 37 37 37 37 37 37 37 37 37 37 37 37 37 37 37 37 37 37 37 37 37 37 37 37 36 36 36 36 36 36 36 36 36 36 36 36 36 36 36 36 36 36 36 36 36 36 36 36 36 36 36 36 36 36 36 36 36 36 36 36 36 36 36 36 36 36 36 36 36 36 36 36 36 36 36 36 36 36 36 36 36 36 36 36 36 36 36 36 36 36 36 36 36 36 36 36 36 36 36 37 37 37 37 37 37 37 37 37 37 37 37 37 37 37 37 37 37 37 37 37 37 37 37 37 37 37 37 37 37 37 38 38 38 38 38 38 38 38 38 38 38 38 38 38 38 38 38 38 38 38 38 38 38 38 38 38 38 38 38 38 38 38 38 38 38 38 38 38 38 38 38 38 38 38 38 38 38 38 38 38 38 38 38 38 38 38 38 38 37 38 37 37 37 37 37 37 37 37 37 37 37 37 37 37 37 37 37 37 37 37 37 37 37 37 37 37 37 37 37 37 37 37 37 37 37 37 37 37 37 37 37 37 37 37 37 37 37 37 37 37 37 37 37 37 37 37 37 37 37 37 37 37 36 36 36 36 36 36 36 36 36 36 36 36 36 36 36 36 36 36 36 36 36 36 35 35 35 35 35 35 35 35 35 35 35 35 35 35 35 35 36 36 36 36 36 36 36 36 36 36 36 36 36 36 36 36 36 36 36 36 36 36 36 36 36 36 36 36 36 36 36 36 36 36 36 36 36 36 36 36 36 36 36 37 37 37 37 37 37 37 37 37 37 37 37 37 37 37 37 37 37 37 37 37 37 37 37 37 37 37 37 37 37 37 38 38 38 38 38 38 38 38 38 38 38 38 38 38 38 38 38 38 38 38 38 38 38 38 38 38 38 38 38 38 38 38 38 38 38 38 38 38 38 38 38 38 38 38 38 38 38 38 38 38 38 38 37 37 37 37 37 37 37 37 37 37 37 37 37 37 37 37 37 37 37 37 37 37 37 37 37 37 37 37 37 37 37 37 37 37 37 37 37 37 37 37 37 37 37 37 37 37 37 37 37 37 37 37 37 37 37 37 37 37 37 37 37 37 37 37 37 36 36 36 36 36 36 36 36 36 36 36 36 36 36 36 35 35 35 35 35 35 35 35 35 35 35 35 35 35 35 35 35 35 35 35 35 35 35 35 35 35 35 35 36 36 36 36 36 36 36 36 36 36 36 36 36 36 36 36 36 36 36 36 36 36 36 36 36 36 36 36 36 36 36 36 36 36 36 36 36 36 36 37 37 37 37 37 37 37 37 37 37 37 37 37 37 37 37 37 37 37 37 37 37 37 37 37 37 37 37 38 37 38 38 38 38 38 38 38 38 38 38 38 38 38 38 38 38 38 38 38 38 38 38 38 38 38 38 38 38 38 38 38 38 38 38 38 38 38 38 38 38 38 38 38 38 38 38 37 37 37 37 37 37 37 37 37 37 37 37 37 37 37 37 37 37 37 37 37 37 37 37 37 37 37 37 37 37 37 37 37 37 37 37 37 37 37 37 37 37 37 37 37 37 37 37 37 37 37 37 37 37 37 37 37 37 37 37 37 37 37 37 37 37 37 36 36 36 36 36 36 36 36 36 36 36 36 36 36 36 36 36 35 35 35 35 35 35 35 35 35 35 35 35 35 35 35 35 35 35 35 35 35 35 35 35 35 36 36 36 36 36 36 36 36 36 36 36 36 36 36 36 36 36 36 36 36 36 36 36 36 36 36 36 36 36 36 36 36 36 36 36 36 36 36 36 36 36 36 37 37 37 37 37 37 37 37 37 37 37 37 37 37 37 37 37 37 37 37 37 37 37 37 37 37 37 37 37 37 38 38 38 38 38 38 38 38 38 38 38 38 38 38 38 38 38 38 38 38 38 38 38 38 38 38 38 38 38 38 38 38 38 38 38 38 38 38 38 38 37 37 37 37 37 37 37 37 37 37 37 37 37 37 37 37 37 37 37 37 37 37 37 37 37 37 37 37 37 37 37 37 37 37 37 37 37 37 37 37 37 37 37 37 37 37 37 37 37 37 37 37 37 37 37 37 37 37 37 37 37 37 37 37 37 37 37 37 36 36 36 36 36 36 36 36 36 36 36 36 36 36 36 36 36 36 36 35 35 35 35 35 35 35 35 35 35 35 35 35 35 35 35 35 35 35 35 35 35 36 35 35 36 36 36 36 36 36 36 36 36 36 36 36 36 36 36 36 36 36 36 36 36 36 36 36 36 36 36 36 36 36 36 36 36 36 36 36 36 36 36 36 36 37 37 37 37 37 37 37 37 37 37 37 37 37 37 37 37 37 37 37 37 37 37 37 37 37 37 37 38 38 38 38 38 38 38 38 38 38 38 38 38 38 38 38 38 38 38 38 38 38 38 38 38 38 38 38 38 38 38 38 37 37 38 38 37 37 37 37 37 37 37 37 37 37 37 37 37 37 37 37 37 37 37 37 37 37 37 37 37 37 37 37 37 37 37 37 37 37 37 37 37 37 37 37 37 37 37 37 37 37 37 37 37 37 37 37 37 37 37 37 37 37 37 37 37 37 37 37 37 37 37 37 37 37 37 36 36 36 36 36 36 36 36 36 36 36 36 36 36 36 36 36 36 36 36 36 35 35 35 35 35 35 35 35 35 35 35 35 35 35 35 35 35 35 35 36 36 36 36 36 36 36 36 36 36 36 36 36 36 36 36 36 36 36 36 36 36 36 36 36 36 36 36 36 36 36 36 36 36 36 36 36 36 36 37 37 37 37 37 37 37 37 37 37 37 37 37 37 37 37 37 37 37 37 37 37 37 37 37 37 37 37 38 38 38 38 38 38 38 38 38 38 38 38 38 38 38 38 38 38 38 38 38 38 38 38 38 38 38 38 38 37 37 37 37 37 37 37 37 37 37 37 37 37 37 37 37 37 37 37 37 37 37 37 37 37 37 37 37 37 37 37 37 37 37 37 37 37 37 37 37 37 37 37 37 37 37 37 37 37 37 37 37 37 37 37 37 37 37 37 37 37 37 37 37 37 37 37 37 37 37 37 37 37 36 36 36 36 36 36 36 36 36 36 36 36 36 36 36 36 36 36 36 36 36 36 35 35 35 35 35 35 35 35 35 35 35 35 35 35 35 35 35 35 35 35 35 35 35 36 36 36 36 36 36 36 36 36 36 36 36 36 36 36 36 36 36 36 36 36 36 36 36 36 36 36 36 36 36 36 36 36 36 36 36 37 37 37 37 37 37 37 37 37 37 37 37 37 37 37 37 37 37 37 37 37 37 37 37 37 37 37 38 38 38 38 38 38 38 38 38 38 38 38 38 38 38 38 38 38 38 38 38 38 38 37 37 37 37 37 37 37 37 37 37 37 37 37 37 37 37 37 37 37 37 37 37 37 37 37 37 37 37 37 37 37 37 37 37 37 37 37 37 37 37 37 37 37 37 37 37 37 37 37 37 37 37 37 37 37 37 37 37 37 37 37 37 37 37 37 37 37 37 37 37 37 37 37 37 37 37 36 36 36 36 36 36 36 36 36 36 36 36 36 36 36 36 36 36 36 36 36 36 35 35 35 35 35 35 35 35 35 35 35 35 35 35 35 35 35 35 35 35 35 35 35 35 35 35 35 36 36 36 36 36 36 36 36 36 36 36 36 36 36 36 36 36 36 36 36 36 36 36 36 36 36 36 36 36 36 36 37 37 37 37 37 37 37 37 37 37 37 37 37 37 37 37 37 37 37 37 37 37 37 37 37 37 37 37 37 37 38 38 38 38 38 38 38 38 38 38 38 38 38 38 38 38 38 38 38 38 37 37 37 37 37 37 37 37 37 37 37 37 37 37 37 37 37 37 37 37 37 37 37 37 37 37 37 37 37 37 37 37 37 37 37 37 37 37 37 37 37 37 37 37 37 37 37 37 37 37 37 37 37 37 37 37 37 37 37 37 37 37 37 37 37 37 37 37 37 37 37 37 37 37 36 36 36 36 36 36 36 36 36 36 36 36 36 36 36 36 36 36 36 36 36 36 35 35 35 35 35 35 35 35 35 35 35 35 35 35 35 35 35 35 35 35 35 35 35 35 35 35 35 35 35 35 35 36 36 36 36 36 36 36 36 36 36 36 36 36 36 36 36 36 36 36 36 36 36 36 36 36 36 36 36 37 37 37 37 37 37 37 37 37 37 37 37 37 37 37 37 37 37 37 37 37 37 37 37 37 37 37 37 37 37 37 38 38 38 38 38 38 38 38 38 38 38 38 38 38 38 38 38 38 37 37 37 37 37 37 37 37 37 37 37 37 37 37 37 37 37 37 37 37 37 37 37 37 37 37 37 37 37 37 37 37 37 37 37 37 37 37 37 37 37 37 37 37 37 37 37 37 37 37 37 37 37 37 37 37 37 37 37 37 37 37 37 37 37 37 37 37 37 37 37 37 37 36 36 36 36 36 36 36 36 36 36 36 36 36 36 36 36 36 36 36 36 36 34 34 34 34 34 34 35 35 35 35 35 35 35 35 35 35 35 35 35 35 35 35 35 35 35 35 35 35 35 35 35 35 35 35 35 36 36 36 36 36 36 36 36 36 36 36 36 36 36 36 36 36 36 36 36 36 36 36 36 36 36 37 37 37 37 37 37 37 37 37 37 37 37 37 37 37 37 37 37 37 37 37 37 37 37 37 37 37 37 37 37 38 38 38 38 38 38 38 38 38 38 38 38 38 38 38 38 37 37 37 37 37 37 37 37 37 37 37 37 37 37 37 37 37 37 37 37 37 37 37 37 37 37 37 37 37 37 37 37 37 37 37 37 37 37 37 37 37 37 37 37 37 37 37 37 37 37 37 37 37 37 37 37 37 37 37 37 37 37 37 37 37 37 37 37 37 37 37 36 36 36 36 36 36 36 36 36 36 36 36 36 36 36 36 36 36 36 36 36 36 36 34 34 34 34 34 34 34 34 34 34 34 34 34 34 34 34 35 35 35 35 35 35 35 35 35 35 35 35 35 35 35 35 35 35 35 35 35 35 35 35 35 35 35 35 35 35 36 36 36 36 36 36 36 36 36 36 36 36 36 36 36 36 36 36 36 36 36 36 36 36 36 37 37 37 37 37 37 37 37 37 37 37 37 37 37 37 37 37 37 37 37 37 37 37 37 37 37 37 37 37 37 37 37 38 38 37 37 37 37 37 37 37 37 37 37 37 37 37 37 37 37 37 37 37 37 37 37 37 37 37 37 37 37 37 37 37 37 37 37 37 37 37 37 37 37 37 37 37 37 37 37 37 37 37 37 37 37 37 37 37 37 37 37 37 36 36 37 37 37 37 37 37 37 37 37 37 37 37 37 37 37 37 37 37 36 36 36 36 36 36 36 36 36 36 36 36 36 36 36 36 36 36 36 36 36 36 36 36 36 34 34 34 34 34 34 34 34 34 34 34 34 34 34 34 34 34 34 34 34 34 35 35 35 35 35 35 35 35 35 35 35 35 35 35 35 35 35 35 35 35 35 35 35 35 35 35 35 35 35 35 35 35 35 35 36 36 36 36 36 36 36 36 36 36 36 36 36 36 36 36 36 36 36 36 36 36 36 37 37 37 37 37 37 37 37 37 37 37 37 37 37 37 37 37 37 37 37 37 37 37 37 37 37 37 37 37 37 37 37 37 37 37 37 37 37 37 37 37 37 37 37 37 37 37 37 37 37 37 37 37 37 37 37 37 37 37 37 37 37 37 37 37 37 37 37 37 37 37 37 37 37 37 37 37 37 37 37 37 37 37 37 37 37 37 37 37 36 36 36 36 37 37 37 37 37 37 37 37 37 37 37 37 37 37 37 37 36 36 36 36 36 36 36 36 36 36 36 36 36 36 36 36 36 36 36 36 36 36 36 36 36 36 36 36 36 36 36 36 36 36 34 34 34 34 34 34 34 34 34 34 34 34 34 34 34 34 34 34 34 34 34 34 34 34 34 35 35 35 35 35 35 35 35 35 35 35 35 35 35 35 35 35 35 35 35 35 35 35 35 35 35 35 35 35 35 35 35 36 36 36 36 36 36 36 36 36 36 36 36 36 36 36 36 36 36 36 36 36 36 36 37 37 37 37 37 37 37 37 37 37 37 37 37 37 37 37 37 37 37 37 37 37 37 37 37 37 37 37 37 37 37 37 37 37 37 37 37 37 37 37 37 37 37 37 37 37 37 37 37 37 37 37 37 37 37 37 37 37 37 37 37 37 37 37 37 37 37 37 37 37 37 37 37 37 37 37 37 37 37 37 37 37 37 37 36 36 36 36 36 36 36 37 37 37 37 37 37 37 37 37 37 37 37 37 36 36 36 36 36 36 36 36 36 36 36 36 36 36 36 36 36 36 36 36 36 36 36 36 36 36 36 36 36 36 36 36 36 36 36 36 36 36 36 34 34 34 34 34 34 34 34 34 34 34 34 34 34 34 34 34 34 34 34 34 34 34 34 34 34 34 34 34 35 35 35 35 35 35 35 35 35 35 35 35 35 35 35 35 35 35 35 35 35 35 35 35 35 35 35 35 35 35 35 36 36 36 36 36 36 36 36 36 36 36 36 36 36 36 36 36 36 36 36 36 36 37 37 37 37 37 37 37 37 37 37 37 37 37 37 37 37 37 37 37 37 37 37 37 37 37 37 37 37 37 37 37 37 37 37 37 37 37 37 37 37 37 37 37 37 37 37 37 37 37 37 37 37 37 37 37 37 37 37 37 37 37 37 37 37 37 37 37 37 37 37 37 37 37 37 37 37 37 37 37 36 36 36 36 36 36 36 36 36 36 37 37 37 37 37 37 37 37 37 37 36 36 36 36 36 36 36 36 36 36 36 36 36 36 36 36 36 36 36 36 36 36 36 36 36 36 36 36 36 36 36 36 36 36 36 36 36 36 36 36 36 36 36 36 34 34 34 34 34 34 34 34 34 34 34 34 34 34 34 34 34 34 34 34 34 34 34 34 34 34 34 34 34 34 34 34 34 34 34 35 35 35 35 35 35 35 35 35 35 35 35 35 35 35 35 35 35 35 35 35 35 35 35 35 35 35 35 35 36 36 36 36 36 36 36 36 36 36 36 36 36 36 36 36 36 36 36 36 37 37 37 37 37 37 37 37 37 37 37 37 37 37 37 37 37 37 37 37 37 37 37 37 37 37 37 37 37 37 37 37 37 37 37 37 37 37 37 37 37 37 37 37 37 37 37 37 37 37 37 37 37 37 37 37 37 37 37 37 37 37 37 37 37 37 37 37 37 37 37 37 37 36 36 37 36 36 36 36 36 36 36 36 36 36 36 36 37 37 37 37 37 37 37 36 36 36 36 36 36 36 36 36 36 36 36 36 36 36 36 36 36 36 36 36 36 36 36 36 36 36 36 36 36 36 36 36 36 36 36 36 36 36 36 36 36 36 36 36 36 36 36 33 33 33 33 33 33 33 33 33 33 33 34 34 34 34 34 34 34 34 34 34 34 34 34 34 34 34 34 34 34 34 34 34 34 34 34 34 34 35 35 35 35 35 35 35 35 35 35 35 35 35 35 35 35 35 35 35 35 35 35 35 35 35 35 35 35 36 36 36 36 36 36 36 36 36 36 36 36 36 36 36 36 36 36 36 37 37 37 37 37 37 37 37 37 37 37 37 37 37 37 37 37 37 37 37 37 37 37 37 37 37 37 37 37 37 37 37 37 37 37 37 37 37 37 37 37 37 37 37 37 37 37 37 37 37 37 37 37 37 37 37 37 37 37 37 37 37 37 37 37 37 37 36 36 36 36 36 36 36 36 36 36 36 36 36 36 36 36 36 36 36 37 37 37 37 36 36 36 36 36 36 36 36 36 36 36 36 36 36 36 36 36 36 36 36 36 36 36 36 36 36 36 36 36 36 36 36 36 36 36 36 36 36 36 36 36 36 36 36 36 36 36 36 36 36 36 36 33 33 33 33 33 33 33 33 33 33 33 33 33 33 33 33 33 33 33 34 34 34 34 34 34 34 34 34 34 34 34 34 34 34 34 34 34 34 34 34 34 35 35 35 35 35 35 35 35 35 35 35 35 35 35 35 35 35 35 35 35 35 35 35 35 35 35 36 36 36 36 36 36 36 36 36 36 36 36 36 36 36 36 36 36 36 37 37 37 37 37 37 37 37 37 37 37 37 37 37 37 37 37 37 37 37 37 37 37 37 37 37 37 37 37 37 37 37 37 37 37 37 37 37 37 37 37 37 37 37 37 37 37 37 37 37 37 37 37 37 37 37 37 37 37 37 37 37 36 36 36 36 36 36 36 36 36 36 36 36 36 36 36 36 36 36 36 36 36 36 37 36 36 36 36 36 36 36 36 36 36 36 36 36 36 36 36 36 36 36 36 36 36 36 36 36 36 36 36 36 36 36 36 36 36 36 36 36 36 36 36 36 36 36 36 36 36 36 36 36 36 36 36 36 36 33 33 33 33 33 33 33 33 33 33 33 33 33 33 33 33 33 33 34 34 34 34 34 34 34 34 34 34 34 34 34 34 34 34 34 34 34 34 34 34 34 34 34 35 35 35 35 35 35 35 35 35 35 35 35 35 35 35 35 35 35 35 35 35 35 35 35 36 36 36 36 36 36 36 36 36 36 36 36 36 36 36 36 36 36 36 37 37 37 37 37 37 37 37 37 37 37 37 37 37 37 37 37 37 37 37 37 37 37 37 37 37 37 37 37 37 37 37 37 37 37 37 37 37 37 37 37 37 37 37 37 37 37 37 37 37 37 37 37 37 37 37 36 36 36 36 36 36 36 36 36 36 36 36 36 36 36 36 36 36 36 36 36 36 36 36 36 36 36 36 36 36 36 36 36 36 36 36 36 36 36 36 36 36 36 36 36 36 36 36 36 36 36 36 36 36 36 36 36 36 36 36 36 36 36 36 36 36 36 36 36 36 36 36 36 36 36 36 36 36 36 36 33 33 33 33 33 33 33 33 33 33 33 33 33 33 33 33 33 34 34 34 34 34 34 34 34 34 34 34 34 34 34 34 34 34 34 34 34 34 34 34 34 34 34 34 34 35 35 35 35 35 35 35 35 35 35 35 35 35 35 35 35 35 35 35 35 35 35 35 36 36 36 36 36 36 36 36 36 36 36 36 36 36 36 36 36 36 37 37 37 37 37 37 37 37 37 37 37 37 37 37 37 37 37 37 37 37 37 37 37 37 37 37 37 37 37 37 37 37 37 37 37 37 37 37 37 37 37 37 37 37 37 37 37 37 37 37 37 37 37 36 36 36 36 36 36 36 36 36 36 36 36 36 36 36 36 36 36 36 36 36 36 36 36 36 36 36 36 36 36 36 36 36 36 36 36 36 36 36 36 36 36 36 36 36 36 36 36 36 36 36 36 36 36 36 36 36 36 36 36 36 36 36 36 36 36 36 36 36 36 36 36 36 36 36 36 36 36 36 36 36 36 36 36 36 33 33 33 33 33 33 33 33 33 33 33 33 33 33 33 33 33 33 33 33 33 34 34 34 34 34 34 34 34 34 34 34 34 34 34 34 34 34 34 34 34 34 34 34 34 34 34 34 34 34 35 35 35 35 35 35 35 35 35 35 35 35 35 35 35 35 35 35 35 35 36 36 36 36 36 36 36 36 36 36 36 36 36 36 36 36 36 36 36 36 36 36 36 37 37 37 37 37 37 37 37 37 37 37 37 37 37 37 37 37 37 37 37 37 37 37 37 37 36 36 36 36 36 36 36 36 36 36 36 36 36 36 36 36 36 36 36 36 36 36 36 36 36 36 36 36 36 36 36 36 36 36 36 36 36 36 36 36 36 36 36 36 36 36 36 36 36 36 36 36 36 36 36 36 36 36 36 36 36 36 36 36 36 36 36 36 36 36 36 36 36 36 36 36 36 36 36 36 35 35 35 35 35 35 35 35 35 35 35 35 35 35 35 35 35 35 36 36 36 36 36 36 36 36 36 36 36 33 33 33 33 33 33 33 33 33 33 33 33 33 33 33 33 33 33 33 33 33 33 33 33 33 33 33 33 33 34 34 34 34 34 34 34 34 34 34 34 34 34 34 34 34 34 34 34 34 34 34 34 34 34 35 35 35 35 35 35 35 35 35 35 35 35 35 35 35 35 35 35 35 36 36 36 36 36 36 36 36 36 36 36 36 36 36 36 36 36 36 36 36 36 36 36 37 37 37 37 37 37 37 37 37 37 37 37 37 37 37 37 37 37 37 36 36 36 36 36 36 36 36 36 36 36 36 36 36 36 36 36 36 36 36 36 36 36 36 36 36 36 36 36 36 36 36 36 36 36 36 36 36 36 36 36 36 36 36 36 36 36 36 36 36 36 35 36 36 36 36 36 36 36 36 36 36 36 36 36 36 36 36 36 36 36 36 36 36 36 36 36 36 36 36 36 35 35 35 35 35 35 35 35 35 35 35 35 35 35 35 35 35 35 35 35 35 36 36 36 36 36 36 36 36 36 36 36 32 32 32 33 33 33 33 33 33 33 33 33 33 33 33 33 33 33 33 33 33 33 33 33 33 33 33 33 33 33 33 33 33 33 33 33 33 33 34 34 34 34 34 34 34 34 34 34 34 34 34 34 34 34 34 34 34 34 34 34 34 34 34 35 35 35 35 35 35 35 35 35 35 35 35 35 35 35 35 35 35 36 36 36 36 36 36 36 36 36 36 36 36 36 36 36 36 36 36 36 36 36 36 37 37 37 37 37 37 37 37 37 37 37 37 37 37 36 36 36 36 36 36 36 36 36 36 36 36 36 36 36 36 36 36 36 36 36 36 36 36 36 36 36 36 36 36 36 36 36 36 36 36 36 36 36 36 36 36 36 36 36 36 36 36 36 36 36 36 36 35 35 35 36 36 36 36 36 36 36 36 36 36 36 36 36 36 36 36 36 36 36 36 36 36 36 36 36 36 35 35 35 35 35 35 35 35 35 35 35 35 35 35 35 35 35 35 35 35 35 35 35 35 36 36 36 36 36 36 36 36 36 36 36 36 32 32 32 32 32 32 32 32 32 32 32 32 33 33 33 33 33 33 33 33 33 33 33 33 33 33 33 33 33 33 33 33 33 33 33 33 33 33 33 33 33 33 33 34 34 34 34 34 34 34 34 34 34 34 34 34 34 34 34 34 34 34 34 34 34 34 34 35 35 35 35 35 35 35 35 35 35 35 35 35 35 35 35 35 36 36 36 36 36 36 36 36 36 36 36 36 36 36 36 36 36 36 36 36 36 36 37 37 37 37 37 37 37 37 37 36 36 36 36 36 36 36 36 36 36 36 36 36 36 36 36 36 36 36 36 36 36 36 36 36 36 36 36 36 36 36 36 36 36 36 36 36 36 36 36 36 36 36 36 36 36 36 36 36 36 36 36 35 35 35 35 35 35 35 36 36 36 36 36 36 36 36 36 36 36 36 36 36 36 36 36 36 36 36 36 36 36 35 35 35 35 35 35 35 35 35 35 35 35 35 35 35 35 35 35 35 35 35 35 35 35 35 35 35 36 36 36 36 36 36 36 36 36 36 36 36 32 32 32 32 32 32 32 32 32 32 32 32 32 32 32 32 32 32 32 32 32 32 33 33 33 33 33 33 33 33 33 33 33 33 33 33 33 33 33 33 33 33 33 33 33 33 33 34 34 34 34 34 34 34 34 34 34 34 34 34 34 34 34 34 34 34 34 34 34 35 35 35 35 35 35 35 35 35 35 35 35 35 35 35 35 35 36 36 36 36 36 36 36 36 36 36 36 36 36 36 36 36 36 36 36 36 36 36 36 36 36 36 36 36 36 36 36 36 36 36 36 36 36 36 36 36 36 36 36 36 36 36 36 36 36 36 36 36 36 36 36 36 36 36 36 36 36 36 36 36 36 36 36 36 36 36 36 36 36 36 36 36 35 35 35 35 35 35 35 35 35 35 35 35 36 36 36 36 36 36 36 36 36 36 36 36 36 36 36 36 36 36 36 36 35 35 35 35 35 35 35 35 35 35 35 35 35 35 35 35 35 35 35 35 35 35 35 35 35 35 35 35 35 35 36 36 36 36 36 36 36 36 36 36 36 36 36 36 32 32 32 32 32 32 32 32 32 32 32 32 32 32 32 32 32 32 32 32 32 32 32 33 33 33 33 33 33 33 33 33 33 33 33 33 33 33 33 33 33 33 33 33 33 33 33 33 33 34 34 34 34 34 34 34 34 34 34 34 34 34 34 34 34 34 34 34 34 34 34 35 35 35 35 35 35 35 35 35 35 35 35 35 35 35 36 36 36 36 36 36 36 36 36 36 36 36 36 36 36 36 36 36 36 36 36 36 36 36 36 36 36 36 36 36 36 36 36 36 36 36 36 36 36 36 36 36 36 36 36 36 36 36 36 36 36 36 36 36 36 36 36 36 36 36 36 36 36 36 36 36 36 36 36 36 36 36 35 35 35 35 35 35 35 35 35 35 35 35 35 35 35 36 36 36 36 36 36 36 36 36 36 36 36 36 36 36 36 35 35 35 35 35 35 35 35 35 35 35 35 35 35 35 35 35 35 35 35 35 35 35 35 35 35 35 35 35 35 35 35 35 35 36 36 36 36 36 36 36 36 36 36 36 36 36 35 35 32 32 32 32 32 32 32 32 32 32 32 32 32 32 32 32 32 32 32 32 32 32 32 32 33 33 33 33 33 33 33 33 33 33 33 33 33 33 33 33 33 33 33 33 33 33 33 33 33 33 33 34 34 34 34 34 34 34 34 34 34 34 34 34 34 34 34 34 34 34 34 35 35 35 35 35 35 35 35 35 35 35 35 35 35 35 36 36 36 36 36 36 36 36 36 36 36 36 36 36 36 36 36 36 36 36 36 36 36 36 36 36 36 36 36 36 36 36 36 36 36 36 36 36 36 36 36 36 36 36 36 36 36 36 36 36 36 36 36 36 36 36 36 36 36 36 36 36 36 36 35 35 35 35 35 35 35 35 35 35 35 35 35 35 35 35 35 35 35 35 35 36 36 36 36 36 36 36 36 36 36 36 35 35 35 35 35 35 35 35 35 35 35 35 35 35 35 35 35 35 35 35 35 35 35 35 35 35 35 35 35 35 35 35 35 35 35 35 35 35 35 36 36 36 36 36 36 36 36 36 36 36 35 35 35 35 35 35 31 31 32 32 32 32 32 32 32 32 32 32 32 32 32 32 32 32 32 32 32 32 32 32 32 32 32 32 33 33 33 33 33 33 33 33 33 33 33 33 33 33 33 33 33 33 33 33 33 33 33 33 34 34 34 34 34 34 34 34 34 34 34 34 34 34 34 34 34 35 35 35 35 35 35 35 35 35 35 35 35 35 35 35 35 35 36 36 36 36 36 36 36 36 36 36 36 36 36 36 36 36 36 36 36 36 36 36 36 36 36 36 36 36 36 36 36 36 36 36 36 36 36 36 36 36 36 36 36 36 36 36 36 36 36 36 36 36 36 36 36 36 36 36 35 35 35 35 35 35 35 35 35 35 35 35 35 35 35 35 35 35 35 35 35 35 35 35 35 36 36 36 36 36 36 36 35 35 35 35 35 35 35 35 35 35 35 35 35 35 35 35 35 35 35 35 35 35 35 35 35 35 35 35 35 35 35 35 35 35 35 35 35 35 35 35 35 35 35 36 36 36 36 36 36 36 36 36 35 35 35 35 35 35 35 35 35 31 31 31 31 31 31 31 32 32 32 32 32 32 32 32 32 32 32 32 32 32 32 32 32 32 32 32 32 32 32 32 32 33 33 33 33 33 33 33 33 33 33 33 33 33 33 33 33 33 33 33 33 33 33 34 34 34 34 34 34 34 34 34 34 34 34 34 34 34 34 35 35 35 35 35 35 35 35 35 35 35 35 35 35 35 35 36 36 36 36 36 36 36 36 36 36 36 36 36 36 36 36 36 36 36 36 36 36 36 36 36 36 36 36 36 36 36 36 36 36 36 36 36 36 36 36 36 36 36 36 36 36 36 36 36 36 36 36 36 35 35 35 35 35 35 35 35 35 35 35 35 35 35 35 35 35 35 35 35 35 35 35 35 35 35 35 35 35 35 35 35 35 35 35 35 35 35 35 35 35 35 35 35 35 35 35 35 35 35 35 35 35 35 35 35 35 35 35 35 35 35 35 35 35 35 35 35 35 35 35 35 35 35 35 35 35 35 35 36 36 36 36 36 36 35 35 35 35 36 35 35 35 35 35 35 35 35 31 31 31 32 32 32 32 32 32 32 32 32 32 32 32 32 32 32 32 32 32 32 32 32 32 32 33 33 33 33 33 33 33 33 33 33 33 33 33 33 33 33 33 33 33 33 33 33 34 34 34 34 34 34 34 34 34 34 34 34 34 34 34 35 35 35 35 35 35 35 35 35 35 35 35 35 35 35 35 36 36 36 36 36 36 36 36 36 36 36 36 36 36 36 36 36 36 36 36 36 36 36 36 36 36 36 36 36 36 36 36 36 36 36 36 36 36 36 36 36 36 36 36 36 36 36 35 35 35 35 35 35 35 35 35 35 35 35 35 35 35 35 35 35 35 35 35 35 35 35 35 35 35 35 35 35 35 35 35 35 35 35 35 35 35 35 35 35 35 35 35 35 35 35 35 35 35 35 35 35 35 35 35 35 35 35 35 35 35 35 35 35 35 35 35 35 35 35 35 35 35 35 35 35 35 35 35 35 35 36 36 36 36 35 35 35 35 35 35 35 35 35 35 35 35 35 35 35 35 35 31 31 31 31 31 31 32 32 32 32 32 32 32 32 32 32 32 32 32 32 32 32 32 32 32 32 32 32 32 33 33 33 33 33 33 33 33 33 33 33 33 33 33 33 33 33 33 33 33 34 34 34 34 34 34 34 34 34 34 34 34 34 34 34 35 35 35 35 35 35 35 35 35 35 35 35 35 35 35 35 36 36 36 36 36 36 36 36 36 36 36 36 36 36 36 36 36 36 36 36 36 36 36 36 36 36 36 36 36 36 36 36 36 36 36 36 36 36 36 36 36 35 35 35 35 35 35 35 35 35 35 35 35 35 35 35 35 35 35 35 35 35 35 35 35 35 35 35 35 35 35 35 35 35 35 35 35 35 35 35 35 35 35 35 35 35 35 35 35 35 35 35 35 35 35 35 35 35 35 35 35 35 35 35 35 35 35 35 35 35 35 35 35 35 35 35 35 35 35 35 35 35 35 35 35 35 35 35 36 35 35 35 35 35 35 35 35 35 35 35 35 35 35 35 35 35 35 35 35 35 35 35 31 31 31 31 31 31 31 31 32 32 32 32 32 32 32 32 32 32 32 32 32 32 32 32 32 32 32 32 32 32 32 32 33 33 33 33 33 33 33 33 33 33 33 33 33 33 33 33 33 33 33 33 34 34 34 34 34 34 34 34 34 34 34 34 34 34 35 35 35 35 35 35 35 35 35 35 35 35 35 35 35 35 36 36 36 36 36 36 36 36 36 36 36 36 36 36 36 36 36 36 36 36 36 36 36 36 36 36 36 36 36 36 36 36 36 36 36 35 35 35 35 35 35 35 35 35 35 35 35 35 35 35 35 35 35 35 35 35 35 35 35 35 35 35 35 35 35 35 35 35 35 35 35 35 35 35 35 35 35 35 35 35 35 35 35 35 35 35 35 35 35 35 35 35 35 35 35 35 35 35 35 35 35 35 35 35 35 35 35 35 35 35 35 35 35 35 35 35 35 35 35 35 35 35 35 35 35 35 35 35 35 35 35 35 35 35 35 35 35 35 35 35 35 35 35 35 35 35 35 35 35 35 35 35 35 35 35 35 31 31 31 31 31 31 31 31 31 31 31 31 31 32 32 32 32 32 32 32 32 32 32 32 32 32 32 32 32 32 32 32 32 32 32 32 33 33 33 33 33 33 33 33 33 33 33 33 33 33 33 33 33 33 33 34 34 34 34 34 34 34 34 34 34 34 34 34 35 35 35 35 35 35 35 35 35 35 35 35 35 35 35 35 36 36 36 36 36 36 36 36 36 36 36 36 36 36 36 36 36 36 36 36 36 36 36 36 36 36 36 36 35 35 35 35 35 35 35 35 35 35 35 35 35 35 35 35 35 35 35 35 35 35 35 35 35 35 35 35 35 35 35 35 35 35 35 35 35 35 35 35 35 35 35 35 35 35 35 35 35 35 35 35 35 35 35 35 35 35 35 35 35 35 35 35 35 35 35 35 35 35 35 35 35 35 35 35 35 35 35 35 35 35 35 35 35 35 35 35 35 35 35 35 35 35 35 35 35 35 35 35 35 35 35 35 35 35 35 35 35 35 35 35 35 35 35 35 35 35 35 35 35 35 35 35 35 35 35 35 35 35 31 31 31 31 31 31 31 31 31 31 31 31 31 31 31 31 31 31 32 32 32 32 32 32 32 32 32 32 32 32 32 32 32 32 32 32 32 32 32 33 33 33 33 33 33 33 33 33 33 33 33 33 33 33 33 33 33 34 34 34 34 34 34 34 34 34 34 34 34 34 34 35 35 35 35 35 35 35 35 35 35 35 35 35 35 35 35 35 35 36 36 36 36 36 36 36 36 36 36 36 36 36 36 35 35 35 35 35 35 35 35 35 35 35 35 35 35 35 35 35 35 35 35 35 35 35 35 35 35 35 35 35 35 35 35 35 35 35 35 35 35 35 35 35 35 35 35 35 35 35 35 35 35 35 35 35 35 35 35 35 35 35 35 35 35 35 35 35 35 35 35 35 35 35 35 35 35 35 35 35 35 35 35 35 35 35 35 35 35 35 35 35 35 35 35 35 35 35 35 35 35 35 35 35 35 35 35 35 35 35 35 35 35 35 35 35 35 35 35 35 35 35 35 35 35 35 35 35 35 35 35 35 35 35 35 35 35 35 35 35 35 35 35 35 35 35 30 30 30 31 31 31 31 31 31 31 31 31 31 31 31 31 31 31 31 31 31 32 32 32 32 32 32 32 32 32 32 32 32 32 32 32 32 32 32 32 32 33 33 33 33 33 33 33 33 33 33 33 33 33 33 33 33 34 34 34 34 34 34 34 34 34 34 34 34 34 34 34 35 35 35 35 35 35 35 35 35 35 35 35 35 35 35 35 35 35 35 35 35 35 35 35 35 35 35 35 35 35 35 35 35 35 35 35 35 35 35 35 35 35 35 35 35 35 35 35 35 35 35 35 35 35 35 35 35 35 35 35 35 35 35 35 35 35 35 35 35 35 35 35 35 35 35 35 35 35 35 35 35 35 35 35 35 35 35 35 35 35 35 35 35 35 35 35 35 35 35 35 35 35 35 35 35 35 35 35 35 35 35 35 35 35 35 35 35 35 35 35 35 35 35 35 35 35 35 35 35 35 35 35 35 35 35 35 35 35 35 35 35 35 35 35 35 35 35 35 35 35 35 35 35 35 35 35 35 35 35 35 35 35 35 35 35 35 35 35 35 35 35 35 35 35 35 35 35 35 30 30 30 30 31 31 31 31 31 31 31 31 31 31 31 31 31 31 31 31 31 31 31 32 32 32 32 32 32 32 32 32 32 32 32 32 32 32 32 32 32 32 33 33 33 33 33 33 33 33 33 33 33 33 33 33 34 34 34 34 34 34 34 34 34 34 34 34 34 34 34 34 35 35 35 35 35 35 35 35 35 35 35 35 35 35 35 35 35 35 35 35 35 35 35 35 35 35 35 35 35 35 35 35 35 35 35 35 35 35 35 35 35 35 35 35 35 35 35 35 35 35 35 35 35 35 35 35 35 35 35 35 35 34 34 34 35 35 35 35 35 35 35 35 35 35 35 35 35 35 35 35 35 35 34 35 35 35 35 35 35 35 35 35 35 35 35 35 35 35 35 35 35 35 35 35 35 35 35 35 35 35 35 35 35 35 35 35 35 35 35 35 35 35 35 35 35 35 35 35 35 35 35 35 35 35 35 35 35 35 35 35 35 35 35 35 35 35 35 35 35 35 35 35 35 35 35 35 35 35 35 35 35 35 35 35 35 35 35 35 35 35 35 35 35 35 35 35 30 30 30 31 31 31 31 31 31 31 31 31 31 31 31 31 31 31 31 31 31 31 31 31 32 32 32 32 32 32 32 32 32 32 32 32 32 32 32 32 32 32 33 33 33 33 33 33 33 33 33 33 33 33 33 33 34 34 34 34 34 34 34 34 34 34 34 34 34 34 34 34 35 35 35 35 35 35 35 35 35 35 35 35 35 35 35 35 35 35 35 35 35 35 35 35 35 35 35 35 35 35 35 35 35 35 35 35 35 35 35 35 35 35 35 35 35 35 35 35 35 35 35 35 35 35 35 35 35 35 35 35 34 34 34 34 35 35 35 35 35 35 35 35 35 34 34 34 34 34 34 34 35 35 35 35 35 35 35 35 35 35 35 35 35 35 35 35 35 35 35 35 35 35 35 35 35 35 35 35 35 35 35 35 35 35 35 35 35 35 35 35 35 35 35 35 35 35 35 35 35 35 35 35 35 35 35 35 35 35 35 35 35 35 35 35 35 35 35 35 35 35 35 35 35 35 35 35 35 35 35 35 35 35 35 35 35 35 35 35 35 35 35 35 35 35 30 30 30 30 31 31 31 31 31 31 31 31 31 31 31 31 31 31 31 31 31 31 31 31 32 32 32 32 32 32 32 32 32 32 32 32 32 32 32 32 32 32 32 33 33 33 33 33 33 33 33 33 33 33 33 34 34 34 34 34 34 34 34 34 34 34 34 34 34 34 34 34 35 35 35 35 35 35 35 35 35 35 35 35 35 35 35 35 35 35 35 35 35 35 35 35 35 35 35 35 35 35 35 35 35 35 35 35 35 35 35 35 35 35 35 35 35 35 35 35 35 35 35 35 35 35 35 35 35 35 34 34 34 34 34 34 34 34 35 34 34 34 34 34 34 34 34 34 34 35 35 35 35 35 35 35 35 35 35 35 35 35 35 35 35 35 35 35 35 35 35 35 35 35 35 35 35 35 35 35 35 35 35 35 35 35 35 35 35 35 35 35 35 35 35 35 35 35 35 35 35 35 35 35 35 35 35 35 35 35 35 35 35 35 35 35 35 35 35 35 35 35 35 35 35 35 35 35 35 35 35 35 35 35 35 35 35 35 35 35 35 35 35 35 30 30 30 30 30 31 31 31 31 31 31 31 31 31 31 31 31 31 31 31 31 31 31 31 31 32 32 32 32 32 32 32 32 32 32 32 32 32 32 32 32 32 32 33 33 33 33 33 33 33 33 33 33 33 33 34 34 34 34 34 34 34 34 34 34 34 34 34 34 34 34 34 35 35 35 35 35 35 35 35 35 35 35 35 35 35 35 35 35 35 35 35 35 35 35 35 35 35 35 35 35 35 35 35 35 35 35 35 35 35 35 34 34 34 34 34 35 35 35 35 35 35 35 35 35 35 35 34 34 34 34 34 34 34 34 34 34 34 34 34 34 34 34 34 34 34 35 35 35 35 35 35 35 35 35 35 35 35 35 35 35 35 35 35 35 35 35 35 35 35 35 35 35 35 35 35 35 35 35 35 35 35 35 35 35 35 35 35 35 35 35 35 35 35 35 35 35 35 35 35 35 35 35 35 35 35 35 35 35 35 35 35 35 35 35 35 35 35 35 35 35 35 35 35 35 35 35 35 35 35 35 35 35 35 35 35 35 35 35 35 35 30 30 30 30 30 30 30 31 31 31 31 31 31 31 31 31 31 31 31 31 31 31 31 31 32 32 32 32 32 32 32 32 32 32 32 32 32 32 32 32 32 32 32 33 33 33 33 33 33 33 33 33 33 33 34 34 34 34 34 34 34 34 34 34 34 34 34 34 34 34 34 34 34 34 34 34 34 34 34 34 34 35 35 35 35 35 35 35 35 35 35 35 35 35 35 35 35 35 35 35 35 35 35 35 35 35 35 34 34 34 34 34 34 34 34 34 34 34 35 35 35 35 35 34 34 34 34 34 34 34 34 34 34 34 34 34 34 34 34 34 34 34 34 35 35 35 35 35 35 35 35 35 35 35 35 35 35 35 35 35 35 35 35 35 35 35 35 35 35 35 35 35 35 35 35 35 35 35 35 35 35 35 35 35 35 35 35 35 35 35 35 35 35 35 35 35 35 35 35 35 35 35 35 35 35 35 35 35 35 35 35 35 35 35 35 35 35 35 35 35 35 35 35 35 35 35 35 35 35 35 35 35 35 35 35 35 35 35 35 30 30 30 30 30 30 30 30 30 30 31 31 31 31 31 31 31 31 31 31 31 31 31 31 31 31 31 31 32 32 32 32 32 32 32 32 32 32 32 32 33 33 33 33 33 33 33 33 33 33 33 33 33 33 34 34 34 34 34 34 34 34 34 34 34 34 34 34 34 34 34 34 34 34 34 34 34 34 34 34 34 34 34 34 34 34 34 34 34 34 34 34 34 35 35 35 35 35 34 34 34 34 34 34 34 34 34 34 34 34 34 34 34 34 34 34 34 34 34 34 34 34 34 34 34 34 34 34 34 34 34 34 34 34 34 34 34 34 34 34 35 35 35 35 35 35 35 35 35 35 35 35 35 35 35 35 35 35 35 35 35 35 35 35 35 35 35 35 35 35 35 35 35 35 35 34 34 34 34 34 34 34 34 35 35 35 35 35 34 34 35 35 35 35 35 35 35 35 35 35 35 35 35 35 35 35 35 35 35 35 35 35 35 35 35 35 35 35 35 35 35 35 35 35 35 35 35 35 35 35 35 35 35 35 35 35 35 35 35 30 30 30 30 30 30 30 30 30 31 31 31 31 31 31 31 31 31 31 31 31 31 31 31 31 31 31 31 32 32 32 32 32 32 32 32 32 32 33 33 33 33 33 33 33 33 33 33 33 33 33 33 33 33 34 34 34 34 34 34 34 34 34 34 34 34 34 34 34 34 34 34 34 34 34 34 34 34 34 34 34 34 34 34 34 34 34 34 34 34 34 34 34 34 34 34 34 34 34 34 34 34 34 34 34 34 34 34 34 34 34 34 34 34 34 34 34 34 34 34 34 34 34 34 34 34 34 34 34 34 34 34 34 34 34 34 35 35 35 35 35 35 35 35 35 35 35 34 34 34 34 34 34 34 34 34 34 34 34 34 34 34 34 35 35 35 35 34 34 34 34 34 34 34 34 34 34 34 34 34 34 34 34 34 34 34 35 35 35 35 35 35 35 35 35 35 35 35 35 35 35 35 35 35 35 35 35 35 35 35 35 35 35 35 35 35 35 35 35 35 35 35 35 35 35 35 35 35 35 35 35 35 35 35 35 35 35 35 35 35 35 35 31 31 31 31 31 31 31 31 31 31 31 31 31 31 32 32 32 32 32 32 32 32 32 32 32 33 33 33 33 33 33 33 33 33 33 33 33 33 33 33 33 34 34 34 34 34 34 34 34 34 34 34 34 34 34 34 34 34 34 34 34 34 34 34 34 34 34 34 34 34 34 34 34 34 34 34 34 34 34 34 34 34 34 34 34 34 34 34 34 34 34 34 34 34 34 34 34 34 34 34 34 34 34 34 34 34 34 34 34 34 34 34 34 34 34 34 34 34 34 34 34 34 34 34 34 34 34 34 34 34 34 34 34 34 34 34 34 34 34 34 34 34 34 34 34 34 34 34 34 34 34 34 34 34 34 34 34 34 34 34 34 34 34 34 34 34 34 34 34 35 35 35 35 35 35 35 35 35 35 35 35 35 35 35 35 35 35 35 35 35 35 35 35 35 35 35 35 35 35 35 35 35 35 35 35 35 35 35 35 35 35 35 35 35 35 35 35 35 35 35 35 35 35 35 35 35 35 35 35 35 35 31 31 31 31 31 31 31 31 31 31 31 31 31 31 31 31 31 31 32 32 32 32 32 32 32 32 32 32 32 32 32 32 33 33 33 33 33 33 33 33 33 33 33 33 33 33 33 33 33 33 33 34 34 34 34 34 34 34 33 34 34 34 34 34 34 34 34 34 34 34 34 34 34 34 34 34 34 34 34 34 34 34 34 34 34 34 34 34 34 34 34 34 34 34 34 34 34 34 34 34 34 34 34 34 34 34 34 34 34 34 34 34 34 34 34 34 34 34 34 34 34 34 34 34 34 34 34 34 34 34 34 34 34 34 34 34 34 34 34 34 34 34 34 34 34 34 34 34 34 34 34 34 34 34 34 34 34 34 34 34 34 34 34 34 34 34 34 34 34 35 35 35 35 35 35 35 35 35 35 35 35 35 35 35 35 35 35 35 35 35 35 35 35 35 35 35 35 35 35 35 35 35 35 35 35 35 35 35 35 35 35 35 35 35 35 35 35 35 35 35 35 35 35 35 35 35 35 35 35 35 35 35 35 35 35 35 31 31 31 31 31 31 31 31 31 31 31 31 31 31 31 31 31 31 31 32 32 32 32 32 32 32 32 32 32 32 32 32 32 32 32 33 33 33 33 33 33 33 33 33 33 33 33 33 33 33 33 33 33 34 33 34 34 33 33 33 33 34 34 34 34 34 34 34 34 34 34 34 34 34 34 34 34 34 34 34 34 34 34 34 34 34 34 34 34 34 34 34 34 34 34 34 34 34 34 34 34 34 34 34 34 34 34 34 34 34 34 34 34 34 34 34 34 34 34 34 34 34 34 34 34 34 34 34 34 34 34 34 34 34 34 34 34 34 34 34 34 34 34 34 34 34 34 34 34 34 34 34 34 34 34 34 34 34 34 34 34 34 34 34 34 34 34 34 35 35 35 35 35 35 35 35 35 35 35 35 35 35 35 35 35 35 35 35 35 35 35 35 35 35 35 35 35 35 35 35 35 35 35 35 35 35 35 35 35 35 35 35 35 35 35 35 35 35 35 35 35 35 35 35 35 35 35 35 35 35 35 35 35 35 35 35 35 35 35 35 29 29 30 30 30 30 30 30 31 31 31 31 31 31 31 31 31 31 31 31 31 31 31 31 32 32 32 32 32 32 32 32 32 32 32 32 32 32 32 32 32 33 32 32 33 33 33 33 33 33 33 33 33 33 33 33 33 33 33 33 33 33 33 33 33 33 34 34 34 34 34 34 34 34 34 34 34 34 34 34 34 34 34 34 34 34 34 34 34 34 34 34 34 34 34 34 34 34 34 34 34 34 34 34 34 34 34 34 34 34 34 34 34 34 34 34 34 34 34 34 34 34 34 34 34 34 34 34 34 34 34 34 34 34 34 34 34 34 34 34 34 34 34 34 34 34 34 34 34 34 34 34 34 34 34 34 34 34 34 34 34 34 34 34 34 34 34 34 34 34 34 35 35 35 35 35 35 35 35 35 35 35 35 35 35 35 35 35 35 35 35 35 35 35 35 35 35 35 35 35 35 35 35 35 35 35 35 35 35 35 35 35 35 35 35 35 35 35 35 35 35 35 35 35 35 35 35 35 35 35 35 35 35 35 35 35 35 35 35 35 35 35 35 29 29 29 29 29 29 29 29 30 30 30 30 30 30 31 31 31 31 31 31 31 31 31 31 31 31 31 31 32 31 32 32 32 32 32 32 32 32 32 32 32 32 32 32 32 33 32 33 33 32 33 33 33 33 33 33 33 33 33 33 33 33 33 33 33 33 33 33 33 33 33 33 33 34 34 34 34 34 34 34 34 34 34 34 34 34 34 34 34 34 34 34 34 34 34 34 34 34 34 34 34 34 34 34 34 34 34 34 33 33 34 34 34 34 34 34 34 34 34 34 34 34 34 34 34 34 34 34 34 34 34 34 34 34 34 34 34 34 34 34 34 34 34 34 34 34 34 34 34 34 34 34 34 34 34 34 34 34 34 34 34 34 34 34 34 34 34 34 34 34 34 34 34 34 35 35 35 35 35 35 35 35 35 35 35 35 35 35 35 35 35 35 35 35 35 35 35 35 35 35 35 35 35 35 35 35 35 35 35 35 35 35 35 35 35 35 35 35 35 35 35 35 35 35 35 35 35 35 35 35 35 35 35 35 35 35 35 35 35 35 35 35 35 35 35 35 35 35 35 35 29 29 29 29 29 29 29 29 29 29 29 30 30 30 30 30 30 30 30 30 30 31 30 31 31 31 31 31 31 31 31 31 31 31 31 32 32 32 32 32 32 32 32 32 32 32 32 32 32 32 32 32 32 33 33 32 32 33 33 33 32 33 33 33 33 33 33 33 33 33 33 33 33 33 33 33 33 33 33 33 33 33 33 33 33 33 33 33 33 33 33 34 34 34 33 33 33 33 33 33 33 33 33 33 33 33 33 33 34 34 34 34 34 33 33 33 34 34 34 34 34 34 34 34 34 34 34 34 34 34 34 34 34 34 34 34 34 34 34 34 34 34 34 34 34 34 34 34 34 34 34 34 34 34 34 34 34 34 34 34 34 34 34 34 34 34 34 34 34 34 34 34 34 34 34 34 34 34 34 34 35 35 35 35 35 35 35 35 35 35 35 35 35 35 35 35 35 35 35 35 35 35 35 35 35 35 35 35 35 35 35 35 35 35 35 35 35 35 35 35 35 35 35 35 35 35 35 35 35 35 35 35 35 35 35 35 35 35 35 35 35 35 35 35 35 35 35 35 35 35 35 35 35 35 35 35 35 35 28 28 29 29 29 29 29 29 29 29 29 29 30 30 30 30 30 30 30 30 30 30 30 30 31 31 31 30 31 30 31 31 31 31 31 32 31 31 31 32 32 32 32 32 32 32 31 32 32 32 32 32 32 32 33 32 32 33 33 33 32 32 33 33 33 32 33 33 33 33 33 33 33 33 33 33 33 33 33 33 33 33 33 33 33 33 33 33 33 33 33 33 33 33 33 33 33 33 33 33 33 33 33 33 33 33 33 33 33 33 33 33 33 33 33 33 33 33 33 33 33 33 33 33 33 33 33 34 34 34 34 34 34 34 34 34 34 34 34 34 34 34 34 34 34 34 34 34 34 34 34 34 34 34 34 34 34 34 34 34 34 34 34 34 34 34 34 34 34 34 34 34 34 34 34 34 34 34 34 34 35 35 35 35 35 35 35 35 35 35 35 35 35 35 35 35 35 35 35 35 35 35 35 35 35 35 35 35 35 35 35 35 35 35 35 35 35 35 35 35 35 35 35 35 35 35 35 35 35 35 35 35 35 35 35 35 35 35 35 35 35 35 35 35 35 35 35 35 35 35 35 35 35 35 35 35 35 35 35 28 28 28 28 28 28 28 28 29 29 29 29 29 29 29 29 29 29 29 29 29 29 29 30 30 30 30 30 30 30 30 30 30 30 30 30 30 30 30 30 30 31 31 31 31 31 31 31 31 31 31 32 32 32 32 32 32 31 32 32 32 32 32 32 32 32 32 32 32 33 32 32 32 32 32 33 33 33 33 33 33 33 33 33 33 33 33 33 33 33 32 33 33 33 33 33 33 33 33 33 33 33 33 33 33 33 33 33 33 33 33 33 33 33 33 33 33 33 33 33 33 33 33 33 33 33 33 33 33 33 33 33 33 33 33 33 33 33 33 33 33 34 34 34 34 34 34 34 34 34 34 34 34 34 34 34 34 34 34 34 34 34 34 34 34 34 34 34 34 34 34 34 34 34 34 34 34 34 34 34 34 34 34 34 34 34 34 34 34 34 34 35 35 35 35 35 35 35 35 35 35 35 35 35 35 35 35 35 35 35 35 35 35 35 35 35 35 35 35 35 35 35 35 35 35 35 35 35 35 35 35 35 35 35 35 35 35 35 35 35 35 35 35 35 35 35 35 35 35 35 35 35 35 35 35 35 35 35 35 35 35 35 35 35 35 35 35 35 35 35 35 35 35 28 28 28 28 28 28 28 28 28 28 28 28 28 28 28 28 28 29 29 29 29 29 29 29 29 29 29 29 29 29 29 29 29 29 29 30 30 30 30 30 30 30 30 30 31 31 30 30 30 31 31 31 31 31 31 31 31 31 31 31 31 32 32 32 32 32 32 32 32 32 32 32 33 32 32 32 33 33 32 33 33 33 33 33 33 33 33 32 33 32 32 33 33 33 33 33 33 33 33 33 33 33 33 33 33 33 33 33 33 33 33 33 33 33 33 33 33 33 33 33 33 33 33 33 33 33 33 33 33 33 33 33 33 33 33 33 33 33 33 33 33 33 33 33 33 33 33 33 34 34 34 34 34 34 34 34 34 34 34 34 34 34 34 34 34 34 34 34 34 34 34 34 34 34 34 34 34 34 34 34 34 34 34 34 34 34 34 34 34 34 34 34 34 34 34 34 34 34 35 35 35 34 34 34 34 34 35 35 35 34 35 35 35 35 35 35 35 35 35 35 35 35 35 35 35 35 35 35 35 35 35 35 35 35 35 35 35 35 35 35 35 35 35 35 35 35 35 35 35 35 35 35 35 35 35 35 35 35 35 35 35 34 34 34 34 34 34 34 34 34 35 35 35 35 35 35 35 35 35 35 35 27 27 28 28 28 28 28 28 28 28 28 28 28 28 28 28 28 28 28 28 29 29 29 29 29 29 29 29 29 29 29 29 29 29 29 29 29 30 30 30 30 30 30 30 30 30 30 30 30 30 30 31 31 31 31 31 31 31 31 31 31 32 32 32 32 32 32 32 32 32 32 32 32 32 32 32 33 33 33 33 33 33 33 33 33 33 33 33 33 32 32 33 33 33 33 33 33 33 33 33 33 33 33 33 33 33 33 33 33 33 33 33 33 33 33 33 33 33 33 33 33 33 33 33 33 33 33 33 33 33 33 33 33 33 33 33 33 33 33 33 33 33 33 33 33 33 33 33 33 34 34 34 34 34 34 34 34 34 34 34 34 34 34 34 34 34 34 34 34 34 34 34 34 34 34 34 34 34 34 34 34 34 34 34 34 34 34 34 34 34 34 34 34 34 34 34 34 34 34 35 35 35 35 34 34 34 34 34 34 34 34 34 35 35 35 35 35 35 35 35 35 35 35 35 35 35 35 35 35 35 35 35 35 35 35 35 35 35 35 35 35 35 35 35 35 35 35 35 35 35 35 35 35 35 35 35 35 35 35 35 34 34 34 34 34 34 34 34 34 34 34 34 34 35 35 35 35 35 35 35 35 35 27 27 27 27 27 27 27 28 28 28 28 28 28 28 28 28 28 28 28 28 28 28 28 29 29 29 29 29 29 29 29 29 29 29 29 29 29 29 29 29 29 30 30 30 30 30 30 30 30 30 30 30 30 30 31 31 31 31 31 31 31 31 31 31 31 32 32 32 32 32 32 32 32 31 31 31 31 32 32 32 32 32 32 32 32 32 32 33 32 33 32 32 32 32 33 33 33 33 33 33 33 33 33 33 33 33 33 33 33 33 33 33 33 33 33 33 33 33 33 33 33 33 33 33 33 33 33 33 33 33 33 33 33 33 33 33 33 33 33 33 33 33 33 33 33 33 33 33 33 33 33 34 34 34 34 34 34 34 34 34 34 34 34 34 34 34 34 34 34 34 34 34 34 34 34 34 34 34 34 34 34 34 34 34 34 34 34 34 34 34 34 34 34 34 34 34 34 34 34 34 34 35 35 35 35 34 34 34 34 34 34 34 34 34 35 35 35 35 35 35 35 35 35 35 35 35 35 35 35 35 35 35 35 35 35 35 35 35 35 35 35 35 35 35 35 35 35 35 35 34 34 35 35 35 35 35 35 35 35 35 34 34 34 34 35 35 35 34 34 34 34 34 34 34 34 34 34 34 34 34 34 34 34 35 26 26 27 27 27 27 27 27 27 27 27 27 27 27 27 27 27 27 28 28 28 28 28 28 28 28 28 28 28 28 28 28 28 28 28 28 28 29 29 29 29 29 29 29 29 29 29 30 30 30 30 30 30 30 30 30 30 30 31 31 31 31 31 31 31 31 31 31 31 31 31 31 31 31 31 31 31 32 31 31 31 31 31 31 32 32 32 32 32 32 32 32 32 32 32 32 32 32 32 32 32 32 32 32 33 32 33 33 33 33 33 32 32 33 33 33 33 33 33 33 33 33 33 33 33 33 33 33 33 33 33 33 33 33 33 33 33 32 32 33 33 33 33 33 33 33 33 33 33 33 33 33 33 33 33 33 33 33 33 34 34 34 34 33 34 34 34 34 34 34 34 34 34 34 34 34 34 34 34 34 34 34 34 34 34 34 34 34 34 34 34 34 34 34 34 34 34 34 34 34 34 34 34 34 34 34 35 35 35 34 34 34 34 34 34 34 34 34 34 34 35 35 35 35 35 35 35 35 35 35 35 35 35 35 35 35 35 35 35 35 35 35 35 35 35 35 35 35 35 35 35 35 34 34 34 34 35 35 35 35 35 35 35 35 34 34 34 34 35 35 35 35 35 35 35 36 35 35 34 34 34 34 34 34 34 34 34 35 35 26 26 26 26 26 26 26 27 27 27 27 27 27 27 27 27 27 27 27 27 27 27 27 27 28 28 28 28 28 28 28 28 28 28 28 28 28 28 28 28 28 28 28 29 29 29 29 29 29 29 29 29 29 29 29 29 29 30 29 30 30 30 30 30 30 30 30 30 31 31 31 31 31 31 31 31 31 31 31 31 31 31 31 31 31 31 31 32 32 32 32 32 31 31 32 32 32 32 32 32 32 32 32 32 32 32 32 32 32 32 32 32 32 32 32 32 32 32 32 32 32 33 33 33 33 33 33 33 33 33 33 33 33 33 33 33 33 33 33 33 33 33 32 32 33 33 33 33 33 33 33 33 33 33 33 33 33 33 33 33 33 33 33 33 33 33 33 33 33 33 34 34 34 34 34 34 34 34 34 34 34 34 34 34 34 34 34 34 34 34 34 34 34 34 34 34 34 34 34 34 34 34 34 34 34 34 34 34 34 34 35 35 35 35 34 34 34 34 34 34 34 34 34 34 34 34 34 34 34 34 34 34 35 35 34 34 34 34 34 34 34 34 34 34 34 34 34 34 34 34 34 34 34 34 34 34 34 34 34 34 35 35 35 35 35 35 35 34 34 35 35 35 35 34 34 35 35 35 35 35 35 35 34 35 35 35 35 35 35 35 26 26 26 26 26 26 26 26 26 26 26 27 27 27 27 27 27 27 27 27 27 27 27 27 27 27 27 27 27 28 28 28 28 28 28 28 28 28 28 28 28 28 28 28 28 28 28 28 28 28 29 29 29 29 29 29 29 29 29 29 29 30 30 30 30 30 30 30 30 30 30 30 30 30 30 30 31 30 31 31 31 31 31 31 31 31 31 31 31 31 31 31 31 31 31 32 32 32 32 32 32 32 32 32 32 32 32 32 32 32 32 32 32 32 32 32 32 32 32 32 32 32 32 32 32 32 33 33 33 33 33 33 33 33 33 33 33 33 33 33 33 33 33 33 32 32 32 33 33 33 33 33 33 33 33 33 33 33 33 33 33 33 33 33 33 33 33 33 33 33 33 33 33 33 33 33 33 34 34 34 34 34 34 34 34 34 34 34 34 34 34 34 34 34 34 34 34 34 34 34 34 34 34 34 34 34 34 34 34 34 34 34 34 35 34 34 34 34 34 34 34 34 34 34 34 34 34 34 34 34 34 34 34 34 34 34 34 34 34 34 34 34 34 34 34 34 34 34 34 34 34 34 34 34 34 34 34 34 34 34 34 35 35 35 35 35 35 35 34 35 35 35 35 35 34 34 35 35 35 35 35 35 35 35 35 35 35 35 26 26 26 26 26 26 26 26 26 26 26 27 27 27 27 27 27 27 27 27 27 27 27 27 27 27 27 27 27 27 27 27 27 28 28 28 28 28 28 28 28 28 28 28 28 28 28 28 28 28 28 29 29 29 29 29 29 29 29 29 29 29 29 30 30 30 30 30 30 30 30 30 30 30 30 30 30 31 31 31 31 31 31 31 31 31 31 31 31 31 31 31 31 31 32 32 32 32 32 32 32 32 32 32 32 32 32 32 32 32 32 32 32 32 32 32 32 32 32 32 32 32 32 32 32 32 32 32 32 32 32 32 32 32 33 33 32 33 33 33 33 33 33 33 32 32 32 33 33 33 33 33 33 33 33 33 33 33 33 33 33 33 33 33 33 33 33 33 33 33 33 33 33 33 33 33 33 33 33 33 33 33 34 33 33 33 33 34 33 34 33 34 34 34 34 34 34 34 34 34 34 34 34 34 34 34 34 34 34 34 34 34 34 34 34 34 34 34 34 34 34 34 34 34 34 34 34 34 34 34 34 34 34 34 34 34 34 34 34 34 34 34 34 34 34 34 34 34 34 34 34 34 34 34 34 34 34 34 34 34 35 35 35 35 35 35 35 35 35 35 35 34 34 34 34 35 35 35 35 35 35 34 35 35 35 35 35 26 26 26 26 26 26 26 26 26 26 26 26 26 26 26 27 27 27 27 27 27 27 27 27 27 27 27 27 27 27 27 27 27 27 27 28 28 28 28 28 28 28 28 28 28 28 28 28 28 28 28 29 29 29 29 29 29 29 29 29 29 29 29 30 30 30 30 30 30 30 30 30 30 30 30 30 30 30 30 30 30 31 31 31 31 31 31 31 31 31 31 31 31 31 31 31 31 32 31 32 32 32 32 32 32 32 32 32 32 32 32 32 32 32 32 32 32 32 32 32 32 32 32 32 32 32 32 32 32 32 32 32 32 32 32 32 32 32 32 32 32 32 32 32 32 32 32 32 33 33 33 33 33 33 33 33 33 33 33 33 33 33 33 33 33 33 33 33 33 33 33 33 33 33 33 33 33 33 33 33 33 33 33 33 33 33 33 33 33 33 33 34 34 34 34 34 34 34 34 34 34 34 34 34 34 34 34 34 34 34 34 34 34 34 34 34 34 34 34 34 34 34 34 34 34 34 34 34 34 34 34 34 34 34 34 34 34 34 34 34 34 34 34 34 34 34 34 34 34 34 34 34 34 34 34 34 34 34 34 35 35 35 35 35 35 35 35 35 35 34 35 34 35 35 35 35 35 35 35 35 35 35 35 34 35 35 25 25 25 26 26 26 26 26 26 26 26 26 26 26 26 26 26 26 26 26 27 27 27 27 27 27 27 27 27 27 27 27 27 27 27 27 27 28 28 28 28 28 28 28 28 28 28 28 28 28 28 28 28 28 29 29 29 29 29 29 29 29 29 29 29 30 30 30 30 30 30 30 30 30 30 30 30 30 30 30 30 30 31 31 31 31 31 31 31 31 31 31 31 31 31 31 31 31 31 31 32 32 31 32 32 32 32 32 32 32 32 32 32 32 32 32 32 32 32 32 32 32 32 32 32 32 32 32 32 32 32 32 32 32 32 32 32 32 32 32 32 32 32 32 32 32 32 32 32 32 32 32 32 32 33 33 33 33 33 33 33 33 33 33 33 33 33 33 33 33 33 33 33 33 33 33 33 33 33 33 33 33 33 33 33 33 33 33 33 33 33 33 33 33 34 34 34 34 34 34 34 34 34 34 34 34 34 34 34 34 34 34 34 34 34 34 34 34 34 34 34 34 34 34 34 34 34 34 34 34 34 34 34 34 34 34 34 34 34 34 34 34 34 34 34 34 34 34 34 34 34 34 34 34 34 34 34 34 34 35 35 35 35 35 35 35 35 35 35 35 35 35 35 35 35 35 35 35 35 35 35 35 35 34 35 35 35 25 25 25 25 25 25 25 26 26 26 26 26 26 26 26 26 26 26 26 26 26 26 26 27 27 27 27 27 27 27 27 27 27 27 27 27 27 27 28 28 28 28 28 28 28 28 28 28 28 28 28 28 28 28 29 29 29 29 29 29 29 29 29 29 29 29 29 30 30 30 30 30 30 30 30 30 30 30 30 30 30 30 30 30 31 31 31 31 31 31 31 31 31 31 31 31 31 31 31 31 31 31 31 31 31 31 32 32 32 32 32 32 32 32 32 32 32 32 32 32 32 32 32 32 32 32 32 32 32 32 32 32 32 32 32 32 32 32 32 32 32 32 32 32 32 32 32 32 32 32 32 32 32 32 32 32 32 32 33 33 33 33 33 33 33 33 33 33 33 33 33 33 33 33 33 33 33 33 33 33 33 33 33 33 33 33 33 33 33 33 33 33 33 33 33 33 33 33 34 34 34 34 34 34 34 34 34 34 34 34 34 34 34 34 34 34 34 34 34 34 34 34 34 34 34 34 34 34 34 34 34 34 34 34 34 34 34 34 34 34 34 34 34 34 34 34 34 34 34 34 34 34 34 34 34 34 34 34 35 35 35 35 35 35 35 35 35 35 35 35 35 35 35 35 35 35 35 35 35 35 35 34 34 34 34 25 25 25 25 25 25 25 26 26 26 26 26 26 26 26 26 26 26 26 26 26 26 26 26 27 27 27 27 27 27 27 27 27 27 27 27 27 27 27 27 28 28 28 28 28 28 28 28 28 28 28 28 28 28 28 28 28 29 29 29 29 29 29 29 29 29 29 29 29 30 30 30 30 30 30 30 30 30 30 30 30 30 30 30 31 31 31 31 31 31 31 31 31 31 31 31 31 31 31 31 31 31 31 31 31 31 31 31 31 32 32 32 32 32 32 32 32 32 32 32 32 32 32 32 32 32 32 32 32 32 32 32 32 32 32 32 32 32 32 32 32 32 32 32 32 32 32 32 32 32 32 32 32 32 32 32 32 33 33 33 33 33 33 33 33 33 33 33 33 33 33 33 33 33 33 33 33 33 33 33 33 33 33 33 33 33 33 33 33 33 33 33 33 33 33 33 33 33 33 33 34 34 34 34 34 34 34 34 34 34 34 34 34 34 34 34 34 34 34 34 34 34 34 34 34 34 34 34 34 34 34 34 34 34 34 34 34 34 34 34 34 34 34 34 34 34 34 34 34 34 34 34 34 34 34 34 34 35 35 35 35 35 35 35 35 35 35 35 35 35 35 35 35 35 35 35 35 35 35 35 34 34 34 25 25 25 25 25 25 25 25 25 25 26 26 26 26 26 26 26 26 26 26 26 26 26 26 26 26 26 26 26 27 27 27 27 27 27 27 27 27 27 27 27 27 27 27 28 28 28 28 28 28 28 28 28 28 28 28 28 28 29 29 29 29 29 29 29 29 29 29 29 29 29 29 29 30 30 30 30 30 30 30 30 30 30 30 30 30 30 30 30 31 31 31 31 31 31 31 31 31 31 31 31 31 31 31 31 31 31 31 31 31 31 31 31 31 31 32 32 32 32 32 32 32 32 32 32 32 32 32 32 32 32 32 32 32 32 32 32 32 32 32 32 32 32 32 32 32 32 32 32 32 32 32 32 32 32 32 32 32 33 33 33 33 33 33 33 33 33 33 33 33 33 33 33 33 33 33 33 33 33 33 33 33 33 33 33 33 33 33 33 33 33 33 33 33 33 33 33 33 33 33 33 34 34 34 34 34 34 34 34 34 34 34 34 34 34 34 34 34 34 34 34 34 34 34 34 34 34 34 34 34 34 34 34 34 34 34 34 34 34 34 34 34 34 34 34 34 34 34 34 34 34 34 34 34 34 34 34 34 35 35 35 35 35 35 35 35 35 35 35 35 35 35 35 35 35 35 35 35 35 35 35 35 34 25 25 25 25 25 25 25 25 25 25 25 25 25 25 25 26 26 26 26 26 26 26 26 26 26 26 26 26 26 26 26 27 27 27 27 27 27 27 27 27 27 27 27 27 27 27 27 27 27 27 28 28 28 28 28 28 28 28 28 29 29 29 29 29 29 29 29 29 29 29 29 29 29 29 29 29 30 30 30 30 30 30 30 30 30 30 30 30 30 30 30 30 30 31 31 31 31 31 31 31 31 31 31 31 31 31 31 31 31 31 31 31 31 31 31 31 31 31 31 31 31 32 32 32 32 32 32 32 32 32 32 32 32 32 32 32 32 32 32 32 32 32 32 32 32 32 32 32 32 32 32 32 32 32 32 32 32 32 33 33 33 33 33 33 33 33 33 33 33 33 33 33 33 33 33 33 33 33 33 33 33 33 33 33 33 33 33 33 33 33 33 33 33 33 33 33 33 33 33 33 33 33 33 33 33 34 34 34 34 34 34 34 34 34 34 34 34 34 34 34 34 34 34 34 34 34 34 34 34 34 34 34 34 34 34 34 34 34 34 34 34 34 34 34 34 34 34 34 34 34 34 34 34 34 34 34 34 34 35 35 35 35 35 35 35 35 35 35 35 35 35 35 35 35 35 35 35 35 34 35 34 34 34 24 24 24 24 24 24 25 25 25 25 25 25 25 25 25 25 25 25 25 26 26 26 26 26 26 26 26 26 26 26 26 26 26 26 26 27 27 27 27 27 27 27 27 27 27 27 27 27 27 27 27 27 27 28 28 28 28 28 28 28 28 28 29 29 29 29 29 29 29 29 29 29 29 29 29 29 29 29 30 30 30 30 30 30 30 30 30 30 30 30 30 30 30 30 30 30 31 31 31 31 31 31 31 31 31 31 31 31 31 31 31 31 31 31 31 31 31 31 31 31 31 31 31 31 31 31 31 31 32 32 32 32 32 32 32 32 32 32 32 32 32 32 32 32 32 32 32 32 32 32 32 32 32 32 32 32 32 32 33 33 33 33 33 33 33 33 33 33 33 33 33 33 33 33 33 33 33 33 33 33 33 33 33 33 33 33 33 33 33 33 33 33 33 33 33 33 33 33 33 33 33 33 33 33 33 33 33 34 34 34 34 34 34 34 34 34 34 34 34 34 34 34 34 34 34 34 34 34 34 34 34 34 34 34 34 34 34 34 34 34 34 34 34 34 34 34 34 34 34 34 34 34 34 34 34 34 34 34 35 35 35 35 35 35 35 35 35 35 35 35 35 35 35 35 35 35 34 34 34 34 34 34 24 24 24 24 24 24 24 24 25 25 25 25 25 25 25 25 25 25 25 25 25 25 26 26 26 26 26 26 26 26 26 26 26 26 26 26 26 26 27 27 27 27 27 27 27 27 27 27 27 27 27 27 27 27 27 28 28 28 28 28 28 28 28 28 29 29 29 29 29 29 29 29 29 29 29 29 29 29 29 29 29 30 30 30 30 30 30 30 30 30 30 30 30 30 30 30 30 30 30 30 30 31 31 31 31 31 31 31 31 31 31 31 31 31 31 31 31 31 31 31 31 31 31 31 31 31 31 31 31 31 32 32 32 32 32 32 32 32 32 32 32 32 32 32 32 32 32 32 32 32 32 32 32 32 32 32 32 32 32 33 33 33 33 33 33 33 33 33 33 33 33 33 33 33 33 33 33 33 33 33 33 33 33 33 33 33 33 33 33 33 33 33 33 33 33 33 33 33 33 33 33 33 33 33 33 33 33 33 34 34 34 34 34 34 34 34 34 34 34 34 34 34 34 34 34 34 34 34 34 34 34 34 34 34 34 34 34 34 34 34 34 34 34 34 34 34 34 34 34 34 34 34 34 34 34 34 34 34 35 35 35 35 35 35 35 35 35 35 35 35 35 35 35 35 35 34 34 34 34 34 34 34 24 24 24 24 24 24 24 24 24 25 25 25 25 25 25 25 25 25 25 25 25 25 25 25 25 25 26 26 26 26 26 26 26 26 26 26 26 26 26 26 26 26 27 27 27 27 27 27 27 27 27 27 27 27 27 27 27 27 27 28 28 28 28 28 28 28 28 28 29 29 29 29 29 29 29 29 29 29 29 29 29 29 29 29 29 30 30 30 30 30 30 30 30 30 30 30 30 30 30 30 30 30 30 30 30 31 31 31 31 31 31 31 31 31 31 31 31 31 31 31 31 31 31 31 31 31 31 31 31 31 31 31 31 31 31 31 31 32 32 32 32 32 32 32 32 32 32 32 32 32 32 32 32 32 32 32 32 32 32 32 32 32 32 32 33 33 33 33 33 33 33 33 33 33 33 33 33 33 33 33 33 33 33 33 33 33 33 33 33 33 33 33 33 33 33 33 33 33 33 33 33 33 33 33 33 33 33 33 33 34 34 34 34 34 34 34 34 34 34 34 34 34 34 34 34 34 34 34 34 34 34 34 34 34 34 34 34 34 34 34 34 34 34 34 34 34 34 34 34 34 34 34 34 34 34 34 34 34 34 35 35 35 35 35 35 35 35 35 35 35 35 35 35 35 34 34 34 34 34 34 35 35 24 24 24 24 24 24 24 24 24 24 24 24 25 25 25 25 25 25 25 25 25 25 25 25 25 25 25 25 26 26 26 26 26 26 26 26 26 26 26 26 26 26 26 26 27 27 27 27 27 27 27 27 27 27 27 27 27 27 28 28 28 28 28 28 28 28 28 28 28 28 29 29 29 29 29 29 29 29 29 29 29 29 29 29 29 29 30 30 30 30 30 30 30 30 30 30 30 30 30 30 30 30 30 30 30 30 30 30 31 31 31 31 31 31 31 31 31 31 31 31 31 31 31 31 31 31 31 31 31 31 31 31 31 31 31 31 31 31 31 32 32 32 32 31 32 32 32 32 32 32 32 31 32 32 32 32 32 32 32 32 32 32 32 32 32 32 32 33 33 33 33 33 33 33 33 33 33 33 33 33 33 33 33 33 33 33 33 33 33 33 33 33 33 33 33 33 33 33 33 33 33 33 33 33 33 33 33 33 34 34 34 34 34 34 34 34 34 34 34 34 34 34 34 34 34 34 34 34 34 34 34 34 34 34 34 34 34 34 34 34 34 34 34 34 34 34 34 34 34 34 34 34 34 34 34 34 34 34 35 35 35 35 35 35 35 35 35 35 35 35 35 34 34 34 34 34 23 23 23 24 24 24 24 24 24 24 24 24 24 24 24 24 25 25 25 25 25 25 25 25 25 25 25 25 25 25 25 25 26 26 26 26 26 26 26 26 26 26 26 26 26 26 26 26 27 27 27 27 27 27 27 27 27 27 28 28 28 28 28 28 28 28 28 28 28 28 28 28 28 29 29 29 29 29 29 29 29 29 29 29 29 29 29 29 29 29 30 30 30 30 30 30 30 30 30 30 30 30 30 30 30 30 30 30 30 30 30 30 31 31 31 31 31 31 31 31 31 31 31 31 31 31 31 31 31 31 31 31 31 31 31 31 31 31 31 31 31 31 31 31 31 31 31 31 31 31 31 31 31 32 32 32 32 32 32 32 32 32 32 32 32 32 32 32 32 32 32 33 33 33 33 33 33 33 33 33 33 33 33 33 33 33 33 33 33 33 33 33 33 33 33 33 33 33 33 33 33 33 33 33 33 33 33 33 34 34 34 34 34 34 34 34 34 34 34 34 34 34 34 34 34 34 34 34 34 34 34 34 34 34 34 34 34 34 34 34 34 34 34 34 34 34 34 34 34 34 34 34 34 34 34 34 34 34 35 35 35 35 35 35 35 35 35 35 35 34 34 23 23 23 23 23 23 23 24 24 24 24 24 24 24 24 24 24 24 24 24 25 25 25 25 25 25 25 25 25 25 25 25 25 25 25 26 26 26 26 26 26 26 26 26 26 26 26 26 26 26 27 27 27 27 27 27 27 27 27 27 28 28 28 28 28 28 28 28 28 28 28 28 28 28 28 28 29 29 29 29 29 29 29 29 29 29 29 29 29 29 29 29 29 30 30 30 30 30 30 30 30 30 30 30 30 30 30 30 30 30 30 30 30 30 30 30 30 31 31 31 31 31 31 31 31 31 31 31 31 31 31 31 31 31 31 31 31 31 31 31 31 31 31 31 31 31 31 31 31 31 31 31 32 32 32 32 32 32 32 32 32 32 32 32 32 32 32 32 32 32 32 32 32 32 33 33 33 33 33 33 33 33 33 33 33 33 33 33 33 33 33 33 33 33 33 33 33 33 33 33 33 33 33 33 33 33 33 33 34 34 34 34 34 34 34 34 34 34 34 34 34 34 34 34 34 34 34 34 34 34 34 34 34 34 34 34 34 34 34 34 34 34 34 34 34 34 34 34 34 34 34 34 34 34 34 34 34 34 34 35 35 35 34 35 34 35 35 35 34 34 34 34 23 23 23 23 23 23 23 23 24 24 24 24 24 24 24 24 24 24 24 24 24 24 24 24 25 25 25 25 25 25 25 25 25 25 25 25 25 25 26 26 26 26 26 26 26 26 26 26 26 26 26 26 26 27 27 27 27 27 27 27 27 27 27 28 28 28 28 28 28 28 28 28 28 28 28 28 28 28 28 29 29 29 29 29 29 29 29 29 29 29 29 29 29 29 29 29 30 30 30 30 30 30 30 30 30 30 30 30 30 30 30 30 30 30 30 30 30 30 30 30 31 31 31 31 31 31 31 31 31 31 31 31 31 31 31 31 31 31 31 31 31 31 31 31 31 31 31 31 31 31 31 31 31 31 31 31 32 32 32 32 32 32 32 32 32 32 32 32 32 32 32 32 32 32 32 32 32 32 33 33 33 33 33 33 33 33 33 33 33 33 33 33 33 33 33 33 33 33 33 33 33 33 33 33 33 33 33 33 34 34 34 34 34 34 34 34 34 34 34 34 34 34 34 34 34 34 34 34 34 34 34 34 34 34 34 34 34 34 34 34 34 34 34 34 34 34 34 34 34 34 34 34 34 34 34 34 34 34 34 34 34 34 34 34 34 34 34 34 34 34 34 34 34 34 23 23 23 23 23 23 23 23 23 23 23 23 23 24 24 24 24 24 24 24 24 24 24 24 24 24 24 24 25 25 25 25 25 25 25 25 25 25 25 25 25 25 26 26 26 26 26 26 26 26 26 26 26 26 26 26 26 27 27 27 27 27 27 27 27 27 27 27 28 28 28 28 28 28 28 28 28 28 28 28 28 28 28 28 28 28 28 29 29 29 29 29 29 29 29 29 29 29 29 29 29 29 29 29 29 29 29 30 30 30 30 30 30 30 30 30 30 30 30 30 30 30 30 30 30 30 30 30 30 31 31 31 31 31 31 31 31 31 31 31 31 31 31 31 31 31 31 31 31 31 31 31 31 31 31 31 31 31 31 32 32 32 32 32 32 32 32 32 32 32 32 32 32 32 32 32 32 32 32 32 32 32 32 32 32 32 32 32 32 32 32 32 32 32 32 32 32 32 32 32 32 32 32 32 32 32 32 32 32 34 34 34 34 34 34 34 34 34 34 34 34 34 34 34 34 34 34 34 34 34 34 34 34 34 34 34 34 34 34 34 34 34 34 34 34 34 34 34 34 34 34 34 34 34 34 34 34 34 34 34 34 34 34 34 34 34 34 34 34 34 34 34 34 34 34 34 34 34 22 22 22 22 23 23 23 23 23 23 23 23 23 23 23 23 23 23 24 24 24 24 24 24 24 24 24 24 24 24 24 24 25 25 25 25 25 25 25 25 25 25 25 25 25 25 25 26 26 26 26 26 26 26 26 26 26 26 26 26 26 27 27 27 27 27 27 27 27 27 27 27 27 27 28 28 28 28 28 28 28 28 28 28 28 28 28 28 28 28 28 29 29 29 29 29 29 29 29 29 29 29 29 29 29 29 29 29 29 29 29 30 30 30 30 30 30 30 30 30 30 30 30 30 30 30 30 30 30 30 30 30 30 30 30 31 31 31 31 31 31 31 31 31 31 31 31 31 31 31 31 31 31 31 31 31 31 31 31 31 31 31 32 32 32 32 32 32 32 32 32 32 32 32 32 32 32 32 32 32 32 32 32 32 32 32 32 32 32 32 32 32 32 32 32 32 32 32 32 32 32 32 32 32 32 32 32 32 32 32 32 34 34 34 34 34 34 34 34 34 34 34 34 34 34 34 34 34 34 34 34 34 34 34 34 34 34 34 34 34 34 34 34 34 34 34 34 34 34 34 34 34 34 34 34 34 34 34 34 34 34 34 34 34 34 34 34 34 34 34 34 34 34 34 34 34 34 34 34 34 22 22 22 22 22 22 22 22 22 22 23 23 23 23 23 23 23 23 23 23 23 23 24 24 24 24 24 24 24 24 24 24 24 24 24 24 24 25 25 25 25 25 25 25 25 25 25 25 25 25 25 25 26 26 26 26 26 26 26 26 26 26 26 27 27 27 27 27 27 27 27 27 27 27 27 27 27 27 27 28 28 28 28 28 28 28 28 28 28 28 28 28 28 28 28 28 28 29 29 29 29 29 29 29 29 29 29 29 29 29 29 29 29 30 30 30 30 30 30 30 30 30 30 30 30 30 30 30 30 30 30 30 30 30 30 30 30 30 30 30 30 31 31 31 31 31 31 31 31 31 31 31 31 31 31 31 31 31 31 31 31 31 31 31 31 31 31 31 32 32 32 32 32 32 32 32 32 32 32 32 32 32 32 32 32 32 32 32 32 32 32 32 32 32 32 32 32 32 32 32 32 32 32 32 32 32 32 32 32 32 32 32 32 33 34 34 34 34 34 34 34 34 34 34 34 34 34 34 34 34 34 34 34 34 34 34 34 34 34 34 34 34 34 34 34 34 34 34 34 34 34 34 34 34 34 34 34 34 34 34 34 34 34 34 34 34 34 34 34 34 34 34 34 34 34 34 34 34 34 34 34 34 22 22 22 22 23 23 23 23 23 23 23 23 23 23 23 23 23 24 24 24 24 24 24 24 24 24 24 24 24 24 24 25 25 25 25 25 25 25 25 25 25 25 25 25 25 26 26 26 26 26 26 26 26 26 26 26 26 27 27 27 27 27 27 27 27 27 27 27 27 27 27 27 28 28 28 28 28 28 28 28 28 28 28 28 28 28 28 28 28 28 28 29 29 29 29 29 29 29 29 29 29 29 29 29 29 29 29 30 30 30 30 30 30 30 30 30 30 30 30 30 30 30 30 30 30 30 30 30 30 30 30 30 30 30 30 30 31 31 30 30 31 31 31 31 31 31 31 31 31 31 31 31 31 31 31 31 31 31 31 31 31 31 31 32 31 32 32 32 32 32 32 32 32 32 32 32 32 32 32 32 32 32 32 32 32 32 32 32 32 32 32 32 32 32 32 32 32 32 32 32 32 32 32 32 33 33 33 34 34 34 34 34 34 34 34 34 34 34 34 34 34 34 34 34 34 34 34 34 34 34 34 34 34 34 34 34 34 34 34 34 34 34 34 34 34 34 34 34 34 34 34 34 34 34 34 34 34 34 34 34 34 34 34 34 34 34 34 34 34 34 34 34 34 22 22 23 23 23 23 23 23 23 23 23 23 23 23 23 23 23 23 24 24 24 24 24 24 24 24 24 24 24 24 24 24 25 25 25 25 25 25 25 25 25 25 25 25 25 25 26 26 26 26 26 26 26 26 26 26 26 26 26 27 27 27 27 27 27 27 27 27 27 27 27 27 27 28 28 28 28 28 28 28 28 28 28 28 28 28 28 28 28 28 28 28 29 29 29 29 29 29 29 29 29 29 29 29 29 29 29 29 29 30 30 30 30 30 30 30 30 30 30 30 30 30 30 30 30 30 30 30 30 30 30 30 30 30 30 30 30 30 30 30 31 31 31 31 31 31 31 31 31 31 31 31 31 31 31 31 31 31 31 31 31 31 31 31 31 31 32 32 32 32 32 32 32 32 32 32 32 32 32 32 32 32 32 32 32 32 32 32 32 32 32 32 32 32 32 32 32 32 32 32 32 32 33 33 33 33 34 34 34 34 34 34 34 34 34 34 34 34 34 34 34 34 34 34 34 34 34 34 34 34 34 34 34 34 34 34 34 34 34 34 34 34 34 34 34 34 34 34 34 34 34 34 34 34 34 34 34 34 34 34 34 34 34 34 34 34 34 34 34 34 34 34 34 34 34 34 22 22 22 22 23 23 23 23 23 23 23 23 23 23 23 23 23 23 23 23 24 24 24 24 24 24 24 24 24 24 24 24 24 24 25 25 25 25 25 25 25 25 25 25 25 25 25 25 26 26 26 26 26 26 26 26 26 26 26 26 27 27 27 27 27 27 27 27 27 27 27 27 27 27 28 28 28 28 28 28 28 28 28 28 28 28 28 28 28 28 28 28 28 29 29 29 29 29 29 29 29 29 29 29 29 29 29 29 29 29 29 30 30 30 30 30 30 30 30 30 30 30 30 30 30 30 30 30 30 30 30 30 30 30 30 30 30 30 30 30 30 30 31 31 31 31 31 31 31 31 31 31 31 31 31 31 31 31 31 31 31 31 31 31 31 31 32 32 32 32 32 32 32 32 32 32 32 32 32 32 32 32 32 32 32 32 32 32 32 32 32 32 32 32 32 32 32 32 32 32 32 33 33 33 33 33 33 33 34 34 34 34 34 34 34 34 34 34 34 34 34 34 34 34 34 34 34 34 34 34 34 34 34 34 34 34 34 34 34 34 34 34 34 34 34 34 34 34 34 34 34 34 34 34 34 34 34 34 34 34 34 34 34 34 34 34 34 34 34 34 34 34 34 34 34 34 34 34 34 34 22 22 22 22 22 22 22 22 22 23 23 23 23 23 23 23 23 23 23 23 23 23 23 23 24 24 24 24 24 24 24 24 24 24 24 24 24 24 25 25 25 25 25 25 25 25 25 25 25 25 25 25 25 26 26 26 26 26 26 26 26 26 26 26 27 27 27 27 27 27 27 27 27 27 27 27 27 27 27 28 28 28 28 28 28 28 28 28 28 28 28 28 28 28 28 28 28 28 29 29 29 29 29 29 29 29 29 29 29 29 29 29 29 29 29 29 29 30 30 30 30 30 30 30 30 30 30 30 30 30 30 30 30 30 30 30 30 30 30 30 30 30 30 30 30 30 31 31 31 31 31 31 31 31 31 31 31 31 31 31 31 31 31 31 31 31 31 31 31 31 31 31 31 32 32 32 32 32 32 32 32 32 32 32 32 32 32 32 32 32 32 32 32 32 32 32 32 32 32 32 32 32 32 33 33 33 33 33 33 33 33 33 34 34 34 34 34 34 34 34 34 34 34 34 34 34 34 34 34 34 34 34 34 34 34 34 34 34 34 34 34 34 34 34 34 34 34 34 34 34 34 34 34 34 34 34 34 34 34 34 34 34 34 34 34 34 34 34 34 34 34 34 34 34 34 34 34 34 34 34 34 34 34 34 34 21 21 21 22 22 22 22 22 22 22 22 22 22 22 22 23 23 23 23 23 23 23 23 23 23 23 23 23 23 24 24 24 24 24 24 24 24 24 24 24 24 24 24 25 25 25 25 25 25 25 25 25 25 25 25 26 26 26 26 26 26 26 26 26 26 26 26 26 26 27 27 27 27 27 27 27 27 27 27 27 27 27 27 27 28 28 28 28 28 28 28 28 28 28 28 28 28 28 28 28 28 28 28 29 29 29 29 29 29 29 29 29 29 29 29 29 29 29 29 29 29 29 30 30 30 30 30 30 30 30 30 30 30 30 30 30 30 30 30 30 30 30 30 30 30 30 30 30 30 30 30 30 31 31 31 31 31 31 31 31 31 31 31 31 31 31 31 31 31 31 31 31 31 31 31 31 31 32 32 32 32 32 32 32 32 32 32 32 32 32 32 32 32 32 32 32 32 32 32 32 32 32 32 32 32 33 33 33 33 33 33 33 33 33 33 33 34 34 34 34 34 34 34 34 34 34 34 34 34 34 34 34 34 34 34 34 34 34 34 34 34 34 34 34 34 34 34 34 34 34 34 34 34 34 33 34 34 34 34 34 34 34 34 34 34 34 34 34 34 34 34 34 34 34 34 34 34 34 34 34 34 34 34 34 34 34 34 34 34 34 21 21 21 21 21 21 21 21 22 22 22 22 22 22 22 22 22 22 22 22 22 22 23 23 23 23 23 23 23 23 23 23 23 23 23 24 24 24 24 24 24 24 24 24 24 24 24 24 24 25 25 25 25 25 25 25 25 25 25 25 26 26 26 26 26 26 26 26 26 26 26 26 26 26 27 27 27 27 27 27 27 27 27 27 27 27 27 27 27 28 28 28 28 28 28 28 28 28 28 28 28 28 28 28 28 28 28 28 29 29 29 29 29 29 29 29 29 29 29 29 29 29 29 29 29 29 29 29 30 30 30 30 30 30 30 30 30 30 30 30 30 30 30 30 30 30 30 30 30 30 30 30 30 30 30 30 30 30 31 31 31 31 31 31 31 31 31 31 31 31 31 31 31 31 31 31 31 31 31 31 31 31 31 31 32 32 32 32 32 32 32 32 32 32 32 32 32 32 32 32 32 32 32 32 32 32 32 32 33 33 33 33 33 33 33 33 33 33 33 33 34 34 34 34 34 34 34 34 34 34 34 34 34 34 34 34 34 34 34 34 34 34 34 34 34 34 34 34 34 34 34 34 34 34 34 34 33 33 33 34 34 34 34 34 34 34 34 34 34 34 34 34 34 34 34 34 34 34 34 34 34 34 34 34 34 34 34 34 34 34 34 34 34 34 20 20 20 21 21 21 21 21 21 21 21 21 21 22 22 22 22 22 22 22 22 22 22 22 22 22 22 23 23 23 23 23 23 23 23 23 23 23 23 23 24 24 24 24 24 24 24 24 24 24 24 24 24 25 25 25 25 25 25 25 25 25 25 25 25 26 26 26 26 26 26 26 26 26 26 26 26 26 26 27 27 27 27 27 27 27 27 27 27 27 27 27 27 27 28 28 28 28 28 28 28 28 28 28 28 28 28 28 28 28 28 29 29 29 29 29 29 29 29 29 29 29 29 29 29 29 29 29 29 29 29 29 29 29 29 30 30 30 30 30 30 30 30 30 30 30 30 30 30 30 30 30 30 30 30 30 30 30 30 30 31 31 31 31 31 31 31 31 31 31 31 31 31 31 31 31 31 31 31 31 31 31 31 31 31 31 31 31 32 32 32 32 32 32 32 32 32 32 32 32 32 32 32 32 32 32 32 32 32 32 33 33 33 33 33 33 33 33 33 33 33 33 33 33 34 34 34 34 34 34 34 34 34 34 34 34 34 34 34 34 34 34 34 34 34 34 34 34 34 34 34 34 34 34 34 34 34 34 33 33 34 34 34 34 34 34 34 34 34 34 34 34 34 34 34 34 34 34 34 34 34 34 34 34 34 34 34 34 34 34 34 34 34 34 34 34 34 20 20 20 20 20 20 20 20 20 20 21 21 21 21 21 22 22 22 22 22 22 22 22 22 22 22 22 23 23 23 23 23 23 23 23 23 23 23 23 23 23 24 24 24 24 24 24 24 24 24 24 24 24 24 24 25 25 25 25 25 25 25 25 25 25 25 26 26 26 26 26 26 26 26 26 26 26 26 26 26 26 27 27 27 27 27 27 27 27 27 27 27 27 27 27 27 28 28 28 28 28 28 28 28 28 28 28 28 28 28 28 28 29 29 29 29 29 29 29 29 29 29 29 29 29 29 29 29 29 29 29 29 29 29 29 29 29 30 30 30 30 30 30 30 30 30 30 30 30 30 30 30 30 30 30 30 30 30 30 31 31 31 31 31 31 31 31 31 31 31 31 31 31 31 31 31 31 31 31 31 31 31 31 31 31 31 31 31 31 31 32 32 32 32 32 32 32 32 32 32 32 32 32 32 32 32 32 32 32 33 33 33 33 33 33 33 33 33 33 33 33 33 33 33 33 33 33 34 33 34 34 34 34 34 34 34 34 34 34 34 34 34 34 34 34 34 34 34 34 34 34 34 34 34 34 33 33 33 33 34 34 34 34 34 34 34 34 34 34 34 34 34 34 34 34 34 34 34 34 34 34 34 34 34 34 34 34 34 34 34 34 34 34 34 34 34 19 19 19 20 20 20 20 20 20 20 20 20 20 20 20 20 20 21 21 21 22 22 22 23 23 23 23 23 23 23 23 23 23 23 23 23 24 24 24 24 24 24 24 24 24 24 24 24 24 24 25 25 25 25 25 25 25 25 25 25 25 25 26 26 26 26 26 26 26 26 26 26 26 26 26 26 27 27 27 27 27 27 27 27 27 27 27 27 27 27 27 27 28 28 28 28 28 28 28 28 28 28 28 28 28 28 28 28 29 29 29 29 29 29 29 29 29 29 29 29 29 29 29 29 29 29 29 29 29 29 29 29 29 30 30 30 30 30 30 30 30 30 30 30 30 30 30 30 30 30 30 30 31 31 31 31 31 31 31 31 31 31 31 31 31 31 31 31 31 31 31 31 31 31 31 31 31 31 31 31 31 31 31 31 31 31 32 31 32 32 32 32 32 31 32 32 32 32 32 32 32 32 33 33 33 33 33 33 33 33 33 33 33 33 33 33 33 33 33 33 33 33 33 34 34 34 34 34 34 34 34 34 34 34 34 34 34 34 34 34 34 34 34 34 34 34 34 33 33 33 33 33 34 34 34 34 34 34 34 34 34 34 34 34 34 34 34 34 34 34 34 34 34 34 34 34 34 34 34 34 34 34 34 34 34 34 34 34 34 19 19 19 19 19 19 19 20 20 20 20 20 20 20 20 20 22 22 22 22 23 23 23 23 23 23 23 23 23 23 23 23 23 24 24 24 24 24 24 24 24 24 24 24 24 24 25 25 25 25 25 25 25 25 25 25 25 26 26 26 26 26 26 26 26 26 26 26 26 26 26 26 26 27 27 27 27 27 27 27 27 27 27 27 27 27 27 27 27 28 28 28 28 28 28 28 28 28 28 28 28 28 28 28 29 29 29 29 29 29 29 29 29 29 29 29 29 29 29 29 29 29 29 29 29 29 29 29 29 29 30 29 30 30 30 30 30 30 30 30 30 30 30 30 30 30 30 31 31 31 31 31 31 31 31 31 31 31 31 31 31 31 31 31 31 31 31 31 31 31 31 31 31 31 31 31 31 31 31 31 31 31 31 32 32 32 31 31 31 32 32 32 32 32 32 32 33 33 33 33 33 33 33 33 33 33 33 33 33 33 33 33 33 33 33 33 33 33 33 34 34 34 34 34 34 34 34 34 34 34 34 34 34 34 34 34 34 34 34 34 34 33 33 33 33 33 34 34 34 34 34 34 34 34 34 34 34 34 34 34 34 34 34 34 34 34 34 34 34 34 34 34 34 34 34 34 34 34 34 34 34 34 34 19 19 19 19 19 19 19 19 19 20 20 20 20 20 22 22 22 22 23 23 23 23 23 23 23 23 23 23 23 23 23 23 24 24 24 24 24 24 24 24 24 24 25 25 25 25 25 25 25 25 25 25 25 25 25 25 26 26 26 26 26 26 26 26 26 26 26 26 26 26 26 27 27 27 27 27 27 27 27 27 27 27 27 27 27 27 27 28 28 28 28 28 28 28 28 28 28 28 28 28 28 28 28 29 29 29 29 29 29 29 29 29 29 29 29 29 29 29 29 29 29 29 29 29 29 29 29 29 29 30 30 30 30 30 30 30 30 30 30 30 30 30 30 30 30 30 30 31 31 31 31 31 31 31 31 31 31 31 31 31 31 31 31 31 31 31 31 31 31 31 31 31 31 31 31 31 31 31 31 31 31 31 31 31 31 31 31 32 32 32 32 32 33 33 33 33 33 33 33 33 33 33 33 33 33 33 33 33 33 33 33 33 33 33 33 33 33 33 34 34 34 34 34 34 34 34 34 34 34 34 34 34 34 34 34 34 34 34 33 33 33 33 34 34 34 34 34 34 34 34 34 34 34 34 34 34 34 34 34 34 34 34 34 34 34 34 34 34 34 34 34 34 34 34 34 34 19 19 19 19 19 19 19 19 19 19 22 22 22 22 22 23 23 23 23 23 23 23 23 23 23 23 23 23 24 24 24 24 24 24 24 24 24 24 25 25 25 25 25 25 25 25 25 25 25 25 25 25 25 26 26 26 26 26 26 26 26 26 26 26 26 26 26 27 27 27 27 27 27 27 27 27 27 27 27 27 27 27 27 27 28 28 28 28 28 28 28 28 28 28 28 28 28 28 28 28 29 29 29 29 29 29 29 29 29 29 29 29 29 29 29 29 29 29 29 29 29 29 29 29 29 30 30 30 30 30 30 30 30 30 30 30 30 30 30 30 30 30 30 30 31 31 31 31 31 31 31 31 31 31 31 31 31 31 31 31 31 31 31 31 31 31 31 31 31 31 31 31 31 31 31 31 31 31 31 31 31 31 31 31 31 32 33 33 33 33 33 33 33 33 33 33 33 33 33 33 33 33 33 33 33 33 33 33 33 33 33 33 33 33 34 34 34 34 34 34 34 34 34 34 34 34 34 34 34 33 33 33 33 33 33 33 34 34 34 34 34 34 34 34 34 34 34 34 34 34 34 34 34 34 34 34 34 34 34 34 34 34 34 34 34 34 34 19 19 19 19 19 19 19 19 22 22 22 22 22 22 22 23 23 23 23 23 23 23 23 23 23 23 23 23 24 24 24 24 24 24 24 24 24 24 24 25 25 25 25 25 25 25 25 25 25 25 25 25 25 25 26 26 26 26 26 26 26 26 26 26 26 26 26 26 27 27 27 27 27 27 27 27 27 27 27 27 27 27 27 27 28 28 28 28 28 28 28 28 28 28 28 28 28 28 28 28 28 29 29 29 29 29 29 29 29 29 29 29 29 29 29 29 29 29 29 29 29 29 29 29 29 29 30 30 29 30 30 30 30 30 30 30 30 30 30 30 30 30 30 30 31 31 31 31 31 31 31 31 31 31 31 31 31 31 31 31 31 31 31 31 31 31 31 31 31 31 31 31 31 31 31 31 31 31 31 31 31 31 31 31 33 33 33 33 33 33 33 33 33 33 33 33 33 33 33 33 33 33 33 33 33 33 33 33 33 33 33 33 33 33 34 34 34 34 34 34 34 34 34 34 34 34 34 33 33 33 33 33 34 34 34 34 34 34 34 34 34 34 34 34 34 34 34 34 34 34 34 34 34 34 34 34 34 34 18 18 19 19 19 19 22 22 22 22 22 22 22 22 22 22 22 23 23 23 23 23 23 23 23 23 23 23 23 23 24 24 24 24 24 24 24 24 24 24 25 25 25 25 25 25 25 25 25 25 25 25 25 25 25 26 26 26 26 26 26 26 26 26 26 26 26 26 26 27 27 27 27 27 27 27 27 27 27 27 27 27 27 28 28 28 28 28 28 28 28 28 28 28 28 28 28 28 28 28 28 28 28 29 29 29 29 29 29 29 29 29 29 29 29 29 29 29 29 29 29 29 29 29 29 29 29 29 29 29 29 30 30 30 30 30 30 30 30 30 30 30 30 30 30 31 31 31 31 31 31 31 31 31 31 31 31 31 31 31 31 31 31 31 31 31 31 31 31 31 31 31 31 31 31 31 31 31 31 31 31 31 32 33 33 33 33 33 33 33 33 33 33 33 33 33 33 33 33 33 33 33 33 33 33 33 33 33 33 33 33 33 33 33 33 33 33 34 34 34 34 34 34 34 34 33 33 33 33 33 34 34 34 34 34 34 34 34 34 34 34 34 34 34 34 34 34 21 21 22 22 22 22 22 22 22 22 22 22 22 22 23 23 23 23 23 23 23 23 23 23 23 23 23 24 24 24 24 24 24 24 24 24 24 24 25 25 25 25 25 25 25 25 25 25 25 25 25 26 26 26 26 26 26 26 26 26 26 26 26 26 26 26 27 27 27 27 27 27 27 27 27 27 27 27 27 27 28 28 28 28 28 28 28 28 28 28 28 28 28 28 28 28 28 28 28 28 28 29 29 29 29 29 29 29 29 29 29 29 29 29 29 29 29 29 29 29 29 29 29 29 29 29 29 29 30 30 30 30 30 30 30 30 30 30 30 30 30 30 30 31 30 30 30 30 30 31 31 31 31 31 31 31 31 31 31 31 31 31 31 31 31 31 31 31 31 31 31 31 31 31 31 31 31 32 33 33 33 33 33 33 33 33 33 33 33 33 33 33 33 33 33 33 33 33 33 33 33 33 33 33 33 33 33 33 33 33 33 33 33 33 33 33 33 33 33 33 33 33 33 33 33 34 34 34 34 34 34 34 34 34 34 34 34 34 34 34 34 21 21 21 21 22 22 22 22 22 22 22 22 22 22 22 22 22 23 23 23 23 23 23 23 23 23 23 23 24 24 24 24 24 24 24 24 24 24 24 24 25 25 25 25 25 25 25 25 25 25 25 25 25 25 26 26 26 26 26 26 26 26 26 26 26 26 26 26 26 27 27 27 27 27 27 27 27 27 27 27 27 27 27 27 28 28 28 28 28 28 28 28 28 28 28 28 28 28 28 28 28 28 28 28 28 29 29 29 29 29 29 29 29 29 29 29 29 29 29 29 29 29 29 29 29 29 29 29 30 30 30 30 30 30 30 30 30 30 30 30 30 30 30 30 30 30 30 30 30 30 31 31 31 31 31 31 31 31 31 31 31 31 31 31 31 31 31 31 31 31 31 31 31 31 31 31 31 31 33 33 33 33 33 33 33 33 33 33 33 33 33 33 33 33 33 33 33 33 33 33 33 33 33 33 33 33 33 33 33 33 33 33 33 33 33 33 33 33 33 33 33 33 33 33 33 34 34 34 34 34 34 34 34 34 34 34 34 34 34 34 34 21 21 21 21 21 21 22 22 22 22 22 22 22 22 22 22 22 22 22 23 23 23 23 23 23 23 23 23 23 24 24 24 24 24 24 24 24 24 24 24 24 24 24 25 25 25 25 25 25 25 25 25 25 25 25 25 26 26 26 26 26 26 26 26 26 26 26 26 26 26 26 27 27 27 27 27 27 27 27 27 27 27 27 27 27 28 28 28 28 28 28 28 28 28 28 28 28 28 28 28 28 28 28 28 28 28 28 29 29 29 29 29 29 29 29 29 29 29 29 29 29 29 29 29 29 29 29 29 30 30 30 30 30 30 30 30 30 30 30 30 30 30 30 30 30 30 30 30 30 30 30 31 31 31 31 31 31 31 31 31 31 31 31 31 31 31 31 31 31 31 31 31 31 31 31 31 31 31 33 33 33 33 33 33 33 33 33 33 33 33 33 33 33 33 33 33 33 33 33 33 33 33 33 33 33 33 33 33 33 33 33 33 33 33 33 33 33 33 33 33 33 33 33 33 33 33 34 34 34 34 34 34 34 34 34 34 34 34 34 34 34 21 21 21 21 21 21 21 21 21 22 22 22 22 22 22 22 22 22 22 22 22 23 23 23 23 23 23 23 23 23 23 24 24 24 24 24 24 24 24 24 24 24 24 24 24 25 25 25 25 25 25 25 25 25 25 25 25 25 26 26 26 26 26 26 26 26 26 26 26 26 26 26 26 27 27 27 27 27 27 27 27 27 27 27 27 27 27 27 28 28 28 28 28 28 28 28 28 28 28 28 28 28 28 28 28 28 28 28 28 29 29 29 29 29 29 29 29 29 29 29 29 29 29 29 29 29 29 29 30 30 30 30 30 30 30 30 30 30 30 30 30 30 30 30 30 30 30 30 30 30 30 30 31 31 31 31 31 31 31 31 31 31 31 31 31 31 31 31 31 31 31 31 31 31 31 31 31 31 33 33 33 33 33 33 33 33 33 33 33 33 33 33 33 33 33 33 33 33 33 33 33 33 33 33 33 33 33 33 33 33 33 33 33 33 33 33 33 33 33 33 33 33 33 33 33 33 33 33 34 34 34 34 34 34 34 34 34 34 34 34 34 20 20 21 21 21 21 21 21 21 21 21 21 21 21 21 22 22 22 22 22 22 22 22 22 22 22 22 23 23 23 23 23 23 23 23 23 23 24 24 24 24 24 24 24 24 24 24 24 24 24 24 25 25 25 25 25 25 25 25 25 25 25 25 25 25 26 26 26 26 26 26 26 26 26 26 26 26 26 26 27 27 27 27 27 27 27 27 27 27 27 27 27 27 27 28 28 28 28 28 28 28 28 28 28 28 28 28 28 28 28 28 28 28 28 29 29 29 29 29 29 29 29 29 29 29 29 29 29 29 29 29 29 30 30 30 30 30 30 30 30 30 30 30 30 30 30 30 30 30 30 30 30 30 30 30 30 30 30 31 31 31 31 31 31 31 31 31 31 31 31 31 31 31 31 31 31 31 31 31 31 31 31 32 33 33 33 33 33 33 33 33 33 33 33 33 33 33 33 33 33 33 33 33 33 33 33 33 33 33 33 33 33 33 33 33 33 33 33 33 33 33 33 33 33 33 33 33 33 33 33 33 33 34 34 34 34 34 34 34 34 34 34 33 33 33 33 20 20 20 20 21 21 21 21 21 21 21 21 21 21 21 21 22 22 22 22 22 22 22 22 22 22 22 22 22 23 23 23 23 23 23 23 23 23 24 24 24 24 24 24 24 24 24 24 24 24 24 24 25 25 25 25 25 25 25 25 25 25 25 25 25 25 26 26 26 26 26 26 26 26 26 26 26 26 26 26 26 27 27 27 27 27 27 27 27 27 27 27 27 27 27 28 28 28 28 28 28 28 28 28 28 28 28 28 28 28 28 28 28 28 28 28 29 29 29 29 29 29 29 29 29 29 29 29 29 29 29 30 30 29 29 29 30 30 30 30 30 30 29 29 30 30 30 30 30 30 30 30 30 30 30 30 30 30 31 31 31 31 31 31 31 31 31 31 31 31 31 31 31 31 31 31 31 31 31 31 31 32 32 32 32 33 33 33 33 33 33 33 33 33 33 33 33 33 33 33 33 33 33 33 33 33 33 33 33 33 33 33 33 33 33 33 33 33 33 33 33 33 33 33 33 33 33 33 33 33 33 34 34 34 34 34 34 34 34 34 33 34 34 34 33 33 33 20 20 20 20 20 20 20 20 21 21 21 21 21 21 21 21 21 21 21 21 22 22 22 22 22 22 22 22 22 22 22 22 22 23 23 23 23 23 23 23 23 23 23 24 24 24 24 24 24 24 24 24 24 24 24 24 25 25 25 25 25 25 25 25 25 25 25 25 25 25 25 26 26 26 26 26 26 26 26 26 26 26 26 27 27 27 27 27 27 27 27 27 27 27 27 27 27 27 27 27 28 28 28 28 28 28 28 28 28 28 28 28 28 28 28 28 28 28 28 28 28 29 29 29 29 29 29 29 29 29 29 29 29 29 29 29 29 29 29 29 30 30 30 30 30 29 29 30 30 30 30 30 30 30 30 30 30 30 30 30 30 30 30 31 31 31 31 31 31 31 31 31 31 31 31 31 31 31 31 31 31 31 31 32 32 32 32 33 33 33 33 33 33 33 33 33 33 33 33 33 33 33 33 33 33 33 33 33 33 33 33 33 33 33 33 33 33 33 33 33 33 33 33 33 33 33 33 33 33 33 33 33 33 33 34 34 34 34 34 34 34 34 33 33 33 34 34 34 33 20 20 20 20 20 20 20 20 20 20 21 21 21 21 21 21 21 21 21 21 21 21 22 22 22 22 22 22 22 22 22 22 23 23 23 23 23 23 23 23 23 23 23 23 24 24 24 24 24 24 24 24 24 24 24 24 24 25 25 25 25 25 25 25 25 25 25 25 25 25 25 26 26 26 26 26 26 26 26 26 26 26 26 27 27 27 27 27 27 27 27 27 27 27 27 27 27 27 27 27 27 27 28 28 28 28 28 28 28 28 28 28 28 28 28 28 28 28 28 28 28 28 28 28 28 29 29 29 29 29 29 29 29 29 29 29 29 29 29 29 30 30 30 30 30 29 30 30 30 30 30 30 30 30 30 30 30 30 30 30 30 30 31 30 31 31 31 31 31 31 31 31 31 31 31 31 31 31 31 31 31 31 32 32 32 32 32 32 33 33 33 33 33 33 33 33 33 33 33 33 33 33 33 33 33 33 33 33 33 33 33 33 33 33 33 33 33 33 33 33 33 33 33 33 33 33 33 33 33 33 33 33 33 33 34 34 34 34 34 34 34 33 33 33 33 33 33 33 33 19 19 20 20 20 20 20 20 20 20 20 20 20 20 21 21 21 21 21 21 21 21 21 21 21 21 22 22 22 22 22 22 22 22 22 22 23 23 23 23 23 23 23 23 23 23 23 23 24 24 24 24 24 24 24 24 24 24 24 24 24 25 25 25 25 25 25 25 25 25 25 25 25 25 25 26 26 26 26 26 26 26 26 26 26 26 26 26 27 27 27 27 27 27 27 27 27 27 27 27 27 27 27 27 27 27 28 28 28 28 28 28 28 28 28 28 28 28 28 28 28 28 28 28 28 28 28 29 29 29 29 29 29 29 29 29 29 29 29 29 29 29 29 29 29 30 30 30 30 30 30 30 30 30 30 30 30 29 30 30 30 30 30 30 30 30 30 30 31 31 31 31 31 31 31 31 31 31 31 31 31 31 31 31 32 32 32 32 32 32 33 33 33 33 33 33 33 33 33 33 33 33 33 33 33 33 33 33 33 33 33 33 33 33 33 33 33 33 33 33 33 33 33 33 33 33 33 33 33 33 33 33 33 33 34 34 34 34 34 34 34 33 33 33 33 33 33 33 33 33 33 19 20 20 20 20 20 20 20 20 20 20 20 20 21 21 21 21 21 21 21 21 21 21 21 21 22 22 22 22 22 22 22 22 22 22 23 23 23 23 23 23 23 23 23 23 23 23 23 23 24 24 24 24 24 24 24 24 24 24 24 25 25 25 25 25 25 25 25 25 25 25 25 25 25 26 26 26 26 26 26 26 26 26 26 26 26 26 27 27 27 27 27 27 27 27 27 27 27 27 27 27 27 27 27 27 28 28 28 28 28 28 28 28 28 28 28 28 28 28 28 28 28 28 28 28 29 29 29 29 28 28 29 29 29 29 29 29 29 29 29 29 29 29 30 30 30 30 30 30 30 30 30 30 30 29 30 30 30 30 30 30 30 30 30 30 30 30 31 31 31 31 31 31 31 31 31 31 31 31 31 31 32 32 32 32 32 32 32 32 32 33 33 33 33 33 33 33 33 33 33 33 33 33 33 33 33 33 33 33 33 33 33 33 33 33 33 33 33 33 33 33 33 33 33 33 33 33 33 33 33 33 34 34 34 34 34 33 33 33 33 33 33 33 33 33 33 33 33 33 19 19 19 19 19 19 20 20 20 20 20 20 20 20 20 20 20 20 21 21 21 21 21 21 21 21 21 21 21 21 22 22 22 22 22 22 22 22 22 22 23 23 23 23 23 23 23 23 23 23 23 23 23 24 24 24 24 24 24 24 24 24 24 24 24 24 25 25 25 25 25 25 25 25 25 25 25 25 25 26 26 26 26 26 26 26 26 26 26 26 26 26 27 27 27 27 27 27 27 27 27 27 27 27 27 27 27 27 27 27 28 28 28 28 28 28 28 28 28 28 28 28 28 28 28 28 28 28 28 28 28 28 28 28 29 29 29 29 29 29 29 29 29 29 29 29 29 29 30 30 30 30 30 30 30 30 30 30 29 30 30 30 30 30 30 30 30 30 30 30 30 30 31 31 31 31 31 31 31 31 31 31 31 31 32 32 32 32 32 32 32 32 32 32 32 33 33 33 33 33 33 33 33 33 33 33 33 33 33 33 33 33 33 33 33 33 33 33 33 33 33 33 33 33 33 33 33 33 33 33 33 33 33 33 34 34 34 33 33 33 33 33 33 33 33 34 33 33 33 33 33 33 33 33 33 33 33 33 33 33 33 33 33 33 33 33 33 33 33 33 19 19 19 19 19 20 20 20 20 20 20 20 20 20 20 20 20 21 21 21 21 21 21 21 21 21 21 21 21 22 22 22 22 22 22 22 22 22 22 23 23 23 23 23 23 23 23 23 23 23 23 23 24 24 24 24 24 24 24 24 24 24 24 24 25 25 25 25 25 25 25 25 25 25 25 25 25 25 26 26 26 26 26 26 26 26 26 26 26 26 26 26 27 27 27 27 27 27 27 27 27 27 27 27 27 27 27 27 27 28 28 28 28 28 28 28 28 28 28 28 28 28 28 28 28 28 28 28 28 28 28 29 29 29 29 29 29 29 29 29 29 29 29 29 29 29 29 29 29 29 30 29 29 29 29 29 30 30 30 30 30 30 30 30 30 30 30 30 30 30 31 31 31 31 31 31 31 31 31 31 31 32 32 32 32 32 32 32 32 32 32 32 32 32 32 33 33 33 33 33 33 33 33 33 33 33 33 33 33 33 33 33 33 33 33 33 33 33 33 33 33 33 33 33 33 33 33 33 33 33 33 33 33 33 33 33 33 33 33 33 34 34 33 33 33 33 33 33 33 33 33 33 33 33 33 33 33 33 33 33 33 33 33 34 33 33 34 34 34 33 19 19 19 19 19 19 19 19 19 20 20 20 20 20 20 20 20 20 20 20 21 21 21 21 21 21 21 21 21 21 21 21 22 22 22 22 22 22 22 22 22 22 23 23 23 23 23 23 23 23 23 23 23 23 23 24 24 24 24 24 24 24 24 24 24 24 24 25 25 25 25 25 25 25 25 25 25 25 25 25 25 26 26 26 26 26 26 26 26 26 26 26 26 26 26 27 27 27 27 27 27 27 27 27 27 27 27 27 27 27 27 27 28 28 28 28 28 28 28 28 28 28 28 28 28 28 28 28 28 28 28 28 29 29 29 28 29 29 29 29 29 29 29 29 29 29 29 29 29 29 29 29 29 29 29 29 29 29 29 30 30 30 30 30 30 30 30 30 30 30 30 30 31 31 31 31 31 31 31 31 31 31 32 32 32 32 32 32 32 32 32 32 32 32 32 32 32 33 33 33 33 33 33 33 33 33 33 33 33 33 33 33 33 33 33 33 33 33 33 33 33 33 33 33 33 33 33 33 33 33 33 33 33 33 33 33 33 33 33 33 33 34 34 34 33 33 33 33 33 33 33 33 33 33 33 33 33 34 33 33 33 33 33 34 34 34 34 34 34 34 34 34 34 19 19 19 19 19 19 19 19 19 19 20 20 20 20 20 20 20 20 20 20 20 21 21 21 21 21 21 21 21 21 21 22 22 22 22 22 22 22 22 22 22 22 22 23 23 23 23 23 23 23 23 23 23 23 23 23 23 24 24 24 24 24 24 24 24 24 24 24 25 25 25 25 25 25 25 25 25 25 25 25 25 26 26 26 26 26 26 26 26 26 26 26 26 26 26 26 27 27 27 27 27 27 27 27 27 27 27 27 27 27 27 27 27 28 28 28 28 28 28 28 28 28 28 28 28 28 28 28 28 28 28 29 29 28 28 29 29 29 29 29 29 29 29 29 29 29 29 29 29 29 29 29 29 29 29 30 30 29 29 29 30 30 30 30 30 30 30 30 30 30 30 30 30 31 31 31 31 31 31 31 31 32 32 32 32 32 32 32 32 32 32 32 32 32 32 32 32 32 33 33 33 33 33 33 33 33 33 33 33 33 33 33 33 33 33 33 33 33 33 33 33 33 33 33 33 33 33 33 33 33 33 33 33 33 33 33 33 33 33 33 34 34 34 33 33 33 33 33 33 33 33 33 33 33 33 33 33 33 33 33 33 33 33 34 34 34 34 34 34 34 34 34 33 18 18 19 19 19 19 19 19 19 19 19 19 19 19 20 20 20 20 20 20 20 20 20 20 20 21 21 21 21 21 21 21 21 21 21 22 22 22 22 22 22 22 22 22 22 22 22 22 23 23 23 23 23 23 23 23 23 23 23 23 24 24 24 24 24 24 24 24 24 24 24 24 25 25 25 25 25 25 25 25 25 25 25 25 26 26 26 26 26 26 26 26 26 26 26 26 26 26 26 26 27 27 27 27 27 27 27 27 27 27 27 27 27 27 27 27 27 28 28 28 28 28 28 28 28 28 28 28 28 28 28 28 28 29 28 28 28 29 29 29 29 29 29 29 29 29 29 29 29 29 29 29 29 29 29 29 29 29 30 30 29 29 29 29 30 30 30 30 30 30 30 30 30 30 30 30 31 31 31 31 31 31 31 32 32 32 32 32 32 32 32 32 32 32 32 32 32 32 32 32 32 32 33 33 33 33 33 33 33 33 33 33 33 33 33 33 33 33 33 33 33 33 33 33 33 33 33 33 33 33 33 33 33 33 33 33 33 33 33 33 33 33 33 33 34 34 33 33 33 33 33 33 33 33 33 33 33 33 33 33 33 33 33 33 33 33 34 34 34 34 34 34 34 34 34 33 18 18 18 18 18 19 19 19 19 19 19 19 19 19 19 19 19 20 20 20 20 20 20 20 20 20 20 20 21 21 21 21 21 21 21 21 21 21 22 22 22 22 22 22 22 22 22 22 22 22 22 23 23 23 23 23 23 23 23 23 23 23 23 24 24 24 24 24 24 24 24 24 24 24 24 25 25 25 25 25 25 25 25 25 25 25 26 26 26 26 26 26 26 26 26 26 26 26 26 26 26 26 26 27 27 27 27 27 27 27 27 27 27 27 27 27 27 27 27 27 27 27 27 28 27 27 27 27 28 28 28 28 28 28 29 28 28 28 29 29 29 29 29 29 29 29 29 29 28 29 29 29 29 29 29 29 29 29 29 29 30 30 30 29 29 29 30 30 30 30 30 30 30 30 30 30 30 30 30 30 30 31 31 31 32 32 32 32 32 32 32 32 32 32 32 32 32 32 32 32 32 32 32 33 33 33 33 33 33 33 33 33 33 33 33 33 33 33 33 33 33 33 33 33 33 33 33 33 33 33 33 33 33 33 33 33 33 33 33 33 33 33 33 33 33 33 33 34 33 33 33 33 33 33 33 33 33 33 33 33 33 33 33 33 33 33 33 33 34 34 34 34 34 33 33 33 33 18 18 18 18 18 19 19 19 19 19 19 19 19 19 19 19 19 20 20 20 20 20 20 20 20 20 20 20 21 21 21 21 21 21 21 21 21 21 22 22 22 22 22 22 22 22 22 22 22 22 23 23 23 23 23 23 23 23 23 23 23 23 23 24 24 24 24 24 24 24 24 24 24 24 24 25 25 25 25 25 25 25 25 25 25 25 26 26 26 26 26 26 26 26 26 26 26 26 26 26 26 26 26 26 27 27 27 27 27 27 27 27 27 27 27 27 27 27 27 27 27 27 27 27 27 27 27 27 28 28 28 28 28 28 28 28 28 28 29 29 29 29 29 29 28 28 28 29 29 29 29 29 29 29 29 29 29 29 29 29 30 30 30 29 29 30 30 30 30 30 30 30 30 30 30 30 30 30 30 30 30 31 32 32 32 32 32 32 32 32 32 32 32 32 32 32 32 32 32 32 32 32 33 33 33 33 33 33 33 33 33 33 33 33 33 33 33 33 33 33 33 33 33 33 33 33 33 33 33 33 33 33 33 33 33 33 33 33 33 33 33 33 33 33 33 33 33 33 33 33 33 33 33 33 33 33 33 33 33 33 33 33 33 33 33 33 33 34 34 34 34 34 34 33 33 18 18 18 18 18 18 18 18 18 19 19 19 19 19 19 19 19 19 19 19 19 20 20 20 20 20 20 20 20 20 20 20 21 21 21 21 21 21 21 21 21 21 21 22 22 22 22 22 22 22 22 22 22 22 23 23 23 23 23 23 23 23 23 23 23 23 23 24 24 24 24 24 24 24 24 24 24 24 24 25 25 25 25 25 25 25 25 25 25 25 26 26 26 26 26 26 26 26 26 26 26 26 26 26 26 26 26 27 27 27 27 27 27 27 27 27 27 27 27 27 27 27 27 27 27 27 27 27 27 27 27 28 28 28 28 28 28 28 28 28 28 28 28 28 28 28 28 28 28 29 29 29 29 29 29 29 29 29 29 29 29 29 29 30 30 29 29 29 30 30 30 30 30 30 30 30 30 30 30 30 30 30 30 31 32 32 32 32 32 32 32 32 32 32 32 32 32 32 32 32 32 32 32 32 32 33 33 33 33 33 33 33 33 33 33 33 33 33 33 33 33 33 33 33 33 33 33 33 33 33 33 33 33 33 33 33 33 33 33 33 33 33 33 33 34 33 33 33 33 33 33 33 33 33 33 33 33 33 33 33 33 34 33 33 33 33 33 33 33 33 34 34 34 34 34 33 33 34 32 32 32 31 18 18 18 18 18 18 18 18 18 18 19 19 19 19 19 19 19 19 19 19 19 19 20 20 20 20 20 20 20 20 20 20 20 21 21 21 21 21 21 21 21 21 21 22 22 22 22 22 22 22 22 22 22 22 23 23 23 23 23 23 23 23 23 23 23 23 23 23 24 24 24 24 24 24 24 24 24 24 24 25 25 25 25 25 25 25 25 25 25 25 25 26 26 26 26 26 26 26 26 26 26 26 26 26 26 26 26 26 27 27 27 27 27 27 27 27 27 27 27 27 27 27 27 27 27 27 27 28 27 27 28 28 28 28 28 28 28 28 28 28 28 28 28 28 28 28 28 28 29 29 29 29 29 29 29 29 29 29 29 29 29 30 30 29 29 29 29 29 30 30 30 30 30 30 30 30 30 30 30 30 30 30 30 32 32 32 32 32 32 32 32 32 32 32 32 32 32 32 32 32 32 32 32 32 32 32 33 33 33 33 33 33 33 33 33 33 33 33 33 33 33 33 33 33 33 33 33 33 33 33 33 33 33 33 33 33 33 33 33 33 33 33 33 34 34 33 33 33 33 33 33 33 33 33 33 33 33 33 34 34 34 33 33 33 33 33 33 33 33 33 33 33 33 33 33 33 33 32 32 32 32 33 32 32 31 17 17 17 18 18 18 18 18 18 18 18 18 18 18 19 19 19 19 19 19 19 19 19 19 19 19 20 20 20 20 20 20 20 20 20 20 21 21 21 21 21 21 21 21 21 21 22 22 22 22 22 22 22 22 22 22 22 22 22 23 23 23 23 23 23 23 23 23 23 23 23 23 23 24 24 24 24 24 24 24 24 24 25 25 25 25 25 25 25 25 25 25 25 25 25 26 26 26 26 26 26 26 26 26 26 26 26 26 26 26 26 27 27 27 27 27 27 27 27 27 27 27 27 27 27 27 27 27 28 28 27 28 28 28 28 28 28 28 28 28 28 28 28 28 28 29 29 28 28 28 29 28 28 28 29 29 29 29 29 29 30 30 29 30 30 30 29 29 29 29 30 30 30 30 30 30 30 30 30 30 30 30 30 30 32 32 32 32 32 32 32 32 32 32 32 32 32 32 32 32 32 32 32 32 32 32 32 32 33 33 33 33 33 33 33 33 33 33 33 33 33 33 33 33 33 33 33 33 33 33 33 33 33 33 33 33 33 33 33 33 33 33 33 33 34 34 34 33 34 34 34 34 33 33 33 33 33 33 34 34 34 34 33 33 33 33 33 33 33 33 33 33 33 33 33 33 33 32 32 32 33 33 33 33 33 32 31 17 17 17 17 17 17 17 18 18 18 18 18 18 18 18 18 18 18 18 19 19 19 19 19 19 19 19 19 19 19 19 19 20 20 20 20 20 20 20 21 21 21 21 21 21 21 21 21 21 22 22 22 22 22 22 22 22 22 22 22 22 22 22 23 23 23 23 23 23 23 23 23 23 23 23 23 24 24 24 24 24 24 24 24 24 25 25 25 25 25 25 25 25 25 25 25 25 25 25 26 26 26 26 26 26 26 26 26 26 26 26 26 26 27 27 27 27 27 27 27 27 27 27 27 27 27 27 27 27 27 27 28 28 28 28 28 28 28 28 28 28 28 28 28 28 28 28 29 29 29 28 28 29 29 28 28 29 29 29 29 29 29 29 29 29 29 29 29 29 29 29 29 29 30 30 30 30 30 30 30 30 30 30 30 30 30 32 32 32 32 32 32 32 32 32 32 32 32 32 32 32 32 32 32 32 32 32 32 32 32 32 33 33 33 33 33 33 33 33 33 33 33 33 33 33 33 33 33 33 33 33 33 33 33 33 33 33 33 33 33 33 33 33 33 33 33 34 34 34 33 33 34 34 33 33 33 33 33 33 33 34 34 34 34 33 33 33 33 33 33 33 33 33 33 33 33 33 33 33 32 32 32 32 33 33 33 33 33 32 32 31 31 17 17 17 17 17 17 17 17 17 17 17 18 18 18 18 18 18 18 18 18 18 18 18 19 19 19 19 19 19 19 19 19 20 20 20 20 20 20 20 20 20 21 21 21 21 21 21 21 21 21 21 22 22 22 22 22 22 22 22 22 22 22 22 22 23 23 23 23 23 23 23 23 23 23 23 23 23 24 24 24 24 24 24 24 24 24 25 25 25 25 25 25 25 25 25 25 25 25 25 25 26 26 26 26 26 26 26 26 26 26 26 26 26 26 26 27 27 27 27 27 27 27 26 27 27 27 27 27 27 27 27 27 28 28 27 28 28 28 28 28 28 28 28 28 28 28 28 28 28 28 28 28 28 28 28 28 29 29 29 29 29 29 29 29 29 29 29 29 29 29 29 29 29 29 30 30 30 30 30 30 30 30 30 30 30 30 32 32 32 32 32 32 32 32 32 32 32 32 32 32 32 32 32 32 32 32 32 32 32 32 32 33 33 33 33 33 33 33 33 33 33 33 33 33 33 33 33 33 33 33 33 33 33 33 33 33 33 33 33 33 33 33 33 33 33 33 33 33 33 33 33 33 33 33 33 33 33 33 33 33 33 33 33 33 33 33 33 33 33 33 33 33 34 34 33 33 33 33 33 33 32 32 33 33 33 33 33 33 33 32 33 33 32 31 31 16 17 17 17 17 17 17 17 17 17 17 17 17 17 17 18 18 18 18 18 18 18 18 18 18 18 19 19 19 19 19 19 19 19 19 20 20 20 20 20 20 20 20 21 21 21 21 21 21 21 21 21 21 22 22 22 22 22 22 22 22 22 22 22 22 23 23 23 23 23 23 23 23 23 23 23 23 23 23 24 24 24 24 24 24 24 24 24 25 25 25 25 25 25 25 25 25 25 25 25 25 25 26 26 26 26 26 26 26 26 26 26 26 26 26 26 26 26 26 26 26 26 26 26 26 27 27 27 27 27 27 27 27 27 28 27 27 28 28 28 28 28 28 28 28 28 28 28 28 28 28 28 28 28 28 28 28 29 29 29 29 29 29 29 29 29 29 29 29 29 29 29 29 29 29 29 29 30 30 30 30 30 30 30 30 30 30 31 31 31 31 31 32 32 32 32 32 32 32 32 32 32 32 32 32 32 32 32 32 32 32 32 32 32 33 33 33 33 33 33 33 33 33 33 33 33 33 33 33 33 33 33 33 33 33 33 33 33 33 33 33 33 33 33 33 33 33 34 33 34 34 33 33 33 33 33 33 33 33 33 33 33 34 33 33 33 33 33 33 33 33 33 34 34 34 33 33 34 33 33 33 33 33 33 33 33 33 32 32 33 32 33 33 33 34 33 33 33 33 33 33 32 31 31 31 16 16 17 17 17 17 17 17 17 17 17 17 17 17 17 17 18 17 17 18 18 18 18 18 18 19 19 19 19 19 19 19 19 19 19 20 20 20 20 20 20 20 20 20 21 21 21 21 21 21 21 21 21 21 21 21 22 22 22 22 22 22 22 22 22 22 23 23 23 23 23 23 23 23 23 23 23 23 24 24 24 24 24 24 24 24 24 24 25 25 25 25 25 25 25 25 25 25 25 25 25 25 25 26 26 26 26 26 26 26 26 26 26 26 26 26 26 26 26 26 26 26 27 27 27 27 27 27 27 27 27 27 27 27 27 27 28 28 28 28 28 28 28 28 28 28 28 28 28 28 28 28 28 28 28 28 29 29 29 29 29 29 29 29 29 29 29 29 29 29 29 29 29 29 29 29 29 29 29 29 30 30 30 30 30 30 31 31 31 31 31 31 31 31 31 31 31 32 32 32 32 32 32 32 32 32 32 32 32 32 32 32 33 33 33 33 33 33 33 33 33 33 33 33 33 33 33 33 33 33 33 33 33 33 33 33 33 33 33 33 33 33 33 33 33 33 33 34 34 34 34 34 33 33 33 33 33 33 33 33 34 34 33 33 33 33 33 33 33 33 34 34 33 33 33 33 33 33 33 33 33 33 33 33 33 33 33 33 33 33 33 33 33 33 33 33 33 33 33 33 33 33 33 33 34 34 33 34 34 33 33 32 32 32 32 31 31 16 16 16 16 16 16 16 16 16 16 17 17 17 17 17 17 17 17 17 17 17 17 17 18 18 18 18 18 18 18 19 19 19 19 19 19 19 19 20 20 20 20 20 20 20 20 20 20 21 21 21 21 21 21 21 21 21 21 21 21 21 22 22 22 22 22 22 22 22 23 23 23 23 23 23 23 23 23 23 23 23 23 24 24 24 24 24 24 24 24 24 24 24 25 25 25 25 25 25 25 25 25 25 25 25 25 25 25 26 26 26 26 26 26 26 26 26 26 26 26 26 26 26 26 26 26 27 27 27 27 27 27 27 27 27 27 27 27 27 28 28 28 28 28 28 28 28 28 28 28 28 28 28 28 28 28 28 28 28 29 29 29 29 29 29 29 29 29 29 29 29 29 29 29 29 30 29 29 29 29 29 29 29 29 29 30 30 30 30 31 31 31 31 31 31 31 31 31 31 32 32 32 31 32 32 32 32 32 32 32 32 32 32 32 32 32 32 33 33 33 33 33 33 33 33 33 33 33 33 33 33 33 33 33 33 33 33 33 33 33 33 33 33 33 33 33 33 33 33 33 33 34 34 34 34 34 33 33 33 34 34 33 33 34 33 33 33 33 33 33 33 33 33 33 33 34 33 33 34 33 33 34 33 33 33 33 33 33 33 34 34 34 34 33 33 33 33 33 33 33 33 33 33 33 33 33 33 33 33 33 34 33 33 34 33 33 34 33 33 33 34 34 33 34 34 34 34 34 34 33 33 32 33 32 32 32 32 16 16 16 16 16 16 16 16 16 16 16 16 17 17 17 17 17 17 17 17 17 17 17 17 18 18 18 18 18 18 19 19 19 19 19 19 19 19 20 20 20 20 20 20 20 20 20 20 20 21 21 21 21 21 21 21 21 21 21 21 21 21 21 22 22 22 22 22 22 23 23 23 23 23 23 23 23 23 23 23 23 23 24 24 24 24 24 24 24 24 24 24 24 24 25 25 25 25 25 25 25 25 25 25 25 25 25 25 26 26 26 26 26 26 26 26 26 26 26 26 26 26 26 26 26 27 26 26 26 27 27 27 27 27 27 27 27 27 28 28 28 28 28 28 28 28 28 28 28 28 28 28 28 28 28 28 28 28 28 29 29 29 29 29 29 29 29 29 29 29 29 29 29 29 29 29 29 29 30 30 29 29 30 30 30 30 30 30 31 31 31 31 31 31 32 31 31 31 32 32 32 32 31 32 32 32 32 32 32 32 32 32 32 32 32 32 32 33 33 33 33 33 33 33 33 33 33 33 33 33 33 33 33 33 33 33 33 33 33 33 33 33 33 33 33 33 33 33 33 33 34 34 34 34 34 34 34 34 34 34 34 34 34 33 33 33 33 33 33 33 33 33 33 33 34 34 34 34 33 33 34 34 33 33 33 33 33 33 34 34 34 34 34 34 34 34 34 34 34 33 33 34 34 34 33 33 33 33 33 33 33 33 33 33 33 33 33 33 34 34 34 34 34 34 34 34 34 34 34 34 34 34 34 34 34 34 34 34 33 33 33 33 32 32 32 32 32 16 16 16 16 16 16 16 16 16 16 16 16 17 16 16 17 17 17 17 17 17 18 17 17 17 18 18 18 18 18 18 18 19 19 19 19 19 19 19 19 20 20 20 20 20 20 20 20 20 20 20 21 21 21 21 21 21 21 21 21 21 21 21 21 21 22 22 22 22 22 22 22 22 23 23 23 23 23 23 23 23 23 23 23 24 24 24 24 24 24 24 24 24 24 24 24 25 25 25 25 25 25 25 25 25 25 25 25 25 25 26 26 26 25 25 25 26 26 26 26 26 26 26 26 26 26 26 26 26 26 27 27 27 27 27 27 27 27 27 28 28 28 28 28 28 28 28 28 28 28 28 28 28 28 28 28 28 28 28 28 29 29 29 29 29 29 29 29 29 29 29 29 29 29 29 29 29 29 30 30 30 30 30 30 30 30 30 30 30 31 31 31 31 32 32 31 32 32 32 32 32 32 32 32 31 32 32 32 32 32 32 32 32 32 32 32 32 32 33 33 33 33 33 33 33 33 33 33 33 33 33 33 33 33 33 33 33 33 33 33 33 33 33 33 33 33 33 33 33 33 33 34 34 34 34 34 33 33 34 34 34 34 34 34 33 33 33 33 33 33 33 33 33 33 34 34 34 34 34 33 33 33 34 33 33 33 33 33 33 34 34 34 34 34 34 34 34 34 33 33 33 34 33 34 34 34 34 34 34 33 33 34 33 34 34 34 33 33 33 34 33 33 33 32 34 34 34 34 34 34 34 34 34 34 34 34 34 34 34 34 34 34 34 34 34 33 33 33 33 32 32 32 32 32 32 32 15 15 15 15 16 16 16 16 16 16 16 16 16 16 16 16 16 16 17 17 17 17 17 17 17 17 17 18 18 17 17 18 18 18 18 19 19 19 19 19 19 19 20 20 20 20 20 20 20 20 20 20 20 20 20 21 21 21 21 21 21 21 21 21 21 21 21 21 22 22 22 22 22 22 22 22 23 23 23 23 23 23 23 23 23 23 23 23 24 24 24 24 24 24 24 24 24 24 24 24 25 25 25 25 25 25 25 25 25 25 25 25 25 25 25 25 25 25 26 26 26 26 26 26 26 26 26 26 26 26 26 27 27 26 26 27 27 27 27 27 27 27 28 27 28 28 28 28 28 28 28 28 28 28 28 28 28 28 28 28 28 28 28 29 29 29 29 29 29 29 29 29 29 29 29 29 29 29 29 29 30 30 30 30 30 30 30 30 30 30 30 31 31 31 32 32 32 32 32 32 32 32 32 32 32 32 31 32 32 32 32 32 32 32 32 32 32 32 32 32 33 33 33 33 33 33 33 33 33 33 33 33 33 33 33 33 33 33 33 33 33 33 33 33 33 33 33 33 33 33 33 33 33 34 34 34 34 34 33 34 34 33 33 34 34 33 33 33 33 33 33 33 33 33 33 33 34 34 33 33 33 33 33 33 33 33 33 33 33 34 34 34 35 35 35 34 33 33 34 34 34 33 34 34 33 34 34 34 34 34 33 33 34 34 34 34 34 34 34 33 34 34 34 33 34 33 33 33 33 33 33 33 34 34 34 34 34 34 34 34 34 34 34 34 34 34 34 34 34 34 34 34 34 34 34 33 33 33 33 32 32 32 32 32 32 32 32 32 15 15 15 15 15 15 15 15 16 16 15 15 16 16 16 16 16 16 16 17 17 17 17 17 18 18 17 17 17 18 17 17 17 17 17 18 18 18 18 19 19 19 19 19 19 19 19 19 19 19 20 20 20 20 20 20 20 20 20 20 21 21 21 21 21 21 21 21 21 21 21 21 22 22 22 22 22 22 22 23 23 23 23 23 23 23 23 23 23 23 23 23 24 24 24 24 24 24 24 24 24 24 24 24 24 24 25 25 25 25 25 25 25 25 25 25 25 25 25 25 25 26 26 26 26 26 26 26 26 26 26 26 26 26 26 26 27 27 27 27 27 27 27 27 27 27 27 27 28 28 28 28 28 28 28 28 28 28 28 28 28 28 28 28 28 29 29 29 29 29 29 29 29 29 29 29 29 29 29 29 29 29 30 29 30 30 30 30 30 30 30 30 30 31 31 31 31 31 31 32 32 32 32 32 32 32 32 32 31 32 32 32 32 32 32 32 32 32 32 32 32 32 32 33 33 33 33 33 33 33 33 33 33 33 33 33 33 33 33 33 33 33 33 33 33 33 33 33 33 33 33 33 33 33 33 34 34 34 34 34 34 33 33 33 33 33 33 33 33 33 33 33 33 33 33 33 33 33 34 34 33 33 33 33 33 33 33 33 33 33 33 33 34 35 35 34 34 34 33 34 35 35 34 34 34 34 34 34 35 34 34 33 33 34 34 34 34 35 34 34 34 33 34 34 34 33 34 34 33 34 34 34 33 33 33 33 34 34 34 34 34 34 34 34 34 34 34 34 34 34 34 34 34 34 34 34 34 34 33 33 32 32 33 33 33 33 33 33 33 32 32 32 33 15 15 15 15 15 15 15 15 15 15 15 15 15 15 16 16 16 16 16 16 16 17 17 17 17 17 17 17 17 18 18 18 18 18 17 17 18 18 18 19 19 19 19 19 19 19 19 19 19 19 20 20 20 20 20 20 20 20 20 20 20 21 21 21 21 21 21 21 21 21 21 21 22 22 22 22 22 22 22 22 22 23 23 23 23 23 23 23 23 23 23 23 23 24 24 24 24 24 24 24 24 24 24 24 24 24 24 24 25 25 25 25 25 25 25 25 25 25 25 25 25 26 25 26 26 26 26 26 26 26 26 26 26 26 26 26 27 27 26 26 27 27 27 27 27 27 27 27 27 28 28 28 28 28 28 28 28 28 28 28 28 28 28 28 29 29 29 29 29 29 29 29 29 29 29 29 29 29 29 29 29 29 29 29 29 29 30 30 30 30 30 30 30 31 31 31 31 31 31 31 32 32 32 32 32 32 31 31 31 32 32 32 32 32 32 32 32 32 32 32 32 32 32 32 32 33 33 33 33 33 33 33 33 33 33 33 33 33 33 33 32 33 33 33 33 33 33 33 33 33 33 33 33 33 33 33 34 34 34 34 34 34 33 33 33 33 33 33 34 34 33 33 33 33 33 33 33 33 33 34 33 33 33 33 33 33 33 33 33 33 33 33 34 34 34 34 34 34 34 34 34 35 35 35 35 35 35 35 35 35 34 34 33 34 35 35 34 34 34 34 33 33 34 34 34 34 35 34 33 34 34 34 33 33 33 33 34 34 34 34 34 34 34 35 34 34 34 34 34 34 34 34 34 34 34 34 34 34 33 33 33 33 33 33 33 33 33 33 33 32 33 33 33 33 33 33 33 33 33 33 32 32 14 15 15 15 15 15 15 15 15 15 15 15 15 15 16 16 16 16 16 16 16 16 16 16 17 17 17 16 17 17 17 18 18 18 17 17 17 18 18 18 18 19 19 19 19 19 19 19 19 19 19 19 20 20 20 20 20 20 20 20 20 20 21 21 21 21 21 21 21 21 21 21 21 22 22 22 22 22 22 22 22 22 22 23 23 23 23 23 23 23 23 23 23 23 23 24 24 24 24 24 24 24 24 24 24 24 24 24 25 25 25 25 25 25 25 25 25 25 25 25 25 25 25 25 26 26 26 26 26 26 26 26 26 26 26 26 27 27 26 26 27 27 27 27 27 27 27 27 27 27 28 28 28 28 28 28 27 28 28 28 28 28 28 28 28 28 28 29 28 28 29 29 29 29 29 29 29 29 29 29 29 29 29 29 29 29 29 29 29 29 29 29 29 31 31 31 31 31 31 31 31 31 31 31 31 31 31 31 31 32 32 32 32 32 32 32 32 32 32 32 32 32 32 32 32 32 33 33 33 33 33 33 33 33 33 33 32 33 33 33 33 33 33 33 33 33 33 33 33 33 33 33 33 33 33 33 33 34 34 34 34 34 34 33 33 33 33 34 33 33 33 33 33 33 33 33 33 33 33 33 33 33 33 33 33 33 33 33 33 33 33 34 34 34 34 34 34 35 35 35 34 34 35 35 35 35 35 35 35 35 34 34 34 34 35 34 34 34 34 34 34 34 34 34 34 34 35 34 33 33 34 34 34 33 32 33 33 34 34 34 34 34 34 34 34 34 34 34 34 34 34 34 34 34 34 34 34 34 34 34 33 33 33 33 33 33 33 33 33 33 33 33 33 33 33 33 33 33 33 33 33 32 32 32 32 32 14 14 14 14 15 15 15 15 15 15 15 15 15 15 15 15 16 16 16 16 16 16 16 16 16 16 16 17 16 16 17 17 17 17 18 18 17 17 17 18 18 18 18 19 19 19 19 19 19 19 19 19 19 19 19 20 20 20 20 20 20 20 20 20 20 21 21 21 21 21 21 21 21 21 21 22 22 22 22 22 22 22 22 22 23 23 23 23 23 23 23 23 23 23 23 23 23 24 24 24 24 24 24 24 24 24 24 24 24 24 25 25 25 25 25 25 25 25 25 25 25 25 25 25 25 25 25 26 26 26 26 26 26 26 26 26 26 26 26 26 26 26 26 27 27 27 27 27 27 27 27 28 28 28 28 28 28 28 28 28 28 28 28 28 28 28 28 28 28 28 28 28 29 29 29 28 29 29 29 29 29 29 29 29 29 29 29 29 29 29 29 29 29 29 31 31 31 31 31 31 31 31 31 31 31 31 31 31 31 31 32 32 32 32 32 32 32 32 32 32 32 32 32 32 32 32 32 33 33 33 33 33 33 33 33 33 33 32 33 33 33 33 33 33 33 33 33 33 33 33 33 33 33 33 33 33 33 33 34 34 34 34 34 34 34 34 34 33 33 34 34 34 33 33 33 33 33 33 33 33 33 33 33 33 33 33 33 33 33 33 33 33 34 34 34 34 35 35 35 35 35 34 34 35 35 35 35 35 35 35 35 34 34 35 35 34 34 34 34 34 34 34 34 34 34 35 35 34 34 34 33 34 34 35 33 33 32 34 34 34 35 34 34 34 34 34 35 35 34 34 34 34 34 34 34 34 34 34 34 34 34 33 34 33 33 33 33 33 33 33 33 33 33 33 33 33 33 32 33 33 33 32 32 33 33 33 33 32 32 32 14 14 14 14 14 14 14 15 15 15 15 15 15 15 15 15 15 15 15 15 15 15 16 16 16 16 16 16 16 17 16 17 17 17 17 17 17 18 18 17 17 18 18 18 18 18 19 18 19 19 19 19 19 19 19 19 20 20 20 20 20 20 20 20 20 20 21 21 21 21 21 21 21 21 21 21 21 22 22 22 22 22 22 22 22 22 23 23 23 23 23 23 23 23 23 23 23 23 23 24 24 24 24 24 24 24 24 24 24 24 24 24 24 24 25 25 25 25 25 25 25 25 25 25 25 25 25 26 26 26 26 26 26 26 26 26 26 26 26 26 27 26 26 26 26 27 27 27 27 27 27 27 27 28 28 28 28 28 28 28 28 28 28 28 28 28 28 28 28 28 28 28 28 29 29 28 28 28 29 29 29 29 29 29 29 29 29 29 29 29 29 29 29 29 29 30 31 31 31 31 31 31 31 31 31 31 31 31 31 31 31 31 32 32 32 32 32 32 32 32 32 32 32 32 32 32 32 32 32 33 33 33 33 33 33 33 33 33 32 32 33 33 32 33 33 33 33 33 33 33 33 33 33 33 33 33 33 33 33 33 34 34 34 34 34 34 33 33 33 34 34 34 34 33 33 33 33 33 33 33 33 33 34 33 33 33 33 33 34 34 34 33 33 33 33 34 34 34 35 34 34 34 34 34 34 35 35 35 35 35 35 35 35 35 35 35 35 34 35 34 34 35 35 34 34 34 35 35 35 34 34 34 34 34 34 34 34 33 33 34 34 35 34 34 34 34 34 34 34 35 35 34 34 34 34 34 34 34 34 34 34 34 34 34 33 33 33 33 33 33 33 33 33 33 33 33 33 33 33 33 33 33 33 33 33 33 33 33 33 33 33 33 32 32 14 14 14 14 14 14 14 14 14 14 14 15 15 15 15 15 15 15 15 15 15 15 15 15 15 16 16 16 16 16 16 16 17 17 17 17 17 17 18 17 17 18 18 18 18 18 18 18 18 18 18 18 19 19 19 19 19 19 19 19 20 20 20 20 20 20 20 20 20 20 21 21 21 21 21 21 21 21 21 21 21 22 22 22 22 22 22 22 22 22 22 22 22 23 23 23 23 23 23 23 23 23 24 24 24 24 24 24 24 24 24 24 24 24 24 24 25 25 25 25 25 25 25 25 25 25 25 25 25 25 25 25 26 26 26 26 26 26 26 26 26 26 26 26 26 26 27 27 27 27 27 27 27 27 28 28 28 27 27 27 27 27 27 27 27 28 28 28 28 28 28 28 28 28 28 28 28 28 28 28 28 28 28 28 28 28 28 29 29 29 29 29 29 29 29 31 31 31 31 31 31 31 31 31 31 31 31 31 31 31 32 32 32 32 32 32 32 32 32 32 32 32 32 32 32 32 32 33 33 33 33 33 33 33 33 33 33 33 33 32 33 33 33 33 33 33 33 33 33 33 33 33 33 33 33 33 33 33 33 33 33 34 33 33 34 34 34 33 33 33 34 34 33 33 33 33 33 33 33 33 33 33 33 33 33 33 33 33 33 33 34 34 33 34 33 34 34 34 34 34 34 34 34 34 34 34 34 34 34 34 34 35 34 35 35 35 35 34 35 34 34 34 34 34 33 34 34 34 35 34 34 33 34 34 34 34 33 32 33 34 34 34 35 35 34 34 35 35 35 35 35 35 35 35 34 34 34 34 34 34 34 34 34 34 34 34 34 34 33 33 34 34 34 34 34 34 34 34 34 34 34 33 33 33 33 33 34 33 33 33 33 33 33 33 33 33 33 13 13 13 13 14 14 14 14 14 14 14 14 14 14 14 15 15 15 15 15 15 15 15 16 16 16 16 16 16 16 16 16 16 16 16 16 17 17 17 17 17 17 17 17 17 18 18 18 18 18 18 18 18 18 18 19 19 19 19 19 19 19 19 19 20 20 20 20 20 20 20 20 20 20 21 21 21 21 21 21 21 21 21 21 21 21 22 22 22 22 22 22 22 22 22 22 23 23 23 23 23 23 23 23 23 24 24 24 24 24 24 24 24 24 24 24 24 24 24 24 25 25 25 25 25 25 25 25 25 25 25 25 25 25 26 26 26 26 26 26 26 26 26 26 26 26 26 26 26 27 27 27 27 27 27 27 27 28 28 27 27 27 27 27 27 27 27 27 27 28 28 28 28 28 28 28 28 28 28 28 28 28 28 28 28 28 28 28 28 29 29 29 29 29 29 29 29 29 31 31 31 31 31 31 31 31 31 31 31 31 31 32 32 32 32 31 32 32 32 32 32 32 32 32 32 32 32 32 32 32 32 33 33 33 33 33 33 33 33 33 33 33 32 33 33 33 33 33 32 33 33 33 33 33 33 33 33 33 33 33 33 33 33 33 33 33 33 34 34 34 34 34 33 33 34 34 33 33 33 33 33 33 33 33 33 33 33 33 33 33 33 33 34 34 34 34 34 33 33 33 33 33 34 34 34 34 34 34 34 34 34 34 34 34 34 34 35 35 34 35 35 35 35 35 35 34 34 34 33 34 34 35 35 34 34 34 34 34 34 33 32 33 34 34 34 35 35 35 35 35 35 35 35 35 35 35 35 35 35 34 34 34 34 34 34 34 34 34 34 34 34 34 33 34 34 34 34 34 34 34 34 34 34 33 33 33 33 33 33 33 33 33 33 33 33 33 33 33 33 33 33 33 12 13 13 13 13 13 14 14 14 14 14 14 14 14 14 14 14 15 15 15 15 15 15 15 15 16 16 16 16 16 16 16 17 17 17 16 16 17 17 17 17 17 17 17 17 17 18 18 18 18 18 18 18 18 18 19 19 19 19 19 19 19 19 19 19 19 20 20 20 20 20 20 20 20 20 21 21 21 21 21 21 21 21 21 21 21 22 22 22 22 22 22 22 22 22 22 22 23 23 23 23 23 23 23 23 23 23 24 24 24 24 24 24 24 24 24 24 24 24 24 24 25 25 25 25 25 25 25 25 25 25 25 25 25 25 25 26 25 25 25 26 26 26 26 26 26 26 26 27 27 27 27 27 27 27 27 27 27 27 27 27 27 27 28 27 27 27 28 28 28 28 28 28 28 28 28 28 28 28 28 28 28 28 28 28 28 29 28 28 28 29 29 29 29 29 29 29 29 31 31 31 31 31 31 31 31 31 31 31 31 32 32 32 32 31 31 32 32 32 32 32 32 32 32 32 32 32 32 32 32 32 32 33 33 33 33 33 33 33 33 33 32 32 33 33 33 33 33 32 33 33 33 33 33 33 33 33 33 33 33 33 33 33 33 33 33 33 33 34 34 34 34 34 34 34 34 33 33 33 33 33 33 33 33 33 33 33 33 33 33 33 33 33 34 33 34 33 33 33 33 33 34 34 34 34 34 34 34 34 34 34 34 34 34 34 34 35 35 34 34 34 35 35 34 34 34 34 34 34 34 34 35 35 35 34 34 34 33 33 33 33 32 33 33 34 34 34 35 35 35 35 35 35 35 35 35 35 35 35 35 35 35 34 34 34 34 34 34 34 34 34 34 34 34 34 34 34 34 34 33 33 34 34 33 33 33 33 33 33 33 33 33 33 33 33 33 33 33 33 33 33 33 33 33 33 13 13 13 13 13 13 13 13 14 14 14 14 14 14 14 14 14 14 14 15 15 15 15 15 15 15 15 16 16 16 16 16 16 16 16 16 16 17 17 17 17 17 17 17 17 18 18 18 18 18 18 18 18 18 18 18 19 19 19 19 19 19 19 19 19 20 20 20 20 20 20 20 20 20 21 21 21 21 21 21 21 21 21 21 21 21 21 22 22 22 22 22 22 22 22 22 23 23 23 23 23 23 23 23 23 23 23 23 24 24 24 24 24 24 24 24 24 24 24 24 24 25 25 25 25 25 24 25 25 25 25 25 25 25 25 25 25 25 26 26 26 26 26 26 26 26 26 26 26 27 27 27 27 27 27 27 27 27 27 27 27 28 27 27 27 27 27 28 28 28 28 28 28 28 28 28 28 28 28 28 28 28 28 28 28 28 28 28 28 29 29 29 29 29 29 29 29 31 31 31 31 31 31 31 31 31 31 31 31 32 32 32 32 31 31 32 32 32 32 32 32 32 32 32 32 32 32 32 32 32 32 33 33 33 33 33 33 33 33 33 32 32 33 33 33 33 33 33 32 33 33 33 33 33 33 33 33 33 33 33 33 33 33 33 33 34 34 34 34 34 34 34 34 34 34 34 33 33 33 33 33 33 33 33 33 33 33 33 33 33 33 33 33 33 33 33 33 33 33 33 34 34 34 35 34 34 34 34 34 34 34 34 34 34 34 35 35 34 34 34 34 34 34 34 34 35 35 34 34 34 34 35 35 34 34 33 33 33 33 33 32 33 33 34 34 34 34 35 35 35 35 35 35 35 35 35 35 35 35 35 35 35 35 35 35 35 34 34 34 34 34 34 34 34 34 34 34 34 34 34 33 33 33 33 33 33 33 33 33 33 33 33 33 33 33 33 33 33 33 33 33 33 33 33 33 12 13 13 13 13 13 13 13 13 13 14 14 14 14 14 14 14 14 14 14 14 14 15 15 15 15 15 15 15 16 16 16 16 16 16 16 16 16 17 17 17 17 17 17 17 17 17 17 17 18 18 18 18 18 18 18 18 19 19 19 19 19 19 19 19 19 20 20 20 20 20 20 20 20 20 20 20 21 21 21 21 21 21 21 21 21 21 22 22 22 22 22 22 22 22 22 22 23 23 23 23 23 23 23 23 23 23 23 23 24 24 24 24 24 24 24 24 24 24 24 24 24 24 25 25 25 24 24 25 25 25 25 25 25 25 25 25 25 26 25 25 26 26 26 26 26 26 26 26 27 27 27 27 27 27 27 27 27 27 27 27 28 27 27 27 27 27 27 27 27 28 28 28 28 28 28 28 28 28 28 28 28 28 28 28 28 28 29 29 29 29 29 29 29 29 29 29 31 31 31 31 31 31 31 31 31 31 31 31 31 32 32 31 31 31 31 32 32 32 32 32 32 32 32 32 32 32 32 32 32 32 32 33 33 33 33 33 33 33 32 32 32 33 33 33 33 33 33 32 33 33 33 33 33 33 33 33 33 33 33 33 33 33 33 33 34 33 33 34 34 34 34 34 34 34 34 34 34 33 33 33 33 33 33 33 33 33 33 33 33 33 33 33 33 33 33 33 33 33 33 34 34 34 34 34 34 34 34 34 34 34 34 34 34 34 35 34 34 34 34 34 35 34 34 34 35 35 35 35 35 35 35 35 35 34 34 33 33 33 33 33 33 33 34 34 34 35 35 35 35 35 35 35 35 35 35 35 35 35 35 35 35 35 35 35 35 35 34 34 34 34 34 34 34 34 34 34 34 34 34 34 34 33 33 33 33 33 33 33 33 33 33 33 33 33 33 33 33 33 12 12 12 12 12 12 13 13 13 13 13 13 13 14 14 14 14 14 14 14 14 14 14 14 14 15 15 15 15 15 15 16 16 16 16 16 16 16 16 16 16 17 17 17 17 17 17 17 17 17 17 18 18 18 18 18 18 18 18 18 19 19 19 19 19 19 19 19 19 20 20 20 20 20 20 20 20 20 20 20 21 21 21 21 21 21 21 21 21 21 22 22 22 22 22 22 22 22 22 22 23 23 23 23 23 23 23 23 23 23 23 23 23 23 24 24 24 24 24 24 24 24 24 24 24 24 25 25 24 24 25 25 25 25 25 25 25 25 25 25 25 25 25 25 25 26 26 26 26 26 26 27 27 27 27 27 27 27 27 27 27 27 27 27 27 27 27 27 27 27 27 27 27 28 28 28 28 28 28 28 28 28 28 28 28 28 28 28 28 29 29 29 29 29 29 29 29 29 29 31 31 31 31 31 31 31 31 31 31 31 31 31 31 31 31 31 31 32 32 32 32 32 32 32 32 32 32 32 32 32 32 32 32 32 33 33 33 33 33 33 33 33 32 33 33 33 33 33 33 33 33 32 33 33 33 33 33 33 33 33 33 33 33 33 33 33 34 34 33 33 34 34 34 34 34 34 34 34 34 34 34 34 33 33 33 33 33 33 33 33 33 33 33 33 33 33 33 33 33 33 33 33 34 34 34 34 34 34 34 34 34 34 34 34 34 34 34 35 35 34 34 34 34 34 34 34 34 35 35 35 35 35 35 35 34 35 35 34 34 34 33 33 33 33 33 33 34 34 34 35 35 35 35 35 35 35 35 35 35 35 35 35 35 35 34 35 34 34 35 35 35 35 34 34 34 34 34 34 34 34 34 34 34 34 34 34 34 33 33 33 33 33 33 33 33 33 33 33 33 33 12 12 12 12 12 12 12 13 13 13 13 13 13 14 14 14 14 14 14 14 14 14 14 14 14 15 15 15 15 15 15 15 16 16 16 16 16 16 16 16 16 16 16 17 17 17 17 17 17 17 17 17 18 18 18 18 18 18 18 18 19 19 19 19 19 19 19 19 19 19 20 20 20 20 20 20 20 20 20 20 21 21 21 21 21 21 21 21 21 21 21 21 22 22 22 22 22 22 22 22 22 23 23 23 23 23 23 23 23 23 23 23 23 23 23 24 24 24 24 24 24 24 24 24 24 24 24 25 25 24 24 25 25 25 25 25 25 25 25 25 25 25 25 25 25 26 25 26 26 26 26 26 26 26 26 27 27 27 27 27 27 27 27 27 27 27 27 27 27 27 27 27 27 27 28 27 28 28 28 28 28 28 28 28 28 28 28 28 29 29 29 29 29 29 29 29 29 29 29 31 31 31 31 31 31 31 31 31 31 31 31 31 31 31 31 31 31 31 31 32 32 32 32 32 32 32 32 32 32 32 32 32 32 32 32 33 33 33 33 33 33 33 32 32 33 33 33 33 33 33 33 33 33 33 33 33 33 33 33 33 33 33 33 33 33 33 34 34 33 33 33 33 33 34 34 34 34 34 34 34 34 34 33 33 33 33 33 33 33 33 33 33 33 33 33 33 33 33 32 33 33 34 34 34 34 34 33 34 34 34 34 34 34 34 34 34 35 35 34 34 34 34 34 34 35 34 34 34 35 35 35 35 35 34 34 34 34 34 34 34 34 34 33 33 34 34 33 34 34 34 35 35 35 35 35 35 36 36 35 35 35 35 35 35 35 35 34 34 34 34 35 35 35 34 34 34 34 34 34 34 34 34 34 34 34 34 34 34 34 33 33 33 33 33 33 33 33 33 11 11 11 11 11 11 11 11 11 12 12 12 12 12 13 13 13 13 13 13 13 14 14 14 14 14 14 14 14 14 14 14 15 15 15 15 15 15 15 15 15 16 16 16 16 16 16 16 16 17 17 17 17 17 17 17 17 18 18 18 18 18 18 18 18 18 18 19 19 19 19 19 19 19 19 19 19 20 20 20 20 20 20 20 20 20 20 20 21 21 21 21 21 21 21 21 21 21 22 22 22 22 22 22 22 22 22 22 22 23 23 23 23 23 23 23 23 23 23 23 23 23 24 24 24 24 24 24 24 24 24 24 24 24 24 25 24 25 25 25 25 25 25 25 25 25 25 25 25 25 25 25 25 26 25 26 26 26 26 27 27 27 27 27 27 27 27 27 27 27 27 27 27 27 27 27 27 27 27 27 27 27 27 28 27 27 28 28 28 28 28 28 28 28 29 29 29 29 29 29 29 29 29 29 29 31 31 31 31 31 31 31 31 31 31 31 31 31 31 31 31 31 31 31 32 32 32 32 32 32 32 32 32 32 32 32 32 32 32 32 32 32 33 33 33 33 33 33 33 32 32 33 33 33 33 33 33 33 33 33 33 33 33 33 33 33 33 33 33 33 33 33 33 33 33 33 33 33 33 34 34 34 34 34 34 34 34 34 34 33 34 33 33 33 33 33 33 33 33 33 33 33 33 32 33 33 33 33 34 34 34 34 34 34 34 34 34 34 34 34 34 34 35 34 34 34 34 34 34 34 35 34 34 34 34 34 35 35 35 34 34 34 34 34 34 34 34 33 33 34 34 33 33 33 33 34 34 34 35 35 35 35 35 35 35 36 35 35 35 35 35 35 34 35 35 34 34 34 34 35 34 34 34 34 34 34 34 34 34 34 34 34 34 34 34 34 33 33 33 33 11 11 11 11 11 11 11 11 11 11 12 12 12 12 12 13 13 13 13 13 13 13 14 14 14 14 14 14 14 14 14 14 14 14 15 15 15 15 15 15 15 15 16 16 16 16 16 16 16 16 17 17 17 17 17 17 17 17 18 18 18 18 18 18 18 18 18 19 19 19 19 19 19 19 19 19 19 19 20 20 20 20 20 20 20 20 20 20 20 20 21 21 21 21 21 21 21 21 21 21 22 22 22 22 22 22 22 22 22 22 22 23 23 23 23 23 23 23 23 23 23 23 23 23 24 24 24 24 24 24 24 24 24 24 24 24 24 24 25 25 25 25 25 25 25 25 25 25 25 25 25 25 25 26 26 26 26 26 26 27 27 27 26 27 27 27 27 27 27 27 27 27 27 27 27 27 27 27 27 27 27 27 27 27 27 27 28 28 28 28 28 28 28 28 28 29 29 29 29 29 29 29 29 29 29 31 31 31 31 31 31 31 31 31 31 31 31 31 31 31 31 31 31 31 32 32 31 32 32 32 32 32 32 32 32 32 32 32 32 32 32 32 33 33 33 33 33 33 33 32 32 32 33 33 33 33 33 33 33 33 33 33 33 33 33 33 33 33 33 33 33 33 33 33 33 33 33 33 33 34 34 34 34 34 34 34 34 34 34 34 34 34 34 34 33 33 33 33 33 33 33 33 33 33 33 34 34 34 34 34 34 34 34 34 34 34 34 34 34 34 34 34 35 34 34 34 34 34 35 35 35 34 34 35 35 35 35 35 35 34 34 34 34 34 34 34 34 34 34 33 34 33 33 33 33 34 34 35 34 35 35 35 35 35 35 35 35 35 35 35 35 35 35 34 34 34 34 34 34 34 35 34 34 34 34 34 34 34 34 34 34 34 34 34 34 34 34 10 10 10 10 11 11 11 11 11 11 12 12 12 12 12 12 12 13 13 13 13 13 13 13 13 13 14 14 14 14 14 14 14 14 14 14 14 15 15 15 15 15 16 15 15 16 16 16 16 16 16 17 17 17 17 17 17 17 17 17 17 18 18 18 18 18 18 18 18 18 18 19 19 19 19 19 19 19 19 19 19 20 20 20 20 20 20 20 20 20 20 20 21 21 21 21 21 21 21 21 21 21 22 22 22 22 22 22 22 22 22 22 23 23 23 23 23 23 23 23 23 23 23 23 24 24 24 24 24 24 24 24 24 24 24 24 24 24 25 25 25 25 25 25 25 25 25 25 25 25 25 25 26 26 26 26 26 26 26 26 26 26 26 27 26 26 27 27 27 27 27 27 27 27 27 27 27 27 27 27 27 27 27 27 27 27 27 27 28 28 28 28 28 28 29 29 29 29 29 29 29 29 29 29 29 31 31 31 31 31 31 31 31 31 31 31 31 31 31 31 31 31 31 31 32 32 31 31 32 32 32 32 32 32 32 32 32 32 32 32 32 32 33 33 33 33 33 33 33 32 32 32 32 33 33 33 33 33 33 33 33 33 33 33 33 33 33 33 33 33 33 33 33 33 33 33 33 33 33 33 34 34 33 34 34 34 34 34 34 34 34 34 34 34 33 33 33 34 33 33 33 33 33 34 34 34 34 33 34 34 34 34 34 34 34 34 34 34 34 34 34 35 34 34 34 34 35 35 35 35 35 35 35 35 35 35 35 35 34 34 34 34 34 34 34 34 34 35 34 34 34 33 33 33 33 34 34 35 35 35 36 36 35 35 35 35 35 35 35 35 35 35 34 34 34 34 34 34 34 34 34 34 34 34 34 34 34 34 34 34 34 34 34 34 34 34 34 10 10 10 11 11 11 11 11 11 11 11 12 12 12 12 12 12 12 13 13 13 13 13 13 13 13 14 13 14 14 14 14 14 14 14 14 14 15 15 15 15 15 15 15 15 15 16 16 16 16 16 16 17 17 17 17 17 17 17 17 17 17 18 18 18 18 18 18 18 18 18 18 19 19 19 19 19 19 19 19 19 19 19 19 20 20 20 20 20 20 20 20 20 20 21 21 21 21 21 21 21 21 22 22 22 22 22 22 22 22 22 22 22 23 23 23 23 23 23 23 23 23 23 23 23 24 24 24 24 24 24 24 24 24 24 24 24 24 24 25 25 25 25 25 25 25 25 25 25 25 25 25 25 25 26 26 26 26 26 26 26 26 26 26 26 26 26 27 27 27 27 27 27 27 27 27 27 27 27 27 27 27 27 27 27 27 27 27 27 28 28 28 28 28 28 28 29 29 29 29 29 29 29 29 29 31 31 31 31 31 31 31 31 31 31 31 31 31 31 31 31 31 31 31 32 31 31 31 31 32 32 32 32 32 32 32 32 32 32 32 32 32 32 33 33 33 33 33 33 32 32 32 33 33 33 33 33 33 33 33 33 33 33 33 33 33 33 33 33 33 33 33 33 33 33 34 33 33 33 33 33 33 33 33 33 33 34 33 34 34 34 34 34 34 34 34 34 34 33 33 33 33 34 34 34 34 33 33 34 34 34 34 34 34 34 34 34 34 34 34 34 34 34 34 34 35 35 34 35 35 35 35 35 35 35 35 35 35 34 34 34 34 34 34 34 34 34 34 34 34 34 34 33 33 33 34 33 34 34 34 34 35 35 36 36 36 35 35 35 36 35 36 36 35 35 35 35 35 35 34 34 34 34 34 34 34 34 34 34 34 34 34 34 34 34 34 34 34 34 34 10 10 10 11 11 12 12 11 11 11 11 12 12 12 12 12 12 13 13 13 13 13 13 13 13 13 13 14 14 14 14 14 14 14 14 14 14 14 15 15 15 15 15 15 15 16 16 16 16 16 16 17 16 16 16 16 17 17 17 17 17 17 17 17 17 18 18 18 18 18 18 18 18 19 19 19 19 19 19 19 19 19 19 19 19 19 20 20 20 20 20 20 20 20 20 21 21 21 21 21 21 21 22 22 22 22 22 22 22 22 22 22 23 23 23 23 23 23 23 23 23 23 23 23 23 24 24 24 24 24 24 24 24 24 24 24 24 24 24 24 25 25 25 25 25 25 25 25 25 25 25 25 25 25 26 26 26 26 26 26 26 27 27 26 27 27 27 27 27 27 27 27 27 27 26 26 27 27 27 27 27 27 27 27 27 27 27 27 28 28 28 28 28 28 28 28 29 29 29 29 29 29 29 29 31 31 31 31 31 31 31 31 31 31 31 31 31 31 31 31 31 31 31 31 31 32 32 31 31 32 32 32 32 32 32 32 32 32 32 32 32 32 33 33 33 33 33 33 32 32 32 33 33 33 33 33 33 33 33 33 33 33 33 33 33 33 33 33 33 33 33 33 33 33 34 33 33 33 33 33 33 34 33 33 33 34 34 34 34 34 34 34 34 34 34 34 33 33 33 33 33 33 33 33 33 34 34 34 34 34 34 34 34 34 34 34 34 34 34 34 34 34 34 34 34 34 34 35 35 35 35 34 35 35 35 35 35 34 34 34 35 35 34 34 34 34 34 34 35 35 34 34 34 33 34 34 34 33 33 34 34 34 34 35 36 36 36 36 36 36 36 35 36 36 36 35 35 35 35 35 35 35 35 35 34 34 34 34 34 34 34 34 34 34 34 34 34 34 34 34 34 9 10 10 10 10 11 12 12 11 11 11 11 11 12 12 12 12 12 12 12 13 13 13 13 13 13 13 13 13 14 14 14 14 14 14 14 14 14 14 15 15 15 15 15 15 15 16 16 16 16 16 17 16 16 16 16 16 17 17 17 17 17 17 17 17 17 17 17 18 18 18 18 18 18 18 18 19 19 19 19 19 19 19 19 19 19 20 20 20 20 20 20 20 20 20 21 21 21 21 21 21 21 21 21 22 22 22 22 22 22 22 22 22 22 22 22 22 23 23 23 23 23 23 23 23 23 23 23 24 24 24 24 24 24 24 24 24 24 24 24 24 24 24 25 25 25 25 25 25 25 25 25 25 25 26 26 26 26 26 26 26 26 26 27 27 27 27 27 27 27 27 27 27 27 27 26 27 27 27 27 27 27 27 27 27 27 28 28 28 28 28 28 28 28 28 28 28 29 29 28 28 29 29 29 31 31 31 31 31 31 31 31 31 31 31 31 31 31 31 31 31 31 31 31 31 32 32 31 31 32 32 32 32 32 32 32 32 32 32 32 32 32 32 33 33 33 33 33 32 32 33 33 33 33 33 33 33 33 33 33 33 33 33 33 33 33 33 33 33 33 33 33 33 33 33 33 33 33 33 33 33 34 34 34 33 33 34 34 34 34 34 34 34 34 34 34 33 33 33 33 33 34 33 33 33 34 34 34 34 34 34 34 34 34 34 34 34 34 34 34 34 34 34 34 34 34 34 34 34 34 35 35 35 35 35 35 35 35 35 35 35 35 35 34 34 34 34 34 34 34 34 34 34 34 34 34 34 34 34 33 34 34 35 35 35 35 36 36 36 36 36 36 36 36 36 36 36 36 36 35 35 35 35 35 35 35 34 34 34 34 34 34 34 34 34 34 34 34 34 34 9 9 9 10 10 11 11 11 12 11 11 11 12 12 12 12 12 12 12 12 13 13 13 13 13 13 13 13 13 14 14 14 14 14 14 14 14 14 14 15 15 15 15 15 15 16 16 16 16 16 16 17 17 16 16 16 16 17 17 17 17 17 17 17 17 17 17 17 17 17 18 18 18 18 18 18 18 18 19 19 19 19 19 19 19 20 20 20 20 20 20 20 20 20 21 21 21 21 21 21 21 21 21 21 22 22 22 22 22 22 22 22 22 22 22 22 23 23 23 23 23 23 23 23 23 23 23 24 24 24 24 23 24 24 24 24 24 24 24 24 24 24 24 24 25 25 25 25 25 25 25 25 25 26 26 26 26 26 26 26 26 26 27 27 27 27 26 26 26 27 27 27 27 27 27 27 27 27 27 27 27 27 27 27 27 27 27 27 28 28 28 28 28 28 28 28 28 28 28 28 29 29 29 31 31 31 31 31 31 31 31 31 31 31 31 31 31 31 31 31 32 32 31 31 32 32 32 31 31 32 32 32 32 32 32 32 32 32 32 32 32 32 33 33 33 33 33 32 32 32 33 33 33 33 33 33 33 33 33 33 33 33 33 33 33 33 33 33 33 33 33 33 33 33 34 33 33 33 33 33 34 33 34 34 33 34 34 34 34 34 34 34 34 34 33 33 33 33 33 34 34 33 33 33 34 34 34 34 34 34 34 34 34 34 34 34 34 34 34 34 35 35 34 34 35 35 34 35 35 34 35 35 35 35 35 35 35 35 35 35 35 35 35 35 35 34 34 34 34 34 34 34 34 34 34 34 34 34 34 34 34 34 34 34 34 34 34 34 35 35 36 36 36 36 36 36 36 36 36 36 36 36 36 36 36 35 36 35 35 35 35 34 34 34 34 34 34 34 9 9 9 10 10 10 11 11 12 11 11 11 12 12 12 12 12 12 12 12 12 13 13 13 13 13 13 13 13 13 14 14 14 14 14 14 14 14 14 14 15 15 15 15 15 15 15 15 16 16 16 16 17 16 16 16 16 16 16 17 17 17 17 17 17 17 18 18 17 17 18 18 18 18 18 18 18 18 18 18 19 19 19 19 19 20 20 20 20 20 20 20 20 21 21 21 21 21 21 21 21 21 21 22 22 22 22 22 22 22 22 22 22 22 22 22 23 23 23 23 23 23 23 23 23 23 23 23 23 24 23 23 23 24 24 24 24 24 24 24 24 24 24 24 24 24 25 25 25 25 25 25 25 26 26 26 26 26 26 26 26 26 26 26 26 26 26 26 26 27 27 27 27 27 27 27 27 27 27 27 27 27 27 27 27 27 27 27 28 28 28 28 28 28 28 28 28 28 28 28 28 29 29 30 31 31 31 31 31 31 31 31 31 31 31 31 31 31 31 31 31 31 31 32 32 32 32 31 31 32 32 32 32 32 32 32 32 32 32 32 32 32 32 33 33 33 33 32 32 32 33 33 33 33 33 33 33 33 33 33 33 33 33 33 33 33 33 33 33 33 33 33 33 33 34 34 33 33 33 33 33 33 33 34 33 34 34 34 34 34 34 34 34 34 33 33 34 33 34 34 34 33 33 33 34 34 34 34 34 34 34 34 34 34 34 34 34 34 34 34 34 35 34 33 34 34 35 35 35 35 35 35 35 35 35 35 35 35 35 35 35 36 35 35 35 35 34 34 34 34 34 34 34 34 34 34 34 34 34 34 34 34 34 34 34 34 34 34 35 35 35 36 36 36 35 36 36 36 36 36 36 36 36 36 35 35 35 35 35 35 35 35 34 34 34 34 34 34 9 9 10 10 10 10 10 10 11 11 11 11 11 12 12 12 12 12 12 12 12 12 13 13 13 13 13 14 13 14 14 14 14 14 14 14 14 14 14 14 14 15 15 15 15 15 15 16 16 16 16 16 16 16 16 16 16 16 16 16 17 17 17 17 17 18 18 18 18 18 18 18 18 18 18 18 18 18 18 18 18 19 19 19 20 20 20 20 20 20 20 20 20 20 20 21 21 21 21 21 21 21 21 21 21 22 22 22 22 22 22 22 22 22 22 22 23 23 23 23 23 23 23 23 23 23 23 23 23 23 23 23 23 23 24 24 24 24 24 24 24 24 24 24 24 24 24 25 25 25 25 25 25 26 26 26 26 26 26 26 26 26 26 26 26 26 26 26 26 27 27 26 26 27 27 27 27 27 27 27 27 27 27 27 27 27 27 27 28 28 28 28 28 28 28 28 28 28 28 28 29 29 29 30 30 31 31 31 31 31 31 31 31 31 31 31 31 31 31 31 31 31 31 32 32 31 31 31 31 31 32 32 32 32 32 32 32 32 32 32 32 32 32 33 33 33 33 32 32 32 33 33 33 33 33 33 33 33 33 33 33 33 33 33 33 33 33 33 33 33 33 33 33 33 34 34 34 33 34 33 33 33 33 34 34 34 34 34 34 34 34 34 34 34 33 34 34 34 33 33 33 33 34 34 33 33 33 34 34 34 34 34 34 34 34 34 34 35 34 35 35 35 35 34 33 33 34 35 35 35 35 35 35 35 35 35 35 35 35 35 35 36 36 36 36 36 35 34 34 34 34 34 34 34 34 34 34 34 34 34 34 34 34 34 34 35 35 35 35 35 35 36 36 35 35 35 36 36 36 36 36 36 36 36 36 35 35 35 35 35 35 35 34 34 34 34 34 34 34 9 9 9 10 10 10 10 10 10 11 11 11 11 11 12 12 12 12 12 12 12 12 13 13 13 13 13 14 13 14 14 14 14 14 14 14 14 14 14 14 14 14 15 15 15 15 15 15 15 16 16 16 16 16 16 16 16 16 16 16 16 17 17 17 17 17 18 18 18 18 18 18 18 18 18 18 18 18 18 19 19 19 19 19 19 20 20 20 20 20 20 20 20 20 20 20 21 21 21 21 21 21 21 21 21 21 21 21 21 22 22 22 22 22 22 22 22 23 23 23 23 23 23 23 23 23 23 23 23 23 23 23 23 24 24 24 24 24 24 24 24 24 24 24 24 24 24 24 25 25 25 25 25 25 25 26 26 26 26 26 26 26 26 26 26 26 26 26 26 27 27 26 26 27 27 27 27 27 27 27 27 27 27 27 27 27 27 27 27 28 28 28 28 28 28 28 28 28 28 28 28 29 28 30 30 30 31 31 31 31 31 31 31 31 31 31 31 31 31 31 31 31 31 31 31 32 32 32 31 31 32 32 32 32 32 32 32 32 32 32 32 32 32 32 33 33 33 32 32 32 32 33 33 33 33 33 33 33 33 33 33 33 33 33 33 33 33 33 33 33 34 33 34 33 34 34 34 34 33 33 33 33 33 34 34 34 34 34 34 34 34 34 34 34 34 34 34 34 34 33 34 33 33 34 34 34 33 33 34 34 34 34 34 34 34 34 34 34 35 35 35 35 35 34 33 33 34 34 35 35 35 35 35 35 35 35 35 35 35 35 35 35 35 35 35 35 35 34 34 34 34 34 34 35 35 35 34 34 34 34 34 35 34 34 34 34 34 35 35 35 36 36 36 35 35 35 35 35 35 35 36 36 36 36 36 35 35 35 35 35 35 35 35 34 34 34 34 34 34 9 9 9 9 9 10 10 10 10 11 11 11 12 11 12 12 12 12 12 12 12 12 13 13 13 13 13 13 13 14 14 14 14 14 14 14 14 14 14 14 14 15 15 15 15 15 15 15 15 16 16 16 16 16 16 16 16 16 16 16 16 17 17 17 17 17 18 18 18 18 18 18 18 18 19 19 19 19 19 19 19 19 19 20 20 20 20 20 20 20 20 20 20 20 20 20 21 21 21 21 21 21 21 21 21 21 21 21 22 22 22 22 22 22 22 22 22 22 22 22 23 23 23 23 23 23 23 23 23 23 23 23 24 24 24 24 24 24 24 24 23 23 24 24 24 24 24 24 24 25 25 25 25 25 26 26 26 26 26 26 26 26 26 26 26 26 26 26 26 26 26 26 26 26 27 27 27 27 27 27 27 27 27 27 27 27 27 27 27 28 28 28 28 28 28 28 28 28 28 28 28 28 30 30 30 31 31 31 31 31 31 31 31 31 31 31 31 31 31 31 31 31 31 32 32 32 31 31 31 31 32 32 32 32 32 32 32 32 32 32 32 32 32 33 33 32 32 32 32 32 33 33 33 33 33 33 33 33 33 33 33 33 33 33 33 33 33 33 33 33 34 34 34 34 34 34 33 33 33 33 33 33 33 34 33 33 33 33 33 34 34 34 34 34 34 34 34 34 34 34 34 34 34 34 34 34 34 34 34 34 34 34 34 34 34 34 34 34 34 34 35 35 35 34 33 34 35 35 35 35 35 35 35 36 35 35 35 35 35 35 35 35 35 35 35 35 34 35 34 34 34 34 35 35 35 35 35 35 34 35 35 34 34 34 35 35 35 35 36 36 36 36 35 35 35 35 35 35 35 35 36 36 36 36 35 35 35 35 35 35 35 35 35 35 35 34 34 34 34 9 9 9 9 10 10 10 10 10 11 11 11 11 12 12 12 13 13 12 12 12 12 13 13 13 13 13 13 13 14 14 13 13 13 13 13 14 14 14 14 14 15 15 15 15 15 15 15 16 16 16 16 16 16 16 16 16 16 16 16 16 17 17 17 17 17 18 18 18 18 18 18 18 18 18 19 19 19 19 19 19 19 19 19 19 20 20 20 20 20 20 20 20 20 20 20 20 21 21 21 21 21 21 21 21 21 21 22 22 22 22 22 22 22 22 22 22 22 22 22 23 23 23 23 23 23 23 23 23 23 23 23 24 24 24 24 24 24 24 24 23 23 24 24 24 24 24 25 24 24 25 25 25 25 25 26 26 26 26 26 26 26 26 26 26 26 26 26 26 26 26 26 26 26 27 27 27 27 27 27 27 27 27 27 27 27 27 27 28 28 28 28 28 28 28 28 28 28 28 28 28 28 30 30 30 30 30 31 31 31 31 31 31 31 31 31 31 31 31 31 31 31 32 32 32 32 32 31 31 31 32 32 32 32 32 32 32 32 32 32 32 32 32 33 32 32 32 32 32 33 33 33 33 33 32 32 33 33 33 33 33 33 33 33 33 33 33 33 33 33 33 33 33 34 34 34 33 33 33 33 33 34 33 33 33 33 33 33 34 34 34 34 34 34 34 34 34 34 34 34 34 34 34 34 34 34 34 34 34 34 34 34 35 34 34 34 34 34 34 34 34 35 35 34 33 33 34 34 34 35 35 35 35 35 34 35 35 36 36 35 35 35 35 35 35 36 35 35 34 34 34 35 35 35 35 35 35 35 35 34 34 34 34 34 35 35 35 35 36 36 36 36 36 36 35 35 35 35 35 35 35 36 36 35 35 35 35 35 35 35 35 35 35 35 35 34 34 34 34 34 9 9 9 9 10 10 10 10 10 10 11 11 11 11 12 12 12 12 12 12 12 12 13 13 13 13 13 13 13 14 14 13 13 13 13 13 14 14 14 14 14 15 15 15 15 15 15 15 15 15 16 16 16 16 16 16 16 16 16 16 16 16 17 17 17 17 18 18 18 18 18 18 18 18 18 18 18 18 19 19 19 19 19 19 19 19 19 19 19 20 20 20 20 20 20 20 20 20 20 21 21 21 21 21 21 21 21 21 22 22 22 22 22 22 22 22 22 22 22 22 23 23 23 23 23 23 23 23 23 23 23 23 24 24 24 24 24 24 24 24 24 24 24 24 24 24 24 24 24 24 24 25 25 25 25 25 25 25 26 26 26 26 26 26 26 26 26 26 26 26 26 26 26 27 27 27 27 27 27 27 27 27 27 27 27 27 27 27 27 27 28 28 28 28 28 28 28 28 28 28 28 28 30 30 30 30 30 30 31 31 31 31 31 31 31 31 31 31 31 31 31 32 31 31 32 32 32 31 31 31 32 32 32 32 32 32 32 32 32 32 32 32 32 32 32 32 32 32 32 33 33 33 33 32 32 33 33 33 33 33 33 33 33 33 33 33 33 33 33 33 33 33 33 33 34 34 33 33 33 33 33 33 33 33 33 33 33 34 34 34 34 34 34 34 34 34 34 34 34 34 34 34 34 34 34 34 34 34 34 34 34 34 35 35 34 34 34 35 35 34 34 34 35 34 33 34 34 34 34 34 35 35 35 34 34 35 35 35 35 35 35 35 35 35 35 36 35 35 35 35 35 35 35 35 35 35 35 35 35 35 35 35 34 34 35 35 35 35 35 36 36 36 36 36 36 35 35 35 35 35 35 35 36 35 35 35 35 35 35 35 35 35 35 35 35 35 34 35 35 35 35 8 9 9 9 10 10 9 10 10 10 10 11 11 11 11 11 12 12 12 12 12 12 12 13 13 13 13 13 13 13 13 13 13 13 13 13 13 13 14 14 14 14 14 15 15 15 15 15 15 15 15 15 16 15 16 16 16 16 16 16 16 16 16 16 17 17 17 17 17 18 18 18 18 18 18 18 18 18 19 19 19 19 19 19 19 19 19 19 19 19 19 20 20 20 20 20 20 20 20 20 20 20 21 21 21 21 21 21 21 21 22 22 22 22 22 22 22 22 22 22 22 22 23 23 23 23 23 23 23 23 23 23 23 23 23 23 24 24 24 24 24 24 24 24 24 24 24 24 24 24 24 24 24 25 25 25 25 25 25 25 25 26 26 26 26 26 26 26 26 26 26 26 26 26 27 27 27 27 27 27 27 27 27 27 27 27 27 27 27 27 27 27 28 28 28 28 28 28 28 28 28 28 28 30 30 30 30 30 30 31 31 31 31 31 31 31 31 31 31 31 31 31 32 31 32 31 31 31 31 31 31 32 32 32 32 32 32 32 32 32 32 32 32 32 32 32 32 32 32 32 33 33 33 32 32 32 32 33 32 33 33 33 33 33 33 33 33 33 33 33 33 33 33 33 33 33 33 34 33 33 33 33 33 33 34 34 34 34 34 34 34 34 34 34 34 35 34 34 34 34 34 34 34 34 34 34 34 34 34 34 34 34 34 34 35 34 34 34 34 35 35 34 34 35 34 34 33 34 34 34 35 35 35 34 34 34 35 35 35 35 35 35 35 35 35 36 36 36 35 35 35 35 35 35 35 35 35 35 35 35 35 35 34 34 35 35 35 35 35 35 36 36 36 36 36 36 36 36 36 35 35 35 35 35 35 35 35 35 35 35 35 35 35 35 35 35 34 34 35 35 35 35 35 8 8 8 8 8 9 9 9 9 9 9 10 10 10 10 11 11 11 12 12 12 12 12 12 12 13 13 13 13 13 13 13 13 13 13 13 14 13 13 13 14 14 14 14 14 14 14 15 15 15 15 15 15 15 15 15 15 15 16 16 16 16 16 16 16 17 17 17 17 17 17 18 18 18 18 18 18 18 18 18 18 18 19 19 19 19 19 19 19 19 19 19 19 19 20 20 20 20 20 20 20 20 20 20 20 21 21 21 21 21 21 21 21 22 22 22 22 22 22 22 22 22 22 22 23 23 23 23 23 23 23 23 23 23 23 23 23 23 23 23 23 23 23 23 23 23 24 24 24 24 24 24 24 24 24 25 25 25 25 25 25 25 25 25 25 26 26 26 26 26 26 26 26 26 26 26 26 27 27 27 27 27 27 27 27 27 27 27 27 27 27 27 27 27 28 28 28 28 28 28 28 28 28 28 28 30 30 30 30 30 30 31 31 31 31 31 31 31 31 31 31 31 31 31 31 32 32 32 31 31 31 31 31 31 32 32 32 32 32 32 32 32 32 32 32 32 32 32 32 32 32 32 32 33 32 32 32 32 32 32 32 33 33 33 33 33 33 33 33 33 33 33 33 33 33 33 33 33 33 33 33 33 33 33 33 34 34 34 34 34 34 34 34 34 34 34 35 34 34 34 34 34 34 34 34 34 34 34 34 34 34 34 34 34 34 34 35 35 35 34 34 34 35 35 35 35 35 35 34 34 34 34 35 35 34 34 34 35 35 35 35 35 35 35 35 35 35 35 35 35 35 35 35 35 35 35 35 35 35 35 35 35 35 35 35 34 35 35 35 35 35 36 36 36 36 36 36 36 36 36 36 36 36 36 35 35 36 35 35 35 35 35 35 35 35 35 35 35 35 35 35 35 35 35 35 7 8 8 8 8 8 8 8 8 9 9 9 9 10 10 10 10 11 11 12 12 12 12 12 12 12 12 12 13 13 13 13 13 13 13 13 13 13 13 13 13 13 13 14 14 14 14 14 14 14 15 15 15 15 15 15 15 15 15 15 16 16 16 16 16 16 16 17 17 17 17 17 17 18 17 18 18 18 18 18 18 18 18 18 18 18 18 18 19 19 19 19 19 19 19 19 20 20 20 20 20 20 20 20 20 20 20 21 21 21 21 21 21 21 21 21 21 22 22 22 22 22 22 22 22 22 22 23 23 23 23 23 23 23 23 23 23 23 23 23 23 23 24 24 24 24 24 24 24 24 24 24 24 24 24 24 24 25 25 25 25 25 25 25 25 25 25 26 26 26 26 26 26 26 26 26 26 26 26 27 27 27 27 27 27 27 27 27 27 27 27 27 27 27 27 27 27 28 28 28 28 28 28 28 28 28 28 30 30 30 30 30 30 30 31 31 31 31 31 31 31 31 31 31 31 31 31 32 32 31 31 31 31 32 31 31 32 32 32 32 32 32 32 32 32 32 32 32 32 32 32 32 32 32 33 32 32 32 32 33 32 32 32 33 33 33 33 33 33 33 33 33 33 33 33 33 33 33 33 33 33 33 33 33 33 33 33 34 34 34 34 34 33 34 34 34 34 34 34 34 34 34 34 34 34 34 34 34 34 34 34 34 34 34 34 34 34 34 34 35 35 34 35 34 34 35 35 35 35 34 34 34 34 34 35 35 34 35 35 35 35 35 35 35 35 35 35 35 35 36 35 35 35 35 35 35 35 36 35 35 35 35 35 35 35 35 34 34 34 35 35 35 35 36 36 36 36 36 36 36 36 36 36 36 36 36 36 36 36 36 35 35 35 35 35 35 35 35 35 35 35 35 35 35 35 35 35 7 8 8 8 8 8 8 8 8 8 9 9 10 10 10 10 10 11 11 12 12 11 11 12 12 12 12 12 12 12 13 13 13 13 13 13 13 13 13 13 13 13 13 14 14 14 14 14 14 14 15 15 15 15 15 15 15 15 15 15 15 16 16 16 16 16 16 17 17 17 17 17 18 18 18 18 18 18 18 18 18 18 18 18 18 18 18 19 19 19 19 19 19 19 19 19 19 19 19 20 20 20 20 20 20 20 20 20 21 21 21 21 21 21 21 21 21 21 22 22 22 22 22 22 22 22 22 22 22 22 23 23 23 23 23 23 23 23 23 23 23 23 23 23 24 24 24 24 24 24 24 24 24 24 24 24 24 25 25 25 25 25 25 25 25 25 25 25 26 26 26 26 26 26 26 26 26 26 26 26 26 27 27 27 27 27 27 27 27 27 27 27 27 27 27 27 27 27 28 28 28 28 28 28 28 28 28 30 30 30 30 30 30 30 30 31 31 31 31 31 31 31 31 31 31 31 31 31 32 32 31 31 31 31 31 31 32 32 32 32 32 32 32 32 32 32 32 32 32 32 32 32 32 32 32 32 33 33 33 32 32 32 32 33 33 33 33 33 33 33 33 33 33 33 33 33 33 33 33 33 33 33 33 33 33 33 33 33 33 33 33 33 34 34 34 34 34 34 34 34 34 34 34 34 34 34 34 34 34 34 34 34 34 34 34 34 34 34 34 34 34 34 35 35 34 35 35 35 35 35 35 35 34 34 34 35 34 35 35 35 35 36 35 35 35 35 35 35 35 35 35 35 35 35 35 35 35 36 36 35 35 35 35 35 35 35 34 34 34 35 35 35 35 36 36 36 36 36 36 36 36 36 36 36 36 36 36 36 35 36 35 35 35 35 35 35 35 35 35 36 35 35 35 35 35 35 35 35 7 8 8 8 8 8 8 9 9 8 9 9 9 10 10 10 11 11 12 11 11 11 11 11 11 11 12 12 12 12 12 13 13 13 13 13 13 13 13 13 13 13 14 14 14 14 14 14 14 14 14 15 15 14 15 15 15 15 15 15 15 15 16 16 16 16 16 17 17 17 17 17 17 17 18 17 17 18 18 18 18 18 18 18 19 19 19 19 19 19 19 19 19 19 19 19 20 20 20 20 20 20 20 20 20 20 20 21 21 21 21 21 21 21 21 21 21 21 22 22 22 22 22 22 22 22 22 22 22 22 22 23 23 23 23 23 23 23 23 23 23 23 23 23 24 24 24 24 24 24 24 24 24 24 24 24 24 25 25 25 25 25 25 25 25 25 25 25 26 26 26 26 26 26 26 26 26 26 26 26 26 27 27 27 27 27 27 27 27 27 27 27 27 27 27 27 28 27 27 28 28 28 28 28 28 28 28 30 30 30 30 30 30 30 30 30 31 31 31 31 31 31 31 31 31 31 31 31 31 31 31 32 32 31 31 31 32 32 32 32 32 32 32 32 32 32 32 32 32 32 32 32 32 32 32 32 32 32 33 32 32 32 32 32 32 33 33 33 33 33 33 33 33 33 33 33 33 33 33 33 33 33 34 34 34 34 34 34 33 33 33 33 33 34 34 34 34 34 34 34 34 34 34 34 34 34 34 34 34 34 34 33 34 34 35 35 35 34 34 34 35 35 35 35 34 35 35 35 35 35 35 35 35 34 34 34 35 35 35 35 35 35 36 35 35 35 35 35 35 35 35 35 35 35 35 35 35 36 36 36 35 35 35 35 35 35 35 34 34 35 35 35 35 35 36 36 36 36 36 36 36 35 36 36 36 36 36 36 35 35 35 35 35 35 35 35 35 36 36 35 35 35 35 35 35 35 35 35 6 7 7 8 8 8 8 9 9 9 9 9 9 9 10 10 10 11 11 11 11 11 11 11 11 11 11 11 11 12 11 12 12 12 12 12 13 13 13 13 13 13 13 13 14 14 14 14 14 14 14 14 14 14 15 15 15 15 15 15 15 15 15 16 16 16 16 16 16 17 17 17 17 17 18 18 17 18 18 18 18 18 18 18 18 19 19 19 19 18 19 19 19 19 19 19 20 20 20 20 20 20 20 20 20 20 20 21 21 21 21 21 21 21 21 21 21 21 21 21 22 22 22 22 22 22 22 22 22 22 22 22 22 22 22 22 23 23 23 23 23 23 23 23 23 24 24 24 24 24 24 24 24 24 24 24 24 24 25 25 25 25 25 25 25 25 25 25 25 26 26 26 26 26 26 26 26 26 26 26 26 26 26 27 27 27 27 27 27 27 27 27 27 27 27 27 28 28 28 28 28 28 28 28 28 28 28 28 30 30 30 30 30 30 30 30 30 30 31 31 31 31 31 31 31 31 31 31 31 31 31 31 31 31 31 31 31 32 32 32 32 32 32 32 32 32 32 32 32 32 32 32 32 32 32 32 32 32 32 33 32 32 33 32 32 33 33 33 33 33 33 33 33 33 33 33 33 33 33 33 33 33 33 33 34 34 33 33 33 34 34 34 34 34 34 33 34 34 34 34 34 34 34 34 34 34 34 34 34 34 34 34 34 34 35 35 35 34 34 34 34 35 35 35 35 35 35 35 35 35 35 35 35 35 35 35 34 35 35 35 35 35 35 35 35 35 35 35 35 35 35 35 35 35 35 35 35 35 36 36 36 36 35 35 36 36 35 35 34 34 35 35 35 35 36 36 36 36 36 36 36 36 36 36 36 36 36 36 36 36 35 36 35 35 35 35 35 36 35 35 35 35 35 35 35 35 35 35 35 6 7 8 8 8 9 9 9 9 9 10 10 10 10 10 10 10 11 11 11 11 11 11 11 11 11 11 11 11 11 12 12 12 12 12 13 13 13 13 13 13 13 14 14 14 14 14 14 14 14 14 14 15 15 15 15 15 15 15 15 15 15 15 16 16 16 16 16 16 17 17 17 17 17 18 18 18 18 18 18 18 18 18 18 19 19 19 19 19 19 19 19 19 19 19 19 19 20 20 20 20 20 20 20 20 20 21 21 21 21 21 21 21 21 21 21 21 21 21 22 22 22 22 22 22 22 22 22 22 22 22 22 23 23 23 23 23 23 23 23 23 23 23 23 24 24 24 24 24 24 24 24 24 24 24 24 25 25 25 25 25 25 25 26 26 26 26 26 26 26 26 26 26 26 26 26 26 26 26 26 26 26 26 27 27 27 27 27 27 27 27 27 27 27 28 28 28 28 28 28 28 28 28 28 28 28 30 30 30 30 30 30 30 30 30 30 31 31 31 31 31 31 31 31 31 31 31 31 31 31 31 31 31 31 32 32 32 32 32 32 32 32 32 32 32 32 32 32 32 32 32 32 32 32 32 32 33 33 32 32 33 33 32 33 33 33 33 33 33 33 33 33 33 33 33 33 33 33 33 33 33 33 33 33 33 33 33 33 33 33 34 34 34 34 34 34 34 34 35 35 35 35 35 34 34 33 34 34 35 34 34 34 35 35 34 34 34 34 34 34 34 35 35 35 35 35 35 35 35 35 35 35 34 35 35 34 35 35 35 35 35 35 35 35 35 35 35 35 35 35 34 35 35 35 35 35 36 36 36 36 36 36 35 35 35 35 34 34 35 35 35 35 35 36 36 36 36 36 36 36 36 36 36 36 36 36 36 36 36 36 36 35 36 36 36 36 35 35 35 35 35 35 35 35 35 35 35 35 6 7 7 7 7 8 8 8 9 9 9 9 9 10 10 10 10 10 11 11 11 11 11 11 10 10 11 11 11 11 11 11 12 12 12 12 13 13 13 13 13 13 13 13 14 14 14 14 14 14 14 14 14 14 15 15 15 15 15 15 15 15 15 15 15 16 16 16 16 16 16 17 17 17 17 17 17 17 17 18 18 18 18 18 18 18 19 19 19 19 19 19 19 19 19 19 19 19 20 20 20 20 20 20 20 20 20 21 21 21 21 21 21 21 21 21 21 21 21 21 21 22 22 22 22 22 22 22 22 22 22 22 22 23 23 23 23 23 23 23 23 23 23 23 24 24 24 24 24 24 24 24 24 24 24 24 24 25 25 25 25 25 25 25 25 25 26 26 26 26 26 26 26 26 26 26 26 26 26 26 26 26 26 27 27 27 27 27 27 27 27 27 27 27 27 27 28 27 28 28 28 28 28 28 28 28 28 30 30 30 30 30 30 30 30 30 30 31 31 31 31 31 31 31 31 31 31 31 31 31 31 31 31 31 31 32 32 32 32 32 32 32 32 32 32 32 32 32 32 32 32 32 32 32 32 32 32 33 32 32 33 33 32 32 33 33 33 33 33 33 33 33 33 33 33 33 33 33 33 33 33 33 33 33 33 33 33 33 33 33 33 33 34 34 34 34 35 34 34 34 34 34 35 35 34 34 34 34 35 35 35 35 35 35 35 34 34 34 34 34 34 34 34 35 35 35 35 35 35 34 34 35 35 35 35 35 35 36 35 35 35 35 35 35 35 35 35 35 34 35 34 34 34 34 35 35 35 36 35 36 36 36 36 36 36 35 35 35 34 35 35 35 35 35 36 36 37 36 36 36 36 36 36 36 36 36 36 36 36 36 36 36 36 36 36 36 36 35 35 36 36 36 35 35 35 35 35 35 35 7 7 7 7 8 8 7 8 8 8 9 9 9 9 9 10 10 10 11 11 11 11 11 11 11 11 12 12 11 11 11 11 12 12 13 13 13 13 13 13 13 13 13 14 14 14 14 14 14 14 14 14 14 14 14 15 14 14 15 15 15 15 15 15 16 16 16 16 16 16 16 17 17 17 17 17 17 17 17 17 18 18 18 18 18 19 19 19 18 19 19 19 19 19 19 19 19 20 20 20 19 20 20 20 20 20 20 21 20 21 21 21 21 21 21 21 21 21 21 21 21 21 22 22 22 22 22 22 22 22 22 22 23 23 23 23 23 23 23 23 23 24 24 24 24 24 24 24 24 24 24 24 24 24 24 24 25 25 25 25 25 25 25 25 25 25 25 25 26 26 26 26 25 26 26 26 26 26 26 26 26 26 27 27 27 27 27 27 27 27 27 27 27 27 27 27 27 27 27 27 27 28 28 28 28 28 30 30 30 30 30 30 30 30 30 30 30 30 30 30 31 31 31 31 31 31 31 31 31 31 31 31 31 31 31 32 32 32 32 32 32 32 32 32 32 32 32 32 32 32 32 32 32 32 32 33 33 32 32 33 32 33 32 33 33 33 33 33 33 33 33 33 33 33 33 33 33 33 33 33 33 33 33 33 33 33 33 33 33 34 34 34 34 34 34 35 34 34 34 34 34 34 34 34 34 34 35 35 35 35 35 35 35 35 34 35 34 35 34 34 35 34 34 34 35 35 34 34 34 35 35 35 35 35 35 35 35 35 35 35 35 36 36 36 35 35 35 35 34 35 35 35 34 34 35 35 36 35 36 36 36 36 36 36 36 35 35 35 35 35 35 35 36 36 36 36 36 36 36 36 36 36 36 36 36 36 36 36 36 36 36 36 36 36 36 36 36 36 36 36 36 35 35 35 35 35 35 35 35 6 7 8 7 7 8 8 8 9 9 10 10 10 10 10 10 10 10 11 11 11 11 11 12 12 12 12 12 12 12 12 12 12 13 13 13 13 13 13 13 13 13 13 14 14 13 13 14 14 14 14 14 14 15 14 14 15 15 15 15 15 15 15 16 16 16 16 16 17 17 17 17 17 17 17 17 17 17 17 17 18 18 18 18 18 18 18 18 19 19 19 19 19 19 19 19 20 20 19 19 20 20 20 20 20 20 20 20 20 20 21 21 21 20 21 21 21 21 21 21 21 21 22 22 22 22 22 22 22 22 22 22 22 23 23 23 23 23 23 23 23 23 24 24 24 24 24 24 24 24 24 24 24 24 24 24 24 24 25 25 25 25 25 25 25 25 25 25 26 26 26 26 26 26 26 26 26 26 26 26 26 26 27 27 27 27 27 27 27 27 27 27 27 27 27 27 27 27 27 28 28 28 28 28 30 30 30 30 30 30 30 30 30 30 30 30 30 30 31 31 31 31 31 31 31 31 31 31 31 31 31 31 31 31 32 32 32 32 32 32 32 32 32 32 32 32 32 32 32 32 32 32 32 33 33 32 32 32 32 33 32 32 33 33 33 33 33 33 33 33 33 33 33 33 33 33 33 33 33 33 33 33 33 33 33 33 33 34 34 34 34 34 34 35 34 34 34 34 34 34 34 34 34 35 35 35 35 35 35 35 35 35 35 35 35 35 34 34 35 35 34 35 35 35 35 35 35 35 35 35 35 35 35 36 35 35 35 36 35 36 36 36 35 36 36 35 35 35 34 34 34 34 34 34 36 35 36 36 35 36 36 35 35 35 35 35 35 35 35 35 36 36 36 36 36 36 36 36 36 36 36 36 36 36 36 36 36 36 36 36 36 36 36 35 36 36 36 36 36 35 35 35 35 35 35 35 35 35 6 7 8 7 7 7 8 8 8 9 10 10 10 9 10 10 9 10 11 11 11 11 11 11 12 12 12 12 13 13 12 12 12 12 13 13 13 13 13 13 13 13 13 14 14 13 13 13 14 14 15 15 15 15 14 14 14 15 15 15 15 15 15 15 15 16 16 16 16 17 17 17 17 17 17 17 17 17 17 17 18 18 18 18 18 18 18 18 19 19 19 19 19 19 19 19 19 19 19 19 19 20 20 20 20 20 20 20 20 20 21 21 20 21 21 21 21 21 21 21 21 22 22 22 22 22 22 22 22 22 22 22 22 23 23 23 23 23 23 23 23 23 23 23 23 24 24 24 24 24 24 24 24 24 24 24 24 24 24 24 25 25 25 25 25 25 25 25 25 26 26 26 26 26 26 26 26 26 26 26 26 27 27 27 27 27 27 27 27 27 27 27 27 27 27 27 27 27 28 28 28 28 28 28 30 30 30 30 30 30 30 30 30 30 30 30 30 31 31 31 31 31 31 31 31 31 31 31 31 31 31 31 31 31 31 32 32 32 32 32 32 32 32 32 32 32 32 32 32 32 32 32 32 33 32 32 33 33 33 33 32 32 33 33 33 33 33 33 33 33 33 33 33 33 33 33 33 33 33 33 33 33 33 33 33 33 33 33 34 34 34 34 34 34 34 34 35 35 35 34 34 34 35 35 35 35 35 35 35 35 35 35 35 35 35 35 35 35 35 35 35 35 36 36 35 35 35 35 35 35 35 35 35 36 35 35 35 36 36 36 36 36 36 36 36 36 35 35 34 35 35 34 35 34 35 35 36 36 36 35 35 35 35 35 35 35 35 35 35 36 36 36 36 36 36 36 36 36 36 36 36 36 36 36 36 36 36 36 36 36 36 36 36 36 36 36 36 36 36 36 35 35 35 35 35 35 35 35 35 7 7 7 7 7 8 8 8 8 8 9 10 10 9 9 9 10 10 11 11 11 11 11 11 11 11 11 12 12 13 13 13 12 12 13 13 13 13 13 13 13 13 13 13 13 13 13 13 14 14 15 15 14 15 14 14 15 15 15 15 15 15 15 15 15 15 16 16 16 16 17 17 17 17 17 17 17 17 17 17 17 18 18 18 18 18 18 19 19 19 19 19 19 19 19 19 19 19 19 19 19 20 20 20 20 20 20 20 20 20 20 20 20 21 21 21 21 21 21 21 22 22 22 22 22 22 22 22 22 22 22 22 22 22 23 23 23 23 23 23 23 23 23 23 23 24 24 24 24 24 24 24 24 24 25 25 25 25 25 25 25 25 25 25 25 25 25 25 25 25 26 26 26 26 26 26 26 26 26 26 26 26 26 27 27 27 27 27 27 27 27 27 27 27 27 27 27 28 28 28 28 28 28 28 30 30 30 30 30 30 30 30 30 30 30 30 31 31 31 31 31 31 31 31 31 31 31 31 31 31 32 31 31 31 31 32 32 32 32 32 32 32 32 32 32 32 32 32 32 32 32 32 32 33 32 33 33 33 33 32 32 32 33 33 33 33 33 33 33 33 33 33 33 33 33 33 33 33 33 33 33 33 33 33 33 33 33 33 34 34 34 35 34 34 34 34 34 34 34 34 34 34 34 35 35 35 35 35 35 35 35 35 35 35 35 36 36 36 35 36 35 35 36 36 35 35 36 36 36 35 35 35 35 36 36 36 35 35 36 36 36 36 36 36 36 36 35 35 35 35 35 35 35 35 35 35 35 36 36 36 36 35 36 35 35 35 36 35 35 36 36 36 36 36 36 36 36 36 36 36 36 36 36 36 36 36 36 36 36 36 36 36 36 36 36 36 36 36 36 36 35 35 35 35 35 35 35 35 35 35 6 7 8 8 8 8 9 8 9 9 9 9 9 9 9 10 10 10 10 10 10 11 11 11 10 11 12 12 12 12 13 13 13 13 13 13 12 12 12 13 13 13 13 13 13 13 13 14 14 14 14 14 15 14 14 15 15 15 15 15 15 15 15 16 16 16 16 16 16 16 17 17 17 17 17 17 17 17 17 17 17 18 18 18 18 18 18 19 19 19 19 19 19 19 19 19 19 19 19 19 19 20 20 20 20 20 20 20 20 20 20 20 21 21 21 21 21 21 21 21 22 22 22 22 22 22 22 22 22 22 22 22 22 22 22 23 23 23 23 23 23 23 23 23 23 24 24 24 24 24 24 24 24 25 25 25 25 25 25 25 25 25 25 25 25 25 25 25 25 25 25 25 26 26 26 26 26 26 26 26 26 26 27 27 27 27 27 27 27 27 27 27 27 27 27 28 28 28 28 28 28 28 28 30 30 30 30 30 30 30 30 30 30 30 31 31 31 31 31 31 31 31 31 31 31 31 31 31 31 31 31 31 31 31 32 32 32 32 32 32 32 32 32 32 32 32 32 32 32 32 32 32 32 33 33 33 33 33 32 33 32 33 33 33 33 33 33 33 33 33 33 33 33 33 33 33 33 33 33 33 33 33 33 33 33 33 33 33 34 34 34 34 33 34 33 34 33 34 34 34 34 34 35 34 35 35 35 35 35 35 35 35 35 35 36 36 35 35 36 36 36 36 36 36 35 35 35 35 35 35 35 35 36 36 35 35 35 36 36 36 36 36 36 36 36 35 35 35 35 34 34 35 35 35 35 35 35 35 36 36 35 36 36 35 36 36 36 36 36 36 36 36 36 36 36 36 36 36 36 36 36 36 36 36 36 36 36 36 36 36 36 36 36 36 36 36 36 36 36 36 35 35 35 35 35 35 35 35 35 35 7 8 8 7 8 8 8 9 9 9 8 9 9 10 10 10 10 10 9 10 11 11 10 11 11 12 12 12 12 13 13 13 13 13 13 13 13 12 13 13 13 13 13 13 13 13 14 14 15 15 15 14 14 14 14 15 15 15 15 15 15 16 16 16 16 16 16 16 16 16 17 17 17 17 17 17 17 17 17 17 18 18 18 18 18 18 18 18 19 19 19 19 19 19 19 19 19 19 19 19 20 20 20 20 20 20 20 20 20 20 21 21 21 21 21 21 21 22 22 22 22 22 22 22 22 22 22 22 22 22 22 22 22 23 23 23 23 23 23 23 23 23 23 23 23 24 24 24 24 24 24 25 25 25 25 25 25 25 25 25 25 25 25 25 26 25 25 25 25 25 26 26 26 26 26 26 26 26 26 26 27 27 27 27 27 27 27 27 27 27 27 27 28 28 28 28 28 28 28 28 28 30 30 30 30 30 30 30 30 30 30 30 30 31 31 31 31 31 31 31 31 31 31 31 31 31 31 31 31 31 31 31 32 32 32 32 32 32 32 32 32 32 32 32 32 32 32 32 32 32 32 32 33 33 33 33 33 33 33 32 33 33 33 33 33 33 33 33 33 33 33 33 33 33 33 33 33 33 33 33 33 33 33 33 34 34 33 34 34 33 33 33 33 33 33 34 34 35 35 34 34 34 35 35 35 35 35 34 35 35 35 35 36 36 35 35 36 36 36 36 36 36 36 35 35 35 35 35 35 36 36 36 36 36 35 36 36 36 36 36 36 37 36 36 35 35 35 34 34 34 35 36 36 36 36 35 35 35 36 36 36 36 36 36 36 36 36 36 36 36 36 36 36 36 36 36 36 36 36 36 36 36 36 36 36 36 36 36 36 36 36 36 36 36 36 36 36 36 35 35 35 35 35 35 36 35 35 35 35 6 7 7 7 7 7 7 8 8 8 8 9 9 10 10 9 10 10 9 10 11 11 10 10 11 11 12 12 12 13 13 13 13 13 13 13 13 12 13 13 13 13 14 14 14 13 14 14 14 15 15 15 15 14 14 15 15 15 15 15 16 16 16 16 16 16 16 16 16 17 17 17 17 17 17 17 17 17 17 17 18 18 18 18 18 18 18 18 18 19 19 19 19 19 19 19 19 19 19 19 19 19 20 20 20 20 20 20 20 20 21 21 21 21 21 21 21 21 22 22 22 22 22 22 22 22 22 22 22 22 22 22 22 23 23 23 23 23 23 23 23 23 23 23 23 24 24 24 24 24 24 25 25 25 25 25 25 25 25 25 25 25 25 26 26 26 25 25 25 25 25 26 26 26 26 26 26 26 26 26 26 27 27 27 27 26 27 27 27 27 27 27 27 27 27 27 28 28 28 28 28 30 30 30 30 30 30 30 30 30 30 30 30 31 31 31 31 31 31 31 31 31 31 31 31 32 32 31 31 31 31 31 31 32 32 32 32 32 32 32 32 32 32 32 32 32 32 32 32 32 32 32 32 32 33 33 33 33 33 33 33 33 33 33 33 33 33 33 33 33 33 33 33 33 33 33 33 33 33 33 33 33 33 33 34 34 33 33 33 33 33 34 34 33 34 34 34 35 35 35 34 34 34 35 34 35 35 35 35 35 35 35 35 35 35 35 36 35 35 35 35 36 36 36 35 35 35 36 36 36 36 36 36 36 36 35 36 36 36 36 36 36 37 36 35 36 35 34 34 34 35 36 36 36 35 35 36 35 36 36 36 36 36 36 36 36 36 36 36 36 36 36 36 36 36 36 36 36 36 36 36 36 36 36 36 36 36 36 36 36 36 36 36 36 36 36 36 36 36 35 35 35 35 35 35 35 35 35 35 35 36 36 36 6 6 7 7 7 8 8 8 9 9 9 9 9 9 9 9 10 11 11 10 10 11 11 11 12 12 12 13 12 13 13 13 14 13 13 13 13 13 13 13 14 13 13 13 14 14 15 15 15 15 14 14 15 15 15 15 15 15 16 16 16 16 16 16 16 16 16 16 16 16 17 17 17 17 17 17 17 18 18 18 18 18 18 18 18 18 18 18 18 19 19 19 19 19 19 19 19 19 19 20 20 20 20 20 20 20 20 21 21 21 21 21 21 21 21 21 22 22 22 22 22 22 22 22 22 22 22 22 22 22 22 23 23 23 23 23 23 23 23 23 23 23 24 24 24 24 24 24 25 25 25 25 25 25 25 25 25 25 25 25 25 26 26 25 25 25 25 25 25 25 26 26 26 26 26 26 26 26 26 27 27 26 26 27 27 27 27 27 27 27 27 27 27 28 28 28 28 28 30 30 30 30 30 30 30 30 30 30 30 30 30 31 31 31 31 31 31 31 31 31 31 31 31 31 31 31 31 31 31 31 32 32 32 32 32 32 32 32 32 32 32 32 32 32 32 32 32 32 32 32 32 33 32 33 33 33 33 33 33 33 33 33 33 33 33 33 33 33 33 33 33 33 33 33 33 33 33 33 33 33 33 34 34 33 33 33 33 33 34 34 33 34 34 34 35 35 35 34 34 34 34 35 34 34 35 35 35 35 35 35 35 35 35 35 35 35 35 35 36 36 36 36 36 36 36 36 36 36 36 36 36 36 36 36 36 36 36 36 36 37 36 36 37 36 34 34 34 35 36 36 36 36 36 36 36 36 36 36 36 36 36 37 37 36 36 36 36 36 36 36 36 36 36 36 36 36 36 36 36 36 36 36 36 36 36 36 36 36 36 36 36 36 36 36 36 36 36 35 35 35 35 35 35 35 36 36 36 36 36 36 36 36 36 36 36 36 36 35 7 7 8 8 9 9 9 8 8 9 9 9 10 10 10 10 10 11 12 11 11 11 12 12 12 12 13 13 14 14 14 13 13 13 13 13 13 13 14 14 13 14 14 14 14 15 15 15 15 15 15 15 15 15 16 16 16 16 16 16 16 16 16 16 16 17 16 17 17 17 17 17 17 17 17 18 18 18 18 18 18 18 18 18 18 19 19 19 19 19 19 19 19 20 20 20 20 20 20 20 20 20 20 20 21 21 21 21 21 21 21 21 22 22 22 22 22 22 22 22 22 22 22 22 22 22 22 22 23 23 23 23 23 23 23 23 23 24 24 24 24 24 24 24 24 25 25 24 24 25 25 25 25 25 25 25 25 26 26 26 26 26 25 25 25 25 25 26 26 26 26 26 26 26 26 26 26 26 27 27 27 27 27 27 27 27 27 27 28 28 28 28 28 28 30 30 30 30 30 30 30 30 30 30 30 30 30 31 31 31 31 31 31 31 31 31 31 31 31 31 31 31 31 31 31 31 32 32 32 32 32 32 32 32 32 32 32 32 32 32 32 32 32 32 32 32 32 32 32 32 32 32 33 33 33 33 33 33 33 33 33 33 33 33 33 33 33 33 33 33 33 33 33 33 33 33 33 33 33 33 33 33 33 33 34 33 33 33 34 34 34 34 34 34 34 34 35 35 35 34 35 35 35 35 35 35 35 35 35 35 35 35 35 35 36 36 36 36 36 36 36 36 36 35 35 36 35 36 35 36 36 36 36 36 37 37 36 36 36 35 34 34 35 35 36 36 36 36 36 36 36 36 36 36 36 36 36 36 37 36 36 36 36 36 36 36 36 37 37 37 36 36 36 36 36 36 36 36 36 36 36 36 36 36 36 36 36 36 36 36 36 35 35 35 35 35 35 36 36 36 36 36 36 36 36 36 36 36 36 36 36 36 36 36 36 7 8 8 8 8 8 8 9 9 10 10 10 11 11 11 11 12 11 11 12 11 12 12 13 13 13 14 14 14 14 14 13 13 14 14 14 14 14 14 14 14 15 15 15 15 15 15 15 15 15 16 16 16 16 16 16 16 16 16 16 17 17 17 17 17 17 17 17 17 17 17 18 18 18 18 18 18 18 18 18 19 19 19 19 19 19 19 19 20 20 20 20 20 20 20 20 20 20 20 20 21 21 21 21 21 21 21 21 22 22 22 22 22 22 22 22 22 22 22 22 22 22 22 22 23 23 23 23 23 23 23 23 23 24 24 24 24 24 24 24 24 25 24 25 25 25 25 25 25 25 26 26 26 26 26 26 26 26 26 26 26 26 25 26 26 26 26 26 26 26 26 26 26 27 27 27 27 27 27 27 27 27 27 28 28 28 28 28 28 30 30 30 30 30 30 30 30 30 30 30 30 31 31 31 31 31 31 31 31 31 31 31 31 31 31 31 31 31 31 31 32 32 32 32 32 32 32 32 32 32 32 32 32 32 32 32 32 32 32 32 32 33 33 33 33 33 32 32 33 33 33 33 33 33 33 33 33 33 33 33 33 33 33 33 33 33 33 33 33 33 33 33 33 33 33 33 33 33 33 34 33 33 33 34 34 34 34 34 34 34 35 35 35 35 34 35 35 35 35 35 35 35 35 35 35 35 35 35 35 35 35 36 36 36 36 36 35 36 36 36 36 36 36 36 36 36 36 36 36 36 36 36 36 36 35 35 35 35 35 36 36 36 36 36 36 36 36 36 36 36 37 36 36 36 36 36 36 36 36 36 36 36 37 37 37 37 37 37 37 36 36 36 36 36 36 37 37 36 36 36 36 36 36 36 35 36 36 36 36 35 35 35 36 36 36 36 36 36 36 36 36 36 36 36 36 36 36 36 36 36 36 7 7 9 9 9 10 11 11 11 11 11 11 11 11 11 12 12 13 13 13 13 13 13 14 13 14 14 14 14 14 14 14 14 14 14 14 15 15 15 15 15 15 15 15 15 15 15 16 16 16 16 17 17 17 17 17 17 17 17 17 17 17 17 17 17 17 17 17 18 18 18 18 18 18 18 19 19 19 19 19 19 19 19 19 20 20 20 20 20 20 20 20 20 20 21 21 21 21 21 21 21 21 21 22 22 22 22 22 22 22 22 22 22 22 22 22 22 22 23 23 23 23 23 23 23 23 23 23 23 23 23 24 24 24 24 25 25 24 25 25 25 25 25 25 25 26 26 26 26 26 26 26 26 26 27 26 26 26 26 26 26 26 26 26 26 26 27 27 27 27 27 27 27 27 27 27 27 27 27 28 28 28 28 30 30 29 29 30 30 30 30 30 30 30 30 30 31 31 31 31 31 31 31 31 31 31 31 31 31 31 31 31 31 31 32 32 32 32 32 32 32 32 32 32 32 32 32 32 32 32 32 32 32 32 32 33 33 33 33 33 33 33 33 33 33 33 33 33 33 33 33 33 33 33 33 33 33 33 33 33 33 33 33 33 34 34 34 33 32 33 33 33 33 34 33 33 34 34 34 34 34 34 34 34 35 35 35 35 35 35 35 35 35 35 35 35 35 35 35 35 35 35 35 36 36 36 36 36 36 36 36 36 36 36 36 36 36 36 36 36 36 36 36 36 36 36 36 36 35 35 35 35 35 36 36 36 36 36 36 36 36 36 36 36 36 37 37 36 36 36 36 36 36 36 36 36 37 37 37 36 36 36 36 37 36 36 36 37 37 37 37 36 36 36 36 36 36 36 36 36 36 36 36 35 35 35 36 36 36 36 36 36 36 36 36 36 36 36 36 36 36 36 36 36 36 9 9 9 10 11 11 11 11 11 11 11 12 12 13 13 13 12 12 13 13 13 12 13 13 14 15 15 15 15 15 15 14 14 15 15 15 15 15 15 15 15 15 15 15 15 16 16 16 16 17 17 16 16 16 16 17 17 17 17 17 17 17 17 17 17 17 18 18 18 18 18 18 18 18 18 19 19 19 19 19 19 19 20 20 20 20 20 20 20 20 20 20 20 21 21 21 21 21 21 21 21 21 22 22 22 22 22 22 22 22 22 22 22 22 22 22 22 23 23 23 23 23 23 23 23 23 23 23 23 24 24 24 24 25 25 25 25 25 25 25 25 25 25 25 25 26 26 26 26 26 26 26 26 26 26 26 26 26 27 26 26 26 26 27 26 27 27 27 27 27 27 27 27 27 27 27 27 27 28 28 28 29 29 29 30 30 30 30 30 30 30 30 30 30 30 30 31 31 31 31 31 31 31 31 31 31 31 31 31 31 31 31 32 32 32 32 32 32 32 32 32 32 32 32 32 32 32 32 32 32 33 32 33 33 33 33 33 33 33 33 33 33 33 33 33 33 33 33 33 33 33 33 33 33 33 33 33 33 33 33 33 33 34 34 33 33 33 33 33 33 34 34 33 33 33 33 34 34 35 35 34 34 35 35 35 35 35 35 35 35 35 35 35 35 35 35 35 35 35 35 36 36 36 36 36 36 36 36 36 36 37 36 36 36 36 36 36 36 36 36 36 36 36 36 36 36 35 35 35 35 35 36 36 36 36 36 36 36 36 36 36 36 36 36 37 37 37 36 36 36 36 36 36 36 37 37 37 37 36 36 36 36 36 36 36 36 36 36 36 36 36 36 36 36 36 36 36 36 36 36 36 35 35 35 36 36 36 36 36 36 36 36 36 36 36 36 36 36 36 36 36 36 36 9 10 11 11 11 11 10 11 11 12 12 12 13 13 12 12 12 12 12 12 13 13 13 14 14 14 15 16 15 15 14 14 15 15 16 15 15 15 15 15 15 15 15 16 16 16 17 17 17 16 16 17 17 17 17 17 17 18 18 18 18 17 17 18 18 18 18 18 18 18 18 18 18 19 19 19 19 19 19 19 20 20 20 20 20 20 20 20 20 20 20 21 21 21 21 21 21 21 21 21 22 22 22 22 22 22 22 22 22 22 22 22 22 22 22 23 23 23 23 23 23 23 23 23 23 23 23 23 23 24 24 24 24 25 24 24 25 25 25 25 25 25 25 25 26 26 26 26 26 26 26 26 26 26 26 26 26 26 26 26 27 27 26 26 26 27 26 27 27 27 27 27 27 27 27 27 27 28 28 29 29 30 30 30 30 30 30 30 30 30 30 30 30 30 30 31 31 31 31 31 31 31 31 31 31 31 31 31 31 32 32 32 32 32 32 32 32 32 32 32 32 32 32 32 32 32 32 32 33 32 33 33 33 33 33 33 33 33 33 33 33 33 33 33 33 33 33 33 33 33 33 33 33 33 33 33 34 34 33 33 33 33 33 33 33 33 33 33 33 33 33 33 33 33 33 34 34 34 35 35 35 34 35 35 35 35 35 35 35 35 35 35 35 35 35 35 35 35 35 35 36 36 36 36 36 36 36 36 37 37 37 36 36 36 36 36 36 36 36 36 36 36 36 36 35 35 35 35 35 36 36 37 37 36 36 36 36 36 36 36 36 36 36 37 37 37 36 36 36 36 36 36 37 37 37 37 37 36 36 36 36 36 36 36 36 36 36 36 36 36 36 36 36 36 36 36 36 36 36 35 35 35 36 36 36 36 36 36 36 36 36 36 36 36 36 36 36 36 36 36 36 10 10 10 10 10 11 11 11 11 12 12 12 12 12 12 12 13 13 14 14 14 13 13 14 14 14 15 15 15 15 15 15 16 16 16 15 15 15 15 15 15 16 16 16 16 16 16 16 16 17 17 17 17 17 17 17 18 18 18 18 18 17 17 17 18 18 18 18 18 18 19 19 19 19 19 19 19 19 19 19 19 19 20 19 19 20 20 20 20 20 20 20 20 21 21 21 21 21 21 21 22 22 22 22 22 22 22 22 22 22 22 22 23 23 23 23 23 23 23 23 23 23 23 23 23 23 23 23 24 24 24 24 24 24 25 25 25 25 25 25 25 25 25 26 26 26 26 26 26 26 26 26 26 26 26 26 26 26 26 27 26 26 26 27 27 27 27 27 27 27 27 27 27 27 27 27 27 27 29 29 30 30 30 30 30 30 30 30 30 30 30 30 30 30 30 31 31 31 31 31 31 31 31 31 31 31 31 31 31 32 32 32 32 32 32 32 32 32 32 32 32 32 32 32 32 32 32 32 32 32 33 32 32 32 33 33 33 33 33 33 33 33 33 33 33 33 33 33 33 33 33 33 33 33 33 34 34 34 34 33 33 33 33 33 34 33 33 33 33 33 33 34 33 34 34 34 34 34 34 34 34 34 35 35 35 35 35 35 35 35 35 35 35 35 35 35 35 35 35 35 36 36 36 36 36 36 36 36 36 36 36 36 36 36 36 36 36 36 36 36 36 36 36 36 35 35 35 35 36 36 37 37 37 37 37 36 36 36 36 36 36 36 36 37 37 36 36 36 36 36 36 36 36 37 37 37 37 37 37 37 36 36 36 36 36 36 36 36 36 36 36 36 36 36 36 36 36 36 35 35 35 36 36 36 36 36 36 36 36 36 36 36 36 36 36 36 36 36 36 10 10 10 11 11 11 11 11 11 11 11 11 12 12 12 13 13 13 13 14 14 14 14 14 14 14 14 15 15 16 16 16 16 16 16 16 15 15 15 16 16 16 16 16 16 16 16 16 17 17 17 17 17 17 17 17 17 18 18 18 18 17 17 18 18 18 18 18 18 18 19 19 19 19 19 19 19 19 19 19 19 19 19 19 20 20 20 20 20 20 20 20 20 21 21 21 21 21 21 21 21 21 21 22 22 22 22 22 22 22 22 22 22 23 23 23 23 22 23 23 23 23 23 23 23 23 23 24 24 24 24 24 24 25 25 24 25 25 25 25 25 25 25 26 26 26 26 26 26 26 26 26 26 27 26 26 26 26 26 26 26 26 26 26 27 27 27 27 27 27 27 27 27 27 27 28 27 28 29 30 30 30 30 30 30 30 30 30 30 30 30 30 30 30 30 30 31 31 31 31 31 31 31 31 31 31 31 31 31 31 32 32 32 32 32 32 32 32 32 32 32 32 32 32 32 32 32 32 32 32 32 32 32 32 33 33 33 33 33 33 33 33 33 33 33 33 33 33 33 33 33 33 33 34 34 34 34 34 34 34 34 33 33 33 34 33 33 33 33 33 33 33 33 34 34 35 34 34 34 34 34 34 34 34 35 35 35 35 35 35 35 35 35 35 35 35 35 35 35 35 35 36 36 36 36 36 36 36 36 36 36 36 36 36 36 36 36 36 36 36 36 36 37 36 35 35 35 35 36 37 37 37 37 36 36 36 37 37 37 36 37 37 37 37 38 37 37 37 36 36 36 36 36 36 37 37 37 37 36 36 36 36 37 36 36 36 36 36 36 36 36 36 36 36 36 36 36 36 35 35 36 36 36 36 36 36 36 36 36 36 36 36 36 36 36 36 36 36 36 9 9 10 11 11 11 11 11 11 11 11 11 12 12 12 12 13 13 13 13 14 14 15 15 15 14 14 14 14 14 15 15 15 15 15 15 15 15 15 15 16 16 16 15 15 15 16 16 16 17 17 17 17 17 17 17 17 17 18 17 17 17 17 18 18 18 18 18 18 18 18 19 19 19 19 19 19 19 19 19 19 20 20 20 20 20 20 20 20 20 20 20 21 21 20 20 21 21 21 21 21 21 21 21 21 21 21 22 22 22 22 22 22 22 22 22 22 22 23 23 23 23 23 23 23 23 23 23 24 24 24 24 24 24 24 25 25 24 25 25 25 25 26 25 26 26 26 26 26 26 26 26 26 26 26 26 26 26 26 26 26 26 26 26 26 27 27 27 27 27 27 27 27 27 27 28 28 28 28 29 29 30 30 30 30 30 30 30 30 30 30 30 30 30 30 30 30 30 31 31 31 31 31 31 31 31 31 31 31 31 31 32 32 32 32 32 32 32 32 32 32 32 32 32 32 32 32 32 32 32 32 32 32 32 32 33 33 33 33 33 33 33 33 33 33 33 33 33 33 33 33 33 33 33 34 34 34 34 34 34 34 34 34 34 33 33 34 33 33 33 33 33 33 33 34 34 34 34 34 34 34 34 34 34 34 34 35 35 35 35 35 35 35 35 35 35 35 35 35 35 35 36 36 36 36 36 37 37 36 36 36 36 36 36 36 37 37 36 36 36 36 36 36 37 36 35 35 35 35 36 37 37 37 36 36 36 36 36 36 37 37 36 37 37 38 38 37 37 36 37 36 36 36 36 36 37 37 37 37 37 36 36 36 37 37 37 37 37 37 37 37 36 36 36 36 36 36 36 36 35 35 36 36 36 36 36 36 36 36 36 36 36 36 36 36 36 36 36 36 36 10 10 11 11 10 10 11 11 11 12 12 12 12 12 12 12 13 13 13 13 13 14 15 15 14 14 14 14 14 14 14 15 16 17 16 15 15 16 16 16 16 15 15 15 16 16 16 16 16 17 17 17 18 17 17 17 17 17 17 17 17 18 18 18 18 18 18 18 18 19 19 19 19 19 19 19 19 19 19 19 20 20 20 20 20 20 20 20 20 21 21 20 20 20 20 20 21 21 21 21 21 21 21 21 21 22 22 22 22 22 22 22 22 22 22 22 22 23 23 23 23 23 23 24 24 23 23 24 24 24 24 24 24 24 25 25 25 25 25 25 25 25 25 26 26 26 26 26 26 26 26 26 26 26 26 26 26 26 26 26 26 27 27 27 27 27 27 27 27 27 27 27 27 27 28 28 28 29 29 30 30 30 30 30 30 30 30 30 30 30 30 30 30 30 30 30 31 31 31 31 31 31 31 31 31 31 31 31 31 31 32 32 32 32 32 32 32 32 32 32 32 32 32 32 32 32 32 32 32 32 32 32 32 32 33 33 33 33 33 33 33 33 33 33 33 33 33 33 33 33 33 34 34 34 34 34 34 34 34 34 34 34 33 33 34 34 33 33 33 33 33 33 34 34 34 34 34 35 35 35 34 34 34 34 34 35 35 35 35 35 35 35 35 35 35 35 35 35 36 36 36 36 36 36 36 36 37 37 36 36 36 36 36 37 37 37 36 36 36 36 36 36 36 35 35 35 35 36 36 37 37 36 36 36 36 36 36 36 36 37 37 37 37 38 37 36 36 36 36 36 36 36 36 37 37 37 37 37 37 36 37 37 37 37 37 37 37 37 37 37 37 37 37 36 36 36 36 35 35 35 36 36 36 36 36 36 36 36 36 36 36 36 36 36 36 36 36 10 10 10 10 10 11 11 11 11 12 12 12 12 13 12 13 13 13 13 12 13 13 14 15 15 15 15 14 14 15 15 15 15 16 17 16 16 15 15 16 16 15 16 16 16 16 16 17 17 16 17 17 17 17 17 17 17 17 17 17 17 18 18 18 18 18 18 18 18 18 19 19 19 19 19 19 19 19 19 19 20 20 20 20 20 20 20 20 20 21 20 20 20 20 21 21 21 21 21 21 21 21 22 21 21 21 22 22 22 22 22 22 23 22 22 22 23 23 23 23 23 23 23 24 24 23 23 24 24 24 24 25 25 24 24 25 25 25 25 25 26 26 26 26 26 26 26 26 26 26 26 26 26 26 26 26 26 26 26 26 26 27 27 27 27 27 27 27 27 27 27 27 27 27 28 27 28 29 29 30 30 30 30 30 30 30 30 30 30 30 30 30 30 30 31 31 31 31 31 31 31 31 31 31 31 31 31 31 31 31 32 32 32 32 32 32 32 32 32 32 32 32 32 32 32 32 32 32 32 32 32 32 32 33 33 33 33 33 33 33 33 33 33 33 33 33 33 33 33 33 33 34 34 34 34 34 34 34 34 34 34 34 33 34 34 34 33 33 33 33 33 33 34 34 35 35 35 35 35 35 35 35 35 34 34 34 34 34 34 35 35 35 35 35 35 35 35 35 36 36 36 36 36 36 36 36 36 36 36 36 36 36 36 36 37 36 36 36 36 36 36 36 37 36 35 35 35 36 36 36 37 36 36 36 36 36 36 36 36 37 37 37 37 37 37 37 37 37 36 36 36 36 37 37 37 37 37 37 37 37 37 37 37 37 37 37 37 37 37 37 36 37 36 36 36 36 36 36 36 35 36 36 36 36 36 36 36 36 36 36 36 36 36 36 36 10 10 10 10 11 11 11 11 11 12 12 12 13 13 13 13 13 13 13 13 13 13 14 16 16 16 15 14 14 15 15 15 16 16 16 16 15 15 15 15 15 16 17 16 16 16 16 16 17 17 17 17 17 17 17 18 17 17 17 17 17 18 18 18 18 18 18 18 18 18 18 18 19 19 19 19 19 20 20 20 20 20 20 20 20 20 20 20 20 20 20 21 20 20 20 21 21 21 21 21 21 21 21 21 21 21 22 21 22 22 22 22 22 22 22 22 23 23 23 23 23 23 23 24 24 24 24 24 24 24 24 25 25 25 24 25 26 25 25 25 25 25 25 26 26 26 25 26 26 26 26 26 26 26 26 26 26 26 26 26 26 26 27 27 27 27 27 27 27 27 27 27 27 27 27 28 28 29 30 30 30 30 30 30 30 30 30 30 30 30 30 30 30 30 30 31 31 31 31 31 31 31 31 31 31 31 31 31 31 31 32 32 32 32 32 32 32 32 32 32 32 32 32 32 32 32 32 32 32 32 32 32 32 32 32 33 33 33 33 33 33 33 33 33 33 33 33 33 33 33 33 34 34 34 34 34 34 34 34 34 34 34 33 34 34 34 33 33 33 33 34 34 34 35 35 35 35 35 35 35 35 35 35 35 35 34 35 34 34 34 34 34 34 34 35 35 35 35 36 36 35 36 35 36 36 36 36 36 36 36 36 37 36 36 37 36 36 36 36 37 37 36 36 37 36 35 35 36 36 36 36 36 36 37 36 36 36 36 36 37 37 36 37 37 37 38 37 37 37 37 37 37 37 37 37 37 37 37 37 37 37 37 37 37 37 37 37 37 36 36 36 36 36 36 36 36 36 36 36 36 35 36 36 36 36 36 36 36 36 36 36 36 36 36 10 10 10 10 10 11 11 11 12 12 12 12 12 12 12 12 12 13 14 13 13 13 14 15 15 16 16 15 14 14 15 15 16 16 16 16 16 16 15 15 15 16 17 16 17 17 17 17 17 17 17 17 17 17 17 17 17 17 17 17 17 17 18 18 18 18 19 18 18 18 18 18 18 19 19 19 19 19 19 20 20 20 20 20 20 20 20 20 20 20 20 21 20 20 21 21 21 21 21 21 21 21 21 21 21 21 22 22 22 22 22 22 22 22 22 22 22 22 23 23 23 23 23 23 24 24 24 25 24 25 24 24 25 25 25 25 25 25 25 25 25 25 25 25 25 25 25 25 25 26 26 26 26 26 26 26 26 26 26 26 26 26 26 27 27 27 27 27 27 27 27 27 27 28 28 28 28 30 30 30 30 30 30 30 30 30 30 30 30 30 30 30 30 30 31 31 31 31 31 31 31 31 31 31 31 31 31 31 31 31 32 32 32 32 32 32 32 32 32 32 32 32 32 32 32 32 32 32 32 32 32 32 32 32 32 32 33 33 33 33 33 33 33 33 33 33 33 33 33 33 33 34 34 34 34 34 34 34 34 34 34 34 33 34 34 34 34 33 33 33 33 34 34 35 35 35 35 35 35 35 35 35 35 35 35 35 35 35 35 35 35 34 34 35 35 35 35 35 35 36 36 36 36 36 36 36 36 36 36 36 36 36 36 36 36 36 36 36 36 36 37 36 36 36 37 36 35 36 36 36 36 36 37 37 36 36 36 36 37 37 37 36 37 37 37 37 37 37 37 36 36 37 37 37 37 37 37 37 37 37 37 37 37 37 37 37 36 36 36 36 36 36 36 36 36 36 36 36 36 36 36 36 36 36 36 36 36 36 36 36 36 36 36 36 10 10 10 10 11 12 12 12 12 12 11 12 12 13 14 14 14 14 14 14 14 14 15 16 16 15 15 15 15 15 16 16 17 17 17 16 16 16 15 16 17 17 17 17 17 17 16 17 17 17 17 17 17 17 17 17 17 17 17 17 18 18 18 19 18 19 19 18 18 18 19 19 19 19 19 19 20 20 20 20 20 20 20 20 20 20 20 21 21 21 21 21 21 20 20 20 20 20 21 21 21 21 21 21 22 22 22 22 22 22 22 22 22 22 23 23 23 22 22 23 23 23 23 23 24 24 24 25 24 25 25 25 25 25 25 25 25 25 25 25 25 25 25 26 26 26 26 26 26 26 26 26 26 26 26 27 26 26 26 26 27 27 27 27 27 27 27 27 27 28 28 28 28 28 30 30 30 30 30 30 30 30 30 30 30 30 30 30 30 30 31 31 31 31 31 31 31 31 31 31 31 31 31 31 31 31 31 32 32 32 32 32 32 32 32 32 32 32 32 32 32 32 32 32 32 32 32 32 32 32 32 32 32 33 33 33 33 33 33 33 33 33 33 33 33 33 33 33 33 34 34 34 34 34 34 34 34 34 34 34 34 34 34 33 33 33 33 33 34 34 35 35 35 35 35 35 35 35 35 35 35 34 35 35 35 35 35 35 35 35 35 35 35 35 36 36 36 36 36 36 36 36 36 36 36 36 37 37 36 36 36 36 36 36 36 36 36 36 36 36 36 36 37 37 37 36 37 37 37 37 38 37 36 36 36 37 37 37 37 37 37 37 37 37 37 37 37 36 36 37 37 37 37 37 37 37 37 37 37 37 37 37 37 37 37 37 36 37 36 36 37 37 37 37 36 36 36 36 36 36 36 36 36 36 36 36 36 36 36 36 10 10 10 11 11 11 11 11 12 12 13 13 14 14 14 14 14 14 14 15 15 16 16 16 16 16 15 15 16 16 17 17 17 16 15 15 16 16 17 17 17 17 17 16 16 17 17 17 17 17 17 17 17 17 17 17 17 17 18 18 19 19 19 19 19 19 19 18 19 19 19 19 19 19 19 19 19 19 19 19 20 20 20 20 21 21 21 21 20 20 20 20 20 21 20 20 21 21 21 21 21 21 21 22 22 22 22 22 22 22 22 22 23 23 23 23 23 23 23 23 23 23 24 24 24 24 25 25 25 25 25 25 25 25 25 25 25 25 25 25 25 26 25 25 26 25 26 26 26 26 26 26 26 26 26 26 26 26 27 27 27 27 27 27 27 27 28 27 27 27 28 28 30 30 30 30 30 30 30 30 30 30 30 30 30 30 30 30 30 31 31 31 31 31 31 31 31 31 31 31 31 31 31 31 31 32 32 32 32 32 32 32 32 32 32 32 32 32 32 32 32 32 32 32 32 32 32 32 32 32 33 33 33 33 33 33 33 33 33 33 33 33 33 33 33 34 34 34 34 34 34 34 34 34 34 34 34 34 34 34 33 33 33 33 33 33 34 35 35 35 35 35 35 35 35 35 35 35 35 34 35 35 35 35 35 35 36 35 35 35 35 36 36 36 36 36 36 36 36 36 36 36 36 36 37 37 37 36 36 36 36 36 36 36 36 36 36 36 36 36 36 37 38 37 37 37 37 37 38 36 36 36 36 36 36 37 37 37 37 37 37 37 38 38 37 37 36 37 37 37 37 37 37 37 37 37 37 37 37 37 37 37 37 37 37 37 37 37 36 36 36 36 36 36 36 36 36 36 36 36 36 36 36 36 36 36 10 10 10 11 11 11 12 12 12 12 12 13 14 14 14 13 14 15 15 16 16 16 16 16 16 16 17 17 17 17 17 17 17 16 16 16 16 17 17 17 17 17 17 17 17 17 18 18 18 18 18 18 18 18 18 17 17 18 18 19 19 19 20 19 20 20 19 19 19 19 19 19 19 19 19 19 20 20 20 20 20 21 21 21 21 21 21 20 20 21 20 21 21 21 20 21 21 21 21 21 21 21 22 22 22 22 22 22 22 22 23 23 23 23 23 23 23 23 23 23 23 24 23 24 24 24 25 25 25 25 25 25 25 25 25 25 25 25 26 26 25 25 25 25 25 26 26 26 26 26 26 26 26 26 26 26 26 26 27 27 27 27 27 27 27 27 27 27 27 27 27 28 28 28 28 28 29 29 29 29 29 29 29 29 29 29 29 29 29 29 29 29 29 29 29 29 29 30 30 30 30 30 30 30 30 30 30 30 30 30 30 31 30 31 31 31 31 31 31 31 31 33 33 33 33 33 33 33 33 33 33 33 33 33 33 33 33 33 34 33 33 33 33 33 34 34 34 34 34 34 34 34 34 34 34 34 34 34 34 33 34 34 33 33 34 35 35 35 35 35 36 35 35 35 35 35 36 36 35 35 35 35 35 35 35 35 36 37 37 37 37 37 37 36 37 37 37 36 37 37 36 36 37 37 37 37 37 36 36 36 36 36 36 36 36 36 36 36 36 36 36 37 38 37 36 36 37 37 36 36 36 36 37 37 36 37 37 37 37 37 37 37 37 37 37 36 36 37 37 37 37 37 37 37 37 37 37 37 37 37 37 37 37 37 36 36 36 36 36 36 36 37 36 37 36 36 37 37 37 37 37 37 37 37 37 10 10 11 11 11 11 11 11 11 12 13 14 14 14 13 14 14 15 15 16 15 16 16 16 16 17 17 17 17 17 17 17 17 17 17 17 17 17 17 17 17 17 17 18 17 18 18 18 19 19 18 18 18 18 18 18 17 18 18 19 19 19 19 19 19 19 19 19 19 19 19 19 19 19 20 20 20 20 20 20 20 20 21 21 21 21 21 21 21 20 21 21 20 20 21 21 21 21 21 21 21 21 22 22 22 22 22 22 22 22 22 23 23 23 23 23 23 23 23 24 24 24 24 24 24 24 24 24 25 25 25 25 25 26 25 25 25 26 26 25 25 25 25 25 26 26 26 26 26 26 26 26 26 26 26 26 26 26 27 27 27 27 27 27 27 27 27 27 28 28 28 28 28 28 29 29 29 28 29 29 29 29 29 29 29 29 29 29 29 29 29 29 29 29 29 29 29 29 30 30 30 30 30 30 30 30 30 30 30 30 30 30 31 31 31 30 31 31 31 31 33 33 33 33 33 33 33 33 33 33 33 33 33 33 33 33 33 33 33 33 33 33 34 34 34 34 34 34 34 34 34 34 34 34 34 34 34 34 34 34 33 33 34 34 34 35 35 35 36 36 36 36 36 36 36 36 36 36 36 35 35 35 35 36 36 36 36 37 37 36 36 36 36 37 37 37 36 37 37 37 37 37 37 37 37 36 36 36 36 36 36 36 36 36 36 36 36 36 36 36 36 36 37 36 36 36 37 37 37 36 36 37 37 37 37 37 37 37 37 37 37 37 37 37 37 36 36 37 37 37 37 37 37 37 37 37 37 37 37 37 36 37 37 37 37 36 36 36 36 36 37 37 37 37 37 37 36 36 36 37 36 37 37 37 37 10 10 11 11 11 11 12 13 13 13 13 13 13 14 14 15 15 15 16 16 16 16 17 17 17 17 17 17 17 17 17 17 18 18 18 18 17 17 17 18 18 18 18 18 18 18 18 19 19 18 18 17 17 18 19 18 18 18 18 19 19 19 19 19 19 20 20 20 20 20 20 20 20 20 20 20 20 20 20 20 21 21 21 21 21 21 21 22 22 21 22 22 22 22 21 22 22 22 22 22 23 23 23 23 23 22 22 22 22 23 23 23 23 23 23 23 24 24 24 24 24 24 24 24 25 25 25 25 25 25 25 26 25 25 26 26 26 25 25 25 25 26 25 25 25 25 25 26 26 26 26 26 26 26 26 27 27 27 27 27 27 27 27 28 27 27 27 28 28 28 29 29 29 29 29 29 29 29 29 29 29 29 29 29 29 29 29 29 29 29 29 29 29 29 29 29 30 30 30 30 30 30 30 30 30 30 30 30 30 30 31 31 31 31 31 31 31 33 33 33 33 33 33 33 33 33 33 33 33 33 33 33 33 33 33 33 33 33 33 33 34 34 34 34 34 34 34 34 34 34 34 34 34 34 34 34 34 34 34 34 34 34 35 35 36 36 36 37 36 36 36 36 36 36 36 36 36 36 36 36 36 36 36 36 36 36 36 36 36 36 36 37 37 37 37 37 37 37 37 37 37 37 37 36 36 36 37 37 37 37 36 36 36 36 36 36 36 36 36 36 36 36 36 36 37 37 37 36 36 36 37 37 37 37 37 37 37 37 37 37 37 37 36 36 36 37 37 37 37 37 37 37 37 37 37 37 37 37 36 36 36 36 36 36 36 36 36 37 37 37 37 37 37 37 37 37 37 37 37 37 37 10 10 11 12 13 12 12 12 13 14 13 14 14 14 15 15 16 16 16 16 16 16 17 17 17 17 17 18 18 18 18 18 18 18 18 18 18 18 18 18 18 18 18 18 18 18 18 17 17 18 19 19 18 19 19 18 19 19 19 20 20 19 20 20 21 21 20 20 20 20 20 20 20 20 20 20 20 20 21 21 21 21 21 21 22 22 22 22 23 23 23 23 22 22 22 23 23 22 22 23 23 23 23 22 22 23 23 23 23 23 23 23 23 23 24 24 24 24 24 24 24 25 25 25 25 26 25 25 26 26 26 26 26 26 26 26 26 26 25 25 26 25 26 25 25 26 26 27 27 26 27 27 27 27 27 27 27 27 27 27 28 28 28 28 28 28 29 29 29 29 29 29 29 29 29 29 29 29 29 29 29 29 29 29 29 29 29 29 29 30 30 30 29 30 30 30 30 30 30 30 30 30 30 30 30 30 30 30 31 31 31 31 31 31 33 33 33 33 33 33 33 33 33 33 33 33 33 33 33 33 33 33 33 33 33 33 33 34 34 34 34 34 34 34 34 34 34 34 34 34 34 35 34 34 34 34 34 34 35 35 36 36 36 36 37 37 37 36 36 36 37 37 37 37 37 37 37 37 37 36 36 36 36 36 36 36 36 36 37 37 36 36 37 37 37 37 37 37 37 37 37 36 36 36 36 37 37 36 36 36 36 36 36 36 36 36 36 36 36 36 36 36 37 37 37 36 36 36 36 37 37 37 37 37 37 37 37 37 37 36 36 36 37 37 37 37 37 37 37 37 37 37 37 37 37 37 36 36 36 36 36 36 37 37 37 37 37 37 37 37 37 37 37 37 37 37 37 37 11 12 12 12 12 12 13 14 15 15 14 15 16 15 15 16 16 16 16 16 17 17 17 17 17 17 17 17 18 18 18 18 19 18 18 17 17 17 18 18 18 18 18 18 18 17 18 18 18 18 18 18 19 19 18 18 19 19 19 19 20 20 20 21 21 21 21 21 21 20 21 20 20 20 20 20 20 21 21 21 22 22 22 22 23 23 22 22 23 23 23 23 23 23 23 22 22 22 22 22 23 23 22 22 22 22 23 23 23 23 24 23 23 23 24 24 24 24 24 24 25 25 25 25 26 26 26 26 27 27 26 25 25 25 26 25 25 25 26 26 26 25 25 25 26 26 27 27 27 27 27 27 27 27 27 27 27 27 27 27 28 28 28 28 29 29 29 29 29 29 29 29 29 29 29 29 29 29 29 29 29 29 29 29 29 29 29 29 30 30 30 30 30 30 30 30 30 30 30 30 30 30 30 30 30 30 30 31 31 31 31 31 31 33 33 33 33 33 33 33 33 33 33 33 33 33 33 33 33 33 33 33 33 33 33 33 34 34 34 34 34 34 34 34 34 34 34 34 34 34 35 35 35 35 35 35 35 35 36 36 36 36 36 36 37 37 37 37 37 36 37 37 37 37 37 37 37 37 36 36 37 36 36 36 36 36 37 36 36 36 36 36 37 37 37 37 37 37 37 37 36 36 36 36 36 36 36 36 36 36 36 36 36 36 36 36 36 36 36 37 37 37 37 37 37 37 36 36 37 37 37 37 37 37 37 37 37 37 37 37 37 36 37 37 37 37 37 37 37 37 37 37 37 37 36 36 36 36 36 36 36 36 36 37 37 37 37 37 37 37 37 37 37 37 37 37 37 11 11 12 12 12 12 13 12 13 14 14 15 15 16 16 16 16 16 16 16 16 16 17 17 16 16 16 17 16 17 18 18 18 18 18 18 18 18 18 17 17 17 17 17 17 18 17 18 19 19 19 19 19 19 19 19 19 19 19 20 20 20 20 21 21 21 22 21 21 21 21 21 21 20 20 21 20 20 21 21 22 22 22 22 23 23 22 22 22 23 22 23 23 23 22 23 23 23 23 22 22 23 23 23 23 23 23 23 23 23 23 23 23 23 23 24 24 24 24 25 25 25 25 25 25 25 25 26 25 26 27 26 25 25 25 25 25 25 26 26 26 26 25 26 26 26 26 27 27 27 27 27 27 27 27 27 27 27 27 27 27 27 28 28 28 28 29 29 29 29 29 29 29 29 29 29 29 29 29 29 29 29 29 29 29 29 29 29 30 30 29 29 30 30 30 30 30 30 30 30 30 30 30 30 30 30 30 30 30 31 31 31 31 31 33 33 33 33 33 33 33 33 33 33 33 33 33 33 33 33 33 33 34 34 33 33 33 34 34 34 33 33 34 34 34 34 34 34 34 34 34 34 34 35 35 35 35 35 35 36 36 36 37 37 37 37 37 37 37 37 37 37 37 37 36 36 37 37 36 36 36 36 37 37 37 37 37 37 36 36 36 36 36 36 37 37 37 37 37 36 36 36 36 36 36 36 36 36 36 36 36 36 36 37 37 36 36 35 36 36 37 37 37 37 37 37 37 37 36 36 37 37 37 37 37 37 37 37 37 37 37 37 36 36 37 37 37 37 37 37 37 37 37 37 37 36 36 36 36 36 36 36 36 36 37 37 37 37 37 37 37 37 37 37 37 37 37 37 11 12 13 13 13 13 13 13 13 14 14 15 16 16 16 16 16 16 17 17 17 16 16 16 16 16 16 17 17 18 18 18 18 18 18 18 19 18 18 18 18 18 18 18 18 19 19 19 19 20 19 19 19 19 19 19 19 20 21 21 21 21 21 21 21 21 21 21 21 22 21 21 21 21 21 21 21 22 22 22 22 22 22 22 22 22 22 22 23 23 23 23 22 23 23 23 22 22 23 23 23 23 23 23 23 23 23 23 23 23 23 24 24 24 25 25 25 25 25 25 25 25 25 25 25 26 26 27 26 26 26 26 26 26 26 26 26 26 26 26 27 27 26 26 27 27 27 27 27 27 27 27 27 27 27 27 27 27 27 27 27 28 28 28 29 29 29 29 29 29 29 29 29 29 29 29 29 29 29 29 29 29 29 29 29 30 30 30 30 30 30 30 30 30 30 30 30 30 30 30 30 30 30 30 30 30 31 31 31 31 31 33 33 33 33 33 33 33 33 33 33 33 33 33 33 33 33 33 33 34 34 33 33 33 34 34 34 33 34 34 34 34 34 34 34 34 34 34 34 34 34 34 34 34 34 35 35 35 35 36 36 36 36 37 37 37 37 37 37 37 37 37 36 36 36 36 37 37 37 37 37 37 37 37 37 37 37 37 36 36 36 36 36 36 36 36 36 36 36 36 36 36 36 36 36 36 36 36 36 36 36 37 37 36 36 36 36 36 36 37 37 37 37 37 37 37 36 37 37 37 37 37 37 37 37 37 37 37 36 36 36 37 37 37 37 37 37 37 37 37 37 36 36 36 36 36 36 36 36 36 36 36 37 37 37 37 37 37 37 37 37 37 37 37 11 12 12 13 13 13 12 12 13 13 14 14 15 16 16 16 17 17 17 17 17 17 16 16 16 16 16 17 17 18 18 18 18 18 18 18 18 18 18 18 18 18 18 18 18 19 18 19 19 19 19 19 19 19 19 20 20 20 20 21 21 21 21 21 21 21 21 21 22 22 22 22 21 22 22 22 21 22 22 22 22 22 22 22 23 23 23 22 22 22 22 22 22 22 22 23 23 23 23 23 23 23 23 23 23 23 23 23 23 24 24 24 24 25 25 25 25 25 25 25 25 25 25 25 26 25 26 26 26 26 26 26 26 26 26 26 26 26 26 26 27 27 26 26 27 27 27 27 27 27 27 27 27 27 27 27 27 27 27 27 27 28 28 28 29 29 29 29 29 29 29 29 29 29 29 29 29 29 29 29 29 29 29 29 30 30 30 30 30 30 30 30 30 30 30 30 30 30 30 30 30 30 30 30 30 31 31 31 31 31 31 33 33 33 33 33 33 33 33 33 33 33 33 33 33 33 33 33 33 33 33 34 33 33 34 34 34 34 34 34 34 34 34 34 34 34 34 34 34 34 34 34 34 34 34 34 34 34 34 34 35 35 35 36 36 37 37 36 36 36 37 36 37 37 37 37 37 38 38 37 37 37 38 38 37 37 37 37 37 37 36 36 35 35 35 36 36 36 36 36 36 36 36 36 36 36 36 36 36 36 36 36 36 36 36 36 36 36 36 36 37 37 37 37 37 37 36 36 37 37 37 37 37 37 37 37 36 36 36 36 36 36 36 36 37 37 37 37 37 37 37 37 36 36 36 36 36 36 36 36 36 36 36 37 37 37 37 37 37 37 37 37 37 37 11 12 12 12 12 13 13 14 14 14 13 14 14 14 14 15 16 16 16 16 16 16 16 16 17 17 17 17 18 18 18 18 18 18 18 18 18 18 18 18 18 19 18 18 18 18 18 19 19 19 19 19 19 20 20 20 20 20 21 21 21 21 21 21 21 21 21 22 21 22 22 21 22 22 22 22 22 22 22 22 22 22 23 23 23 23 22 23 23 23 22 22 22 22 22 23 23 23 23 23 23 23 23 23 23 24 24 23 24 24 25 25 25 25 25 25 25 25 25 25 25 25 25 25 26 26 26 26 26 26 26 26 26 26 26 26 26 27 26 26 26 26 26 27 27 27 27 26 27 27 27 27 27 27 27 27 27 27 27 27 28 28 28 29 29 29 29 29 29 29 29 29 29 29 29 29 29 29 29 29 29 29 29 29 30 30 30 30 30 30 30 30 30 30 30 30 30 30 30 30 30 30 30 30 30 30 30 31 31 31 33 33 33 33 33 33 33 33 33 33 33 33 33 33 33 33 33 33 34 34 34 34 33 33 33 34 34 34 34 34 33 33 34 34 34 34 34 34 34 34 34 35 35 34 34 34 34 34 34 35 35 35 36 36 36 36 36 35 36 37 37 37 36 37 37 37 37 38 38 38 38 38 38 38 38 38 37 37 37 37 36 35 35 35 36 36 36 36 36 36 36 36 36 36 36 36 37 36 36 36 36 36 36 36 36 36 36 36 36 36 37 37 37 37 37 37 36 37 37 37 37 37 37 37 37 37 36 36 36 36 36 36 36 36 36 37 37 37 37 37 37 37 36 36 36 36 36 36 36 36 37 36 36 37 37 37 37 37 37 37 37 37 37 37 11 12 12 13 13 13 13 14 13 12 13 14 14 13 14 14 14 15 16 16 16 16 15 16 16 17 17 17 18 17 18 18 18 18 18 18 17 18 18 18 18 19 18 18 18 18 18 19 19 19 19 19 20 19 19 19 19 20 20 20 20 20 20 21 21 21 21 21 21 22 21 22 22 21 21 22 22 22 22 22 22 22 22 22 22 23 23 23 23 23 22 22 22 23 23 23 23 23 23 23 23 23 24 23 24 24 24 24 24 25 25 25 25 25 25 25 25 25 25 25 25 25 25 26 26 25 25 26 26 26 26 26 26 26 26 26 26 26 26 26 26 26 27 27 27 26 27 27 27 27 27 27 27 27 27 27 27 27 28 28 28 28 28 29 28 29 29 29 29 29 29 29 29 29 29 29 29 29 29 29 29 29 29 29 30 30 30 30 30 30 30 30 30 30 30 30 30 30 30 30 30 30 30 30 30 30 30 31 31 33 33 33 33 33 33 33 33 33 33 33 33 33 33 33 33 33 34 33 34 33 34 34 34 33 34 34 34 34 34 34 34 33 33 33 34 34 34 34 34 34 34 34 35 35 35 34 34 34 34 34 35 36 35 35 35 36 36 36 37 37 37 36 37 37 36 36 37 38 38 38 38 38 38 38 38 38 38 38 37 36 35 35 35 35 36 36 36 36 36 36 36 36 36 36 36 36 37 36 36 36 36 35 36 37 36 36 36 36 36 36 37 37 36 37 37 36 37 37 37 37 37 37 37 37 37 37 36 36 36 36 36 36 36 37 37 37 37 37 37 37 37 36 36 36 36 36 36 36 36 37 37 36 37 37 37 36 37 37 37 37 37 37 37 11 11 12 12 12 13 13 13 12 13 13 14 13 13 14 14 15 16 16 16 16 15 15 16 16 16 17 17 18 17 18 18 18 18 18 18 17 18 18 18 18 18 19 18 18 18 19 19 19 19 20 20 19 19 19 20 20 20 20 20 20 20 21 21 21 21 21 21 22 22 22 22 22 21 21 22 22 22 22 22 22 22 22 22 23 23 23 23 23 23 22 22 22 23 23 23 23 23 23 23 23 24 24 24 24 24 24 24 25 25 25 25 25 25 25 25 25 25 25 25 25 25 26 26 26 25 25 26 26 26 26 26 26 26 26 26 26 26 26 26 27 27 27 27 27 27 27 27 27 27 27 27 27 27 27 27 27 27 28 28 28 28 28 28 28 28 29 29 29 29 29 29 29 29 29 29 29 29 29 29 29 30 29 30 29 29 30 30 30 30 30 30 30 30 30 30 30 30 30 30 30 30 30 30 31 31 31 31 33 33 32 32 33 33 33 33 33 33 33 33 33 33 33 33 34 33 34 34 34 34 34 34 34 34 34 34 34 34 34 34 34 34 34 34 34 34 34 34 34 34 34 34 34 35 35 35 35 36 36 35 35 35 35 35 35 36 36 36 36 36 36 36 36 37 37 37 38 38 38 37 37 38 38 38 38 38 38 38 37 36 35 35 35 36 36 36 36 37 36 36 36 36 36 36 36 36 36 36 36 36 36 36 37 37 37 37 36 36 36 36 37 36 36 36 36 37 37 37 37 37 37 37 37 37 37 37 36 36 37 37 36 36 36 37 37 37 37 37 36 36 36 36 36 36 36 36 36 36 37 36 36 36 36 37 36 36 37 37 37 37 37 38 12 13 12 12 13 13 14 14 14 15 15 16 16 16 16 16 15 16 17 17 17 17 17 18 18 18 18 18 18 18 18 18 18 18 18 19 19 18 18 19 19 19 19 19 19 19 19 20 20 20 20 20 20 20 20 21 21 21 21 21 21 22 22 22 22 22 21 21 22 22 22 22 22 22 22 22 22 22 23 23 23 23 23 23 23 23 22 22 23 23 23 23 23 23 23 24 24 24 24 24 24 25 25 25 25 25 25 25 25 25 25 25 25 25 25 25 26 25 25 25 26 26 26 26 26 26 26 26 26 26 26 26 26 26 27 27 27 27 27 27 27 27 27 27 27 27 27 27 27 27 27 28 28 28 28 28 29 29 29 29 29 29 29 29 29 29 29 29 29 29 29 29 29 29 30 30 30 29 30 30 30 30 30 30 30 30 30 30 30 30 30 30 30 30 30 30 30 30 30 31 31 32 32 32 32 33 33 32 33 33 33 33 33 33 33 33 33 34 34 34 34 34 33 34 34 34 34 34 34 34 34 34 34 34 34 34 34 34 34 34 35 35 35 35 35 34 34 34 35 35 35 36 36 35 35 35 35 36 36 36 36 36 36 36 37 37 36 36 37 38 37 37 37 37 37 38 38 38 38 38 38 37 37 36 35 35 36 36 36 36 37 36 36 36 36 36 36 36 36 36 36 37 36 36 36 36 37 37 36 36 36 36 36 36 36 36 36 37 37 37 37 37 37 37 37 37 37 37 36 36 37 37 37 37 37 37 37 37 37 37 37 36 36 36 36 36 36 36 36 36 36 37 36 37 37 37 36 36 36 37 37 37 38 38 38 38 13 12 12 13 13 14 15 15 14 15 16 16 16 16 15 15 16 17 17 17 17 17 17 18 18 18 18 18 18 18 18 18 18 19 19 19 19 18 18 19 19 19 19 19 19 19 19 19 20 20 20 20 20 20 21 21 21 21 21 21 22 22 22 22 22 22 21 21 21 21 21 22 22 22 22 22 22 22 23 23 23 23 23 23 23 23 23 22 22 23 23 23 23 23 23 24 24 24 24 24 24 25 25 25 25 25 25 25 25 25 25 25 25 26 25 25 25 25 25 26 26 26 26 26 26 26 26 26 26 26 26 26 27 27 27 27 27 27 27 27 27 27 27 27 27 27 27 27 27 27 28 28 28 28 28 28 29 29 29 29 29 29 29 29 29 29 29 29 29 29 29 29 29 29 30 30 30 30 30 30 30 30 30 30 30 30 30 30 30 30 30 30 30 30 30 30 30 30 30 30 32 32 32 32 32 32 32 33 33 33 33 33 33 33 34 33 33 33 34 34 34 34 34 34 34 34 34 34 34 34 34 34 34 34 34 34 35 35 35 35 35 35 35 35 35 35 35 35 35 35 35 35 36 36 37 36 36 37 37 37 37 36 36 37 37 37 37 37 37 37 37 37 37 38 38 38 38 38 38 38 37 37 35 35 35 35 36 36 36 36 36 36 36 36 36 36 36 36 36 36 37 37 36 37 37 36 36 37 37 36 36 36 36 36 36 36 37 37 37 37 37 36 36 37 37 37 36 36 36 37 37 37 37 37 37 37 37 36 36 36 36 36 36 36 36 36 36 36 36 36 37 37 37 37 37 37 37 37 37 38 38 38 38 12 12 13 13 13 13 14 14 14 15 16 16 16 16 16 15 16 16 17 17 17 17 17 17 18 18 18 18 18 18 18 18 18 18 19 19 19 19 19 19 19 19 19 19 19 19 19 20 20 21 21 21 20 20 21 21 21 21 21 21 21 21 22 22 22 22 22 22 21 21 22 22 22 22 22 22 22 22 22 23 23 23 23 23 23 23 23 23 23 23 23 23 23 23 23 23 24 24 24 24 24 24 24 24 24 25 25 25 25 25 25 25 25 25 25 25 25 25 25 25 26 26 26 26 26 26 26 26 26 26 26 26 27 27 27 27 27 27 27 27 27 27 27 27 28 27 27 28 27 27 28 28 28 28 28 28 28 28 29 29 29 29 29 29 29 29 29 29 29 29 29 29 29 30 30 30 30 29 29 30 30 30 30 30 30 30 30 30 30 30 30 30 30 30 30 30 30 30 30 30 32 32 32 32 32 32 32 32 32 33 33 33 33 33 33 33 33 33 33 34 34 34 34 34 34 34 34 34 34 34 34 34 34 34 34 35 34 34 34 35 35 35 35 35 35 35 35 35 36 36 36 36 36 36 36 36 36 36 37 37 37 37 36 36 36 37 38 37 37 37 37 37 38 38 38 38 38 38 38 38 37 37 36 35 35 35 36 36 36 36 36 36 36 36 36 36 36 36 36 36 37 37 37 37 37 37 36 36 36 36 36 36 36 36 36 36 37 37 37 37 37 37 36 36 36 36 36 36 36 36 37 37 37 37 37 37 37 36 36 36 36 36 36 37 37 37 36 37 36 36 37 37 37 37 37 37 37 13 14 14 14 15 15 15 16 17 16 16 15 16 16 17 17 17 17 17 17 17 18 18 18 18 18 18 18 19 18 18 18 19 19 19 19 19 19 19 19 19 19 19 20 20 21 21 20 21 21 21 21 21 21 21 21 21 22 22 22 22 22 22 22 22 22 22 22 22 22 22 22 22 23 23 23 23 23 23 23 23 23 23 23 23 23 23 23 23 23 23 23 23 24 24 25 25 25 24 24 25 25 25 25 25 25 25 25 25 25 25 26 26 25 25 25 25 25 25 26 26 26 26 26 26 26 27 27 27 27 27 27 27 27 27 27 27 27 27 27 28 28 28 28 27 28 28 28 28 29 28 28 28 28 28 29 29 29 29 29 29 29 29 29 29 29 29 29 29 29 29 29 29 30 30 30 30 30 30 30 30 30 30 30 30 30 30 30 30 31 30 30 30 30 30 32 32 32 33 33 33 33 33 32 33 33 33 33 33 33 33 33 33 33 33 33 34 34 34 34 34 34 34 34 34 34 34 34 34 34 34 34 34 34 34 34 35 35 35 35 35 35 36 36 36 37 36 36 36 36 36 36 36 36 37 37 37 37 37 36 37 38 38 38 38 38 38 38 38 37 38 38 38 38 38 37 37 36 35 35 35 36 36 36 36 36 37 37 37 37 37 36 36 36 36 36 36 37 37 37 37 36 36 36 36 36 36 36 36 36 36 37 37 37 37 37 37 37 36 36 36 36 36 36 36 36 36 37 37 37 37 36 36 36 36 36 37 37 37 37 37 37 37 36 36 37 37 37 37 13 13 13 13 13 14 14 14 15 16 16 15 16 16 17 17 17 17 17 17 17 17 18 18 18 18 18 18 18 18 18 18 18 18 19 19 19 19 19 19 19 19 19 20 20 20 21 21 21 21 21 21 21 21 21 21 21 21 21 21 21 21 22 22 22 22 22 22 22 22 22 22 22 22 22 22 23 23 23 23 24 24 24 23 23 23 23 23 23 23 23 23 23 24 24 24 24 24 24 24 24 25 25 25 25 25 25 25 25 25 25 25 25 25 25 25 25 25 25 26 26 26 26 26 26 26 26 26 26 26 27 27 27 27 27 27 27 27 27 27 27 27 27 27 27 27 28 28 28 28 29 29 29 28 28 28 29 29 29 29 29 29 29 29 29 29 29 30 29 30 30 30 30 30 30 29 30 29 30 30 30 30 30 30 30 30 30 30 30 30 31 30 30 30 30 30 32 32 33 33 33 33 33 33 33 33 33 33 33 33 33 33 33 33 33 33 33 33 34 34 34 34 34 34 34 34 34 34 34 34 34 34 34 35 34 34 34 34 34 35 35 35 35 36 36 37 36 37 37 37 36 36 36 36 36 36 37 37 37 38 37 38 38 37 37 37 38 38 38 37 37 38 38 38 38 38 38 37 37 36 35 35 35 36 36 36 36 36 36 37 37 37 36 36 36 36 36 36 37 37 37 37 36 36 36 36 36 36 37 36 36 36 37 37 36 36 37 37 37 36 36 36 36 36 36 36 36 36 37 37 36 36 36 36 36 37 37 37 37 37 37 37 37 37 37 37 37 37 37 37 38 13 14 14 14 14 14 14 15 15 16 16 15 16 16 17 17 17 17 17 18 17 17 17 18 18 18 18 18 18 18 18 18 18 18 19 19 19 19 19 19 19 19 19 19 20 20 21 21 21 21 21 21 21 20 20 21 21 21 21 21 21 21 22 22 22 22 22 22 22 22 22 22 22 22 22 22 22 23 23 23 23 23 24 24 23 23 23 23 23 23 24 24 24 24 24 24 24 24 24 24 25 25 25 25 25 25 25 25 25 25 25 25 25 25 25 25 25 25 25 26 26 26 26 26 26 26 26 26 26 26 26 26 27 27 27 27 27 27 27 27 27 27 27 27 27 27 28 28 28 28 28 28 28 28 29 29 29 29 29 29 29 29 29 29 29 29 29 29 29 29 29 30 30 30 30 30 30 30 30 30 30 30 30 30 30 30 30 30 30 30 31 30 30 30 30 30 32 32 33 33 33 33 33 33 33 33 33 33 33 33 33 33 33 33 33 33 33 33 34 34 34 34 34 34 34 34 34 34 34 34 35 34 34 35 35 34 34 35 35 35 35 35 35 35 36 36 36 36 36 36 36 37 37 37 37 37 36 36 37 38 38 38 38 37 37 37 37 37 37 37 37 38 38 38 38 37 37 37 36 36 35 35 35 36 36 36 36 36 37 36 36 37 37 36 36 36 36 36 36 37 37 37 37 37 36 36 36 36 36 36 36 36 36 36 36 36 36 36 36 36 36 36 36 36 36 36 36 36 37 37 36 36 36 36 37 37 37 37 37 37 37 37 37 37 37 37 37 37 38 38 38 13 14 15 14 14 14 14 15 16 15 15 16 16 16 16 17 17 17 18 18 17 17 17 18 18 18 18 18 18 18 18 18 18 19 19 19 19 19 19 20 20 20 20 20 20 21 20 21 21 21 21 21 21 21 21 21 21 21 21 21 21 21 21 22 22 22 22 22 22 22 22 22 22 22 22 22 23 23 23 23 23 24 24 24 23 23 23 23 23 23 24 24 24 24 24 24 24 24 24 24 25 25 25 25 25 25 25 25 25 25 25 25 25 25 25 25 25 25 25 26 26 26 26 26 26 26 26 26 26 26 27 27 27 27 27 27 27 27 27 27 27 27 27 27 27 28 28 28 28 29 28 28 28 29 29 29 29 29 29 29 29 29 29 29 29 29 30 29 29 30 30 30 30 30 30 30 30 30 30 30 30 30 30 30 30 30 30 30 30 30 30 30 30 30 30 32 32 33 33 33 33 33 33 33 33 33 33 33 33 33 33 33 33 33 33 33 34 33 33 33 33 34 34 34 34 34 34 34 35 35 35 34 35 35 35 34 35 35 35 35 35 36 36 35 36 36 37 37 36 36 36 36 36 37 37 37 37 37 38 37 37 37 37 37 37 38 38 37 37 37 37 37 37 37 37 37 36 36 36 36 35 35 35 36 36 36 36 37 36 36 36 37 37 36 36 37 37 36 36 37 37 37 37 37 37 36 36 37 37 36 36 36 37 37 36 36 36 36 37 36 37 37 37 36 36 37 36 36 36 36 37 37 37 37 37 37 37 37 37 37 37 37 37 37 37 37 38 38 38 7 8 13 14 14 14 14 14 14 14 14 15 15 15 15 15 16 16 17 17 17 17 18 18 18 18 18 17 17 18 18 18 18 18 18 18 18 19 19 19 19 19 19 20 20 20 20 20 20 20 20 20 21 21 21 21 21 21 21 21 21 21 21 21 21 21 21 22 22 22 22 22 22 22 22 22 22 22 23 23 23 23 23 23 24 23 24 24 23 23 23 23 24 23 23 23 24 24 24 24 24 24 24 24 25 25 25 25 25 25 25 25 26 25 25 25 25 25 25 26 25 25 26 26 26 26 26 26 26 26 26 26 26 27 27 27 27 27 27 27 27 27 27 27 27 27 27 27 28 28 28 28 28 28 28 28 28 29 29 29 29 29 29 29 29 29 29 29 30 30 29 30 30 30 30 30 30 30 30 30 31 31 30 30 30 30 30 30 30 30 30 30 30 30 30 30 30 30 32 32 33 33 33 33 33 33 33 33 33 33 33 33 33 33 33 33 33 33 33 34 33 33 33 33 33 34 34 34 34 34 34 34 34 34 34 35 35 35 35 35 35 35 35 35 35 35 35 36 36 36 36 37 37 37 37 37 37 37 37 37 37 38 38 37 37 37 37 37 37 37 37 37 37 37 37 37 37 36 36 37 37 36 36 35 35 35 36 36 36 36 36 36 36 36 36 37 37 37 37 37 37 36 37 37 37 37 37 37 37 36 37 37 37 36 36 37 37 37 36 36 36 36 36 37 37 37 37 37 37 37 36 37 37 37 37 37 37 37 37 37 37 8 10 9 13 13 13 13 14 14 15 15 15 15 14 14 14 15 15 15 16 16 16 17 17 17 17 17 17 17 17 17 17 17 17 18 18 18 18 18 18 18 18 19 19 19 19 19 19 20 19 20 20 20 20 20 20 21 21 21 21 22 21 21 21 21 21 21 21 21 21 21 22 22 22 22 22 22 22 22 22 22 22 23 23 23 23 23 23 23 23 24 24 23 23 23 23 24 24 23 23 23 24 24 24 24 24 24 24 24 24 24 24 25 25 25 25 25 26 26 26 26 26 26 26 26 26 26 26 26 26 26 26 26 26 26 27 27 27 27 27 27 27 27 27 27 27 27 27 27 27 27 27 28 28 28 28 28 28 28 28 28 28 29 29 29 29 29 29 29 29 29 29 30 29 29 29 30 30 30 30 30 30 30 30 30 31 30 30 30 30 30 30 30 30 30 30 30 30 30 30 30 30 32 32 33 33 33 33 33 33 33 33 33 33 33 33 33 33 33 33 33 33 33 33 33 33 33 33 33 33 33 34 34 34 34 34 34 34 34 35 35 35 35 35 35 35 35 35 35 36 36 36 36 36 36 36 36 37 37 37 37 37 37 37 37 38 37 37 37 37 37 37 37 37 38 38 38 37 37 37 37 37 37 37 37 36 35 35 35 35 36 36 36 36 36 36 36 36 36 36 37 37 37 37 37 36 36 37 37 37 37 37 37 37 37 37 37 37 37 37 37 37 36 36 36 36 36 37 37 37 37 36 36 36 36 36 37 37 37 37 37 7 10 11 9 8 8 8 8 8 13 13 13 13 14 13 13 14 15 15 14 14 15 15 14 15 15 15 15 15 16 16 17 17 17 17 17 17 17 17 18 18 18 18 18 18 19 19 18 18 18 18 18 19 19 19 19 19 19 19 20 20 20 20 20 20 20 21 21 21 21 21 21 21 21 21 22 22 21 21 21 21 21 22 22 22 22 22 22 22 22 22 22 23 23 23 23 23 23 23 23 24 24 24 24 23 23 24 24 23 23 24 24 24 24 24 24 24 24 24 24 24 24 25 25 26 26 26 26 26 26 26 26 26 26 26 26 26 26 26 26 26 26 26 26 27 27 27 27 27 27 27 27 27 27 27 27 27 27 27 27 27 28 28 28 28 28 28 28 28 28 28 29 29 29 29 29 29 29 29 29 29 29 29 29 29 30 30 30 30 30 30 30 30 30 30 30 30 30 30 30 30 30 30 30 30 30 30 30 30 30 30 32 32 33 33 33 33 33 33 33 33 33 33 33 33 33 33 33 33 33 33 33 33 33 33 33 33 34 34 34 34 34 34 34 34 34 34 35 35 35 35 35 35 35 35 35 35 36 36 36 36 37 36 37 37 37 36 36 37 37 37 37 37 37 38 38 37 37 37 37 37 37 37 37 38 38 37 37 37 38 38 38 37 37 36 35 35 35 35 36 36 36 36 36 36 36 36 36 36 37 37 37 37 37 37 36 37 37 37 37 37 37 37 37 37 37 37 37 37 37 37 36 36 36 36 36 37 37 37 36 36 36 36 36 37 37 37 37 37 37 7 9 11 11 10 9 10 11 10 9 8 13 13 14 14 14 14 14 15 15 15 15 14 14 14 14 15 16 15 15 15 15 16 17 17 17 17 18 17 18 18 18 18 18 19 19 18 19 18 18 18 18 18 18 18 19 19 19 19 19 19 20 20 20 20 20 20 20 20 20 21 21 21 21 21 21 21 21 22 22 22 22 21 21 21 22 22 22 22 22 22 22 22 22 22 23 23 23 23 23 23 23 23 24 24 24 24 24 24 24 24 24 24 24 24 24 25 25 25 24 24 25 25 25 25 25 26 26 26 25 26 26 26 26 26 26 26 26 26 26 26 26 26 26 26 26 27 27 27 27 27 27 27 27 27 27 27 27 27 27 27 27 27 28 28 28 28 28 28 28 28 29 28 28 29 29 29 28 29 29 29 29 29 29 30 30 30 30 30 30 30 30 29 30 30 30 30 30 30 30 30 30 30 30 30 30 30 30 30 30 30 30 30 32 32 32 33 33 33 33 33 33 33 33 33 33 33 33 33 33 33 33 33 33 33 33 33 33 33 34 34 34 34 34 34 34 35 35 35 35 35 35 35 35 35 35 35 35 36 36 36 36 36 36 37 37 37 37 37 37 37 37 37 37 37 37 37 38 37 37 37 37 37 37 37 37 37 37 37 37 37 38 38 37 37 37 36 36 35 35 36 36 36 36 36 36 36 36 37 36 37 37 37 37 37 37 37 37 37 37 37 37 37 37 37 37 37 37 37 37 37 37 37 36 36 36 36 36 37 37 37 36 36 36 36 36 37 37 37 37 37 37 8 9 10 11 10 10 11 12 11 10 9 9 9 9 13 13 13 13 13 13 14 14 14 14 15 15 15 15 14 14 15 15 15 16 16 16 15 15 16 16 17 18 17 18 18 18 18 19 19 18 18 18 19 19 19 19 18 19 19 18 18 18 19 19 19 19 19 20 20 20 20 20 20 20 20 21 21 21 21 21 21 21 21 21 21 22 22 22 21 21 22 22 22 22 22 22 22 22 22 22 22 23 23 23 23 23 23 23 23 23 23 24 24 24 24 24 24 24 24 24 24 25 25 25 25 25 25 25 25 25 26 25 26 26 25 25 25 25 25 26 26 26 26 26 26 26 26 26 26 26 26 26 27 27 27 27 27 27 27 27 27 27 27 27 27 27 27 27 28 28 28 28 28 28 28 28 29 29 28 28 29 29 29 29 29 29 29 29 29 30 30 30 30 30 30 30 30 29 29 30 30 30 30 30 30 30 30 30 30 30 30 30 30 30 30 30 30 30 32 32 32 33 33 33 33 33 33 33 33 33 33 33 33 33 33 33 33 33 33 33 33 33 33 33 33 34 34 33 34 34 34 35 35 35 35 35 35 35 35 35 34 35 35 35 35 36 36 36 36 37 37 37 37 37 37 37 37 37 37 37 38 37 38 37 37 37 37 38 38 38 37 37 37 38 37 37 37 37 37 36 36 36 36 36 35 36 36 36 36 36 36 36 36 37 36 36 37 37 37 37 37 37 37 37 36 37 37 37 37 37 37 37 37 37 37 37 37 37 37 37 37 37 36 36 37 37 37 37 37 37 37 37 36 37 37 37 37 8 9 10 10 11 11 12 12 11 11 11 11 10 9 12 12 13 13 13 13 13 14 14 14 14 14 14 15 15 15 15 14 15 15 16 16 16 15 16 16 16 17 17 17 17 18 18 18 18 18 18 18 18 18 18 18 18 19 19 19 19 19 19 19 18 19 19 19 20 20 20 20 20 20 20 20 20 21 21 20 21 21 21 21 21 21 21 21 21 22 22 21 21 22 22 23 22 22 22 22 22 22 22 22 23 23 23 23 23 23 23 23 23 23 24 24 24 23 24 24 24 24 24 24 25 25 26 25 25 26 26 26 26 26 25 25 25 25 25 26 25 25 26 25 26 26 26 26 26 26 26 26 26 26 27 27 27 27 27 27 27 27 27 27 27 27 27 27 27 27 28 28 28 28 28 28 28 28 28 29 29 28 28 29 29 29 29 29 29 29 30 30 30 30 30 30 29 29 30 30 30 29 29 30 30 30 30 30 30 30 30 30 30 30 30 30 30 30 30 30 32 32 32 32 33 33 33 33 33 33 33 33 33 33 33 33 33 33 33 33 33 33 33 33 33 33 33 33 33 33 34 34 34 34 34 34 34 35 35 35 35 34 34 35 35 35 35 36 36 36 36 36 36 36 36 37 37 37 37 37 37 37 37 37 37 37 38 37 37 37 37 37 37 37 38 37 37 37 36 37 37 36 36 36 36 35 35 36 36 36 36 36 36 36 36 37 36 36 36 36 37 37 37 37 37 37 37 37 37 37 37 37 37 37 37 37 37 37 37 37 37 37 37 37 37 37 37 37 37 37 37 37 37 36 37 37 37 37 37 38 9 10 10 11 11 12 12 12 11 11 11 10 10 9 10 10 12 13 13 13 13 13 13 14 14 14 14 14 14 15 15 15 14 15 15 16 16 16 16 16 16 17 17 17 17 17 18 18 17 17 17 17 17 18 18 18 18 18 18 18 19 19 19 19 19 19 19 19 19 19 19 20 20 20 20 20 20 20 20 21 20 20 21 21 21 22 21 21 21 21 21 21 21 21 21 22 22 22 23 23 22 22 22 22 22 23 23 23 23 23 23 23 23 23 23 24 24 24 24 23 24 24 24 24 24 24 24 25 25 25 25 25 25 26 26 26 26 26 25 25 25 25 25 25 25 25 25 26 26 26 26 26 26 26 26 27 27 27 27 27 27 27 27 27 27 27 27 27 27 27 27 27 28 28 28 28 28 28 28 28 28 29 29 29 28 28 29 29 29 29 29 29 29 30 30 30 30 30 29 29 29 29 29 29 29 30 30 30 30 30 30 30 30 30 30 30 30 30 30 30 30 30 32 32 33 32 32 33 33 33 33 33 33 33 33 33 33 33 33 33 33 33 33 33 33 33 33 33 33 33 33 33 34 34 34 34 35 34 34 34 35 34 34 34 35 35 35 35 35 36 36 36 37 37 37 37 37 37 37 37 37 37 37 37 37 37 38 37 37 37 37 37 37 37 37 37 37 37 37 37 37 36 36 36 36 36 35 36 36 36 36 36 36 36 36 36 36 36 36 36 36 36 37 37 37 37 37 37 37 37 37 37 37 37 37 37 37 37 36 36 37 37 37 37 37 37 37 37 37 37 37 37 37 37 36 37 37 37 37 37 37 9 10 11 11 11 12 11 12 12 12 11 10 10 11 11 12 11 11 11 11 11 10 11 11 11 11 11 11 11 11 11 11 12 12 13 13 13 13 13 13 13 14 13 14 14 14 14 15 15 15 15 15 15 16 16 16 16 16 17 16 17 17 17 18 18 18 18 17 17 17 17 17 18 18 18 18 18 18 18 19 19 19 20 19 20 19 19 19 19 20 20 20 20 20 20 20 20 20 20 20 21 21 21 21 22 22 22 22 22 21 21 21 21 22 22 22 22 22 22 22 23 22 22 22 23 23 23 23 23 23 23 23 24 24 24 24 24 24 24 24 24 24 24 24 24 25 25 25 25 25 25 26 26 26 26 26 25 25 25 25 25 26 25 25 26 26 26 26 26 26 26 26 26 26 27 27 27 27 27 27 27 27 27 27 27 27 27 27 27 27 28 28 28 28 28 28 28 29 28 29 29 29 29 29 29 28 29 29 29 29 29 30 30 30 30 30 30 30 29 30 30 29 30 29 29 30 30 30 30 30 30 30 30 30 30 30 30 30 30 30 32 33 33 32 32 32 32 33 33 33 33 33 33 33 33 33 33 33 33 33 33 33 33 33 33 33 33 33 33 33 34 34 34 34 34 34 34 34 34 34 34 34 34 35 35 36 36 36 36 36 36 37 37 37 37 37 37 37 37 37 37 37 37 37 38 37 37 36 37 37 37 37 36 36 37 37 37 37 37 36 36 36 36 35 35 36 36 36 36 36 36 36 36 36 36 36 36 36 36 36 37 37 37 37 37 37 37 37 37 37 37 37 37 37 37 37 37 37 37 37 37 37 37 37 37 37 37 37 37 37 37 37 37 37 37 37 37 37 37 10 11 11 11 11 12 12 11 10 10 10 11 11 12 13 13 13 13 13 12 11 12 12 12 12 12 11 12 12 12 12 13 13 13 13 14 14 14 13 13 13 14 14 14 15 15 15 15 15 15 15 15 16 15 16 16 16 16 17 17 18 18 18 18 18 18 18 18 18 18 18 18 18 18 18 18 18 18 19 19 19 20 20 20 19 19 19 20 20 20 20 20 20 21 20 20 20 20 21 21 21 21 21 22 22 22 22 22 22 21 21 21 21 22 22 22 23 22 23 23 23 23 23 23 23 23 23 23 23 23 24 24 24 24 24 24 24 24 24 24 24 24 25 25 25 25 25 25 25 26 26 26 26 26 26 25 25 26 26 26 25 26 26 26 26 26 26 26 26 26 27 26 27 27 27 27 27 27 27 27 27 27 27 27 27 27 27 28 29 28 28 28 28 28 28 29 29 29 29 29 29 29 29 29 28 29 29 29 29 29 29 30 30 30 29 29 29 30 30 29 29 29 29 29 30 30 30 30 30 30 30 30 30 30 30 30 30 30 32 32 32 32 32 32 32 32 32 33 33 33 33 33 33 33 33 33 33 33 33 33 33 33 33 33 33 34 34 34 34 34 34 34 34 34 35 35 34 34 34 34 34 34 34 35 35 36 36 36 36 36 36 37 37 37 37 37 37 37 37 37 37 37 37 37 36 36 36 37 37 37 36 36 36 37 37 37 37 36 36 35 35 35 36 36 36 36 36 36 36 36 36 36 36 36 36 36 36 36 37 37 37 37 37 37 37 37 37 37 37 37 37 37 37 37 37 37 37 37 37 37 37 37 37 37 37 37 37 37 37 37 37 37 37 37 37 37 38 10 11 11 12 12 11 11 10 10 10 11 11 12 13 13 13 13 13 13 13 14 14 14 13 13 13 13 12 12 12 13 13 13 13 13 14 14 14 14 14 14 14 14 14 14 15 15 15 15 15 15 15 15 16 16 16 16 17 17 18 18 18 18 18 18 17 18 18 18 18 18 18 18 18 18 18 19 19 19 19 19 19 20 19 19 19 19 20 20 20 20 20 20 20 20 20 21 21 21 21 21 21 21 21 21 21 22 22 22 21 21 21 22 22 22 22 23 22 23 23 23 23 23 23 23 23 23 23 23 24 24 24 24 24 24 24 24 24 24 24 25 25 25 25 25 25 25 25 25 25 26 26 26 26 26 26 26 26 26 26 26 26 26 26 26 26 26 26 26 26 27 27 27 27 27 27 27 27 27 27 27 27 27 27 27 27 28 29 28 28 28 28 28 28 28 29 29 29 29 29 29 29 29 28 29 29 29 29 29 29 29 29 30 29 29 30 30 29 30 29 29 29 29 30 30 30 30 30 30 30 30 30 30 30 30 30 31 32 32 32 32 32 32 32 32 32 32 33 33 33 33 33 33 33 33 33 33 33 33 33 33 33 34 34 34 34 34 34 34 33 33 34 34 35 35 35 35 35 35 35 35 35 35 36 36 36 36 36 36 36 36 37 37 37 37 37 37 37 37 37 37 36 36 36 36 37 37 37 36 36 36 36 37 37 36 36 36 36 36 35 35 36 36 36 36 36 36 36 36 36 36 36 36 36 36 36 36 37 37 37 37 37 37 37 37 36 37 37 37 37 37 37 37 37 37 37 37 37 37 37 37 37 37 37 37 37 37 37 37 37 37 37 37 37 37 38 10 11 12 13 13 12 11 11 11 11 11 12 13 14 14 14 14 14 14 14 14 14 14 14 14 14 14 14 13 13 12 13 13 13 14 14 13 14 14 14 14 14 15 15 15 15 15 15 15 15 16 16 16 16 16 16 16 17 17 18 18 18 18 17 17 17 18 18 18 18 18 18 18 18 18 19 19 19 19 19 19 19 19 19 19 19 19 20 20 20 20 20 20 20 21 21 21 21 21 21 22 21 21 21 21 22 22 22 21 22 22 22 22 22 22 22 22 22 23 23 23 23 23 23 23 23 23 23 24 24 24 24 24 24 24 24 24 24 25 25 25 25 25 25 25 25 25 25 25 26 25 26 26 26 26 26 26 26 26 26 26 26 26 26 26 26 26 26 26 27 27 27 27 27 26 27 27 27 27 27 27 27 27 27 27 28 28 28 28 28 28 28 28 28 29 29 29 29 29 29 29 29 29 29 29 29 29 29 29 29 29 29 29 30 30 30 29 29 29 29 29 29 29 30 30 30 30 30 30 30 30 30 30 30 30 30 32 32 32 33 33 32 32 32 32 32 33 33 33 33 33 33 33 33 33 33 33 33 33 33 33 34 34 34 34 34 34 34 33 34 34 34 34 35 35 35 35 35 35 35 35 35 35 35 36 36 36 36 36 36 36 37 37 37 37 37 37 37 37 36 36 36 36 37 37 37 37 36 36 36 36 37 36 36 36 36 36 36 35 35 36 36 36 36 36 36 36 36 36 36 36 36 36 36 36 36 37 37 37 37 37 37 37 37 36 36 36 36 36 36 37 37 37 37 37 37 37 37 37 37 37 37 37 37 37 37 37 37 37 37 37 37 37 12 13 13 13 13 12 12 12 12 13 13 14 14 14 14 14 14 15 15 14 14 15 15 15 14 14 13 13 13 13 14 14 13 14 14 13 14 14 14 14 14 14 14 15 15 15 15 15 15 16 16 16 16 16 17 17 17 18 18 18 18 18 18 17 18 18 18 18 18 18 18 18 18 18 18 19 19 19 20 19 19 19 19 19 20 19 20 20 20 20 20 20 20 21 21 21 21 20 21 21 21 21 22 22 22 22 22 22 22 21 21 21 22 22 22 22 22 23 23 23 23 23 23 23 23 24 24 24 24 24 24 24 24 24 24 24 24 25 25 25 25 25 25 25 25 25 25 25 25 25 26 26 26 26 26 26 26 26 26 26 26 26 26 26 26 26 26 26 27 27 27 27 27 26 26 27 27 27 27 27 27 27 27 27 27 28 28 28 28 28 28 28 28 28 28 29 29 29 29 29 29 29 29 29 29 30 30 30 29 29 29 30 30 30 30 30 29 29 30 30 30 30 30 30 30 30 30 30 30 30 30 30 30 30 30 32 32 32 33 33 33 32 32 32 32 33 33 33 33 33 33 33 33 33 33 33 33 33 33 33 34 34 34 34 34 34 34 34 33 34 34 34 34 35 35 35 35 35 35 36 35 35 35 36 36 36 36 36 36 37 37 37 37 37 37 36 36 36 36 36 37 37 37 37 36 36 36 36 36 36 36 36 36 36 36 36 35 35 35 36 36 36 36 36 36 36 36 36 36 36 36 36 36 36 36 36 37 37 36 36 36 36 37 37 37 36 36 36 36 36 37 37 37 37 37 37 37 37 37 37 37 37 37 37 37 37 37 37 37 37 37 37 14 13 13 12 12 13 13 13 13 13 14 14 14 14 14 15 15 15 15 15 15 15 15 15 14 14 14 14 15 15 14 15 15 14 14 13 14 15 15 14 15 15 15 16 16 16 16 16 16 17 17 16 16 17 17 17 17 18 18 18 18 18 18 18 18 18 18 18 18 18 18 18 18 18 18 19 19 19 20 20 19 19 19 19 20 20 20 20 21 21 20 21 21 21 21 21 21 20 20 20 20 22 22 21 21 22 22 22 21 21 21 22 22 22 23 22 22 23 23 23 23 23 23 23 23 24 24 24 24 24 24 24 24 24 24 24 24 25 25 25 25 25 25 25 25 25 25 25 25 25 25 26 25 25 26 26 26 26 26 26 26 26 26 26 26 26 26 26 26 27 27 27 26 26 26 27 27 27 27 27 27 27 27 27 28 28 28 28 29 28 28 28 28 28 29 29 29 29 29 29 29 29 29 29 29 29 29 29 29 29 29 30 30 30 30 30 30 30 30 30 30 30 30 30 30 30 30 30 30 30 30 30 30 30 32 32 32 33 33 33 32 32 32 32 33 33 33 33 33 33 33 33 33 33 33 33 33 33 33 34 34 34 34 34 34 33 33 34 34 34 34 35 35 35 34 35 35 35 35 35 35 35 35 36 36 37 36 36 37 37 37 37 37 37 36 36 35 36 36 37 37 37 36 36 36 36 36 36 36 36 36 36 36 35 36 35 35 35 36 36 36 36 36 36 36 36 36 36 36 36 36 36 36 36 37 37 37 37 37 36 36 37 37 36 36 36 36 36 36 36 37 36 36 36 36 36 36 37 37 37 37 37 37 37 37 37 37 37 37 37 37 13 14 13 13 14 14 13 13 13 13 13 13 14 14 14 15 15 15 15 16 16 16 15 15 15 15 15 15 16 16 16 16 16 16 15 14 14 15 15 15 16 16 16 17 17 17 17 17 17 17 18 17 17 17 17 17 17 17 17 18 18 18 18 18 18 18 18 18 18 19 19 19 19 19 18 19 19 19 20 20 20 20 20 20 20 20 20 20 21 21 21 21 21 21 21 21 21 21 20 20 20 21 21 21 21 21 21 21 21 22 21 22 22 22 22 22 22 22 23 23 23 23 23 23 23 23 24 24 24 24 24 24 24 24 24 24 24 25 25 25 25 25 25 25 25 25 25 25 26 26 26 26 26 26 25 26 26 26 26 26 26 27 26 26 26 26 26 26 26 26 27 27 26 26 26 27 27 27 27 27 27 27 27 27 28 28 28 28 29 29 29 29 29 28 29 29 29 29 29 29 29 29 29 29 29 29 29 29 29 29 29 29 30 30 30 30 30 30 30 30 30 30 30 30 30 30 30 30 30 30 30 30 30 30 32 32 32 33 33 32 32 32 32 32 33 33 33 33 33 33 33 33 33 33 33 33 33 34 34 34 34 34 34 34 34 34 34 34 34 34 34 34 35 35 34 34 35 35 35 35 35 35 35 35 36 36 36 36 36 37 37 37 37 37 36 36 35 35 36 36 37 36 36 36 36 35 36 36 36 36 36 36 36 36 36 35 35 36 36 36 36 36 36 36 36 36 36 36 36 36 36 36 36 36 37 37 37 37 37 37 37 37 37 36 36 36 36 36 36 36 36 36 36 36 36 36 37 37 37 37 37 37 37 37 37 37 37 37 37 37 38 13 13 13 13 13 13 14 14 13 13 13 13 14 14 15 15 15 15 16 16 16 16 16 16 15 15 16 16 16 16 16 16 16 16 15 15 16 16 16 17 17 17 17 17 17 17 17 17 18 18 17 17 17 17 17 17 17 17 18 18 18 18 18 18 18 18 19 19 19 19 19 19 19 19 19 19 19 19 20 20 20 19 19 20 20 21 21 21 21 21 21 21 21 21 21 21 20 20 20 20 20 20 21 21 21 20 21 22 23 23 22 22 22 22 22 22 22 22 23 23 23 23 23 23 24 24 24 24 24 24 24 24 24 25 25 25 25 25 25 25 25 25 25 25 25 25 25 26 26 26 26 26 26 26 26 26 26 26 26 26 26 26 26 26 26 26 26 26 26 27 27 27 26 26 27 27 27 27 27 27 27 27 27 28 28 28 29 29 29 29 29 29 28 29 29 29 29 29 29 29 29 29 29 29 29 29 29 29 29 29 29 30 30 29 29 30 30 30 30 30 30 30 30 30 30 30 30 30 30 30 30 30 30 32 32 32 32 33 33 32 32 32 32 33 33 33 33 33 33 33 33 33 33 33 33 34 34 34 34 34 34 34 34 34 34 34 34 34 34 34 34 34 35 34 34 35 35 35 35 34 34 35 35 36 36 36 36 36 37 37 37 37 37 37 37 36 35 35 35 36 36 35 35 36 36 35 36 36 36 36 36 36 36 36 35 35 36 36 36 36 36 36 36 36 36 36 36 36 36 36 36 36 36 37 37 37 37 37 37 37 37 37 37 36 36 36 36 36 36 36 36 36 36 36 36 37 37 37 37 37 37 37 37 37 37 37 37 37 37 38 13 13 13 13 13 13 14 13 13 13 14 13 14 15 15 15 16 16 16 15 15 16 16 16 16 16 16 17 17 16 16 17 16 16 16 16 16 16 17 17 17 17 17 17 17 17 18 18 18 17 17 18 17 17 17 17 18 18 18 18 18 18 18 18 18 18 18 19 19 19 19 19 19 19 19 19 19 19 20 20 19 19 20 20 20 20 20 21 21 21 22 22 22 22 21 20 20 21 21 21 21 22 22 22 21 21 22 22 22 22 22 22 22 22 22 22 22 23 23 23 23 23 23 23 24 24 24 24 24 24 24 24 25 25 25 25 25 25 25 25 25 25 25 25 25 25 26 26 26 26 26 26 26 26 26 26 26 26 26 26 26 26 26 26 26 26 26 26 26 26 26 26 26 27 27 27 27 27 27 27 27 27 28 28 28 28 29 29 29 29 29 29 29 29 29 29 29 29 29 29 29 29 29 29 29 29 29 29 29 30 29 30 30 30 30 30 30 30 30 30 30 30 30 30 30 30 30 30 30 30 30 30 32 32 32 33 33 32 32 32 32 32 33 33 33 33 33 33 33 33 33 33 33 33 33 34 34 34 34 34 34 34 34 34 34 34 34 34 34 34 34 34 34 34 34 35 35 35 34 35 35 35 35 36 36 36 36 36 36 37 37 37 37 37 37 36 36 35 35 36 36 35 35 35 35 36 36 36 36 36 36 36 36 36 36 36 36 36 36 36 36 36 36 36 36 36 36 36 37 36 36 36 37 37 37 37 37 37 37 37 37 36 36 36 36 37 37 36 36 36 36 37 37 37 37 37 37 37 37 37 37 37 37 37 37 37 37 37 38 13 13 13 13 13 13 13 13 14 14 14 14 15 15 15 15 16 16 16 15 16 16 16 16 16 16 16 16 16 16 16 16 17 17 16 16 16 17 17 17 17 17 17 17 17 18 18 18 18 18 18 18 17 17 17 17 18 18 18 17 18 18 18 18 19 18 19 19 18 19 19 19 19 19 19 19 19 20 20 20 20 20 20 20 20 20 21 21 21 21 21 21 21 21 20 21 22 22 22 22 22 22 22 22 21 22 22 22 22 23 23 23 23 23 23 23 23 23 23 23 23 23 23 23 24 24 24 24 24 24 24 25 25 25 25 25 25 25 25 25 25 25 25 25 25 25 26 26 26 26 26 26 26 26 26 26 26 26 27 27 26 26 26 26 26 26 26 26 26 26 26 26 26 27 27 27 27 27 27 27 27 28 28 28 28 28 29 29 29 29 29 29 29 29 29 29 30 29 29 29 29 29 29 29 30 29 29 29 29 29 29 29 30 30 30 30 30 30 30 30 30 30 30 30 30 30 30 30 30 30 30 32 32 33 33 33 32 32 32 32 32 33 33 33 33 33 33 33 33 33 33 33 33 33 34 34 34 34 34 34 34 34 34 34 34 34 34 34 34 34 34 34 34 35 35 35 34 34 34 35 35 36 36 36 36 36 36 36 36 36 37 37 37 37 36 36 36 35 35 35 35 35 35 36 36 36 36 36 36 36 36 36 36 36 36 36 36 36 36 36 36 36 36 36 36 36 36 37 37 36 36 37 37 37 37 37 37 37 37 37 37 37 37 37 37 37 37 37 37 37 37 37 37 37 37 37 37 37 37 37 37 37 37 37 37 37 37 38 12 13 14 14 13 13 13 14 14 14 14 14 15 16 15 16 16 16 16 16 16 16 16 16 16 16 16 16 16 16 16 16 16 16 16 17 17 17 17 16 17 16 17 17 17 17 18 18 18 18 18 18 18 18 18 17 18 18 18 18 18 18 18 18 19 19 19 19 19 19 19 19 19 19 19 19 20 20 20 20 20 20 20 20 20 20 21 21 21 21 21 20 20 20 21 21 21 21 21 21 22 22 22 22 22 22 22 22 22 23 23 23 23 23 23 23 23 23 23 23 23 23 23 23 24 24 24 24 24 24 25 25 25 25 25 25 25 25 25 25 25 25 25 25 25 26 26 26 26 26 26 26 26 26 26 26 26 27 27 27 27 27 27 27 27 27 26 26 26 26 26 26 27 27 27 27 27 27 27 27 28 28 28 29 29 29 29 29 29 29 29 29 29 29 29 30 30 29 29 29 29 29 29 30 30 30 30 30 29 29 29 29 30 30 30 30 30 30 30 30 30 30 30 30 30 30 30 30 30 30 32 33 33 32 32 32 32 32 32 32 33 33 33 33 33 33 33 33 33 33 33 33 33 33 34 34 34 34 34 34 34 34 34 34 34 34 34 34 34 34 34 34 34 35 35 34 35 35 35 35 35 36 36 36 35 36 36 36 36 37 36 37 36 36 36 36 36 36 35 35 35 35 35 35 36 36 36 35 36 36 35 35 36 36 36 36 36 36 36 36 36 36 36 36 36 36 37 36 36 36 37 37 37 37 37 37 37 37 37 37 37 37 36 36 36 37 37 37 37 37 37 37 37 37 37 37 37 37 36 37 37 37 37 37 37 37 13 14 14 14 14 14 14 14 14 14 14 15 16 16 16 16 16 16 16 16 16 16 16 16 16 16 16 16 16 16 16 16 16 16 16 16 16 16 16 16 16 17 17 17 17 18 17 18 18 18 18 18 18 18 18 17 17 17 18 18 18 18 18 18 19 19 19 19 19 19 19 19 19 19 19 19 20 20 20 20 20 20 20 20 21 20 21 21 21 20 20 20 21 21 21 21 21 21 21 21 22 22 22 22 22 22 22 22 22 23 23 23 23 23 23 23 23 23 23 23 23 24 24 24 24 24 24 24 24 25 25 25 25 25 25 25 25 25 25 25 25 25 26 26 26 26 26 26 26 26 26 26 26 26 26 26 27 27 27 27 27 28 27 27 26 26 26 26 26 26 27 27 27 27 27 27 27 27 27 28 29 29 29 29 29 29 29 30 30 29 29 29 29 29 29 30 30 30 30 30 30 30 30 30 29 29 29 29 29 29 29 30 30 30 30 30 30 30 30 30 30 30 30 30 30 30 30 30 30 32 33 33 32 32 32 32 32 32 32 33 33 33 33 33 33 33 33 33 33 33 33 33 33 33 34 34 34 34 34 34 34 34 34 34 34 34 34 34 34 34 34 34 35 34 34 35 35 35 35 35 35 36 36 35 36 36 36 36 36 36 36 36 36 36 36 36 36 36 35 35 35 35 35 35 36 36 35 35 36 35 36 36 36 36 36 36 36 36 36 36 36 36 36 36 36 37 36 36 36 37 37 37 37 37 37 37 37 37 37 37 36 37 37 37 36 36 36 36 36 37 37 37 37 36 37 37 37 37 37 37 37 37 37 37 37 14 14 14 14 14 14 14 14 14 15 14 15 16 16 16 16 16 16 16 16 16 16 16 16 16 16 16 16 16 16 17 17 17 17 17 17 17 16 16 16 17 17 17 17 17 17 17 18 18 18 18 18 18 18 18 17 17 17 17 17 17 18 18 18 18 18 18 19 19 19 19 19 19 19 20 20 20 20 20 20 20 20 21 21 21 21 21 21 21 21 21 21 21 21 21 21 21 21 21 21 22 22 22 22 22 22 22 22 22 23 23 24 23 23 23 23 23 23 23 23 23 24 24 24 24 24 24 24 25 25 25 25 25 25 25 25 25 25 26 26 26 26 26 26 26 26 26 26 26 26 26 26 26 26 26 27 27 27 27 27 27 27 26 27 26 26 26 26 26 26 27 27 27 27 27 27 27 27 28 29 28 29 29 29 28 29 29 30 29 30 29 29 29 29 30 30 30 30 30 30 30 30 30 30 29 29 29 29 29 29 30 30 30 30 30 30 30 30 30 30 30 30 30 30 30 30 30 30 32 33 33 33 32 32 32 32 32 32 33 33 33 33 33 33 33 33 33 33 33 33 33 33 34 34 34 34 34 34 34 34 34 34 34 34 34 34 34 34 34 34 34 34 34 34 34 34 34 35 35 35 36 35 35 35 36 36 36 36 36 36 36 36 36 36 36 36 36 36 35 35 35 35 35 35 35 35 36 35 36 36 36 36 36 36 36 36 36 36 36 36 36 36 37 37 37 36 36 36 37 37 37 37 37 37 37 37 37 37 37 37 37 37 36 36 36 36 37 37 37 37 37 37 36 36 37 36 37 37 37 37 37 37 37 37 14 14 14 14 14 14 14 15 15 15 15 16 16 16 15 16 16 16 16 16 16 16 16 16 16 16 16 16 16 17 17 17 17 17 17 17 17 16 16 17 17 17 17 17 17 17 17 17 17 17 18 18 18 18 18 18 18 18 18 17 17 18 18 18 18 18 18 19 19 19 19 19 19 20 20 20 20 20 20 20 21 21 21 21 21 21 21 21 21 21 22 22 21 21 21 21 21 21 21 22 22 22 22 22 22 23 22 22 23 23 23 23 23 23 23 23 23 23 23 23 23 23 24 24 24 24 24 25 25 25 25 25 25 25 25 25 26 26 26 26 26 26 26 26 26 26 26 26 26 26 26 26 26 26 26 26 27 27 28 27 27 27 27 26 26 26 26 26 26 26 27 27 27 27 27 27 27 28 28 29 28 28 29 28 29 29 29 29 29 29 29 30 30 30 30 30 30 30 30 30 30 30 29 29 30 29 29 29 29 29 30 30 30 30 30 30 30 30 30 30 30 30 30 30 30 30 30 33 33 33 32 32 32 32 32 32 32 33 33 33 33 33 33 33 33 33 33 33 33 33 33 34 34 34 34 34 34 34 34 34 34 34 35 34 34 34 34 34 34 34 34 34 34 34 34 34 34 35 35 35 35 35 35 35 35 35 36 36 36 36 36 36 36 36 36 36 36 36 35 35 35 35 35 35 36 36 36 36 36 36 36 36 36 36 36 36 36 36 36 36 36 36 37 37 36 36 37 37 37 37 37 37 37 37 37 37 37 37 37 36 37 37 37 37 37 37 37 37 37 37 37 36 36 37 36 36 37 37 37 37 37 37 14 15 15 14 14 14 14 15 15 15 15 16 16 16 16 16 15 16 16 16 16 16 16 16 16 17 16 16 17 17 17 17 17 17 17 17 17 17 17 17 17 17 18 18 18 17 18 18 18 18 19 18 18 19 19 18 18 18 18 17 18 18 18 18 18 18 19 20 20 20 20 20 20 20 20 20 20 20 20 21 21 21 21 21 21 21 21 21 21 21 22 22 21 21 21 21 21 22 22 22 22 22 22 22 22 22 22 22 23 23 23 24 24 23 23 24 23 23 23 23 23 24 24 24 24 24 25 25 25 25 25 25 25 25 25 25 26 26 26 26 26 26 26 26 26 26 26 26 26 26 26 26 26 26 27 27 27 27 27 27 27 27 27 26 26 26 26 26 26 27 27 27 27 27 27 27 28 28 29 29 28 28 28 29 29 29 30 30 29 29 30 30 30 30 30 30 30 30 30 30 30 30 29 29 29 29 29 29 29 30 30 30 30 30 30 30 30 30 30 30 30 30 31 30 31 31 33 33 33 32 32 32 32 32 32 32 33 33 33 33 33 33 33 33 33 33 33 33 33 33 34 34 34 34 34 34 34 34 34 34 34 34 35 34 34 34 34 34 34 35 35 35 35 34 34 35 35 35 35 35 35 35 35 35 35 35 36 36 35 36 36 36 36 36 36 35 35 35 35 35 35 35 35 36 36 36 36 36 36 36 36 36 36 36 36 36 36 36 36 36 36 36 37 37 36 37 37 37 37 37 37 37 37 37 37 37 37 37 37 37 37 37 37 37 37 37 37 37 37 37 36 36 36 36 36 37 37 37 37 38 37 14 14 14 14 15 15 15 15 16 15 16 15 15 15 16 16 15 15 15 15 15 16 16 16 16 16 16 17 17 17 17 17 18 18 18 17 17 17 18 18 17 17 17 17 18 18 18 18 19 19 19 19 19 19 19 18 18 18 18 18 18 19 19 18 18 18 19 20 20 20 20 20 20 20 20 20 20 20 21 21 21 21 21 21 21 21 21 21 21 22 22 22 21 21 21 21 22 22 22 22 22 22 22 22 22 22 22 22 22 23 23 24 24 24 24 24 23 23 23 23 24 24 24 24 24 25 25 25 25 25 25 25 25 25 25 26 26 26 26 26 26 26 26 26 26 26 26 26 26 26 26 26 26 27 27 27 27 27 27 27 27 26 26 26 26 26 26 26 26 27 27 27 27 27 27 28 28 29 29 28 28 29 29 29 29 30 30 30 30 30 30 30 30 30 30 30 30 29 29 30 30 30 30 29 29 29 29 30 30 30 30 30 30 30 30 30 30 30 30 30 30 30 31 31 31 33 33 32 32 32 32 32 32 32 32 33 33 33 33 33 33 33 33 33 33 33 33 33 33 34 34 34 34 34 34 34 34 34 34 34 34 35 34 34 35 34 34 34 35 35 35 35 35 35 35 35 35 36 36 36 35 35 35 35 35 35 35 35 35 36 35 35 35 35 35 35 35 35 35 35 35 35 36 36 36 36 36 36 36 36 36 36 36 36 36 36 36 36 36 36 36 36 36 36 36 37 37 37 37 37 37 37 37 37 37 37 37 37 37 37 37 37 37 37 37 37 37 37 37 36 36 36 36 37 37 37 37 37 37 14 14 14 13 14 14 14 14 14 15 15 15 15 14 15 15 15 15 16 16 16 17 17 17 17 16 16 16 17 17 17 17 18 18 18 18 17 18 18 18 18 18 18 18 18 18 18 18 18 18 19 19 19 19 19 19 19 19 19 19 19 19 19 18 18 18 18 19 19 19 20 20 20 20 20 20 21 21 21 21 21 21 21 21 21 21 21 21 21 21 22 22 22 22 21 21 21 22 22 22 22 22 22 22 22 22 22 22 23 23 23 23 24 24 24 24 24 24 24 23 23 24 24 24 24 25 25 25 25 25 25 25 25 25 25 26 26 26 26 26 26 26 26 26 26 26 26 26 26 26 26 26 26 26 27 27 27 27 28 28 27 27 27 26 26 26 26 26 26 27 27 27 27 27 27 28 28 29 29 28 29 29 29 29 29 30 30 30 30 30 30 30 30 30 30 30 30 30 29 29 30 30 30 30 30 30 30 30 30 30 30 30 30 30 30 30 30 30 30 30 30 31 31 31 31 33 33 32 32 32 32 32 32 32 32 33 33 33 33 33 33 33 33 33 33 33 33 33 33 34 34 34 34 34 34 34 34 34 34 34 34 34 34 35 35 34 34 34 34 35 35 35 35 35 35 35 35 35 35 35 35 35 35 35 35 35 35 35 35 35 35 35 35 35 35 35 35 35 35 35 35 35 36 36 36 36 36 36 36 36 36 36 36 36 36 36 36 37 36 36 36 36 36 36 36 37 37 37 37 37 37 37 37 37 37 37 37 36 36 36 36 36 36 36 36 36 36 37 37 36 36 37 37 37 37 37 37 37 14 14 13 13 13 13 13 14 14 14 15 15 14 15 15 15 15 16 16 17 17 17 17 17 17 17 17 17 17 17 17 17 18 18 18 18 18 18 18 18 18 18 18 18 18 18 18 18 19 19 19 19 19 19 20 19 19 19 19 19 19 19 19 19 18 18 19 19 19 20 20 19 20 20 20 20 20 21 21 21 21 21 21 21 21 21 21 22 22 21 22 22 22 22 21 21 22 22 22 22 22 22 22 22 22 22 22 22 22 23 23 23 23 24 24 24 24 24 24 24 24 24 24 24 25 25 25 25 25 25 25 25 25 25 25 26 26 26 26 26 26 26 26 26 26 26 26 26 26 26 26 26 27 27 27 27 27 28 28 28 27 27 27 26 26 26 26 26 26 27 27 27 27 27 28 28 29 28 28 29 29 29 29 29 30 30 29 29 29 30 29 30 29 29 29 29 29 29 29 29 30 30 30 30 30 30 30 30 30 30 30 30 30 30 30 30 30 30 30 30 30 31 31 31 33 33 33 32 32 32 32 32 32 32 33 33 33 33 33 33 33 33 33 33 33 33 33 33 33 34 34 34 34 34 34 34 34 34 34 34 34 34 34 34 34 35 35 34 34 35 35 35 36 36 35 35 35 35 35 35 35 35 35 35 35 35 35 35 35 35 35 35 35 35 35 35 35 35 35 35 35 35 36 36 36 36 36 36 36 36 36 36 36 36 36 36 36 37 37 36 36 36 36 36 36 36 37 37 37 36 36 37 37 37 37 36 36 36 36 36 36 36 36 36 36 36 36 36 36 36 36 36 37 37 37 37 37 14 14 14 14 14 13 13 14 15 14 15 15 15 14 14 15 15 16 16 16 16 17 17 17 17 17 17 17 17 17 17 18 18 17 18 18 18 18 18 18 18 18 18 18 19 18 19 19 19 19 19 19 19 19 19 19 19 20 20 20 20 20 20 19 19 18 19 19 19 19 20 20 20 20 20 20 20 21 21 21 21 21 21 21 21 21 21 22 22 22 22 22 22 22 22 22 22 22 22 22 22 22 22 22 22 23 23 23 23 23 23 23 24 24 24 25 24 24 24 24 24 24 24 24 25 25 25 25 25 25 25 25 25 25 26 26 26 26 26 26 26 26 26 26 26 26 26 26 26 26 26 27 26 27 27 27 27 27 28 28 27 27 27 27 27 27 27 26 27 27 27 27 27 28 28 29 28 28 29 29 29 29 29 29 30 29 29 29 29 29 29 29 30 30 30 29 29 29 29 29 30 30 30 30 30 30 30 30 30 30 30 30 30 30 30 30 30 31 31 31 31 31 31 33 33 32 32 32 32 32 32 32 33 33 33 33 33 33 33 33 33 33 33 33 33 33 34 34 34 34 34 34 34 34 34 34 34 34 34 34 34 34 34 34 34 34 34 34 34 35 35 35 35 35 35 35 36 35 35 35 35 35 35 35 35 35 35 35 35 35 35 35 35 35 35 35 35 35 35 35 35 35 35 35 35 35 36 35 36 36 36 36 36 36 36 36 36 36 36 36 36 36 36 37 36 36 36 36 36 37 36 36 36 36 36 36 37 36 37 37 36 36 36 36 36 36 36 37 36 36 36 36 37 37 37 37 14 15 13 13 14 15 15 14 15 15 15 14 15 15 15 15 16 16 17 17 17 17 17 17 17 17 17 17 17 17 17 17 17 18 18 18 18 18 18 18 18 19 19 19 19 19 19 19 20 19 19 19 19 20 20 20 20 20 20 20 19 19 19 19 19 19 20 21 20 20 20 20 20 20 21 21 21 21 21 21 21 21 21 21 22 22 22 22 22 22 22 22 23 23 22 22 22 22 22 22 22 23 23 23 23 23 23 23 23 23 24 24 25 25 24 24 24 24 24 24 24 25 25 25 25 25 25 25 25 25 25 26 26 26 26 26 26 26 26 26 26 26 26 26 26 26 26 26 26 26 27 27 27 27 27 27 27 27 27 27 27 27 27 27 26 27 27 27 28 28 28 28 28 28 29 29 29 29 29 29 29 30 30 29 29 29 29 30 30 30 30 30 30 30 30 30 30 30 30 30 30 30 30 30 30 30 30 30 30 30 30 30 30 31 31 31 31 31 31 31 33 33 32 32 32 32 32 32 32 33 33 33 33 33 33 33 33 33 33 33 33 33 33 33 33 33 33 33 34 34 34 34 34 34 34 34 34 34 34 34 34 34 35 34 34 34 34 34 34 35 35 36 36 36 36 35 36 35 35 35 34 34 34 35 35 35 35 35 35 35 35 35 35 35 35 35 35 35 35 35 35 35 36 35 35 35 35 36 36 36 36 36 36 36 36 36 36 36 36 36 36 36 36 36 37 37 37 37 37 37 37 37 37 37 36 36 37 37 36 36 36 36 36 37 37 36 36 36 37 37 37 37 37 37 14 13 14 15 15 14 14 14 14 15 15 16 15 16 16 16 16 17 17 18 18 18 17 17 17 17 17 17 17 17 17 17 18 18 18 18 18 19 18 19 19 19 19 19 19 20 19 20 20 19 20 20 20 20 20 20 20 20 20 20 20 20 20 20 21 21 21 20 20 20 20 20 21 21 21 21 21 21 21 21 21 21 22 22 22 22 22 22 22 23 23 23 23 22 22 22 22 22 22 23 23 23 23 23 23 23 23 23 24 24 24 25 25 24 24 25 24 24 25 25 25 25 25 25 25 25 25 25 25 26 26 26 26 26 26 26 26 26 26 26 27 27 27 27 27 26 26 26 27 27 27 27 27 27 27 27 27 27 27 27 27 27 27 27 27 27 27 28 28 28 28 29 29 29 29 29 29 29 29 30 30 30 30 30 30 30 30 30 30 30 30 29 29 29 30 30 30 30 30 30 30 30 30 30 30 30 30 30 30 30 30 31 31 31 31 31 31 31 33 32 32 32 32 32 32 32 33 33 33 33 33 33 33 33 33 33 33 33 33 33 33 33 33 33 33 34 34 34 34 34 34 34 34 34 34 34 34 34 34 35 35 35 35 35 35 34 34 34 35 35 35 36 36 36 36 36 36 36 35 35 35 35 35 35 35 35 35 35 35 35 35 35 35 35 35 36 36 35 35 35 36 36 36 35 35 35 36 36 36 36 36 36 36 36 36 36 36 36 36 37 37 37 37 37 37 37 37 37 37 37 37 36 36 36 36 37 37 37 36 36 37 37 37 37 36 36 36 37 37 37 37 37 15 14 13 14 15 14 14 15 15 15 16 16 16 16 17 17 17 17 17 18 18 18 18 18 18 17 17 17 17 17 17 17 18 18 18 18 18 18 19 19 19 19 19 19 19 20 20 20 20 20 20 20 20 20 20 19 19 19 19 19 20 20 21 21 20 20 21 21 21 21 21 20 20 21 21 21 21 21 21 22 21 21 22 22 22 22 22 22 22 22 23 23 23 22 22 22 22 23 22 23 23 23 23 23 23 23 23 24 24 24 24 24 25 25 25 25 25 24 25 25 25 25 25 25 25 25 25 25 25 26 26 26 26 26 26 26 26 26 26 26 27 27 27 27 27 27 26 27 27 27 27 27 27 27 27 27 27 27 27 27 27 27 27 27 27 27 27 28 28 28 28 28 29 29 29 29 30 29 29 30 30 30 30 30 30 30 29 29 30 30 30 30 30 30 30 30 30 30 30 30 30 30 30 30 30 30 30 31 31 31 31 31 31 31 31 31 31 31 33 32 32 32 32 32 32 32 33 33 33 33 33 33 33 33 33 33 33 33 33 33 33 33 33 34 34 34 34 34 34 34 34 34 34 34 34 34 34 34 34 34 34 34 35 35 35 35 35 35 34 35 35 35 35 35 36 36 36 36 36 36 35 35 35 35 35 35 35 35 35 36 36 36 37 37 37 38 37 36 35 35 36 37 36 36 36 36 36 36 36 36 36 36 36 36 36 36 36 36 36 37 37 37 37 37 37 37 36 36 36 36 36 36 36 36 37 37 37 37 37 36 37 37 37 37 37 36 37 37 37 37 37 37 37 14 14 14 15 15 15 15 15 16 16 17 18 18 18 18 18 18 18 18 18 18 19 18 18 18 18 18 18 18 18 18 18 18 18 18 18 19 19 19 19 19 19 19 19 20 20 20 20 20 20 20 20 20 20 19 19 19 19 19 20 20 20 20 20 20 21 21 21 21 21 21 21 21 21 21 21 21 21 22 22 22 22 22 22 22 22 22 22 23 23 22 22 22 22 22 23 23 23 23 23 23 24 24 24 24 24 24 24 24 24 25 25 25 25 25 25 25 25 25 25 25 25 25 25 25 26 26 26 26 26 26 26 26 26 26 26 26 26 27 27 27 27 27 27 27 27 27 27 27 27 27 27 27 27 28 28 28 27 27 27 27 27 27 27 28 28 29 28 29 28 28 29 29 30 30 29 29 30 30 30 30 29 29 29 29 29 30 30 30 30 30 30 30 30 30 30 30 30 30 30 30 31 31 31 31 31 31 31 31 30 30 30 31 31 30 32 32 32 32 33 33 33 33 33 33 33 33 33 33 33 33 33 33 33 33 33 33 33 33 33 34 34 34 34 34 34 34 34 34 34 34 34 34 34 34 34 34 34 34 34 35 35 35 35 35 35 35 35 35 35 35 36 36 36 36 36 36 36 36 35 36 35 35 35 35 35 36 37 38 37 37 37 38 37 37 36 35 36 36 36 36 36 36 36 36 36 36 36 36 36 36 36 36 36 36 37 37 37 37 37 37 37 37 37 36 36 36 36 36 36 36 37 37 37 37 37 37 37 37 37 37 36 36 37 37 37 37 37 37 37 37 14 15 15 15 15 15 16 16 17 17 18 18 18 18 18 18 18 18 18 18 18 19 19 19 19 18 18 18 18 18 18 18 18 18 18 19 19 19 19 19 19 19 19 20 20 20 20 20 20 20 20 21 21 20 19 19 20 20 20 20 19 19 19 20 20 21 21 21 21 22 21 22 21 21 21 21 21 21 22 22 22 22 22 22 22 22 22 22 23 23 23 23 22 22 22 23 23 23 23 23 23 24 24 24 24 24 24 24 24 25 25 25 25 24 25 25 25 25 25 25 26 26 26 26 26 26 26 26 26 26 26 26 26 26 26 26 26 27 27 27 27 27 27 27 27 27 27 27 27 27 27 27 27 28 28 28 27 27 27 27 27 27 27 28 29 29 28 29 28 29 29 29 29 29 29 29 29 29 30 30 30 29 30 30 30 30 29 29 30 30 30 30 30 30 30 30 30 30 30 30 30 30 31 31 31 31 31 30 30 30 30 30 31 31 32 32 32 32 32 33 33 33 33 33 33 33 33 33 33 33 33 33 34 33 33 33 33 33 33 33 34 34 34 34 34 34 34 34 34 34 34 34 34 34 34 34 34 34 34 35 34 35 35 35 35 35 35 36 35 35 35 36 36 36 36 36 36 36 36 36 36 36 35 36 36 36 36 37 36 36 36 37 37 37 37 36 36 36 36 37 37 36 36 36 36 36 36 36 36 36 37 37 36 36 37 37 37 37 37 36 37 37 37 36 36 36 36 36 36 36 37 37 37 37 37 37 37 37 37 37 36 36 37 37 37 37 37 37 37 37 37 15 15 15 16 16 16 16 17 17 17 17 18 18 18 18 18 18 18 18 18 18 19 19 19 19 19 19 19 18 19 18 18 18 18 18 19 19 19 19 20 19 19 19 19 20 20 19 20 20 19 19 20 20 20 20 19 20 21 21 21 20 19 19 19 19 20 20 20 21 21 21 21 21 20 21 21 21 21 22 22 22 22 22 23 23 23 22 22 23 23 23 23 23 22 22 22 23 23 23 23 24 24 24 24 24 24 24 24 24 24 25 25 25 25 25 25 25 25 25 25 25 25 25 26 26 26 26 26 26 26 26 26 26 26 26 26 27 27 27 27 27 27 27 27 27 27 27 27 27 27 27 27 27 27 27 27 27 27 27 27 27 27 28 28 29 29 28 29 29 29 29 28 28 29 29 29 29 30 30 30 30 30 30 30 30 30 30 30 29 30 30 30 30 30 30 30 30 30 30 30 30 30 30 31 31 31 31 30 30 30 30 30 30 30 32 32 33 33 33 33 33 33 33 33 33 33 33 33 33 33 33 33 34 34 33 33 33 33 33 33 34 34 34 34 34 34 34 34 34 34 34 34 34 34 34 34 34 34 34 34 34 35 35 35 35 35 35 35 35 35 35 35 35 36 36 36 35 36 36 36 36 36 36 36 36 36 36 36 36 36 36 36 37 37 37 37 36 36 36 37 37 37 36 36 36 36 36 36 36 36 36 37 37 36 37 37 37 37 37 36 36 37 37 36 36 36 37 36 36 37 37 37 37 37 37 37 37 37 37 36 36 36 37 37 37 37 37 37 37 37 37 38 15 15 16 16 16 16 17 17 17 17 18 18 18 18 19 19 19 19 19 19 20 20 20 20 20 20 20 20 20 19 20 20 20 19 20 20 20 20 20 21 21 21 20 20 21 20 20 20 21 20 20 20 21 20 20 21 21 22 22 21 21 21 21 20 20 20 20 20 21 20 21 21 21 21 21 21 21 22 22 22 23 23 23 23 23 23 23 23 23 23 23 23 23 22 23 23 23 23 24 24 24 24 24 24 24 24 24 24 25 25 26 26 25 25 25 25 25 25 25 25 25 25 25 25 26 26 26 26 26 26 26 26 26 26 26 27 27 27 27 27 27 27 27 27 27 27 27 27 27 27 27 27 27 27 28 27 27 27 27 27 27 28 28 28 28 28 28 28 28 28 29 29 29 29 30 29 30 30 29 30 30 30 30 29 29 29 29 29 29 29 29 30 30 30 30 30 30 30 30 30 30 30 30 30 30 30 30 30 30 31 30 30 30 32 32 32 32 32 32 32 32 32 32 32 32 33 33 33 33 33 33 33 33 33 33 33 33 33 33 33 33 33 33 33 33 33 33 33 33 34 34 34 34 34 34 34 34 34 34 34 34 34 34 35 35 35 35 35 36 36 36 36 36 36 36 35 36 36 36 36 36 36 36 36 36 36 37 37 37 37 38 38 37 37 37 37 36 36 36 37 37 37 37 37 37 37 37 36 36 37 37 37 36 36 37 37 37 36 36 36 38 37 37 36 36 37 36 36 37 37 37 37 37 37 37 37 37 37 36 36 36 37 37 37 37 38 37 37 37 38 38 15 15 15 16 16 16 17 17 17 18 18 18 19 19 19 19 19 19 19 19 20 20 20 20 20 20 20 20 20 20 21 21 20 20 20 20 20 20 21 21 21 21 21 21 21 20 20 20 20 21 21 21 21 20 21 21 21 22 22 22 22 22 21 21 20 21 21 21 21 21 22 22 21 22 21 21 22 22 22 22 23 23 23 23 23 23 23 23 23 23 23 23 23 23 23 23 23 24 24 24 24 24 24 24 24 25 25 25 25 25 25 25 25 25 25 25 25 25 26 25 25 26 26 26 26 26 26 26 26 26 26 26 26 26 26 27 27 27 27 27 27 27 27 27 27 27 27 27 27 27 27 27 28 28 27 27 27 27 27 28 28 28 28 28 28 28 28 28 29 29 28 29 29 30 29 30 30 29 29 29 30 30 30 30 29 29 29 29 30 30 30 30 30 30 30 30 30 30 30 30 30 30 30 30 30 30 30 30 31 30 30 30 32 32 32 32 32 32 32 32 32 32 32 32 33 33 33 33 33 33 33 33 33 33 33 33 33 33 33 33 33 33 33 33 33 33 33 33 33 33 34 34 34 34 34 34 34 34 34 34 34 34 35 35 35 35 35 35 36 36 36 36 35 35 35 36 36 36 36 36 36 36 36 37 37 37 37 37 37 37 37 37 37 37 37 37 36 36 36 37 37 37 37 37 37 37 36 36 37 36 36 36 36 37 37 37 36 36 36 37 38 37 37 36 36 36 37 37 37 37 37 37 37 37 37 37 37 36 36 36 36 37 37 37 38 37 37 37 37 38 16 15 15 16 16 17 17 17 18 18 18 19 19 18 19 19 19 19 20 20 20 20 20 20 20 20 20 21 21 21 21 21 20 20 20 20 20 21 21 21 21 21 21 21 21 20 21 20 21 21 22 21 21 21 21 22 22 22 22 22 22 22 21 21 21 21 21 21 21 22 22 22 21 22 21 22 22 22 22 22 23 23 23 23 23 23 23 24 23 23 23 24 23 23 24 23 24 24 24 24 24 24 24 25 25 25 25 25 25 25 26 26 25 25 25 25 25 26 26 26 26 26 26 26 26 26 26 26 26 26 26 26 26 27 27 27 27 27 27 27 27 27 27 27 27 27 27 27 27 27 27 27 27 27 27 27 27 28 28 28 28 28 28 29 28 28 28 28 28 29 29 29 30 29 29 29 29 29 29 30 30 29 29 30 29 29 29 29 30 30 30 30 30 30 30 30 30 30 30 30 30 30 30 30 30 30 30 30 31 31 30 32 32 32 32 32 32 32 32 32 32 32 32 33 33 33 33 33 33 33 33 33 33 33 33 33 33 33 33 33 33 33 33 33 33 34 34 34 34 34 33 34 33 33 34 33 33 33 34 33 34 35 35 35 35 35 36 36 36 36 36 36 35 35 36 36 36 36 36 36 36 36 36 36 36 37 37 37 37 37 37 37 37 37 37 37 36 36 37 37 37 37 37 37 37 37 37 37 37 37 36 36 37 37 36 36 36 36 37 38 38 38 37 37 37 36 37 37 37 37 37 37 37 37 37 37 36 36 36 36 37 37 37 37 37 37 37 38 16 16 16 16 17 17 18 18 18 18 18 18 18 19 19 19 20 20 20 20 20 20 20 21 21 21 21 21 21 21 21 20 21 20 21 21 21 21 21 21 21 21 21 20 20 20 21 21 21 22 22 21 20 21 22 22 22 22 23 22 22 22 21 21 21 21 22 22 22 22 21 21 21 22 22 22 22 22 22 23 23 23 23 23 23 23 23 23 23 24 23 23 24 23 23 24 24 24 24 24 24 25 25 25 25 25 25 25 26 26 26 26 26 25 26 26 26 26 26 26 26 26 26 26 26 26 26 26 26 26 27 27 27 27 27 27 27 27 27 27 27 27 27 27 27 27 27 27 27 27 27 27 27 28 28 28 28 28 28 28 28 28 28 28 28 28 29 29 29 29 29 29 29 29 29 29 29 30 29 29 29 29 29 29 29 29 29 30 30 30 30 30 30 30 30 30 30 30 30 30 30 30 30 30 30 31 31 31 30 32 32 32 32 32 32 32 32 32 32 32 32 33 33 33 33 33 33 33 33 33 33 33 33 33 33 33 33 33 34 34 34 34 34 34 34 34 34 34 34 34 34 34 34 34 34 34 33 33 33 35 36 36 36 36 36 36 36 36 36 35 35 35 35 36 36 36 36 36 36 36 36 36 36 36 36 36 36 36 36 36 37 37 37 37 37 36 37 37 37 37 37 37 37 37 37 37 37 37 37 36 37 37 37 36 36 36 37 38 38 38 38 38 37 37 36 37 37 36 36 36 37 37 37 36 36 37 37 37 37 37 37 37 37 37 37 37 38 17 17 17 17 17 17 17 17 17 18 18 19 19 19 19 20 20 20 20 20 20 21 21 21 21 21 21 21 21 21 21 21 21 21 21 21 21 21 21 21 21 21 21 21 21 21 21 21 21 21 21 21 21 22 22 22 22 22 22 22 22 22 22 21 21 21 22 22 22 22 21 21 22 22 22 22 22 22 23 23 23 23 23 23 23 23 23 23 24 23 24 24 24 24 24 24 24 24 24 24 24 24 25 25 25 25 25 25 26 26 26 25 25 25 26 26 26 26 26 26 26 26 26 26 26 26 26 26 27 27 26 26 26 27 27 27 27 27 27 27 27 27 27 27 27 27 27 27 27 27 27 27 28 28 28 28 28 28 28 28 28 28 28 28 28 29 29 29 29 29 29 28 28 29 30 30 30 30 29 29 29 30 30 29 29 29 29 30 30 30 30 30 30 30 30 30 30 30 30 30 30 30 31 31 31 31 31 31 32 32 32 32 32 32 32 32 32 32 32 32 32 33 33 33 33 33 33 33 33 33 33 33 33 33 33 33 33 34 34 34 34 34 34 34 34 34 34 34 34 34 34 34 34 34 34 34 34 34 35 36 36 36 36 36 36 36 36 36 36 35 35 35 36 36 36 36 36 36 36 36 36 36 36 36 36 36 36 36 37 37 37 37 37 37 37 37 37 37 37 37 37 37 37 37 37 37 37 37 37 37 37 36 36 36 36 37 38 38 38 38 37 37 37 37 36 36 36 36 37 37 37 37 36 37 37 37 37 37 37 37 38 37 37 37 37 38 16 17 17 17 17 17 17 17 18 18 19 19 20 20 20 20 20 20 20 20 21 21 21 21 20 20 20 20 21 21 21 21 21 21 22 21 21 21 21 21 21 21 21 21 21 21 21 21 21 20 21 22 22 22 22 22 22 22 22 22 22 22 22 22 22 22 22 22 21 22 21 21 22 22 22 22 22 23 23 23 23 23 23 23 23 23 23 23 23 24 24 24 24 24 24 24 24 24 24 24 24 24 25 25 25 25 25 25 25 25 26 26 26 26 26 26 26 26 26 26 26 26 26 26 26 26 26 26 26 26 26 26 27 27 27 27 27 27 27 27 27 27 27 27 27 27 28 28 28 27 28 28 28 28 28 28 28 28 28 28 28 28 28 28 28 29 29 29 29 30 29 29 28 29 29 29 29 30 29 29 30 30 30 30 29 29 29 30 30 30 30 30 30 30 30 30 30 31 30 31 31 31 31 31 30 30 30 31 32 32 32 32 32 33 33 33 33 32 32 32 32 33 33 33 33 33 33 33 33 33 33 33 33 33 33 33 33 34 34 34 34 34 34 34 34 34 34 34 34 34 34 34 34 34 34 35 35 35 35 35 36 36 36 36 36 36 36 36 36 35 35 36 36 36 36 36 36 36 36 36 36 36 36 36 36 37 37 37 37 37 37 37 37 37 37 37 37 37 37 37 37 37 37 37 37 37 37 37 37 37 37 37 37 36 36 37 38 38 37 37 37 37 37 36 36 36 36 37 37 37 37 36 37 37 37 37 37 37 37 37 37 37 37 37 37 37 38 17 17 17 17 17 17 18 18 18 18 18 19 19 20 20 20 20 20 20 21 21 21 21 21 21 20 20 20 20 20 21 21 21 21 22 21 21 21 21 21 21 21 21 21 21 22 22 21 21 21 21 21 22 22 22 22 22 22 21 22 22 22 22 22 22 22 22 22 21 22 22 22 22 22 23 23 23 23 23 23 23 24 23 23 23 23 23 24 24 24 24 24 24 24 25 24 24 25 24 24 24 25 25 25 25 25 25 26 26 25 26 26 26 26 26 26 26 26 26 26 26 26 26 26 26 26 26 26 26 26 26 26 26 26 27 27 27 27 27 27 27 27 27 27 27 28 28 28 28 27 28 28 28 28 28 28 28 28 28 28 28 28 28 28 28 28 29 29 29 30 30 29 28 29 29 29 29 29 29 29 30 30 30 30 30 30 30 29 30 30 30 30 30 30 30 30 30 30 30 31 31 31 30 30 30 30 30 30 32 32 32 32 32 32 32 33 33 33 32 32 32 32 33 33 33 33 33 33 33 33 33 33 33 33 33 33 33 33 33 34 34 34 34 34 34 34 34 34 34 34 34 35 35 35 35 35 35 35 35 35 36 36 36 36 36 35 35 36 35 35 35 36 36 36 36 36 36 36 36 36 36 36 36 36 36 37 36 36 37 37 37 37 37 36 36 36 37 37 37 37 37 38 38 38 38 37 37 37 37 37 37 37 37 37 37 38 38 38 37 37 37 37 36 36 36 36 37 37 37 37 37 36 37 37 37 37 37 37 37 37 37 37 38 38 38 38 38 18 18 18 18 18 17 17 18 18 19 19 19 19 20 20 20 20 20 20 21 21 21 21 21 21 21 21 21 20 20 20 21 21 21 22 22 22 22 22 21 21 21 21 22 22 22 22 21 21 21 21 22 22 22 22 22 22 22 22 22 22 22 22 22 22 22 22 22 22 22 22 22 22 22 22 22 23 23 23 23 23 23 24 23 23 23 23 24 24 24 24 24 24 24 24 24 25 25 25 24 24 25 25 25 25 25 25 26 26 26 25 25 25 25 25 26 26 26 26 26 27 27 26 26 26 26 26 26 26 26 26 26 26 26 27 27 27 27 27 27 27 27 27 27 27 27 28 28 28 28 27 27 28 28 28 28 28 28 28 29 28 28 28 28 28 28 29 29 29 29 29 29 28 29 29 29 29 29 29 29 30 30 30 29 30 30 30 30 30 30 30 30 30 30 30 30 30 30 30 30 31 31 31 31 31 31 31 31 32 32 32 32 32 32 32 32 32 32 32 32 32 32 33 33 33 33 33 33 33 33 33 33 33 33 33 33 33 33 33 34 34 34 34 34 34 34 34 34 34 34 34 34 35 35 35 35 35 34 35 35 36 36 36 36 36 36 36 36 35 35 36 36 36 36 36 36 36 36 36 36 36 36 36 36 36 36 36 36 36 36 37 37 37 37 36 36 37 37 37 37 37 37 37 38 38 38 37 37 37 37 37 37 37 37 37 37 37 37 37 37 36 36 36 36 36 37 37 37 37 37 37 37 37 37 37 37 37 37 37 37 37 37 37 38 38 37 38 38 18 18 18 18 17 17 18 18 19 19 19 20 19 20 20 20 20 20 20 21 21 21 21 21 21 21 21 21 20 20 21 21 21 21 21 21 21 21 21 22 22 22 22 22 22 22 21 21 21 21 22 22 22 22 22 22 22 22 22 22 22 23 22 23 23 23 22 22 22 22 22 22 22 22 22 23 23 23 23 23 23 24 23 23 23 23 23 23 24 24 24 24 25 25 25 25 25 25 25 25 25 25 25 25 25 26 26 26 26 26 25 25 25 25 25 25 25 25 26 26 26 26 26 26 26 26 26 26 26 26 26 26 26 27 27 27 27 27 27 27 27 27 27 27 27 27 28 28 28 28 28 28 28 28 28 28 28 28 29 29 29 29 29 28 28 28 28 28 29 29 29 29 29 28 29 29 29 29 29 30 30 30 29 30 30 30 30 30 30 30 30 30 30 30 30 30 30 30 30 31 31 31 31 31 31 31 31 33 33 33 32 32 32 32 32 32 32 32 32 32 33 33 33 33 33 33 33 33 33 33 33 33 33 33 33 33 33 34 34 34 34 34 34 34 34 34 34 34 34 34 34 35 35 35 35 34 34 35 35 35 36 36 36 36 36 36 36 35 35 36 36 36 36 36 36 36 36 36 36 36 36 36 36 36 37 36 36 36 36 37 37 37 37 37 36 37 37 36 37 37 37 37 37 37 37 37 37 36 37 37 37 37 37 37 37 37 37 37 37 37 36 36 36 36 37 37 37 37 37 36 37 37 37 37 37 37 37 37 37 37 37 37 37 37 37 37 38 38 18 18 18 18 18 17 18 18 19 19 20 20 20 20 20 20 20 20 20 21 21 21 21 21 21 21 22 21 21 21 21 21 21 21 21 21 21 21 22 22 22 22 22 22 22 22 22 21 21 21 22 22 22 23 23 23 23 22 22 22 22 22 22 22 23 23 22 22 22 21 22 21 22 22 22 23 23 23 24 24 23 24 24 23 23 24 24 24 24 24 25 25 25 25 25 25 25 25 25 25 26 25 25 25 26 26 26 27 26 25 25 26 26 26 25 26 26 25 26 26 25 26 26 27 26 26 26 26 26 26 26 26 26 26 26 27 27 27 27 27 27 28 27 27 27 27 27 27 28 28 28 28 28 28 28 28 28 28 28 28 29 29 29 29 28 28 28 29 29 29 29 29 29 29 29 29 29 29 30 30 30 29 29 29 30 30 30 30 30 30 30 30 30 30 30 30 30 31 30 30 31 31 31 31 31 31 31 32 33 33 33 32 32 32 32 32 32 32 32 32 32 32 33 33 32 33 32 33 33 33 33 33 33 33 33 33 33 33 34 34 34 34 34 34 34 34 34 34 34 34 34 34 34 34 34 34 34 36 36 35 36 36 36 35 36 36 36 36 35 35 35 36 36 36 36 36 36 36 36 36 36 36 36 36 36 36 36 36 36 37 37 37 37 37 36 37 37 36 36 36 37 37 37 37 37 37 36 36 36 36 36 37 37 37 37 37 37 37 37 37 37 37 37 37 37 37 37 37 37 36 37 37 37 37 37 37 37 37 37 37 37 37 37 37 37 38 37 37 37 38 18 18 19 18 18 18 18 19 19 19 20 20 20 21 21 21 20 20 20 21 21 21 21 21 22 22 22 21 21 21 21 21 21 22 21 21 21 21 22 22 22 22 22 22 22 21 21 21 22 22 22 22 23 23 23 23 22 22 23 23 22 22 21 22 22 22 21 21 21 21 22 22 23 23 22 23 23 23 24 24 24 24 24 24 24 24 24 24 24 24 25 25 25 25 25 25 25 26 26 26 25 25 25 26 26 25 25 25 25 26 26 27 27 26 26 26 26 26 25 25 25 26 26 26 26 26 26 26 26 27 27 27 26 26 27 27 27 27 27 27 28 28 28 27 27 27 27 27 28 28 28 28 28 28 28 28 28 28 28 28 29 29 29 29 29 28 28 28 29 29 29 29 29 29 29 29 29 29 30 30 30 29 29 30 30 30 30 30 30 30 30 30 30 30 30 30 30 30 30 31 31 31 31 31 31 31 33 33 32 32 32 33 32 33 33 32 33 33 32 32 32 32 32 33 33 32 32 33 33 33 33 33 32 32 33 33 33 34 34 34 34 34 34 34 34 34 34 34 34 34 34 34 34 34 34 34 35 36 35 35 36 36 35 36 36 36 35 35 35 35 35 36 36 36 36 36 36 36 36 36 36 36 36 36 36 36 36 36 36 36 36 37 37 37 36 36 36 37 37 37 37 38 38 38 37 37 36 36 36 37 37 37 37 37 36 36 37 37 37 37 37 37 36 36 37 36 36 36 36 37 37 37 37 37 37 37 37 37 37 37 37 37 37 37 37 37 37 37 37 38 18 18 18 18 19 18 18 18 18 18 19 19 20 21 21 21 21 21 21 21 21 21 21 21 21 21 22 22 22 22 22 21 21 22 22 21 21 21 21 21 22 22 22 22 22 22 21 22 22 23 23 23 22 23 23 23 23 22 23 23 22 22 22 22 22 22 22 23 22 22 22 21 22 23 23 23 23 23 24 24 24 24 24 25 25 25 25 24 24 24 24 25 25 25 25 25 25 25 25 26 26 25 26 26 26 25 25 26 26 25 26 26 26 27 27 26 26 25 26 25 26 26 25 26 25 26 26 26 26 26 27 27 28 27 27 27 27 28 27 27 27 27 28 28 27 27 27 27 27 28 28 28 28 28 28 28 28 28 28 28 28 29 29 29 29 29 29 29 28 28 29 29 29 29 29 29 29 29 29 30 29 30 29 29 30 30 30 30 30 30 30 30 30 30 30 30 30 30 30 30 30 31 31 31 31 31 31 32 32 32 33 33 33 33 33 33 33 33 33 33 32 32 32 32 33 33 32 32 32 33 33 33 32 33 33 33 33 34 34 34 34 34 34 34 34 34 34 34 34 34 34 34 34 34 34 34 34 35 35 35 35 36 35 35 36 36 35 35 35 35 35 35 35 36 36 36 36 36 36 36 35 36 36 36 36 36 36 36 36 36 36 36 37 37 37 37 37 37 37 37 37 37 37 38 37 37 36 37 37 37 37 37 37 37 37 37 37 37 37 37 37 37 37 37 37 37 36 36 36 36 37 37 37 37 37 37 37 37 37 37 37 37 37 37 37 37 37 37 37 37 37 38 38 38 38 17 17 17 17 18 19 19 18 18 18 19 19 19 20 20 20 20 20 21 21 21 21 21 21 22 22 22 22 22 22 23 22 22 22 22 22 22 22 22 21 21 21 21 22 22 22 22 21 22 22 23 23 23 23 23 23 23 23 22 22 23 22 22 23 23 22 22 22 23 23 23 22 22 22 22 23 23 23 23 23 24 24 24 24 24 24 24 25 25 25 24 24 25 25 25 25 25 25 25 26 26 26 26 26 26 26 26 26 27 26 25 26 26 26 27 27 27 26 26 26 26 26 26 26 25 26 26 26 26 26 26 26 27 28 27 27 27 27 28 28 28 27 27 28 28 28 28 28 28 27 27 28 28 28 28 28 28 28 29 29 28 29 29 29 29 29 29 29 29 29 29 29 29 29 29 29 30 29 29 30 29 29 29 30 30 29 30 30 30 30 30 30 30 30 30 30 30 30 30 30 30 30 30 31 31 31 31 31 32 32 33 33 33 33 33 33 33 33 33 33 33 33 32 32 32 33 33 33 32 33 33 32 32 33 33 33 33 33 33 34 34 34 34 34 34 34 34 34 34 34 34 34 34 34 34 34 34 34 35 36 35 36 35 35 36 36 36 36 36 36 35 35 35 35 35 35 35 35 35 35 35 35 35 35 35 36 35 36 36 36 36 36 36 36 37 37 37 37 37 37 37 37 37 37 37 37 37 37 37 37 37 37 37 37 37 37 36 37 37 37 37 37 37 37 37 37 37 37 36 36 36 37 37 37 37 37 37 37 37 37 37 37 37 37 37 36 36 36 37 37 37 37 37 37 38 38 15 17 17 17 18 18 19 19 19 19 19 19 20 20 20 20 20 20 20 20 20 21 21 21 21 22 22 22 22 22 22 22 23 23 22 22 22 23 23 23 22 22 22 22 22 22 22 22 22 22 22 23 23 23 23 23 24 24 24 23 23 23 22 22 22 22 22 22 22 23 23 23 22 22 22 22 22 22 23 23 24 23 23 24 24 24 24 24 25 25 25 25 25 25 25 25 25 25 26 25 25 26 26 26 26 27 27 26 26 26 26 26 27 27 27 27 27 28 27 26 26 26 25 26 25 25 26 27 26 26 26 26 27 27 28 28 28 28 28 28 28 28 28 27 28 28 28 28 29 28 28 28 28 28 28 28 28 28 28 28 29 29 29 29 29 29 29 29 29 29 29 29 29 29 29 29 29 29 29 30 29 29 29 29 30 30 30 30 30 30 30 30 30 30 30 30 30 30 30 30 30 30 30 31 31 31 31 31 31 32 33 32 33 33 33 33 33 33 33 33 33 33 33 32 32 33 33 33 33 33 33 33 33 33 33 33 33 33 33 34 34 34 34 34 34 34 34 34 34 34 34 34 34 34 35 34 34 34 34 35 36 36 36 36 35 35 36 36 36 36 36 36 36 36 35 35 35 35 35 35 35 35 35 35 35 35 35 35 35 36 36 36 36 36 36 36 36 36 36 36 36 37 37 37 37 37 37 37 37 37 37 37 37 37 37 37 37 36 37 37 37 37 37 37 37 37 37 37 36 36 36 36 36 36 36 37 37 37 37 37 37 37 37 37 37 37 37 37 37 37 37 37 37 37 37 37 38 38 16 16 16 16 17 17 17 17 18 18 18 19 19 19 19 19 20 20 20 21 21 20 20 20 20 21 21 22 22 22 22 22 22 22 22 22 21 22 22 22 22 23 23 22 23 23 23 23 23 23 23 22 23 23 23 23 23 23 23 24 24 23 24 24 23 22 22 23 23 23 22 22 22 22 22 22 23 23 22 22 22 23 23 23 23 24 24 24 25 24 24 25 25 25 25 25 25 25 25 26 26 26 26 26 26 26 26 26 27 27 26 26 26 26 27 28 28 28 28 27 27 27 26 26 26 25 25 26 27 27 27 27 28 28 28 27 27 27 28 28 28 28 27 27 27 27 28 28 28 28 29 29 28 28 28 28 28 28 28 28 28 29 29 29 29 29 29 29 29 29 29 29 29 29 29 29 29 29 29 29 29 29 29 29 29 29 29 30 30 30 30 30 30 30 30 30 30 30 30 30 30 30 30 30 30 30 30 31 31 31 31 33 32 32 32 32 33 33 33 33 33 33 33 33 33 32 33 33 33 33 33 33 34 33 33 34 33 33 33 33 33 33 33 34 34 34 34 34 34 34 34 34 34 34 34 34 34 34 34 34 34 36 35 35 35 36 35 35 35 35 36 36 36 36 36 36 35 35 36 36 36 36 36 35 36 36 36 36 36 35 36 35 36 35 35 35 35 36 36 36 36 36 36 36 36 37 37 36 37 37 37 37 37 37 37 37 37 37 37 37 37 37 37 36 37 37 37 37 37 37 37 36 36 36 36 37 37 36 36 37 37 37 37 37 37 37 37 37 38 38 38 38 37 37 37 37 37 37 37 16 16 17 17 16 16 16 16 16 17 18 18 18 18 18 19 19 20 20 20 21 20 20 20 20 21 21 21 22 22 22 22 22 23 22 22 22 21 22 22 22 22 22 22 22 23 23 22 23 23 23 22 23 23 24 23 23 23 23 23 23 23 23 24 23 22 22 23 24 23 22 22 22 22 22 23 23 23 23 23 23 23 23 23 24 24 25 25 24 24 24 24 25 25 25 25 25 25 25 26 26 26 27 27 27 27 27 27 27 27 27 26 26 26 26 27 28 28 27 27 26 26 26 27 26 26 25 25 26 26 27 27 28 28 29 28 28 27 27 27 28 28 28 28 28 27 28 28 28 29 29 29 29 28 28 28 28 28 28 28 28 28 28 28 28 29 29 29 29 29 29 29 29 29 29 29 29 29 29 29 29 29 29 29 29 29 30 30 30 30 30 30 30 30 30 30 30 30 30 30 30 30 30 30 30 30 30 31 31 31 31 33 33 33 32 32 32 32 33 33 33 33 33 33 33 32 33 33 33 33 33 34 34 34 34 34 33 33 33 33 33 33 33 33 33 33 34 34 34 34 34 34 34 34 34 34 34 34 34 34 35 36 35 35 35 35 36 36 36 35 35 36 36 36 36 35 35 35 36 37 36 36 35 35 35 36 36 36 36 36 36 36 36 36 36 36 36 36 37 37 37 37 37 36 36 36 36 36 37 37 37 37 37 36 36 37 37 37 37 37 37 37 37 37 37 37 36 37 37 37 37 36 36 36 36 36 37 37 37 37 37 37 38 37 37 37 37 37 38 38 38 38 38 38 37 37 37 37 37 16 17 17 17 17 17 18 17 17 16 17 17 17 18 19 19 20 20 20 21 20 20 20 20 20 21 21 22 22 22 22 22 23 23 23 22 22 22 23 23 23 22 22 22 22 22 22 22 22 22 22 22 23 23 23 23 23 23 24 23 23 23 23 23 23 22 23 23 23 22 22 22 22 23 23 23 23 23 23 23 23 23 23 23 24 24 24 24 24 24 24 25 25 25 25 25 26 26 26 25 26 26 26 26 27 27 27 27 27 26 26 26 26 26 26 27 28 28 27 27 26 26 26 26 26 25 25 26 27 26 27 27 28 29 28 27 27 27 27 27 27 27 27 27 28 28 28 29 28 28 29 29 29 28 28 28 28 28 28 28 28 28 29 28 29 29 29 29 29 29 29 29 29 29 29 29 29 29 29 29 29 29 29 29 29 30 30 30 30 30 30 30 30 30 30 30 30 31 30 31 31 31 31 30 30 30 31 31 30 31 33 33 33 33 32 32 33 33 33 33 33 33 33 33 33 33 33 33 33 33 34 34 34 34 33 33 33 33 33 33 33 33 33 33 33 34 34 34 34 34 34 34 34 34 34 34 34 34 34 35 36 36 35 35 36 36 36 36 36 35 36 36 36 36 36 36 35 36 37 36 36 36 36 36 36 36 37 37 37 37 37 37 37 37 37 37 37 37 37 37 37 37 36 36 36 36 36 37 37 37 38 37 37 36 36 36 37 37 37 37 37 37 37 37 37 37 37 37 37 37 36 36 36 36 36 36 37 37 37 37 37 38 38 38 37 37 38 38 38 38 38 39 38 37 38 37 37 38 37 15 15 14 16 17 17 17 17 17 18 18 19 18 17 18 18 18 17 18 19 20 20 20 20 20 20 20 20 21 21 22 21 22 22 22 22 23 23 23 23 22 23 23 23 23 23 23 23 23 23 23 23 23 24 23 23 23 23 24 24 24 24 24 24 23 23 24 24 24 23 23 23 23 23 23 23 23 23 23 24 24 23 23 23 23 23 23 23 23 23 24 24 24 24 24 25 25 25 25 26 26 26 25 26 26 26 26 26 27 27 27 27 27 26 27 27 27 27 26 27 27 28 27 26 27 26 26 26 26 26 26 26 27 27 27 27 28 29 29 29 28 27 27 27 28 28 28 28 27 28 28 28 28 28 29 29 29 28 28 28 28 28 28 28 28 28 29 29 28 29 29 29 29 29 29 29 29 29 29 29 29 30 29 29 29 29 29 29 29 30 30 30 30 30 30 30 30 30 30 30 31 31 31 31 31 31 31 31 31 30 30 30 30 30 32 32 32 32 32 33 33 33 33 33 33 33 33 33 33 33 33 33 33 33 34 33 34 34 34 33 33 33 33 33 33 33 34 34 34 34 34 34 34 34 34 34 34 34 34 34 34 34 35 35 36 35 35 35 35 35 36 36 36 36 36 36 37 36 36 36 36 36 36 37 36 36 36 36 36 36 37 37 37 37 38 38 38 38 38 38 38 38 37 37 38 37 37 36 36 36 37 37 37 37 38 37 37 36 36 36 36 36 36 37 37 37 37 37 37 37 37 37 37 37 36 36 36 37 37 37 37 37 37 37 37 37 38 38 37 37 38 37 38 38 38 39 38 38 38 38 38 39 38 16 16 16 15 15 14 14 16 16 17 17 17 18 18 19 19 18 19 19 19 18 18 18 19 20 20 21 20 20 20 21 21 21 21 21 22 22 22 22 22 23 23 23 23 23 23 23 23 23 23 24 24 24 24 24 24 24 24 24 24 23 24 24 25 25 25 24 23 23 24 24 25 24 24 24 24 24 23 23 23 23 23 23 23 23 23 24 24 23 24 24 24 24 24 24 24 24 25 25 25 25 26 26 25 25 25 26 26 26 26 27 27 28 28 28 28 28 28 28 28 28 27 27 28 28 27 27 27 27 26 26 26 26 26 26 26 26 27 28 29 28 28 28 28 28 28 28 28 28 28 27 27 28 28 28 28 28 29 29 29 29 28 28 28 28 28 28 28 28 28 29 28 29 28 28 29 29 29 29 29 29 29 29 29 29 30 30 29 29 29 29 29 29 30 30 30 30 30 30 30 30 30 30 30 31 31 31 31 31 31 31 31 31 31 31 31 31 32 32 32 33 33 33 33 33 33 33 33 33 33 33 33 33 33 33 33 33 33 33 34 34 33 33 33 33 33 34 33 33 34 34 34 34 34 34 34 34 34 34 34 34 34 34 34 34 34 35 36 36 35 35 35 36 36 36 36 37 36 36 37 37 37 36 36 36 36 37 37 37 37 37 37 37 37 37 37 38 38 38 38 38 38 38 38 38 38 37 37 37 37 37 36 37 37 37 37 37 37 37 36 36 36 36 36 37 37 37 37 37 37 37 37 37 37 37 37 37 37 36 36 37 37 37 37 37 37 37 37 38 38 38 38 38 37 38 37 38 38 38 38 38 39 39 38 39 39 15 15 15 16 16 16 16 17 16 17 17 16 15 15 15 15 14 15 16 16 17 17 17 17 18 19 19 19 20 20 19 19 19 18 19 20 20 20 20 20 21 21 21 21 21 21 22 22 22 22 23 23 24 23 23 23 22 23 23 23 23 23 23 23 24 24 24 24 24 24 24 23 24 25 25 25 25 24 24 23 23 24 24 24 25 24 24 23 23 23 23 23 23 23 24 24 24 24 24 24 25 25 24 24 24 24 25 25 26 25 25 26 25 25 26 26 26 26 26 26 27 27 27 28 28 28 28 29 29 29 28 28 28 29 28 27 28 28 27 26 26 26 26 26 27 26 26 26 27 28 28 28 27 28 28 28 28 28 28 27 27 28 28 28 28 28 28 29 29 29 29 29 29 29 28 28 28 28 28 29 29 29 29 29 29 29 29 30 29 29 29 29 29 30 30 30 30 30 30 30 30 30 30 30 30 30 30 30 30 30 30 30 30 30 31 31 31 31 31 31 31 31 31 31 31 31 31 32 33 33 33 33 33 33 33 33 33 33 33 33 33 33 33 33 33 33 33 33 34 33 33 34 34 34 33 33 34 33 33 34 34 34 34 34 34 34 34 34 34 34 35 35 35 34 34 34 35 36 36 36 35 35 35 36 36 36 37 37 36 36 37 37 37 36 36 36 37 38 38 38 38 38 38 37 37 37 37 37 37 38 38 38 38 38 38 38 38 37 37 38 38 37 37 37 37 37 37 37 37 37 36 36 36 37 37 37 37 37 37 37 37 37 37 37 37 37 37 37 37 37 37 37 37 37 37 37 37 37 37 38 38 38 38 38 38 38 37 37 38 39 38 38 38 38 38 39 15 15 15 16 17 16 16 16 15 15 15 15 15 15 15 15 15 16 17 18 17 17 16 16 17 17 17 18 18 18 19 20 20 20 19 19 19 19 19 19 20 21 21 20 21 21 21 21 22 22 22 22 22 23 23 24 23 24 23 23 23 23 24 24 24 23 23 23 23 23 23 24 23 24 24 24 24 25 25 25 25 24 24 24 24 24 24 24 24 24 24 24 24 23 23 24 24 24 24 24 25 25 24 24 24 24 24 24 24 25 25 26 25 25 25 26 26 27 27 26 26 26 27 27 27 27 28 28 28 29 29 29 29 29 29 29 29 28 28 28 28 27 27 27 27 27 26 26 26 26 26 26 27 27 27 27 27 27 28 28 29 29 28 28 28 29 28 28 29 29 29 29 29 30 30 30 29 29 29 29 29 28 29 29 29 29 29 29 29 29 29 29 29 29 29 29 29 30 30 30 30 30 29 29 29 30 30 30 30 30 30 30 30 30 30 30 30 30 30 31 31 31 31 31 31 31 31 31 31 31 33 33 33 33 33 33 33 33 33 33 33 33 33 33 33 33 33 33 33 33 33 33 33 33 34 34 33 33 33 33 33 33 34 34 34 34 34 34 34 34 34 34 34 34 35 35 35 35 34 34 35 36 36 35 35 35 36 36 36 36 36 36 36 36 36 36 36 36 36 36 37 37 37 37 37 37 37 37 37 37 37 37 37 38 38 37 38 38 38 38 38 38 38 38 37 37 37 37 37 37 37 37 37 36 36 36 36 36 37 37 37 37 37 37 37 37 37 37 37 37 37 37 37 37 37 37 37 37 37 37 37 37 37 38 38 38 39 38 38 38 37 37 38 38 38 38 38 38 39 16 15 16 16 16 17 16 16 15 15 15 16 16 16 17 16 16 16 16 15 16 16 17 17 17 18 19 19 18 17 17 17 16 17 17 17 17 18 18 18 20 20 20 20 20 20 20 19 20 21 21 21 20 21 21 21 21 22 22 22 22 22 23 23 24 24 24 24 23 23 23 24 24 24 24 24 23 23 24 24 24 24 24 24 24 24 24 25 25 25 25 25 25 25 24 24 24 25 24 23 23 23 23 24 24 24 24 24 24 25 25 25 25 25 25 25 24 24 24 24 25 25 25 25 25 25 26 26 26 26 27 27 28 28 27 28 28 28 28 28 28 29 28 28 29 29 29 28 29 29 27 27 26 26 26 26 26 26 26 26 26 26 26 27 27 27 27 28 29 29 28 28 28 28 29 29 28 28 29 29 29 29 29 30 30 30 30 30 29 30 29 29 30 30 29 29 29 29 29 29 29 29 29 29 29 29 30 30 30 29 29 29 30 30 30 30 30 30 30 30 30 30 30 30 30 30 30 30 30 31 31 31 31 31 31 31 31 31 31 33 33 33 33 33 33 33 33 33 33 33 33 33 33 33 33 33 33 33 33 33 33 33 34 34 34 33 33 33 33 33 33 34 34 34 34 34 34 34 34 34 34 34 34 35 35 35 35 35 35 35 36 36 36 35 35 35 35 36 36 36 36 36 36 36 36 36 36 36 36 36 36 36 37 37 37 37 37 37 37 37 37 37 38 38 38 38 37 38 38 38 38 38 38 37 37 37 37 37 38 37 37 37 37 36 36 36 36 37 37 37 37 37 37 37 37 37 37 37 37 37 37 36 36 37 37 37 37 37 37 37 37 37 37 38 38 38 38 38 38 38 38 38 38 38 38 39 39 39 16 16 16 16 17 17 16 16 15 16 16 17 17 16 17 17 16 16 16 16 16 17 16 17 17 18 18 18 17 17 17 17 17 17 18 18 18 18 18 19 20 20 20 20 20 20 20 21 21 21 21 21 21 21 22 22 22 23 23 23 23 22 23 23 23 23 24 24 24 24 24 24 25 24 24 24 24 25 25 25 25 25 25 25 24 24 25 25 24 25 25 25 24 24 23 24 24 24 24 23 23 24 24 25 25 24 24 24 25 25 25 25 25 25 25 25 25 25 24 25 25 25 25 26 26 26 26 26 26 27 27 28 28 27 28 28 28 28 28 28 28 28 28 28 28 29 29 30 29 28 27 27 27 27 27 27 27 27 27 27 26 26 26 26 27 28 28 28 28 28 28 28 29 29 29 29 29 29 29 29 29 29 29 30 30 30 30 31 31 31 31 31 31 30 30 30 30 29 29 29 29 29 29 29 29 30 30 29 29 30 30 30 30 30 30 30 30 30 30 30 30 30 30 30 30 31 30 31 31 31 31 31 31 31 31 31 31 31 33 33 33 33 33 33 33 33 33 33 33 33 33 33 33 33 33 34 34 34 34 34 34 34 34 34 34 33 33 33 33 34 34 34 34 34 34 34 34 34 34 34 34 34 34 35 35 35 35 35 36 35 36 36 35 35 35 36 36 36 36 36 36 36 36 36 36 36 36 36 36 36 37 37 37 37 37 37 37 37 37 37 38 38 38 37 38 38 38 38 37 37 38 38 38 37 37 37 37 37 37 38 38 37 37 36 36 36 36 37 37 37 37 37 37 37 37 37 37 36 36 37 36 36 36 37 37 37 37 37 37 37 37 37 37 38 37 38 38 38 38 38 38 38 38 38 38 39 39 17 16 17 17 17 17 17 17 17 17 17 17 18 18 17 17 16 16 16 16 16 16 17 17 17 18 18 17 17 17 18 17 17 17 18 18 18 19 19 19 19 19 19 20 20 21 21 21 21 21 21 21 21 21 22 22 23 23 23 23 23 23 23 23 23 23 24 24 24 24 24 24 24 25 25 25 25 25 25 25 25 25 24 25 25 25 26 25 25 25 25 24 24 23 23 24 24 24 24 24 24 25 25 25 24 24 24 25 25 25 25 25 25 25 25 26 25 24 25 26 26 26 26 27 27 26 27 27 27 27 28 28 27 27 28 28 28 28 28 28 28 28 27 28 28 29 29 29 29 28 28 28 28 27 27 27 27 27 27 26 26 26 26 27 28 29 28 28 28 28 28 28 29 29 29 29 29 29 29 30 30 30 30 30 30 30 31 31 31 31 31 31 31 31 31 30 30 30 30 30 30 29 29 29 29 30 30 30 30 30 30 30 30 30 30 30 30 30 30 30 30 30 30 31 31 31 31 31 31 31 31 31 31 31 31 31 31 33 33 33 33 33 33 33 33 33 33 33 33 33 33 33 33 33 33 34 34 34 34 34 34 34 34 34 33 33 33 34 34 34 34 34 34 34 34 34 34 34 34 34 34 34 34 35 35 35 35 36 36 36 36 36 35 35 35 36 36 36 36 36 36 36 36 36 36 36 36 36 37 37 37 37 37 37 37 37 37 37 37 37 37 38 37 37 38 38 37 37 37 38 38 38 38 37 37 38 37 37 37 38 38 37 37 37 37 37 36 36 36 36 36 36 36 36 36 36 36 37 37 37 36 36 37 37 37 37 37 37 37 37 37 37 37 37 37 38 38 38 38 38 39 39 38 38 38 39 17 16 17 17 18 18 18 18 17 17 17 18 18 18 17 17 16 16 16 16 17 17 17 17 17 17 18 18 18 17 17 17 17 17 17 18 18 18 19 20 19 19 19 19 20 20 21 21 22 22 22 21 21 21 21 22 22 23 23 23 23 23 23 23 23 23 23 24 24 24 24 24 24 24 24 25 25 25 25 25 24 24 25 24 25 26 26 26 26 26 26 26 26 24 24 23 24 24 24 24 24 25 25 25 25 25 25 25 25 25 25 25 25 25 25 25 26 25 24 25 25 26 26 27 27 27 27 27 27 27 27 27 27 27 27 27 27 28 29 29 28 28 28 28 27 27 27 28 28 29 29 29 29 28 28 28 28 28 27 27 26 26 26 27 28 28 29 29 28 29 29 29 29 29 29 29 29 30 30 30 30 30 30 30 30 31 31 31 31 31 31 31 31 31 31 31 31 31 31 31 30 29 29 29 30 29 29 30 30 30 30 30 30 30 30 30 30 30 30 30 30 30 30 30 31 31 31 31 31 31 31 31 31 31 31 31 31 31 33 33 33 33 33 33 33 33 33 33 33 33 33 33 33 33 33 33 34 34 34 34 34 34 34 34 34 33 33 33 33 34 34 34 34 34 34 34 34 34 35 34 34 34 34 34 34 35 35 35 36 36 36 36 36 35 36 36 36 36 36 36 36 36 36 36 36 36 36 36 36 37 37 37 37 37 37 37 37 37 37 37 37 37 37 38 37 37 37 37 37 38 38 38 38 38 38 37 37 38 37 38 38 37 37 37 37 37 36 36 36 36 36 36 36 36 36 36 36 36 37 37 37 37 36 37 37 37 37 37 37 38 37 37 37 37 38 37 37 38 38 38 38 38 38 38 38 38 39 39 17 17 17 18 18 18 17 17 17 16 17 18 18 18 17 17 16 16 16 17 18 17 17 18 17 17 18 18 18 18 18 17 17 18 17 17 17 17 18 18 19 20 20 19 19 19 20 20 21 21 21 22 22 22 21 21 21 22 23 23 23 23 23 23 23 23 23 23 24 24 24 24 24 24 24 25 24 25 25 25 25 25 25 25 24 25 25 25 25 25 25 25 25 25 25 24 24 24 24 24 24 25 25 25 26 26 26 26 25 26 25 25 24 25 25 25 25 25 25 25 25 25 25 25 26 26 26 27 27 28 28 28 28 28 28 28 28 27 27 28 28 29 29 28 28 28 28 27 27 28 28 28 28 29 29 29 29 29 28 27 27 26 26 26 27 27 27 27 28 29 29 29 29 30 30 30 30 30 30 30 30 30 30 31 31 31 31 31 31 31 31 32 32 31 30 31 31 31 31 31 31 30 30 30 30 30 30 30 30 30 30 30 30 30 30 30 30 30 30 30 30 30 30 30 30 30 31 31 31 31 31 31 31 31 31 31 31 31 31 31 33 33 33 33 33 33 33 33 33 33 33 33 33 33 33 33 33 33 33 34 34 34 34 34 34 34 34 33 33 33 33 34 34 34 34 34 34 34 34 35 34 34 34 34 34 34 34 34 35 35 36 36 36 36 36 36 36 36 36 35 36 36 36 36 36 36 36 36 36 36 36 36 36 37 36 37 37 37 37 37 37 37 37 37 37 37 37 37 37 37 37 38 37 37 38 38 37 37 37 37 37 37 37 37 37 37 37 37 37 36 36 36 36 36 36 37 37 36 36 37 37 37 37 36 36 37 36 37 37 37 37 37 37 37 37 37 37 37 37 37 37 38 38 38 37 38 38 38 38 38 17 17 17 17 17 17 18 17 17 17 16 17 17 18 18 17 17 16 16 17 18 18 17 17 18 18 18 18 18 19 19 18 18 18 18 17 17 17 17 17 18 19 19 19 19 19 20 20 20 20 20 21 21 21 22 22 22 22 22 22 22 23 23 23 23 23 23 23 24 24 24 24 24 24 25 25 25 25 25 25 25 25 26 26 26 25 25 25 26 26 26 25 25 25 25 24 24 24 25 25 25 24 25 25 26 25 25 25 25 25 24 25 24 24 24 24 25 25 25 25 25 26 26 25 25 25 25 26 27 28 28 28 28 28 28 28 28 27 27 27 27 27 28 28 28 27 28 28 28 27 28 28 27 27 28 29 29 29 29 28 28 27 27 26 26 27 27 28 28 28 29 30 30 30 30 29 30 30 30 30 30 31 31 31 31 31 31 30 30 30 30 31 32 31 31 31 31 31 31 31 31 31 31 31 31 31 31 30 30 30 30 30 31 31 30 30 30 30 30 30 30 30 30 30 30 30 31 31 31 31 31 31 31 31 31 31 31 31 31 31 31 32 33 33 33 33 33 33 33 33 33 33 33 33 33 33 33 34 33 33 33 33 34 34 34 34 34 34 34 33 33 34 34 34 34 34 34 34 34 34 34 34 34 34 34 34 34 34 34 34 35 36 36 36 36 36 36 36 36 36 36 36 36 36 36 36 36 36 36 36 36 36 36 36 36 36 36 37 37 37 37 37 37 37 37 36 37 37 37 37 37 37 37 37 37 37 37 37 37 37 36 37 37 37 37 37 37 37 37 36 36 36 36 36 36 36 37 37 36 36 36 37 37 37 36 36 36 36 36 37 37 37 37 37 37 37 37 37 37 37 37 37 37 37 37 37 38 38 38 38 38 18 18 18 18 18 17 17 18 18 18 18 17 16 16 17 17 16 16 16 16 17 18 18 17 18 18 19 19 19 19 19 20 19 19 19 18 18 18 18 18 18 18 18 18 19 20 21 21 21 21 21 20 20 21 21 21 21 21 22 22 22 22 23 23 23 23 23 23 23 23 24 24 24 24 25 25 24 25 24 24 25 25 25 25 26 26 26 26 26 26 27 27 26 25 25 25 24 24 24 25 25 25 25 25 26 26 25 25 25 25 25 25 24 25 25 25 25 25 25 25 25 25 26 26 26 25 26 26 26 27 27 27 27 27 27 28 28 28 28 28 27 27 27 27 28 28 27 27 27 27 26 27 27 27 27 28 28 28 28 29 29 29 28 27 26 26 27 27 28 29 29 29 30 30 29 29 29 30 30 30 29 30 30 30 31 32 31 30 30 30 30 30 30 31 31 31 31 31 31 31 31 31 32 32 31 31 31 31 31 31 31 31 31 31 31 31 31 30 31 30 30 30 30 30 30 30 31 31 31 31 31 31 31 31 31 31 31 31 31 31 31 31 32 33 33 33 33 33 33 33 33 33 33 33 33 33 33 34 34 34 34 34 34 34 34 34 34 34 34 34 33 34 34 34 34 34 34 34 34 35 34 34 34 34 34 34 35 35 34 34 34 34 36 36 36 36 36 36 36 36 36 36 36 36 36 36 36 36 36 36 36 36 36 36 36 36 36 36 36 37 37 37 37 37 36 37 37 37 38 38 38 38 37 37 37 37 37 37 37 37 37 37 37 37 37 37 37 37 37 37 36 36 36 37 36 36 36 37 37 37 36 36 36 37 37 37 36 36 37 36 37 37 36 37 37 36 37 37 37 37 37 38 38 38 38 38 37 38 38 38 38 38 39 18 17 17 18 19 18 17 17 18 17 17 17 18 17 16 16 16 16 16 17 17 18 18 18 17 17 18 18 19 20 20 20 20 20 20 20 20 20 19 19 18 18 18 18 18 19 20 20 20 21 21 22 21 21 21 21 21 21 21 21 22 22 22 22 23 23 23 23 23 23 23 23 24 24 24 24 23 24 24 24 24 25 25 25 25 26 26 26 26 26 27 27 27 26 26 26 25 24 24 25 25 25 25 25 25 26 25 25 25 25 25 25 25 25 25 26 26 26 25 25 25 25 26 26 27 27 27 27 27 27 27 28 27 27 27 27 28 28 29 29 28 28 28 27 27 27 27 27 27 28 27 27 26 26 27 27 28 29 28 28 28 28 29 28 28 27 26 27 27 28 29 29 29 29 30 29 28 29 29 29 29 29 29 30 30 30 31 31 30 30 30 30 30 30 30 30 31 31 31 31 32 32 32 32 31 31 31 31 31 31 31 31 31 31 31 31 31 31 31 31 31 31 31 31 31 31 31 31 31 31 31 31 31 31 31 31 31 31 31 31 31 31 31 33 33 33 33 33 33 33 33 33 33 33 33 33 33 33 33 34 34 34 34 34 34 34 34 34 34 34 34 34 34 34 34 34 34 34 34 34 35 34 34 34 34 34 34 35 35 35 34 34 34 35 36 36 36 36 36 36 36 36 36 36 36 36 36 36 36 36 36 36 36 36 36 36 36 36 36 37 37 37 37 37 37 36 36 37 37 37 37 37 37 37 37 37 37 37 37 37 37 37 37 37 37 37 37 37 37 37 37 36 36 37 37 37 37 37 37 37 37 37 36 36 36 37 37 37 36 36 36 36 37 37 37 37 37 37 37 37 37 37 38 38 38 38 38 38 38 38 38 38 38 39 17 17 17 18 18 18 17 17 17 18 17 17 17 17 16 16 16 17 17 18 18 18 17 17 17 18 17 18 19 19 19 20 19 19 20 20 21 21 20 20 19 19 19 19 18 19 19 19 20 20 21 22 21 22 22 21 22 22 22 22 22 23 23 23 23 23 23 23 23 23 24 24 24 24 24 24 24 24 25 25 24 25 25 25 25 25 26 26 26 26 26 27 27 26 26 26 26 25 25 25 24 25 25 25 25 26 26 26 26 25 25 24 25 25 25 26 26 26 26 25 25 25 26 26 26 27 27 28 28 28 27 27 27 27 27 27 28 28 28 28 28 27 27 27 27 27 27 28 28 28 28 28 28 27 27 27 28 28 28 28 28 28 28 28 27 27 27 27 28 28 28 28 29 29 29 29 28 29 29 29 29 29 29 29 29 30 30 31 31 31 31 30 30 30 30 30 30 30 30 31 31 31 32 31 31 31 31 31 31 31 31 31 31 31 31 31 31 31 31 31 31 31 31 31 31 31 31 31 31 31 31 31 31 31 31 31 31 31 31 31 31 31 31 33 33 33 33 33 33 33 33 33 33 33 33 33 33 33 34 34 34 34 34 34 34 34 34 34 34 34 34 34 34 34 34 34 34 34 34 34 35 34 34 34 34 34 34 35 35 35 34 35 35 35 35 36 36 36 36 36 36 36 36 36 36 36 36 36 36 36 36 36 36 36 36 36 36 37 37 37 37 37 37 37 37 36 36 36 36 37 37 37 37 37 37 37 37 37 36 37 37 37 37 37 37 37 37 37 37 36 36 36 36 36 37 37 37 37 37 37 37 37 36 36 36 37 37 37 37 37 36 36 36 37 37 38 37 37 37 37 37 37 37 37 37 38 39 38 38 38 38 38 38 38 39 17 17 17 17 18 18 18 17 17 18 18 17 17 16 17 17 17 18 19 19 19 19 18 17 18 18 18 18 19 19 19 19 19 20 20 20 20 21 21 20 19 19 18 19 19 19 19 19 19 19 19 20 21 22 22 22 22 23 23 23 23 23 23 24 24 24 24 23 24 24 24 24 24 25 25 25 24 24 24 25 25 25 25 25 26 26 26 26 26 26 26 27 27 26 26 26 26 26 26 25 25 25 25 26 26 26 26 26 26 25 25 25 26 26 26 26 25 25 25 25 26 25 26 26 26 27 27 28 28 28 27 27 28 27 27 27 27 27 28 27 27 27 27 27 27 28 28 28 28 29 29 28 27 27 27 27 27 27 28 28 28 29 28 27 27 27 27 27 28 28 27 28 28 29 29 29 28 29 29 29 29 29 30 30 30 30 31 31 31 31 30 31 31 31 31 31 31 31 31 31 30 31 31 31 31 31 31 31 31 31 31 31 31 31 31 31 31 31 31 31 31 30 30 30 31 31 31 31 31 31 31 31 31 31 31 31 31 31 31 31 31 31 31 33 33 33 33 33 33 33 33 33 33 33 33 33 33 33 33 33 34 34 33 34 34 34 34 34 33 34 34 34 34 34 34 34 34 34 34 34 34 34 34 34 34 34 34 35 35 35 35 35 35 36 35 35 36 36 36 36 36 36 36 36 36 36 36 36 36 36 36 36 36 36 36 37 36 36 36 36 36 37 37 36 37 36 36 36 36 36 36 37 37 37 37 37 37 37 37 37 37 37 37 36 36 36 36 36 36 36 36 37 37 37 37 37 37 37 37 37 37 37 37 37 36 37 37 37 37 37 36 36 36 36 37 37 37 37 37 37 37 37 37 37 38 38 38 38 38 37 38 38 38 39 39 40 18 17 17 17 17 17 18 18 17 17 17 17 17 18 18 18 19 19 19 19 19 20 19 19 20 19 19 18 18 18 19 19 20 21 21 21 21 21 21 21 20 20 20 20 20 19 20 19 19 19 19 20 21 22 22 22 22 23 24 23 23 24 24 24 24 24 24 24 24 25 25 24 24 25 25 25 25 25 25 24 25 25 25 25 25 26 26 26 26 26 26 27 27 26 26 26 26 27 26 26 26 25 25 25 25 25 26 26 26 26 25 25 26 26 27 27 26 26 26 26 26 26 26 27 26 26 27 28 28 28 28 28 29 29 28 28 28 28 27 27 27 27 27 28 28 28 29 29 29 30 29 28 28 28 27 27 27 27 28 28 29 29 28 28 27 27 27 28 28 28 28 29 29 29 29 29 29 28 29 29 29 29 29 30 31 31 31 31 32 32 31 31 31 31 31 31 32 31 31 31 31 30 30 31 31 31 31 31 31 31 31 31 31 31 30 31 31 30 31 31 31 30 30 31 31 31 31 31 31 31 31 31 31 31 31 31 31 31 31 31 31 31 31 33 33 33 33 33 33 33 33 33 33 33 33 33 33 33 33 33 33 33 33 33 34 34 34 34 34 34 34 34 34 34 34 34 34 34 34 34 34 34 34 34 34 34 34 35 35 35 35 35 35 36 36 36 35 36 36 36 36 36 36 36 36 36 36 36 36 36 36 36 36 36 36 37 36 36 36 36 36 36 37 36 36 36 36 36 36 36 36 37 37 37 37 37 37 37 37 37 37 37 37 36 36 36 36 36 36 36 36 36 37 37 37 37 37 37 37 38 38 38 37 37 37 37 37 37 37 37 36 36 36 36 37 36 36 37 37 37 37 37 37 37 37 38 37 37 37 38 38 38 38 38 39 40 19 19 18 18 17 17 17 17 17 17 17 17 17 18 18 18 19 19 19 19 19 19 19 18 20 20 20 20 20 18 19 20 20 20 20 21 21 22 22 22 21 21 21 21 20 20 21 21 20 20 19 20 20 21 21 22 22 22 23 23 23 23 23 24 24 24 24 24 25 25 25 25 24 25 25 25 25 25 25 25 24 25 26 26 26 26 27 26 26 26 26 26 27 26 26 26 26 27 27 27 26 25 25 25 25 25 25 25 25 25 25 25 26 26 26 27 26 26 26 27 26 26 26 26 27 27 27 28 28 28 29 28 28 28 28 28 28 28 28 27 27 27 28 28 28 28 29 30 30 30 30 29 29 28 28 28 27 27 28 28 29 29 28 28 27 27 27 27 28 28 29 29 29 30 29 28 28 29 29 29 30 30 30 30 31 32 32 32 33 33 33 32 31 31 31 32 32 31 31 31 31 30 30 30 30 31 31 31 31 31 31 31 31 31 31 31 31 31 30 31 30 31 31 31 31 31 31 31 31 31 31 31 31 31 31 31 31 31 31 31 31 31 31 33 33 33 33 33 33 33 33 33 33 33 33 33 33 33 33 33 33 33 33 33 33 34 34 34 34 34 34 34 34 34 34 34 34 34 34 34 34 34 34 34 34 34 35 35 35 35 35 35 35 36 36 36 36 35 36 36 36 36 36 36 36 36 36 36 36 36 36 36 36 36 36 36 36 36 36 36 36 36 36 36 36 36 36 36 36 36 36 36 37 37 37 37 37 37 37 37 37 36 36 36 36 36 36 37 37 37 37 37 37 37 37 37 38 38 38 38 38 38 38 37 37 37 38 38 37 37 36 36 36 36 36 36 36 37 37 37 37 37 37 37 37 37 37 37 38 38 38 37 37 38 39 39 40 19 19 18 17 17 17 17 17 17 18 18 18 18 18 19 20 20 20 19 19 19 19 19 20 21 21 21 20 19 20 20 20 20 21 21 21 22 21 21 22 22 21 21 21 20 21 21 20 20 19 20 20 21 21 21 21 21 22 23 23 22 23 23 24 24 25 25 25 25 25 25 25 25 25 26 26 26 26 25 25 25 26 26 26 26 27 27 27 27 27 27 26 26 27 27 27 27 27 27 26 26 25 25 26 25 25 26 26 26 25 26 26 26 27 27 27 27 27 26 26 26 27 27 28 28 28 28 28 28 28 28 28 28 28 28 28 28 28 28 28 28 28 28 29 30 30 30 31 30 30 29 29 29 28 28 27 27 28 28 28 28 28 27 27 27 27 28 28 28 28 28 28 28 28 28 29 29 29 30 30 30 30 31 31 32 32 33 33 33 32 31 31 32 32 32 31 31 31 30 31 31 31 30 31 31 31 31 31 31 31 31 31 31 30 31 31 31 31 31 31 31 31 31 31 31 31 31 31 31 31 31 31 31 31 31 31 31 31 31 31 31 33 33 33 33 33 33 33 33 33 33 33 33 33 33 33 33 33 34 34 33 33 33 33 34 34 34 34 34 34 34 34 34 34 34 34 34 34 34 34 34 34 34 34 35 35 35 35 35 35 35 36 36 36 36 36 36 36 36 36 36 36 36 36 36 36 36 36 36 36 36 36 36 36 36 36 36 36 36 36 36 36 35 35 35 36 36 36 36 36 37 37 36 36 36 36 36 36 37 37 36 36 36 36 37 37 37 37 37 37 37 37 37 37 37 37 37 38 38 38 38 38 38 38 38 38 38 37 36 36 37 36 36 36 36 36 36 37 37 37 37 37 37 38 38 38 38 37 37 37 38 38 38 39 40 19 18 18 18 18 17 17 18 18 18 18 19 19 20 20 20 19 19 20 19 19 20 20 21 21 21 20 20 21 21 21 21 21 22 22 21 21 21 21 22 22 21 20 20 20 20 20 20 21 21 21 21 21 22 22 22 22 22 22 22 23 23 23 24 24 24 25 25 25 25 26 26 26 26 26 26 25 25 25 26 26 26 27 27 27 27 27 27 27 27 26 27 27 27 27 27 27 26 25 25 25 26 26 26 26 27 26 25 25 26 26 27 27 26 26 26 26 26 26 27 27 28 29 29 28 28 28 28 28 28 29 29 28 28 28 29 30 29 30 30 29 29 30 30 30 30 30 29 29 28 28 28 27 28 28 27 28 28 28 28 27 27 27 27 27 27 27 28 28 28 28 28 29 29 30 30 30 31 31 31 31 31 32 32 33 32 32 32 32 32 32 32 32 32 32 31 31 31 31 31 30 31 30 31 31 31 31 31 31 31 31 31 31 31 31 31 31 31 31 31 31 31 31 31 31 31 31 31 31 31 31 31 31 31 32 31 31 31 31 33 33 33 33 33 33 33 33 33 33 33 33 33 33 33 34 34 34 33 33 33 34 33 34 34 34 34 34 34 34 34 34 34 34 34 34 34 34 34 34 35 34 34 34 35 35 35 35 35 35 36 36 36 36 36 36 36 36 36 36 36 36 36 36 36 36 36 36 36 36 36 36 36 36 36 36 36 36 36 36 35 35 35 35 36 36 36 36 37 37 37 37 37 37 37 37 37 37 37 37 37 36 36 36 36 36 36 37 37 37 37 37 37 37 37 37 38 38 38 38 38 38 38 38 38 38 38 37 36 36 36 36 36 36 36 36 36 37 37 37 37 37 37 37 37 37 37 38 38 38 38 38 39 39 40 41 41 41 19 19 18 18 18 18 18 18 19 19 20 20 19 20 20 19 19 20 20 21 21 21 21 21 21 21 21 21 22 22 22 22 21 21 20 20 20 21 22 22 21 20 20 20 20 21 22 22 22 22 22 22 22 23 23 23 23 23 23 23 23 24 24 25 25 25 25 25 25 26 26 26 26 25 25 26 25 26 26 26 27 27 27 27 27 27 28 27 27 27 27 27 27 27 27 27 26 25 26 26 26 26 26 26 26 25 25 26 27 27 27 27 26 26 26 27 28 27 27 28 29 29 28 28 28 28 28 28 29 28 27 28 28 29 30 30 30 30 30 30 30 30 30 30 30 30 29 28 28 28 28 29 29 28 28 27 27 27 27 28 27 28 28 28 28 28 28 28 28 28 29 29 29 30 30 30 31 31 31 31 32 32 33 33 32 33 32 33 32 32 32 32 32 32 32 31 31 31 31 31 31 31 30 31 31 31 31 31 31 31 31 31 31 31 31 31 31 31 31 31 31 31 31 31 31 31 31 31 31 31 31 31 31 31 31 31 31 33 33 33 33 33 33 33 33 33 33 33 33 33 33 33 34 35 35 33 34 34 34 34 34 34 34 34 34 34 34 34 34 34 34 34 34 34 34 34 34 34 34 35 35 35 35 35 35 35 35 36 36 36 36 36 36 36 36 36 36 36 36 36 36 36 36 36 36 36 36 36 36 36 36 36 36 36 36 35 35 35 36 36 36 36 36 36 36 36 36 37 37 37 37 37 37 37 36 36 36 36 36 36 36 36 36 36 36 37 37 37 37 37 37 37 37 38 38 38 38 38 38 38 38 38 38 38 38 37 37 37 37 37 37 37 37 36 36 36 37 37 37 36 37 37 37 38 38 38 38 38 38 38 39 40 40 40 39 39 40 20 19 19 20 19 19 19 19 19 19 19 19 19 20 19 20 21 21 22 22 22 22 21 21 21 21 21 22 22 22 22 21 21 21 20 21 22 22 21 20 20 20 20 21 21 22 22 23 24 23 23 24 24 24 23 24 24 24 24 24 24 25 25 26 25 25 25 25 26 26 26 26 26 26 26 26 26 26 27 27 27 27 27 27 27 27 27 28 28 28 28 28 28 28 27 27 27 27 27 27 27 27 27 26 26 26 27 27 26 26 26 26 26 27 27 28 27 28 29 29 29 29 29 29 28 28 29 29 28 28 28 29 29 29 30 30 30 30 30 30 30 30 30 30 29 28 28 29 29 29 28 28 28 28 28 28 28 28 28 28 29 29 29 29 28 28 28 29 29 29 30 30 31 30 30 31 31 31 31 32 32 32 31 32 32 33 33 32 32 32 33 32 32 31 31 31 31 31 31 31 31 31 31 31 31 31 31 31 31 31 31 31 31 31 31 31 31 31 31 31 31 31 31 31 31 31 31 31 31 31 31 31 31 31 31 33 33 33 33 33 33 33 33 33 34 33 34 34 33 34 34 34 35 34 35 35 34 34 34 34 34 34 34 34 34 34 34 34 34 34 34 34 34 34 34 34 35 34 35 35 35 35 35 35 35 36 36 36 36 36 36 36 36 36 36 36 36 36 36 36 36 36 36 36 36 36 36 36 36 36 36 37 37 37 37 36 37 37 37 37 37 36 36 37 36 36 36 36 36 36 36 36 36 36 36 36 36 36 36 36 36 36 37 37 37 37 37 37 37 37 37 37 38 38 38 37 38 38 38 38 38 38 38 38 38 37 37 37 37 38 37 37 36 36 36 37 36 37 37 37 37 38 38 38 38 38 38 38 38 39 39 38 38 38 39 40 20 19 20 20 20 19 20 20 20 20 21 21 22 22 22 23 23 22 22 22 22 22 22 22 22 22 21 22 21 21 21 21 22 21 21 21 20 21 21 21 22 22 22 23 23 23 24 25 24 24 25 25 25 24 24 25 25 26 25 26 26 26 26 26 26 26 26 27 27 26 26 26 26 27 27 27 27 28 28 28 27 27 27 28 28 28 28 28 28 28 28 28 27 27 27 27 27 27 26 26 26 27 27 27 26 27 27 27 27 28 28 28 29 29 29 29 30 29 29 29 29 29 29 28 28 28 28 28 29 29 30 30 30 30 30 30 31 31 31 30 29 29 29 29 28 28 28 29 29 29 28 29 28 28 28 29 29 28 28 28 28 28 29 29 30 30 30 30 30 30 30 30 30 31 31 31 31 31 32 32 32 33 32 32 33 33 33 33 33 32 32 31 31 31 31 31 31 31 31 31 32 31 31 31 31 31 31 31 31 31 31 31 31 31 31 31 31 31 31 31 31 32 31 31 31 31 31 31 31 31 33 33 33 33 33 33 34 33 33 34 34 34 34 33 33 33 34 34 35 35 35 35 34 34 34 34 34 34 34 34 35 34 34 34 34 34 34 34 34 34 34 35 35 35 35 35 35 34 34 34 35 35 35 36 36 36 36 36 36 36 36 36 36 36 36 36 36 36 36 36 36 36 36 36 36 36 37 37 37 37 37 37 37 37 37 37 37 37 36 36 36 36 36 36 36 36 36 36 36 36 36 36 36 36 36 37 37 37 37 37 37 37 37 37 37 37 37 38 38 38 38 37 37 38 38 38 38 38 38 38 38 38 38 38 38 37 37 37 36 36 36 37 37 37 37 37 37 37 37 38 38 38 38 38 39 38 38 38 38 39 40 21 21 21 20 20 20 21 21 21 21 22 22 22 23 23 23 23 23 23 23 23 23 23 23 22 22 22 22 21 21 21 21 21 21 21 21 21 22 22 22 22 22 22 23 24 24 24 24 24 25 25 25 25 25 25 25 26 25 26 26 26 26 26 27 27 27 27 27 27 26 26 27 27 27 27 28 28 28 28 27 28 28 28 28 28 28 28 28 28 29 29 28 27 27 27 27 26 26 27 27 27 27 27 27 28 27 27 27 28 29 29 30 30 30 29 30 30 30 30 30 30 29 28 28 28 29 29 29 29 30 30 30 30 30 30 30 31 30 30 29 30 30 29 29 29 29 29 29 29 29 28 28 28 28 29 28 28 28 28 29 29 29 29 30 30 30 31 30 30 30 30 30 31 31 31 31 31 31 32 32 33 32 32 33 33 33 33 33 32 31 31 31 31 31 31 31 31 31 31 32 31 31 31 31 31 31 31 31 31 31 31 31 31 31 31 31 31 31 31 32 31 31 31 31 31 31 31 31 31 33 33 33 33 33 33 33 33 33 34 34 35 34 33 33 33 34 34 35 35 35 34 35 35 35 34 34 34 34 34 35 34 34 34 34 34 34 34 34 34 34 35 35 34 34 34 34 34 34 34 35 35 35 35 36 36 36 36 36 36 36 36 36 36 36 36 36 36 36 36 36 36 36 36 36 36 36 36 36 36 36 37 37 37 37 37 37 37 37 37 36 36 36 36 36 36 36 36 36 36 36 36 36 36 36 36 36 36 37 37 37 37 37 37 37 37 37 37 37 37 38 38 37 38 38 38 38 38 38 38 38 38 38 38 38 37 37 37 37 36 36 37 37 37 37 37 37 37 38 38 39 38 38 38 38 38 38 38 39 39 39 40 40 41 41 42 21 21 21 21 21 21 21 22 22 22 22 22 23 23 23 23 23 23 23 23 23 23 23 23 23 23 22 22 21 21 21 21 21 21 22 22 22 22 22 23 23 23 24 24 24 24 23 24 25 25 25 26 26 26 26 26 26 26 26 26 26 26 26 27 27 27 27 27 27 26 27 27 28 28 28 28 28 28 28 28 28 28 28 28 28 28 28 29 29 29 28 27 27 27 27 27 27 28 28 28 28 27 27 28 28 27 28 28 28 29 30 30 30 30 30 30 30 30 30 29 30 29 28 28 29 28 29 29 30 30 30 31 31 30 30 31 30 31 30 30 29 29 29 29 29 29 29 29 29 29 28 29 29 29 29 28 28 28 28 29 30 29 30 30 30 31 30 29 30 30 31 32 31 31 31 31 31 32 32 32 32 33 33 33 33 33 33 32 31 31 31 32 31 31 31 31 31 31 32 32 32 31 31 31 32 31 31 31 31 31 31 31 31 31 31 31 31 31 31 31 31 31 31 31 31 31 31 31 33 33 33 33 33 34 33 34 34 33 34 34 34 34 33 33 34 34 34 35 36 35 36 36 35 35 34 34 34 34 34 34 34 34 34 34 34 34 34 34 35 35 35 34 34 34 34 34 34 34 35 35 35 35 35 36 36 36 36 36 36 36 36 36 36 36 36 36 36 36 36 36 36 36 36 36 36 37 37 37 37 37 37 37 37 37 37 37 37 37 36 36 36 36 36 36 36 36 36 36 37 37 36 36 36 36 37 37 37 37 37 37 37 37 37 37 37 37 37 37 38 38 37 38 38 38 38 38 38 38 38 38 38 38 38 38 37 37 36 36 36 36 37 36 37 37 38 37 38 38 38 38 37 38 38 38 38 39 39 38 39 39 39 40 40 40 40 40 41 22 21 22 22 22 22 22 23 23 23 23 23 23 23 23 23 23 24 24 24 24 24 23 23 23 22 22 21 21 21 21 21 22 22 23 23 23 23 23 24 24 24 23 23 24 24 25 26 26 27 27 27 26 26 26 26 26 26 26 26 26 26 26 27 27 27 27 27 27 27 28 28 28 28 29 28 28 28 28 28 28 28 28 28 29 29 29 28 28 27 27 27 27 27 28 29 29 28 27 27 28 28 28 27 28 28 29 29 30 30 30 30 30 30 29 29 29 29 29 29 29 28 29 30 30 30 30 30 31 31 31 31 31 31 31 30 30 30 30 30 29 29 29 29 29 29 28 29 29 29 29 29 29 28 28 29 29 29 29 29 29 30 30 30 30 30 31 31 32 32 31 31 31 31 32 32 32 32 33 33 33 33 33 33 33 32 32 32 31 31 31 31 31 31 31 32 32 32 31 31 31 31 31 32 31 31 31 31 31 32 32 32 31 31 31 31 31 31 31 31 31 31 31 31 31 33 33 33 33 33 34 33 34 34 33 34 34 35 34 34 34 34 34 34 35 36 36 35 35 34 34 34 34 34 34 34 34 34 35 34 34 34 34 35 35 35 34 34 34 35 34 34 34 34 35 35 36 35 35 35 35 35 36 36 35 35 36 36 36 36 36 36 36 36 36 36 36 36 36 37 37 37 37 37 37 37 37 37 37 37 37 37 37 37 37 37 36 36 36 36 36 37 37 37 37 36 36 36 36 36 36 36 36 36 37 37 37 37 37 37 37 37 37 37 38 38 38 37 38 38 38 38 37 37 38 38 38 38 38 38 38 37 37 37 36 36 36 36 36 36 37 37 37 38 38 38 38 38 38 38 38 38 38 38 38 39 39 39 39 39 39 39 40 40 41 22 22 22 22 23 23 23 23 23 23 23 23 23 23 23 23 24 24 24 23 23 23 23 23 22 22 21 21 21 21 21 22 22 22 22 22 23 23 24 24 23 24 24 24 26 26 26 27 27 27 27 27 27 27 27 27 26 26 26 26 26 27 27 27 27 28 27 28 28 28 28 28 28 28 28 28 28 28 28 28 28 29 29 29 29 28 28 27 28 27 27 27 28 28 28 29 27 27 28 29 28 28 28 29 29 29 29 30 30 30 29 30 29 29 30 30 29 30 30 29 29 29 31 31 31 31 31 30 30 30 31 31 30 30 29 29 29 29 29 29 29 29 29 29 29 29 29 29 29 29 29 28 29 29 29 28 28 29 29 29 29 30 30 31 31 32 31 32 31 32 32 32 32 32 32 32 32 33 33 33 33 33 32 32 31 31 31 31 31 32 32 31 31 31 32 32 32 32 32 31 31 31 31 31 31 31 31 32 32 31 31 31 31 31 32 32 32 32 32 32 32 32 31 33 33 33 33 33 34 34 34 34 34 34 35 35 35 35 34 34 34 35 36 36 36 35 35 35 34 35 35 35 35 34 34 35 35 34 34 34 34 35 34 34 34 34 35 35 35 35 35 35 35 36 36 36 36 36 36 36 36 36 36 35 35 36 36 36 36 36 36 36 36 36 36 36 36 37 37 37 37 37 37 37 37 37 37 37 37 37 37 37 37 37 37 37 36 36 36 37 37 36 36 36 36 36 36 36 36 36 36 36 36 36 37 37 37 37 37 37 38 38 38 38 38 37 38 38 37 37 37 38 38 38 38 38 38 38 37 37 37 37 37 37 37 36 36 36 36 36 37 37 37 37 37 38 38 38 39 39 39 39 38 38 38 39 39 39 40 40 41 41 42 23 23 23 23 23 23 23 23 23 23 23 24 24 24 24 24 24 23 23 23 22 22 23 23 22 22 21 21 21 22 22 22 22 22 23 23 24 24 23 24 24 24 25 26 27 27 27 27 27 27 27 27 27 27 27 27 27 27 27 27 27 27 27 27 28 28 28 29 29 28 29 28 28 28 28 28 28 29 29 29 29 29 29 29 28 28 28 28 27 28 28 28 29 28 27 28 28 29 29 28 28 28 29 30 29 30 30 30 30 29 29 30 31 30 30 31 30 29 30 30 31 31 31 31 31 31 31 31 31 31 31 30 29 29 29 29 30 30 30 30 29 29 29 29 28 28 28 28 28 28 29 29 29 29 29 29 30 30 30 29 30 30 31 31 31 30 31 31 32 32 32 32 33 33 33 33 33 33 33 33 33 33 32 32 32 32 31 31 32 31 31 31 31 32 32 32 32 32 32 31 31 31 31 31 31 31 31 31 31 31 31 31 31 31 31 31 32 32 32 32 31 33 33 34 34 34 34 34 35 35 35 35 35 35 36 35 35 35 35 36 36 36 36 37 36 36 35 35 36 36 35 35 35 35 35 35 34 34 34 34 34 35 35 35 35 35 36 36 35 35 35 36 36 36 36 36 36 36 36 36 36 36 35 36 36 36 36 36 36 36 36 37 37 36 37 37 36 36 37 37 37 37 37 37 37 37 37 37 37 37 37 37 37 37 37 36 36 36 36 36 36 36 36 36 36 36 36 36 36 36 36 36 36 36 37 37 37 37 38 37 38 38 37 37 38 38 37 37 38 38 38 38 38 37 37 37 37 37 37 37 37 36 37 37 37 36 36 36 36 36 36 38 38 38 38 38 38 38 38 38 39 40 39 39 39 39 40 41 41 41 41 43 24 24 24 24 24 24 24 24 24 24 24 24 23 22 22 22 22 23 23 23 23 22 21 21 22 22 22 22 23 23 23 24 23 23 24 25 25 26 27 27 26 27 27 27 27 27 27 27 27 27 27 27 27 27 27 27 27 27 27 28 28 28 28 29 29 29 28 28 29 29 29 29 29 29 29 29 29 29 29 28 28 28 27 28 28 28 29 29 28 28 28 28 29 29 29 28 29 29 30 30 29 29 29 30 30 30 31 30 30 30 31 30 30 29 30 31 31 31 31 31 31 31 31 31 31 30 30 29 29 29 29 29 29 30 30 30 30 29 28 28 28 28 28 28 29 29 29 29 29 30 30 31 31 30 30 30 30 30 30 30 30 31 31 32 32 33 33 33 33 33 33 33 33 33 33 34 33 32 32 31 31 31 31 31 32 32 32 31 31 31 31 32 32 32 32 31 31 31 31 31 32 32 31 32 31 31 31 31 31 31 31 32 32 32 32 32 33 34 34 34 35 35 35 35 35 35 35 35 35 35 35 35 35 35 36 36 35 35 36 37 36 36 37 36 36 35 35 35 35 35 34 34 34 34 34 34 35 35 35 35 36 36 36 36 35 35 36 36 36 37 37 37 36 36 36 36 36 35 36 36 36 36 36 36 36 36 36 36 37 36 36 36 36 36 36 37 37 37 37 37 37 37 37 37 37 37 37 37 37 37 37 37 37 37 37 37 37 36 36 36 36 36 36 36 36 36 36 36 36 36 36 37 37 37 37 38 38 37 37 37 37 37 37 37 38 38 38 38 38 38 37 37 37 37 36 36 36 36 37 37 36 37 37 36 36 36 37 38 38 38 38 38 38 39 38 38 39 39 39 39 39 41 41 40 40 40 41 42 42 42 41 41 41 41 42 24 24 24 24 24 24 24 24 24 24 24 24 23 22 22 21 22 22 23 23 22 22 22 22 23 23 22 22 22 23 23 23 23 24 25 26 26 27 27 27 26 26 27 27 28 28 28 28 28 28 28 28 28 28 27 27 27 27 27 28 28 29 29 29 29 29 29 29 29 29 29 29 29 29 29 29 29 29 29 29 29 29 27 28 28 28 28 29 28 28 29 28 29 30 30 29 29 30 30 30 30 29 30 30 30 30 31 30 30 31 31 31 30 30 30 30 30 31 31 31 31 31 31 31 31 30 30 30 29 29 29 29 29 30 29 30 30 29 29 29 29 28 28 29 29 29 29 29 30 30 31 31 31 30 30 30 30 30 31 31 31 31 31 32 32 33 33 33 33 34 34 33 33 33 33 34 33 32 32 31 32 32 32 32 32 32 32 31 31 32 31 31 32 32 32 32 31 31 31 31 32 32 32 31 31 31 31 31 31 31 32 32 33 33 33 32 34 34 35 35 35 35 35 34 35 35 35 35 35 35 34 35 35 36 36 35 35 35 36 35 36 36 36 36 36 35 35 35 35 35 35 35 34 34 34 35 35 35 35 36 36 35 36 36 35 35 37 36 37 37 37 37 36 36 36 36 35 35 36 36 36 36 36 36 36 36 36 36 36 36 36 36 36 36 36 36 37 36 36 36 37 37 37 37 37 37 37 37 37 37 37 36 36 37 37 37 37 37 36 37 37 37 36 36 36 36 37 36 36 36 36 36 37 37 37 37 37 37 37 37 37 37 37 37 37 37 37 38 38 38 38 37 37 37 37 36 36 36 37 38 37 37 37 37 37 37 37 37 37 38 38 39 38 39 39 38 38 39 39 39 40 40 40 40 39 39 39 40 41 41 41 40 39 40 40 41 41 24 24 24 24 24 24 24 24 24 24 24 24 24 23 22 22 22 22 22 22 22 22 22 23 24 23 24 23 23 23 23 23 24 24 25 26 26 26 26 27 27 26 27 27 28 28 28 28 28 28 28 28 28 28 28 28 28 28 28 28 28 29 29 29 29 29 28 29 29 29 29 29 29 29 29 29 29 29 29 29 30 29 28 28 28 29 29 29 28 28 28 28 29 29 30 30 30 30 30 30 30 30 30 30 30 31 31 30 30 31 31 31 30 30 31 31 31 31 31 31 31 31 30 30 30 30 29 30 30 29 29 29 29 29 29 29 30 29 29 29 29 29 29 29 29 29 29 29 30 30 31 31 31 30 30 31 31 31 32 32 31 31 32 31 32 32 33 34 34 33 33 33 33 33 33 34 33 32 32 32 32 32 32 32 32 32 32 32 32 32 31 31 31 32 32 32 32 31 31 32 32 32 32 32 31 31 31 31 31 31 32 32 33 33 33 33 34 34 34 35 35 35 35 34 35 35 35 34 35 34 35 35 35 36 35 35 35 35 36 35 35 35 36 36 36 36 36 36 36 36 35 35 35 35 34 35 35 36 36 36 35 35 35 36 36 35 36 36 36 36 36 36 36 36 36 36 36 36 36 36 36 36 36 36 36 36 36 36 36 36 36 36 36 36 36 36 36 37 36 36 36 36 36 37 36 37 37 37 37 37 37 36 36 36 36 37 37 37 37 37 37 37 36 36 36 37 36 36 36 36 36 37 37 37 37 37 37 37 37 37 37 37 37 37 37 37 37 37 37 38 38 37 37 38 38 37 37 36 36 37 38 37 37 38 38 38 38 37 37 38 38 38 38 38 39 39 39 40 40 41 41 40 39 38 39 38 39 39 40 40 40 40 39 39 39 39 40 41 24 24 24 24 24 25 24 24 24 24 23 23 22 22 22 22 22 22 22 22 22 22 23 23 24 24 24 24 24 24 24 24 24 24 25 25 26 27 27 27 26 27 28 28 27 28 28 28 28 28 28 28 28 28 28 29 29 29 28 28 29 29 29 29 29 29 29 29 29 29 29 29 29 29 29 29 29 29 30 30 29 28 28 28 28 29 29 28 29 28 29 29 29 30 31 30 31 31 31 30 30 30 30 31 31 31 30 30 31 31 31 30 30 31 31 31 31 31 31 31 31 30 30 29 29 29 29 29 29 29 29 29 29 29 29 30 29 29 29 29 29 29 29 29 29 29 30 30 31 31 32 31 30 30 31 31 32 32 32 32 32 32 32 32 33 33 34 34 34 33 33 33 34 34 34 34 33 32 32 32 32 32 32 32 32 32 32 33 32 32 32 32 31 31 32 32 32 32 32 32 32 32 31 31 32 31 31 31 32 32 32 33 33 33 33 34 34 35 35 35 35 35 34 34 35 35 34 35 34 35 35 35 35 35 35 35 35 35 35 35 35 36 35 35 35 36 36 36 36 36 36 35 35 35 35 35 35 36 35 35 35 35 35 35 35 36 36 36 36 36 36 36 35 36 36 36 36 36 36 36 36 36 36 36 36 36 36 36 36 36 36 36 36 36 36 37 37 36 36 36 36 36 36 36 36 37 37 36 36 36 36 36 36 37 37 37 37 37 37 37 37 37 37 37 38 37 37 36 37 37 37 36 37 37 37 37 37 37 37 37 37 37 37 37 37 37 37 37 37 37 37 38 37 38 37 37 36 36 37 38 37 37 37 38 38 38 38 37 37 38 38 38 39 39 40 40 40 41 40 40 40 39 39 38 38 38 38 40 39 39 40 40 39 39 39 40 41 41 25 24 24 24 25 25 25 24 24 23 22 22 22 22 23 23 23 23 23 22 22 22 22 23 23 24 23 24 25 25 25 25 25 25 26 25 25 26 27 27 26 27 27 27 27 28 28 28 28 28 28 28 28 28 28 29 29 29 29 29 28 29 29 29 29 29 29 29 29 29 29 29 29 29 29 29 30 29 29 30 29 28 28 29 29 29 29 29 30 29 29 30 30 31 31 30 31 31 30 30 31 31 30 31 31 31 31 30 30 31 31 31 30 30 31 31 31 32 32 31 31 30 30 29 29 29 29 30 30 30 29 29 29 29 29 29 29 29 29 30 29 29 29 29 29 29 29 30 30 31 31 31 31 31 31 32 32 33 33 33 33 33 33 32 32 33 34 34 34 34 34 33 34 34 34 33 33 32 32 33 32 32 32 32 32 33 32 33 32 32 32 32 32 32 31 32 32 32 32 32 32 32 32 32 31 31 31 31 31 32 32 32 32 32 33 34 34 35 35 35 35 34 34 34 34 35 34 34 34 34 35 35 35 35 35 35 35 35 35 35 36 35 36 35 35 35 35 35 35 35 35 35 35 35 35 35 35 35 35 35 35 35 35 35 35 36 36 36 36 36 36 36 36 36 36 36 36 36 36 36 36 36 36 36 36 36 36 36 36 36 36 36 36 36 37 37 37 36 36 36 36 36 36 36 36 37 37 37 36 36 36 36 36 37 37 37 37 38 37 37 37 37 37 38 38 38 38 38 38 38 37 37 36 36 36 36 37 37 38 37 38 38 38 37 38 37 37 37 37 37 37 38 38 37 38 37 37 36 36 37 37 37 37 37 37 38 38 37 37 37 37 37 38 39 40 40 40 40 39 39 40 40 40 39 38 38 39 39 38 39 39 39 39 39 39 40 40 40 40 25 25 25 25 25 25 25 24 23 22 23 22 23 24 23 24 24 23 23 22 22 23 23 23 23 23 23 24 24 25 26 26 26 27 27 26 26 27 27 26 26 26 27 27 27 28 28 28 28 28 28 29 29 29 29 29 29 29 29 29 29 29 29 29 29 29 29 29 29 29 30 30 30 30 30 30 30 30 30 30 29 28 29 30 30 29 29 30 30 30 30 31 31 31 31 31 32 31 31 31 31 31 31 31 30 30 31 31 31 31 31 31 31 31 32 32 32 32 31 31 30 30 30 29 29 30 30 31 30 30 29 29 29 29 29 30 30 30 30 29 29 29 29 29 29 29 29 30 30 31 31 32 32 32 33 33 33 34 34 34 34 34 33 33 33 34 34 34 34 34 33 34 34 33 32 32 32 32 33 33 32 32 32 32 33 33 33 32 32 32 32 32 32 31 31 32 31 31 31 31 31 31 31 31 31 31 31 31 32 32 32 32 32 33 34 34 34 34 35 35 34 34 34 34 34 34 34 34 34 35 35 35 35 35 35 35 35 35 35 35 35 35 35 35 35 35 35 35 35 35 35 35 35 35 35 35 35 35 35 35 35 35 35 35 36 36 36 36 36 36 36 36 36 36 36 36 36 36 36 36 37 36 36 36 36 36 36 36 36 36 36 36 36 36 36 36 36 36 36 37 37 36 36 37 37 37 37 36 36 36 36 36 36 36 36 36 36 36 36 36 37 37 37 37 36 36 37 37 37 38 38 37 37 37 37 37 38 38 38 38 38 38 38 37 37 37 37 37 37 37 37 38 37 38 38 37 36 36 36 37 37 37 37 37 38 38 38 37 37 38 38 38 38 39 39 39 40 39 38 39 40 39 39 39 38 38 38 38 39 39 38 38 39 39 39 39 39 40 41 25 25 25 25 25 25 24 23 23 23 23 24 24 24 25 24 24 23 23 23 23 23 23 23 24 24 24 24 24 25 25 26 26 27 27 26 26 26 27 28 27 27 28 28 28 28 28 28 29 29 29 29 29 29 29 29 29 29 29 29 29 29 30 29 29 29 30 30 30 30 30 30 30 30 30 30 30 30 30 29 29 29 30 30 29 29 30 30 31 31 31 31 31 31 31 32 32 32 31 31 31 31 31 31 31 31 31 31 31 31 31 31 31 32 32 32 31 31 30 30 29 29 30 30 30 31 31 30 30 29 29 29 29 29 30 30 29 29 29 29 29 29 29 30 30 30 30 31 31 32 32 33 33 33 33 34 34 34 34 34 34 33 34 34 34 34 34 34 34 33 33 33 32 32 32 32 32 32 32 32 32 32 32 33 33 33 32 32 32 32 32 32 32 32 32 32 32 31 32 32 32 31 31 31 31 31 31 31 32 32 32 32 32 34 34 34 34 34 34 35 34 34 34 34 34 34 35 35 35 35 35 35 35 35 35 35 35 35 35 35 35 35 35 35 35 35 35 35 35 35 35 35 35 35 35 35 35 35 35 35 35 35 35 36 36 36 36 36 36 36 36 36 36 36 36 36 36 36 36 37 37 37 36 37 36 36 36 36 36 36 36 36 36 36 36 36 36 36 36 36 36 37 37 37 37 37 36 37 37 37 37 36 36 35 36 36 35 35 34 35 35 36 36 35 35 35 36 37 38 38 38 38 38 38 38 38 38 38 39 38 38 38 38 38 37 37 36 37 37 37 37 37 38 38 37 36 36 36 36 36 37 37 37 38 38 38 38 38 38 38 38 39 39 39 38 39 39 38 39 39 39 38 38 38 38 38 38 38 38 38 39 39 40 39 39 39 40 41 41 41 25 25 25 25 25 25 24 24 24 24 24 24 24 24 24 23 23 23 23 23 23 23 23 23 24 25 25 24 25 25 25 25 26 27 27 27 26 27 28 28 28 28 28 28 28 28 28 28 28 28 29 29 29 29 29 29 29 29 29 29 29 29 29 30 30 30 30 30 30 31 31 31 31 31 31 31 32 31 31 30 30 30 31 30 30 31 31 31 31 32 32 31 31 32 32 32 33 33 33 33 32 32 32 33 32 32 32 33 32 32 32 32 32 32 31 31 31 31 30 30 30 30 30 30 30 30 30 30 30 30 30 30 29 29 29 29 29 29 29 29 29 29 30 30 30 30 31 31 31 32 33 34 33 34 34 34 35 35 34 35 34 34 34 34 34 34 34 33 33 32 32 32 32 32 32 32 32 32 32 32 32 33 32 32 32 32 32 31 31 31 31 31 31 32 32 31 31 31 31 31 31 31 31 31 32 32 31 31 31 31 32 32 33 34 33 34 34 34 34 34 34 33 34 34 34 34 34 34 34 34 34 34 34 34 34 34 34 34 34 34 34 34 34 34 34 34 34 34 35 35 35 35 35 35 35 35 35 35 35 35 35 34 36 36 36 36 36 36 36 36 36 36 36 36 36 36 36 36 36 37 37 37 37 37 37 37 36 36 36 36 36 36 36 36 36 36 36 36 36 36 36 36 36 36 36 36 37 37 36 36 36 36 36 36 35 35 35 35 36 36 36 35 35 36 36 36 37 37 37 37 38 39 39 39 38 39 39 39 39 39 39 39 38 38 37 37 37 38 38 38 38 38 38 38 37 37 37 37 37 37 38 38 38 38 39 38 38 38 38 38 39 39 39 38 38 38 38 39 39 39 38 38 39 40 40 39 39 39 39 40 40 40 41 41 41 41 42 41 41 41 42 26 26 26 25 24 24 24 24 24 25 24 23 23 24 24 23 23 23 24 23 23 24 24 25 25 26 26 26 26 26 27 28 27 26 26 27 28 28 28 28 28 28 28 28 28 29 29 29 29 29 29 29 29 29 29 29 29 29 29 30 30 30 30 30 30 30 31 30 30 31 31 31 31 31 31 31 31 30 31 31 31 32 31 31 31 32 32 32 31 31 31 31 32 32 32 32 32 32 32 33 33 33 32 33 33 33 33 33 33 31 31 31 31 31 31 30 30 30 30 31 30 30 30 30 30 30 30 30 30 29 29 29 29 29 29 29 29 30 30 30 30 31 31 31 31 31 31 32 34 34 34 34 34 35 35 35 35 35 35 35 34 34 34 33 34 33 33 33 32 32 32 33 33 32 32 32 32 32 32 32 31 31 31 31 31 32 31 31 32 32 32 32 32 32 31 31 31 31 31 32 32 32 32 31 31 31 31 32 32 33 34 34 34 34 34 34 34 34 34 34 34 34 34 34 34 34 34 34 34 34 34 34 34 34 34 34 34 34 34 34 34 34 35 35 35 35 35 35 35 35 35 35 35 35 35 35 35 35 35 36 36 36 36 36 36 36 36 36 36 36 36 36 36 36 36 36 37 37 37 37 37 36 36 36 36 36 36 36 36 36 36 36 36 36 36 36 36 36 36 36 36 36 36 36 36 36 36 37 37 37 37 36 35 36 36 37 37 37 36 35 36 36 36 36 37 37 37 37 37 38 38 38 38 38 38 39 39 39 38 38 37 37 37 37 38 38 38 38 38 38 38 38 38 38 37 37 37 37 37 38 38 38 38 37 38 38 38 39 39 39 39 39 39 38 38 38 38 38 39 39 39 40 41 40 40 40 40 41 41 42 42 42 42 41 41 40 41 41 26 25 24 24 25 24 25 24 24 23 24 24 23 24 24 24 24 23 23 23 24 25 25 25 26 26 27 27 28 27 27 27 27 27 27 28 28 29 29 29 28 29 29 29 29 29 29 29 29 29 29 29 29 30 30 30 30 30 30 30 31 30 31 31 31 31 31 31 31 31 31 31 31 31 31 31 31 31 32 32 32 31 31 32 31 31 31 31 31 31 32 33 33 33 32 33 33 34 33 33 33 33 34 33 33 32 31 31 31 31 31 31 31 30 30 30 30 30 30 30 30 30 30 30 30 30 30 30 29 29 29 29 29 29 29 30 30 31 31 30 31 31 31 31 32 33 34 34 34 34 34 34 35 35 35 35 35 34 33 33 33 33 33 33 33 32 32 33 33 33 33 33 33 32 32 32 32 31 32 32 32 31 31 31 31 31 32 32 32 32 31 31 31 31 31 32 32 32 32 32 31 31 32 32 32 32 33 34 34 34 34 34 34 34 34 34 34 34 34 34 34 34 34 34 34 34 34 34 34 34 34 34 34 34 34 34 34 34 34 34 34 35 35 35 35 35 35 35 35 35 35 35 35 35 35 35 36 36 36 36 36 36 36 36 36 36 37 36 36 36 36 36 36 37 37 37 37 37 36 36 36 36 36 36 36 36 36 36 36 36 36 36 36 36 36 36 36 36 36 36 36 36 36 36 37 37 37 37 36 36 36 36 36 37 36 36 36 36 36 35 36 36 37 37 37 37 37 38 37 37 37 37 38 38 38 38 38 38 37 37 37 37 38 37 37 37 37 38 38 38 38 37 37 37 37 37 37 38 38 38 37 38 38 38 38 38 38 38 39 38 39 38 38 38 38 39 39 39 40 40 40 41 41 41 41 41 41 41 41 40 40 40 41 42 42 42 26 25 25 24 25 24 24 24 24 24 24 24 25 25 24 24 24 24 23 23 23 24 25 25 26 27 28 28 28 28 28 27 27 27 28 28 28 29 29 29 29 29 29 29 29 29 29 30 30 30 30 30 30 30 30 30 30 30 30 31 31 31 31 31 31 31 31 31 31 32 31 31 32 31 31 31 31 32 32 32 32 32 32 31 31 31 31 31 31 32 32 33 33 32 33 34 34 33 33 33 34 34 33 33 32 30 30 30 31 32 31 31 31 31 30 30 29 29 29 29 29 30 30 30 30 30 30 29 29 29 30 30 30 30 30 31 31 30 30 30 30 31 31 32 32 33 34 34 34 35 35 35 35 35 35 34 34 33 33 33 33 33 33 33 32 33 34 34 33 33 33 33 33 32 32 32 32 32 32 32 32 31 31 32 32 31 32 32 32 31 31 31 31 31 32 32 32 32 31 31 31 32 32 32 32 33 33 34 34 34 34 34 34 34 34 34 34 34 34 34 34 34 34 34 34 34 34 34 34 34 34 34 34 34 34 34 34 34 34 34 35 35 35 35 35 35 35 35 35 35 35 35 35 35 35 36 36 36 36 36 36 36 37 37 36 36 36 36 36 36 36 36 37 37 37 37 36 36 36 36 36 36 36 36 36 36 36 36 36 36 36 36 36 36 36 36 36 36 36 36 36 36 36 36 36 37 37 37 37 37 36 36 36 37 36 36 36 35 35 35 35 36 36 37 37 38 37 37 37 38 38 38 38 38 38 38 38 38 38 38 37 38 37 37 37 37 37 37 37 37 38 38 38 37 37 36 37 37 38 37 37 38 38 38 37 38 38 38 38 38 37 38 38 39 39 39 40 40 40 40 40 40 41 41 41 41 40 40 40 40 40 41 42 42 42 42 26 26 26 25 25 25 25 24 24 24 24 25 25 25 25 24 25 25 25 25 24 23 24 25 25 26 27 28 28 29 29 29 28 28 28 28 28 29 29 29 29 29 29 29 29 29 29 29 29 30 30 30 30 30 30 30 30 30 30 30 31 31 31 31 31 31 31 31 31 31 31 31 31 31 31 31 31 31 32 32 32 32 32 32 31 31 31 31 31 31 32 32 32 33 33 33 34 34 34 33 33 34 34 34 33 32 31 30 31 31 31 31 31 31 30 30 30 29 29 30 30 30 30 30 30 30 30 30 30 29 30 30 30 31 31 31 30 30 30 30 31 31 31 32 32 33 33 34 34 34 34 35 35 35 35 36 35 35 34 33 33 33 33 34 34 33 33 33 33 33 32 32 32 33 33 33 33 33 33 33 32 32 31 31 32 32 31 32 32 32 32 32 32 31 31 32 32 32 32 32 31 32 32 32 32 32 34 34 34 34 34 34 34 34 34 34 34 34 34 34 34 34 34 34 34 34 34 34 34 34 34 34 34 34 34 34 34 34 34 34 34 35 35 35 35 35 35 35 35 35 35 35 35 35 35 35 36 36 36 36 36 36 36 36 36 36 36 36 36 36 36 36 36 36 37 37 37 36 36 36 36 36 37 37 37 36 36 37 37 37 36 36 36 36 36 36 36 36 36 35 36 36 36 36 36 36 36 37 37 37 37 37 36 36 37 37 37 36 36 36 36 35 35 36 36 37 37 37 37 38 38 38 38 38 38 38 38 38 38 38 38 37 37 37 37 37 37 37 37 38 38 38 38 38 38 37 37 36 37 37 37 37 38 38 37 37 37 37 37 37 38 39 39 39 39 39 39 40 40 39 39 40 40 40 41 40 40 40 40 40 40 41 42 42 42 41 41 27 27 26 26 26 25 25 25 24 25 25 25 26 26 25 25 26 26 26 25 25 25 24 24 26 26 26 27 28 29 29 29 29 29 29 29 29 29 29 29 29 29 29 29 29 29 29 30 30 29 29 30 30 30 30 30 30 31 31 31 31 31 31 31 31 31 31 31 31 31 31 31 31 31 31 31 32 32 32 32 32 32 32 32 32 31 30 31 32 32 32 32 31 32 32 33 33 34 34 34 33 33 34 34 33 32 32 30 30 30 31 31 31 31 31 30 30 30 30 30 30 30 30 30 30 30 30 30 30 30 30 30 30 30 31 30 30 30 31 31 31 31 31 31 31 32 33 33 33 34 34 34 35 35 35 35 36 35 34 34 34 33 33 33 34 33 33 33 33 33 33 33 33 32 32 32 33 32 33 32 33 33 32 31 32 32 32 32 32 32 32 33 32 32 32 32 33 33 33 32 32 32 32 32 32 33 33 34 34 34 34 34 34 34 34 34 34 34 34 34 34 34 34 34 34 34 34 34 34 34 34 34 34 34 34 35 34 34 34 34 34 34 35 35 35 35 35 35 35 35 35 35 35 35 35 35 35 36 36 36 36 36 36 36 36 36 36 36 36 36 36 36 36 36 36 37 37 37 37 36 36 36 36 36 37 37 36 36 36 37 37 37 36 36 36 36 36 36 36 36 36 36 36 36 36 36 37 37 37 37 36 37 37 37 37 37 37 37 37 37 36 36 36 36 36 36 36 37 37 37 37 37 37 37 37 38 38 38 38 38 37 37 37 37 37 37 37 37 37 37 38 38 38 37 38 38 38 37 37 37 37 37 37 38 37 37 36 37 37 38 37 37 38 38 38 38 39 40 40 40 38 39 40 40 40 41 41 40 39 39 40 40 40 41 41 40 40 40 27 27 26 26 26 26 26 25 25 26 26 26 26 25 25 26 26 26 26 26 26 25 24 24 25 26 26 27 28 28 29 29 29 29 30 30 30 30 29 29 29 29 29 29 29 30 30 30 30 30 30 30 30 30 30 30 30 31 31 31 31 31 31 31 31 31 31 31 31 31 31 31 31 31 31 31 31 32 32 32 32 32 32 32 32 31 30 31 31 32 32 32 31 31 32 33 33 33 33 34 33 33 33 33 32 32 32 31 30 30 31 31 31 31 32 31 31 30 30 30 30 30 30 30 30 30 30 30 30 30 30 30 30 30 30 30 31 31 31 31 32 32 31 31 31 32 32 33 33 33 34 34 34 35 35 36 35 35 35 34 33 33 33 33 33 33 33 33 33 33 32 32 33 33 33 32 32 32 32 32 33 33 33 32 32 32 33 32 32 32 32 33 33 33 33 33 33 33 33 32 32 32 32 32 32 32 32 34 34 34 34 34 34 34 34 34 34 34 34 34 34 34 34 34 34 34 34 34 34 34 34 34 34 35 34 34 34 34 34 34 34 34 34 35 35 35 35 35 35 35 35 35 35 35 35 35 35 36 36 36 36 36 36 36 36 36 36 36 36 36 36 36 36 36 36 36 37 37 37 36 36 36 36 36 36 37 37 37 36 36 36 37 36 36 36 35 36 36 37 37 36 36 36 36 36 36 36 37 37 37 37 37 37 37 37 37 37 37 37 37 37 37 36 36 36 36 36 36 36 37 37 37 37 37 37 37 38 37 37 38 37 37 37 37 37 37 37 37 37 37 37 37 37 37 37 38 38 38 38 37 37 37 37 37 37 36 37 37 38 39 38 37 37 37 38 38 39 38 39 39 38 38 39 40 40 41 41 40 39 39 40 40 40 41 41 40 39 39 40 27 27 27 27 27 27 26 26 26 26 26 26 25 26 26 27 26 27 26 25 24 24 26 26 27 27 27 27 28 28 29 29 29 30 30 30 30 29 29 29 29 29 29 30 30 30 30 30 30 30 30 30 30 30 30 30 31 31 31 31 31 31 31 31 31 31 31 31 32 32 31 31 31 31 31 32 32 32 32 32 32 32 32 32 31 30 31 31 32 32 32 31 31 32 32 33 33 33 33 33 33 32 32 32 32 32 31 31 31 30 31 31 31 31 31 31 31 30 30 30 30 30 30 30 30 30 30 30 30 30 30 31 30 30 30 30 30 31 31 31 31 31 31 31 32 32 33 33 33 33 34 34 35 35 36 36 35 34 33 33 33 32 33 33 33 33 33 33 33 32 32 32 33 33 33 33 33 33 32 32 32 33 33 33 33 33 32 32 32 33 33 33 33 32 32 32 33 32 32 32 32 33 33 33 33 32 34 34 34 34 34 34 34 34 34 34 34 34 34 34 34 34 34 34 34 34 34 34 34 34 34 34 34 34 34 34 34 34 34 34 34 34 34 35 35 34 35 35 35 35 35 35 35 35 35 35 37 37 37 37 36 36 36 36 36 36 36 36 36 36 36 36 36 36 36 37 37 37 37 36 36 36 36 37 37 37 36 36 37 36 36 36 36 36 35 35 36 36 37 37 37 37 36 36 36 36 37 37 37 37 37 37 37 37 38 37 37 37 37 37 37 37 36 36 36 36 36 36 36 36 36 36 36 37 37 37 37 37 37 37 37 37 37 37 37 37 37 37 37 37 37 37 37 37 37 38 37 37 38 37 37 37 37 36 37 37 38 38 38 39 38 37 37 37 38 38 38 38 39 38 38 39 39 40 40 40 40 39 39 39 40 40 41 40 40 39 39 40 40 40 27 27 27 27 27 27 26 26 26 26 26 26 26 26 26 26 26 26 26 25 25 27 27 27 26 27 27 27 28 28 29 29 30 30 30 30 30 30 29 30 30 29 30 30 31 31 31 30 31 31 31 31 30 30 30 31 31 31 31 31 31 31 31 31 31 31 32 32 32 32 32 32 32 32 32 32 32 32 32 32 33 33 32 31 31 31 31 31 31 31 31 32 32 32 32 32 33 32 32 32 32 31 31 32 32 31 31 31 31 31 31 31 31 31 31 31 30 30 30 30 30 30 30 30 30 30 30 30 31 31 31 31 30 30 30 30 31 31 31 31 31 31 31 32 32 32 33 33 34 34 34 34 34 35 36 35 34 33 33 33 33 33 32 33 33 33 33 33 33 33 32 32 32 33 33 32 32 33 32 32 32 32 33 33 33 33 33 33 33 34 33 33 33 32 32 32 32 32 32 32 32 33 33 33 33 34 34 34 34 34 34 34 34 34 34 34 34 34 34 34 34 34 34 34 34 34 34 34 34 34 34 34 34 34 35 35 34 34 34 34 34 34 34 35 35 34 34 34 35 35 35 35 35 35 35 37 37 37 37 37 37 37 36 37 37 37 37 37 37 37 36 36 36 36 36 37 37 37 36 36 36 36 36 36 36 36 36 37 36 36 36 36 36 36 35 35 36 36 36 37 37 37 37 36 36 36 36 37 37 37 37 37 37 37 37 37 37 37 37 37 37 37 37 37 36 36 36 36 36 36 36 36 36 36 36 36 37 37 36 36 37 37 36 37 37 37 37 37 37 37 37 37 37 37 37 37 37 37 37 37 37 37 37 37 37 37 38 38 38 38 37 37 37 38 37 38 38 38 38 38 38 39 39 40 40 40 40 39 39 40 40 40 40 39 39 39 39 39 40 28 28 28 28 27 27 27 26 27 27 27 27 26 25 25 25 25 26 26 25 25 26 26 26 27 27 27 27 27 28 29 29 29 30 30 30 30 30 30 30 30 30 30 31 31 31 31 31 31 31 31 31 31 30 30 31 31 31 31 32 32 32 32 32 31 31 32 32 32 32 32 32 32 32 32 32 32 32 33 32 32 33 32 32 31 31 31 31 32 32 32 32 32 32 32 32 33 32 32 31 31 31 31 31 31 31 31 31 31 31 32 31 31 31 31 30 30 31 30 30 30 30 30 30 30 30 30 31 31 31 31 30 30 30 30 30 31 31 31 31 31 31 31 31 31 32 32 33 33 33 33 33 34 35 34 34 34 34 33 34 33 33 33 32 33 33 33 32 32 32 32 32 32 32 32 32 32 32 32 32 32 32 33 33 32 33 33 33 33 34 33 33 33 32 32 32 32 33 32 32 32 33 33 33 33 34 34 34 34 34 34 34 34 34 34 34 34 34 34 34 34 34 34 34 34 34 34 34 34 34 34 34 34 34 34 34 35 35 34 34 34 34 34 34 35 34 34 34 34 35 35 35 35 35 35 36 37 36 37 37 37 37 36 37 37 37 37 37 37 37 37 37 36 36 36 37 37 37 36 36 36 36 36 36 36 36 36 36 37 37 37 37 37 36 36 35 36 36 36 36 37 37 37 37 36 36 36 36 36 37 37 37 37 37 37 37 37 37 37 37 37 37 37 37 36 36 36 36 36 36 36 36 36 36 36 36 36 36 36 37 37 37 36 36 37 37 37 37 37 37 37 37 37 37 37 37 37 37 37 37 37 37 37 37 37 38 38 38 38 38 37 37 37 37 38 38 38 38 37 38 38 39 39 39 39 40 40 39 39 39 40 40 40 40 40 39 39 39 39 40 28 28 28 27 27 27 27 27 27 26 25 25 25 26 26 26 27 26 26 26 27 27 26 27 28 28 29 29 29 29 29 30 30 31 31 30 30 30 30 30 30 31 31 31 31 31 31 31 31 31 31 31 31 31 31 32 32 32 32 32 32 32 32 32 32 32 32 32 32 32 32 32 33 33 33 33 32 33 33 33 32 32 31 31 31 32 32 32 32 32 32 32 32 32 32 32 32 31 31 31 31 31 31 31 31 31 31 32 32 31 31 31 30 30 30 31 31 31 30 30 30 30 30 31 31 31 31 31 31 30 30 30 30 31 31 31 31 31 32 32 31 32 32 32 33 32 32 33 33 34 34 33 33 34 34 34 33 33 33 33 33 33 33 34 33 32 32 33 33 33 32 33 32 32 33 33 33 32 32 32 32 33 33 33 33 33 34 33 33 33 33 33 32 32 32 33 32 32 32 33 33 33 34 34 34 34 34 34 34 34 34 34 34 34 34 34 34 34 34 34 34 34 34 34 34 34 34 34 34 34 34 34 35 35 35 34 34 34 34 34 35 35 34 34 34 34 35 35 35 35 35 35 36 36 37 37 37 37 37 37 37 37 37 37 37 37 37 37 37 36 36 36 37 37 36 36 36 36 36 36 36 36 36 37 37 37 37 37 37 36 36 36 35 35 36 36 36 36 36 36 36 37 37 36 36 37 37 37 37 37 37 37 37 37 37 37 37 37 37 37 37 36 36 36 36 36 36 36 36 36 36 36 36 36 36 36 37 37 36 36 36 37 37 37 37 37 36 37 37 37 37 37 37 37 37 37 37 37 37 37 37 38 38 38 39 38 38 37 38 37 37 37 37 38 37 38 38 38 38 38 38 38 39 40 39 39 39 40 40 40 40 40 39 39 39 40 40 40 28 28 28 28 28 27 26 25 26 26 26 26 26 26 26 26 27 26 27 27 27 28 27 28 28 29 29 29 30 30 30 30 30 30 30 30 31 31 31 31 31 31 31 31 31 31 31 31 31 31 31 31 32 32 32 32 32 32 32 32 32 32 32 32 32 32 33 33 33 33 33 33 33 33 33 33 33 33 32 32 31 31 31 31 31 32 32 32 32 32 32 32 32 31 31 31 31 31 32 31 31 31 31 31 31 31 32 31 31 31 30 30 31 31 31 31 30 30 30 30 31 31 31 31 31 31 31 31 30 30 30 31 31 31 32 31 31 32 32 32 32 32 32 33 33 33 33 33 33 33 33 33 34 34 33 33 33 33 33 33 34 33 33 32 33 33 32 32 33 33 32 33 34 33 33 32 32 32 32 32 32 33 33 33 33 33 33 33 33 33 33 33 32 32 32 32 32 33 33 34 34 34 34 34 34 34 34 34 34 34 34 34 34 34 34 34 34 34 34 34 34 34 34 34 34 34 34 34 34 34 34 34 34 34 34 34 34 34 34 34 34 34 34 35 35 35 35 35 35 36 36 37 37 37 37 37 37 37 37 37 37 37 37 37 37 37 37 36 37 37 36 36 36 36 36 36 36 37 37 37 37 37 37 37 38 38 37 37 37 36 36 36 36 36 36 36 36 36 37 38 36 36 36 37 37 37 37 37 37 37 37 37 37 37 37 37 37 36 36 36 36 36 36 36 36 36 36 36 36 36 36 36 36 36 36 36 36 36 36 37 36 36 37 36 37 36 37 37 37 37 37 37 37 37 37 37 37 37 37 38 38 39 38 38 38 38 38 38 38 37 37 37 38 38 38 37 38 37 38 39 40 39 39 39 39 40 40 40 40 39 39 39 39 39 39 28 28 26 26 26 27 26 27 27 27 27 26 26 27 27 27 27 27 27 27 28 28 28 29 29 30 30 31 30 30 30 30 30 31 31 31 31 31 31 31 31 31 31 31 31 31 32 32 32 32 32 32 32 32 32 32 32 32 32 32 32 32 33 33 33 33 33 33 33 33 33 33 33 33 33 32 32 31 31 31 31 31 32 32 32 32 33 33 32 32 32 32 32 31 31 31 31 31 31 31 31 31 31 31 32 32 31 31 31 30 30 30 31 31 31 30 30 31 31 31 31 31 31 31 31 31 30 31 31 31 31 31 31 31 31 31 32 32 32 32 32 33 33 33 33 32 33 33 33 33 34 34 34 34 33 33 33 33 33 33 33 33 33 33 33 33 33 33 34 33 33 32 32 33 33 32 32 32 33 32 32 32 33 33 33 33 33 33 33 32 32 32 32 33 33 33 34 34 34 34 34 34 34 34 34 34 34 34 34 34 34 34 34 34 34 34 34 34 34 34 34 34 34 34 34 34 34 34 34 34 34 34 34 34 34 34 34 34 34 35 34 34 35 35 35 35 36 37 37 37 36 37 37 37 37 37 37 37 37 37 37 37 37 37 37 37 36 36 36 36 36 37 37 37 37 37 37 37 37 38 38 38 37 37 37 36 36 36 36 36 36 36 36 36 36 37 38 37 37 37 37 36 37 36 36 37 37 37 37 36 37 37 37 38 37 36 36 36 35 36 36 36 36 36 36 36 36 36 36 36 36 36 36 36 36 36 36 36 36 36 36 36 36 36 36 37 37 37 37 37 37 37 37 37 37 37 37 38 38 38 38 38 38 39 38 38 38 37 37 37 37 37 37 38 38 39 39 40 40 39 39 39 39 39 40 39 39 39 39 39 39 39 40 41 28 27 26 27 27 27 27 27 27 27 26 26 26 26 27 26 27 27 28 28 28 29 30 30 30 30 30 30 30 30 30 31 31 31 31 31 31 31 31 31 31 32 32 32 31 32 32 32 32 32 32 32 32 32 32 32 32 33 33 32 32 33 33 33 33 33 33 33 33 33 33 33 33 33 33 32 32 32 31 32 31 32 32 33 32 32 33 33 33 33 33 32 32 31 31 31 31 31 31 31 31 31 31 31 32 31 31 31 31 31 30 30 30 30 30 30 31 31 31 31 31 31 31 32 31 31 31 31 30 31 31 31 32 32 32 32 32 32 33 33 33 33 33 33 32 32 33 33 33 33 34 34 34 33 33 33 33 33 33 33 34 34 34 34 34 33 33 33 33 33 33 33 33 33 33 32 31 32 32 32 32 32 32 32 32 33 33 33 32 32 33 33 33 33 33 34 34 34 34 34 34 34 34 34 34 34 34 34 34 34 34 34 34 34 34 34 34 34 34 34 34 34 34 34 34 34 34 34 34 34 34 34 34 34 34 34 34 34 34 34 34 34 34 34 35 36 37 37 37 37 37 37 37 37 37 37 37 37 37 37 37 37 37 37 37 36 36 37 37 37 37 37 37 37 37 37 37 38 37 37 37 37 37 36 36 36 36 36 36 36 36 36 36 36 36 37 38 38 37 37 37 36 36 36 36 36 37 36 36 36 36 37 37 38 37 36 36 36 36 36 36 36 36 36 36 36 36 36 36 36 36 36 36 36 36 36 36 36 37 36 36 36 36 36 36 36 37 37 37 37 37 37 37 37 37 37 38 38 37 38 38 38 38 38 39 39 38 38 37 37 37 37 37 38 38 38 39 39 40 39 38 39 39 40 39 38 38 39 39 39 40 40 40 40 40 28 27 27 27 27 26 27 27 27 27 27 28 28 28 28 27 27 28 28 29 29 30 30 29 30 30 30 31 31 31 31 31 31 31 31 31 31 32 32 32 32 32 32 32 32 32 32 32 32 32 32 32 32 32 32 32 33 33 33 33 33 33 33 33 33 33 33 33 33 33 33 33 33 33 33 32 32 32 32 32 32 32 32 32 33 33 33 33 33 33 33 32 32 32 31 31 31 31 31 31 31 31 31 32 32 32 32 31 31 30 30 31 31 30 31 31 31 31 32 32 32 32 32 31 31 31 31 30 31 31 32 32 32 32 32 33 33 33 33 33 33 33 32 32 32 33 34 33 33 34 34 33 33 33 33 33 33 33 33 34 34 34 34 33 33 33 33 34 34 33 33 34 33 33 32 32 32 32 31 32 32 32 32 32 32 32 33 33 33 33 33 33 33 33 34 34 34 34 34 34 34 34 34 34 34 34 34 34 34 34 34 34 34 34 34 34 34 34 34 34 34 34 34 34 34 34 34 34 35 34 34 34 34 35 34 34 34 34 34 34 34 34 34 34 36 36 36 36 37 37 37 37 37 37 37 37 37 37 37 37 37 37 37 37 36 36 37 36 37 37 37 37 37 37 37 37 37 37 37 36 36 36 36 36 36 36 36 36 36 36 36 36 36 36 37 37 38 39 38 37 37 37 37 36 37 36 36 36 36 36 37 37 38 38 37 37 36 36 36 36 36 36 36 36 36 36 36 36 36 36 36 36 36 37 37 37 37 37 37 37 37 37 36 36 36 36 36 37 37 37 37 37 37 37 37 38 38 37 37 37 37 37 38 38 39 39 39 39 38 37 37 36 37 37 38 38 39 40 40 39 38 39 40 39 38 39 39 40 40 40 40 40 40 40 39 29 28 27 27 27 26 27 27 27 27 28 29 29 28 27 27 28 28 29 29 29 30 30 29 29 30 30 31 31 31 32 32 32 31 31 32 32 32 32 32 32 32 32 32 32 32 32 32 32 32 32 32 32 32 32 32 32 33 33 33 33 33 33 33 33 33 33 33 33 33 33 33 34 34 33 32 32 32 32 32 32 32 32 33 33 33 33 34 33 33 33 33 33 32 32 32 31 32 32 32 31 31 31 31 32 32 32 32 31 30 31 31 31 31 31 31 31 32 32 32 32 32 32 31 31 31 32 31 31 31 31 32 32 31 32 33 33 32 32 32 33 33 32 32 33 33 33 33 33 33 34 34 34 33 33 33 33 33 33 34 34 34 34 34 33 33 33 33 33 33 33 33 34 33 33 32 32 33 32 31 31 31 32 32 33 33 33 33 33 33 33 33 33 33 34 34 34 34 34 34 34 34 35 34 34 34 34 34 34 34 34 34 34 34 34 34 35 35 34 34 35 35 34 34 34 35 35 35 35 34 34 34 34 34 34 34 34 34 34 34 34 34 34 34 36 36 36 36 36 36 36 36 36 37 37 37 37 37 37 37 37 37 37 37 37 36 36 36 36 36 36 36 36 36 37 37 37 37 36 36 36 37 37 37 37 36 36 36 37 37 36 36 36 36 37 37 37 38 39 39 38 37 37 37 37 37 36 36 36 36 37 37 38 38 37 37 36 36 35 36 36 36 36 36 36 36 36 36 36 36 36 36 37 37 37 37 37 38 38 38 37 37 37 36 36 36 36 36 37 37 37 37 37 37 37 37 37 38 38 38 38 37 38 38 38 38 38 39 39 39 38 37 37 37 37 37 38 39 39 39 38 39 40 39 39 39 40 40 39 39 39 40 40 40 39 39 40 39 39 39 40 29 28 28 28 27 27 27 27 27 27 28 28 28 27 27 27 27 29 29 28 29 29 29 29 29 29 30 30 30 31 32 32 31 31 32 32 33 32 32 32 32 32 32 32 32 32 32 33 33 33 33 33 33 33 32 32 33 33 33 33 33 33 33 33 33 33 33 33 33 33 33 34 34 34 33 33 33 33 32 32 31 31 31 32 33 33 33 33 33 32 33 33 33 33 32 32 32 32 32 32 32 31 31 31 32 32 31 31 31 31 31 31 31 31 31 31 31 32 32 32 32 31 31 31 31 31 31 31 30 30 31 32 31 31 32 32 33 32 32 32 32 32 32 32 33 34 33 33 34 34 34 34 33 33 33 33 33 34 34 34 34 35 34 34 34 34 33 33 33 33 34 34 33 33 33 32 32 33 33 33 32 32 32 32 32 32 33 33 33 33 33 33 33 33 34 34 34 34 34 35 35 34 34 34 34 34 34 34 34 34 35 34 34 34 34 34 34 34 34 34 35 35 35 34 35 35 35 35 35 34 34 34 34 34 34 34 34 34 35 34 34 34 34 34 36 36 36 36 36 36 36 36 37 37 37 37 37 37 37 37 37 37 37 37 37 37 37 36 36 36 36 36 36 37 37 37 37 37 37 37 37 37 37 37 37 37 36 37 37 37 37 37 37 37 37 37 37 37 37 37 38 38 38 38 37 37 37 36 37 37 36 37 37 38 38 37 36 36 36 36 36 36 37 37 37 36 36 36 36 36 37 37 37 37 38 37 37 38 38 38 38 38 38 38 37 37 37 37 37 37 37 37 37 37 38 37 37 38 38 38 38 38 38 38 38 37 38 38 38 39 39 38 38 38 37 37 38 39 39 39 39 38 39 39 38 39 40 40 40 39 39 40 40 40 39 39 39 40 39 39 39 40 40 29 29 28 29 28 28 28 28 27 27 27 27 27 27 27 28 28 28 28 29 29 29 29 30 30 30 30 31 31 31 32 32 33 33 33 32 32 32 32 32 32 32 33 33 33 33 33 33 33 33 33 33 33 33 33 33 33 33 33 33 33 33 33 34 34 33 33 34 34 34 34 33 33 33 34 34 33 33 32 32 31 31 32 33 33 33 32 32 32 33 33 33 32 32 32 32 32 32 32 32 31 32 32 32 32 31 31 31 31 31 31 31 32 31 32 32 32 32 32 32 32 31 31 31 31 31 31 30 31 31 31 31 32 32 33 33 32 32 32 32 32 33 33 34 34 34 34 34 34 34 34 33 33 33 33 34 34 34 35 34 34 34 35 34 34 33 33 33 34 34 34 33 33 33 32 33 34 33 33 32 32 32 32 32 32 33 33 33 33 33 33 33 34 34 34 35 35 35 34 34 34 34 34 34 34 33 34 34 34 34 35 34 34 34 34 34 34 34 34 35 35 35 35 35 35 36 35 35 35 34 34 34 34 34 34 34 35 35 35 35 34 34 36 36 36 36 36 36 36 36 37 37 37 37 37 37 37 37 37 37 37 37 37 37 37 37 37 36 36 36 37 37 37 37 37 37 37 37 37 37 37 37 37 37 36 36 37 37 37 37 37 37 37 37 37 37 37 37 37 37 39 39 39 38 37 37 36 36 36 37 38 39 39 38 36 36 36 36 36 36 36 37 37 37 36 36 36 37 37 37 37 38 38 38 39 39 38 38 38 38 38 38 38 38 38 38 37 37 37 37 37 37 38 37 37 38 38 38 38 38 39 38 38 38 38 38 38 38 38 38 38 38 37 38 38 38 39 39 39 39 38 39 38 39 39 40 39 39 39 40 39 39 39 38 39 39 39 39 40 40 40 40 40 29 28 28 28 28 28 28 28 28 27 28 29 29 29 30 30 30 30 31 31 30 30 31 31 31 32 32 33 33 33 32 32 33 32 32 33 33 33 33 33 33 33 33 33 34 34 33 33 33 33 33 33 33 33 33 33 33 33 34 34 34 34 34 34 34 34 34 34 33 33 34 34 33 34 33 33 32 32 31 31 32 33 33 32 32 32 32 32 32 32 32 32 32 32 32 32 32 31 32 32 32 32 31 31 31 32 32 31 32 32 32 32 32 32 31 31 31 31 31 31 31 31 32 31 31 31 31 32 32 32 33 33 32 32 33 33 33 34 33 33 33 33 33 33 34 34 34 33 33 33 33 34 34 34 34 34 34 34 34 35 34 34 33 33 34 34 34 33 33 32 32 33 34 34 33 33 33 32 32 33 32 32 32 32 33 33 33 33 34 34 35 34 34 34 34 34 34 34 34 34 34 34 34 34 34 35 35 34 34 34 35 35 34 34 34 34 34 34 35 35 36 35 35 35 34 34 34 35 34 34 35 35 35 35 35 35 35 34 36 36 36 36 36 36 36 36 37 37 37 37 37 37 37 37 37 37 37 37 37 37 37 37 37 37 37 37 37 37 37 37 37 37 37 37 37 37 37 37 37 37 37 36 36 36 36 36 36 37 37 37 37 37 37 38 37 37 38 39 40 40 39 38 38 37 37 37 38 39 39 38 37 36 36 36 36 36 36 37 37 37 37 37 37 37 37 37 37 37 38 38 38 38 38 38 38 38 37 37 37 38 38 38 38 38 37 37 37 37 37 37 37 38 38 38 38 38 39 39 38 38 38 38 38 38 38 37 37 38 38 37 37 38 38 39 39 39 39 38 39 39 39 39 39 39 39 40 40 39 38 38 38 38 39 39 39 39 40 40 30 30 29 29 28 28 28 28 28 28 29 29 29 30 29 30 30 30 30 30 31 31 31 32 32 33 33 33 33 33 33 33 33 33 33 33 33 33 33 33 34 34 34 34 33 33 33 33 33 33 33 33 34 34 34 34 34 34 33 33 33 34 34 34 34 33 34 34 34 34 34 34 34 34 33 33 32 31 31 31 32 32 32 31 31 32 32 32 31 31 32 32 32 32 32 32 32 31 32 32 31 31 32 32 32 32 32 32 32 33 32 32 32 31 31 31 32 31 32 32 32 32 31 31 31 31 31 32 32 33 32 33 33 33 33 32 32 33 33 33 34 34 34 34 34 34 33 34 34 34 34 34 34 34 34 33 34 34 34 34 33 33 33 34 34 34 33 33 32 33 33 34 33 33 33 33 32 33 33 32 32 32 32 32 32 33 34 34 34 34 34 34 34 34 34 34 34 34 34 34 34 34 34 34 35 35 35 35 35 35 34 34 34 34 34 34 35 35 36 35 35 35 35 34 35 35 34 34 35 35 35 35 36 35 35 34 36 36 36 36 36 36 37 37 37 37 37 37 37 37 37 37 37 37 37 37 37 37 37 37 37 37 37 37 37 37 37 37 37 37 37 37 37 37 37 37 37 37 37 37 37 36 36 36 36 36 37 37 37 37 37 37 37 37 37 38 39 40 40 40 40 39 38 37 39 40 40 39 38 38 37 36 36 36 36 37 37 38 38 38 38 38 38 38 38 38 38 38 37 37 37 37 37 37 37 37 37 37 37 37 37 37 37 38 37 37 37 37 37 37 37 37 37 37 38 38 38 38 39 39 39 39 39 38 37 37 37 37 37 37 37 38 38 39 38 38 39 40 39 38 38 39 39 39 40 39 38 38 38 38 38 38 38 39 39 29 30 29 29 29 29 29 29 30 30 30 30 31 32 31 31 32 32 33 33 33 33 33 33 33 33 33 33 33 34 33 33 34 34 34 34 34 34 33 33 33 33 33 33 34 34 34 34 34 34 34 34 34 34 34 34 34 34 34 34 34 34 34 34 34 34 34 34 34 33 33 32 31 31 31 31 31 31 31 31 31 31 31 31 32 32 32 32 32 32 32 31 31 31 32 31 32 32 32 32 32 32 32 33 33 32 32 31 32 32 31 32 33 33 32 31 31 31 31 32 32 32 32 32 33 33 33 32 32 33 33 33 34 34 34 34 35 34 34 34 34 34 34 34 34 34 34 34 34 33 33 33 33 33 33 34 34 34 34 33 33 33 33 33 34 34 33 33 33 32 33 33 32 33 32 32 32 32 32 34 34 34 34 34 34 34 34 34 34 34 34 34 34 34 34 34 34 35 35 35 35 35 35 34 34 34 34 34 35 35 35 35 35 36 35 35 35 35 35 35 34 34 35 36 36 35 35 35 35 36 36 36 36 36 37 37 37 37 37 37 37 37 37 37 37 37 37 37 37 37 37 37 37 37 37 37 37 37 37 37 37 37 37 37 37 37 37 37 37 37 37 37 37 36 36 37 37 36 36 37 36 37 37 37 37 37 37 37 37 37 39 40 40 40 40 40 39 40 40 40 39 39 39 38 37 36 36 36 36 37 37 38 38 38 38 39 38 38 38 38 38 38 37 37 37 37 37 37 37 37 37 37 37 37 37 37 38 38 38 38 38 37 37 37 37 37 37 37 38 38 38 38 38 39 39 39 39 38 37 37 37 37 37 37 37 37 37 38 38 39 39 39 38 39 39 39 39 39 39 39 38 38 38 38 39 39 39 39 29 30 30 29 30 30 30 31 31 32 32 32 31 32 32 33 33 33 33 33 33 33 34 34 33 34 34 34 34 34 34 34 34 34 34 34 33 33 34 34 34 34 34 34 34 34 34 34 34 34 34 34 34 34 34 34 34 34 34 34 34 34 34 34 34 34 34 34 33 33 32 32 33 33 32 31 30 31 31 31 32 32 32 32 32 32 32 32 32 31 32 32 32 32 32 32 33 32 33 33 33 33 32 32 32 32 32 32 32 32 32 31 31 31 31 31 31 32 32 32 32 33 33 32 32 33 33 34 34 33 34 34 34 35 35 35 35 35 34 34 34 34 34 34 35 34 33 34 34 34 34 33 33 34 34 34 34 33 33 33 34 34 34 34 34 33 33 33 33 33 32 32 33 32 32 32 34 34 34 34 34 34 34 34 34 34 34 34 34 34 34 35 34 34 35 35 35 35 34 34 34 34 35 35 35 35 35 35 35 35 35 36 36 35 35 35 35 35 34 35 36 36 35 35 36 35 36 36 36 36 37 37 37 37 37 37 37 37 37 37 37 37 37 37 37 37 37 37 37 37 37 37 37 37 37 37 37 37 37 37 37 37 37 37 37 37 37 38 37 38 37 37 37 37 36 37 37 37 37 37 37 37 37 37 37 37 37 37 39 40 40 40 40 40 40 40 40 40 40 40 39 37 37 36 36 36 36 37 37 38 38 38 39 39 38 38 38 38 38 37 37 37 37 37 37 37 37 38 38 38 38 38 38 38 38 38 38 38 38 37 37 37 37 37 37 38 38 37 38 38 38 38 39 39 39 38 38 38 38 37 37 37 37 37 37 37 37 38 38 38 38 39 39 39 39 39 38 38 38 38 38 38 38 38 39 39 29 30 30 30 31 31 30 31 32 32 32 32 32 32 32 33 33 33 33 33 34 34 34 34 33 34 34 34 34 34 34 34 34 34 34 34 34 34 34 34 34 34 34 34 34 34 34 34 34 34 34 34 34 34 34 34 34 34 34 34 34 34 34 34 34 34 34 35 34 34 34 33 33 33 33 33 31 31 31 31 32 32 32 32 32 32 32 32 32 32 32 32 32 32 32 32 32 33 33 33 33 33 33 32 32 33 32 32 32 32 32 32 31 31 32 32 31 32 32 32 33 33 33 32 32 33 33 34 33 33 34 34 34 34 35 35 35 35 35 34 34 34 34 34 34 35 34 34 35 34 34 33 33 33 34 34 34 34 34 33 34 35 34 34 33 33 33 33 33 33 33 33 33 32 32 32 33 33 34 34 34 34 34 34 34 34 34 34 34 34 35 35 35 35 35 35 35 35 35 35 34 34 35 35 35 35 34 34 34 35 35 36 36 36 36 36 35 35 35 35 36 36 36 36 36 35 36 36 36 36 36 37 37 37 37 37 37 37 37 37 37 37 37 37 37 37 37 37 37 37 37 37 37 37 37 37 37 37 37 37 37 37 37 37 37 37 37 38 38 38 38 37 37 36 37 37 37 37 37 37 37 37 37 37 37 37 37 37 38 39 40 41 41 40 40 40 40 40 40 39 39 38 38 37 36 36 36 37 37 37 38 38 38 38 38 38 38 38 38 38 38 37 37 37 37 37 37 37 38 38 38 38 38 38 38 38 38 38 38 38 38 37 37 37 37 37 37 37 38 38 38 38 38 38 39 39 39 39 39 39 39 39 39 38 38 37 37 37 38 38 38 38 38 38 38 38 37 37 38 38 38 38 38 38 39 28 29 30 31 31 31 32 31 31 32 32 33 32 32 32 32 33 33 33 33 33 34 34 33 34 34 34 34 34 34 34 34 34 34 34 34 34 35 34 34 34 34 34 35 35 35 35 34 34 34 34 34 33 34 34 34 34 34 34 34 34 34 34 35 34 34 34 34 35 34 34 34 34 33 33 32 32 32 31 31 31 31 31 32 32 32 32 32 32 32 32 32 32 32 32 33 33 32 33 33 33 33 34 33 33 33 33 33 32 32 33 33 32 32 32 32 32 31 32 32 32 32 32 33 32 32 32 33 33 33 33 33 34 34 34 34 34 35 36 36 35 35 35 35 35 35 35 35 35 35 35 34 33 33 33 34 34 35 35 34 34 34 35 35 35 34 33 33 33 33 33 33 33 33 33 32 32 34 34 34 34 34 34 34 34 34 34 34 34 34 34 34 34 35 35 35 35 35 35 35 35 35 34 35 34 34 34 35 35 34 34 35 35 36 36 35 35 35 35 36 36 36 36 36 36 35 35 36 36 36 36 37 37 37 37 37 37 37 37 37 37 37 37 37 37 37 37 37 37 37 37 37 37 37 37 37 37 37 37 37 37 37 37 37 37 37 37 37 37 37 38 38 38 37 37 37 37 37 37 37 37 37 37 37 37 37 37 37 37 37 39 39 40 40 40 40 40 40 40 39 39 39 38 38 37 37 36 37 37 37 37 37 38 38 38 38 38 38 38 38 38 38 37 37 37 37 37 37 37 37 37 38 38 38 38 38 38 38 38 38 38 38 38 38 37 37 37 37 37 37 38 38 38 38 38 38 38 38 38 39 38 38 39 39 39 39 39 38 37 37 38 38 38 38 38 38 39 38 38 38 38 38 38 38 39 39 30 30 30 31 30 31 31 32 32 32 33 32 32 32 32 33 33 33 33 33 34 34 34 34 34 34 34 34 34 34 34 34 34 34 34 34 34 34 34 34 34 34 35 35 35 35 35 34 34 34 34 34 34 34 34 34 34 34 34 34 35 34 34 34 34 34 34 35 34 34 34 33 33 33 32 32 31 31 32 32 32 32 32 32 32 32 32 32 32 32 32 33 32 32 32 32 33 33 33 33 33 34 34 34 34 33 33 33 33 33 33 33 32 32 33 32 31 31 31 32 32 32 33 32 33 33 33 33 33 33 33 34 34 34 34 34 35 35 36 36 36 36 36 35 35 35 35 36 36 35 34 34 34 34 34 35 35 35 35 34 34 34 34 34 34 34 34 33 33 33 33 33 33 33 33 33 34 34 34 34 33 34 34 34 34 34 35 34 34 34 34 34 34 35 35 35 35 35 35 35 34 34 34 35 35 35 35 35 35 35 35 35 36 35 35 35 35 35 35 35 36 36 36 35 35 35 37 37 37 37 37 37 37 37 37 37 37 37 37 37 37 37 37 37 37 37 37 37 37 37 37 37 37 37 37 37 37 37 37 37 37 37 37 37 37 37 37 37 37 37 38 38 38 38 38 37 37 37 37 37 37 37 37 37 37 37 37 37 37 38 38 39 39 39 40 40 40 40 40 40 39 38 38 37 37 37 37 37 37 37 37 37 38 38 38 38 38 38 38 38 38 38 38 37 37 37 37 37 37 37 37 37 37 37 37 38 38 38 38 38 38 38 38 38 37 37 37 37 37 37 38 38 38 38 38 38 38 38 39 38 38 38 38 38 39 39 39 38 37 37 38 38 38 38 38 38 38 38 38 38 38 38 38 38 39 30 30 30 31 32 32 33 33 33 33 33 32 32 33 33 33 33 33 34 34 34 34 34 34 34 34 34 34 35 34 34 34 34 34 35 35 34 34 35 35 35 35 35 35 35 35 34 34 34 34 34 34 34 34 34 34 34 34 35 34 34 34 35 35 34 34 34 34 33 33 32 32 32 33 32 33 33 32 32 32 32 32 32 32 32 32 32 32 32 32 32 32 33 33 32 33 33 33 33 34 34 34 34 34 34 34 33 34 34 33 33 34 33 33 32 32 32 32 32 32 32 33 33 33 33 33 33 33 34 34 33 33 34 34 36 36 36 35 35 36 36 36 35 35 35 35 35 35 35 35 35 35 35 35 35 35 35 35 35 34 35 34 34 33 33 33 33 33 33 33 33 32 32 32 34 34 34 34 34 33 34 34 34 34 35 34 34 34 34 34 34 34 34 35 35 35 35 34 34 35 35 35 35 35 35 35 35 36 36 35 35 35 35 35 35 35 35 35 35 35 35 35 35 35 37 37 37 37 37 37 37 37 37 37 37 37 37 37 37 37 37 37 37 37 37 37 37 37 37 37 37 37 37 37 37 37 37 37 37 37 37 37 37 37 37 37 37 37 38 37 38 38 38 37 38 37 37 37 37 37 37 37 37 37 37 37 37 37 37 38 38 38 39 40 40 40 40 40 39 39 38 37 37 37 36 37 37 38 38 38 37 37 38 38 38 38 38 38 38 38 38 37 38 38 38 38 37 37 37 37 37 37 37 37 37 37 38 38 38 38 38 38 38 37 37 37 37 37 37 38 37 38 38 38 38 38 38 38 38 38 38 38 38 38 39 39 38 38 37 38 38 38 38 38 37 37 37 38 38 38 38 38 32 32 32 33 33 33 33 32 33 32 33 33 34 34 34 34 34 34 34 34 34 34 35 35 35 35 35 35 35 35 35 35 35 35 35 35 35 35 35 35 35 35 35 35 35 34 34 34 34 34 34 34 34 34 35 35 35 35 35 35 35 35 35 34 34 33 33 33 34 33 32 33 33 33 33 33 33 32 32 32 33 33 33 33 32 32 32 32 33 33 33 33 33 33 33 34 34 33 33 34 34 34 33 34 34 34 34 34 34 33 33 32 32 32 32 32 32 33 33 33 33 33 34 34 34 33 34 34 35 35 35 35 35 35 35 36 37 37 36 36 36 35 35 35 35 36 35 36 36 35 35 35 35 36 35 35 35 35 34 34 34 33 33 33 33 33 33 33 33 33 34 34 34 35 34 33 34 34 35 35 35 35 35 35 34 34 34 34 35 35 35 35 35 35 35 35 35 35 35 35 35 35 35 36 36 35 35 35 35 35 35 35 35 35 35 35 35 35 35 35 37 37 37 37 37 37 37 37 37 37 37 37 37 37 37 37 37 37 37 37 37 36 37 37 37 37 37 37 37 37 37 37 37 37 37 37 37 37 37 37 37 37 37 37 37 37 37 38 38 38 38 38 38 37 37 37 37 37 37 37 37 37 37 37 37 37 37 38 39 39 40 40 40 40 40 39 38 38 38 37 37 37 37 37 38 38 37 37 37 37 38 38 38 38 38 38 38 38 38 38 38 38 38 37 37 37 37 37 37 37 37 37 37 38 38 38 38 38 38 38 37 37 37 37 37 37 38 38 38 38 38 38 38 38 37 37 37 37 37 38 38 38 39 38 38 38 38 38 38 38 37 37 37 37 37 37 38 38 31 32 32 33 33 33 33 33 33 33 34 34 34 34 34 34 35 35 35 35 35 35 35 35 35 35 35 35 35 35 35 35 35 35 35 35 35 35 35 35 35 35 35 34 34 34 34 35 35 35 35 35 35 35 35 35 35 35 35 35 34 34 33 33 34 34 32 33 33 33 32 32 32 32 32 32 33 33 33 33 33 33 32 33 32 32 33 33 33 33 33 33 34 34 34 33 33 33 33 33 33 33 33 33 34 34 33 33 32 32 32 32 32 33 33 33 33 34 33 34 33 34 34 35 35 34 35 35 34 35 35 36 36 36 37 37 36 36 35 35 35 36 36 36 35 35 35 34 35 35 35 35 35 35 35 34 34 34 33 33 34 34 33 33 33 33 34 34 35 35 34 34 34 34 35 35 35 35 35 35 35 34 34 34 34 35 35 35 35 35 35 35 35 35 35 35 35 35 35 35 35 35 35 35 35 35 35 35 35 35 35 35 35 35 35 35 37 37 37 37 37 37 37 37 37 37 37 37 37 37 37 37 37 37 36 36 36 36 37 37 37 37 37 37 37 37 37 37 37 37 37 37 37 37 37 37 37 37 37 37 37 37 37 37 37 38 38 38 38 37 37 37 37 37 37 37 37 37 37 37 37 37 37 37 37 37 38 39 39 40 40 39 39 38 37 37 37 37 37 38 37 37 37 37 37 37 38 38 38 38 38 38 38 38 38 38 38 37 37 37 37 38 38 38 38 37 37 37 37 37 37 38 38 38 38 38 38 37 37 37 37 37 38 38 38 38 38 38 38 38 38 38 37 37 37 37 37 37 38 38 39 39 39 38 38 38 37 37 37 37 37 37 32 33 33 33 33 34 34 34 34 35 35 35 35 35 35 35 35 35 35 35 35 35 35 35 35 35 35 35 35 36 35 35 35 35 35 35 35 35 34 35 35 35 35 35 35 35 35 35 35 35 35 35 35 35 34 33 33 34 34 33 33 33 33 32 32 32 32 33 33 33 33 33 33 33 33 33 33 33 33 33 33 33 33 34 33 34 34 34 34 34 33 34 34 33 33 33 33 34 34 34 33 33 33 32 32 32 33 33 33 33 33 33 34 34 34 35 35 34 35 34 34 35 35 35 36 36 36 36 36 36 35 35 35 35 36 35 35 35 35 35 35 35 35 35 35 35 35 35 34 34 33 33 34 34 34 34 34 33 33 34 34 35 35 35 34 34 34 35 35 35 35 35 35 35 35 34 34 34 34 35 35 35 35 35 35 35 35 35 35 35 35 35 35 35 35 35 35 35 35 35 35 35 35 35 35 35 35 35 35 37 37 37 37 37 37 37 37 37 37 37 37 37 37 37 37 36 36 36 37 37 37 37 37 37 37 37 37 37 37 37 37 37 37 37 37 37 37 37 37 37 37 37 37 37 37 37 37 37 37 38 38 38 38 38 38 37 37 37 38 37 37 37 37 37 37 37 37 37 37 37 38 38 39 39 39 39 38 38 37 38 37 37 37 37 37 37 37 38 38 38 38 38 38 38 38 38 38 38 38 38 38 38 37 37 37 38 38 38 38 37 37 37 37 37 38 38 38 38 38 37 37 37 37 37 37 38 38 38 38 38 38 38 38 38 38 37 37 37 37 37 37 37 37 38 39 39 39 38 38 37 37 37 37 37 35 35 35 35 35 35 35 35 35 35 35 35 35 35 36 36 36 36 36 35 35 35 35 36 36 36 36 35 35 35 35 35 35 35 35 35 35 35 35 35 35 35 35 35 35 35 35 34 34 34 34 34 33 33 33 33 33 33 33 32 32 33 33 33 33 33 33 33 34 33 33 33 33 33 33 34 33 34 34 34 34 34 34 34 34 34 34 34 34 33 33 33 33 34 33 33 33 33 33 32 33 33 33 33 33 33 33 34 34 34 34 34 34 35 35 36 36 36 35 36 36 36 36 37 36 35 35 34 35 35 35 35 36 36 36 35 35 35 35 35 35 35 35 34 34 33 34 34 34 34 34 34 33 34 34 35 35 35 35 34 34 34 34 34 35 35 35 35 35 35 35 34 34 35 34 34 35 35 35 35 35 35 35 35 35 35 35 35 35 35 35 35 35 35 35 35 35 35 35 35 35 35 35 37 37 37 37 37 37 37 37 37 37 37 37 37 37 37 36 37 37 37 37 37 37 37 37 37 37 37 37 37 37 37 37 37 37 37 37 37 37 37 37 37 37 37 37 37 37 37 37 37 37 37 38 38 38 38 38 38 37 38 38 37 37 37 37 37 37 37 37 37 37 37 37 37 37 38 38 38 38 38 38 38 37 37 37 37 37 37 37 38 38 38 38 38 38 38 38 38 38 38 38 38 37 37 37 37 38 38 38 38 38 38 37 37 37 37 37 38 38 37 38 37 37 37 37 37 37 38 38 38 38 38 38 38 38 38 37 37 37 37 37 37 37 37 37 37 37 38 38 39 38 37 37 35 35 35 35 35 35 35 35 35 35 35 35 35 36 36 36 36 36 36 36 36 36 36 36 36 36 35 35 36 36 35 35 35 35 35 35 35 35 35 35 35 35 35 35 35 34 35 34 35 34 34 33 33 34 33 33 33 33 33 32 33 33 33 33 33 33 33 33 33 33 33 33 33 34 34 34 34 35 35 35 35 34 34 34 34 34 34 34 34 34 33 33 33 33 33 33 33 33 33 33 33 33 33 33 33 33 33 34 34 34 35 35 35 36 36 36 36 35 35 35 36 36 37 36 35 35 34 35 35 35 35 35 36 36 35 35 35 35 35 35 35 34 34 34 33 34 34 33 34 34 34 33 34 34 35 35 35 34 34 34 35 35 35 35 35 35 36 36 36 36 35 35 35 34 34 34 35 35 35 35 35 35 35 35 35 35 35 35 35 35 36 35 35 35 35 35 35 35 35 35 35 35 37 37 37 37 37 37 37 37 37 37 37 37 37 37 37 36 37 37 37 37 37 37 37 37 37 37 37 37 37 37 37 37 37 37 37 37 37 37 37 37 37 37 37 37 37 37 37 37 37 37 37 37 37 38 38 38 38 38 38 37 37 37 37 37 37 37 37 37 37 38 37 37 37 37 38 38 38 38 38 38 38 37 37 37 37 37 37 37 37 37 38 37 37 38 38 38 38 38 38 38 38 38 38 37 37 37 37 37 38 38 38 37 37 37 37 37 37 38 37 37 37 37 37 37 38 37 38 38 38 38 38 38 38 38 38 37 37 37 37 37 37 37 37 37 37 37 37 37 38 38 35 35 35 35 35 35 35 35 35 35 35 35 35 36 36 36 36 36 36 36 36 36 36 36 36 36 36 35 36 36 35 36 36 36 36 36 36 36 36 35 35 35 35 35 34 35 35 35 35 34 34 34 34 34 34 34 34 33 33 33 33 34 34 34 34 33 33 33 34 34 34 34 34 34 34 34 35 35 35 35 35 35 35 34 34 34 34 34 34 33 34 34 33 33 33 33 34 33 33 33 33 33 33 33 34 34 34 34 35 35 35 35 35 36 36 36 36 35 35 36 36 37 37 36 36 35 35 35 35 35 35 35 35 35 35 35 35 35 35 36 35 34 34 34 33 33 33 33 33 34 34 34 35 35 35 35 35 34 35 34 34 35 35 35 35 36 36 36 36 36 36 35 35 35 35 35 35 35 35 35 35 35 35 35 35 35 35 35 35 35 35 35 35 35 35 35 35 35 35 35 35 35 37 37 37 37 37 37 37 37 37 37 37 37 37 37 37 36 37 37 37 37 37 37 37 37 37 37 37 37 37 37 37 37 37 37 37 37 37 37 37 37 37 37 37 37 37 37 37 37 37 37 37 37 38 38 38 38 38 38 38 37 37 37 37 37 37 37 37 37 37 37 37 37 37 38 37 37 37 38 38 38 38 38 38 37 37 38 37 37 37 37 38 37 37 37 38 38 38 38 38 38 38 38 38 38 37 37 37 37 38 38 38 37 37 37 37 37 37 37 37 37 37 37 37 37 37 38 37 38 38 38 38 38 38 38 38 38 37 38 38 38 37 37 37 37 37 37 37 37 37 37 35 36 35 35 36 36 35 36 36 35 35 35 36 36 36 36 36 36 36 36 36 36 36 36 36 36 35 35 35 36 36 36 36 36 36 36 36 36 36 35 36 36 35 35 35 35 35 34 34 34 34 34 34 34 33 33 33 34 33 33 33 33 34 34 34 34 34 34 35 35 34 35 35 35 35 35 35 35 35 35 35 35 35 35 34 35 35 34 34 33 33 33 34 34 34 34 33 33 33 33 33 33 33 34 34 35 35 35 35 35 35 36 36 36 36 36 36 36 36 36 36 36 37 36 35 35 36 35 36 35 35 35 35 35 35 35 35 35 35 35 35 34 34 34 34 34 34 33 33 33 33 35 35 35 35 35 35 35 34 34 35 35 35 35 36 36 36 36 36 36 36 36 36 35 36 36 35 35 35 35 35 35 35 35 35 35 35 35 35 35 35 36 35 35 35 35 35 35 35 35 35 37 37 37 37 37 37 37 37 37 37 37 37 37 37 37 37 37 37 37 37 37 37 37 37 37 37 37 37 37 37 37 37 37 37 37 37 37 37 37 37 37 37 37 37 37 37 37 37 37 37 37 37 38 38 38 38 38 38 38 37 37 37 37 37 37 37 37 37 37 37 38 38 38 38 37 37 37 37 37 38 38 38 38 38 37 38 37 37 37 37 37 37 37 37 37 38 38 38 38 39 38 38 38 38 38 38 37 37 37 37 38 38 37 37 37 37 37 37 37 37 37 37 37 37 37 37 37 37 37 38 38 38 38 38 38 38 38 38 38 37 37 38 38 37 37 37 37 37 37 35 36 36 36 36 36 36 35 35 36 36 36 36 36 36 36 36 36 36 36 36 36 36 36 36 36 36 36 35 35 35 36 36 36 35 36 35 36 36 36 36 36 36 36 35 34 34 34 34 34 35 34 34 34 33 33 33 33 33 33 34 34 34 34 34 34 34 35 35 35 35 35 35 35 35 35 35 35 35 36 36 35 35 35 34 34 34 35 34 34 33 33 33 33 33 33 33 33 33 33 33 33 33 34 34 35 35 34 35 35 36 35 36 36 36 36 36 36 36 36 35 36 36 36 36 36 35 35 35 35 35 35 35 35 35 35 35 35 36 36 35 35 34 34 34 35 34 34 34 33 33 35 35 35 35 35 35 36 35 34 35 35 35 35 35 35 35 35 35 36 36 36 36 36 36 36 36 36 36 35 35 35 35 35 35 35 35 35 35 35 35 35 35 35 35 35 35 35 35 35 35 37 37 37 37 37 37 37 37 37 37 37 37 37 37 37 37 37 37 37 37 37 37 37 37 37 37 37 37 37 37 37 37 37 37 37 37 37 37 37 37 37 37 37 37 37 37 37 37 37 37 37 37 38 38 38 38 38 38 38 38 37 37 37 37 37 37 37 37 37 37 38 38 37 37 37 37 37 37 37 37 37 37 38 38 37 37 37 37 37 37 37 37 37 37 37 37 38 38 38 38 39 38 38 38 38 38 38 37 37 37 38 38 38 37 37 37 37 37 37 37 37 37 37 37 37 37 37 37 37 37 38 38 38 38 38 38 38 38 37 37 37 38 38 38 38 37 37 37 37 36 36 36 36 36 36 36 36 36 36 36 36 36 36 36 36 36 36 36 36 36 36 37 36 36 36 35 35 35 35 35 35 35 35 36 36 36 36 36 36 36 35 35 35 35 34 34 34 35 35 34 34 33 33 33 33 33 34 34 35 35 34 34 35 35 35 34 34 35 35 35 35 35 35 35 35 35 35 35 35 36 36 35 35 34 34 34 34 34 34 34 34 33 33 33 33 33 33 33 34 34 34 34 34 34 34 35 35 35 35 36 36 36 36 36 36 36 36 36 37 36 36 36 36 35 35 35 35 35 35 35 36 35 35 35 35 35 35 35 35 34 34 34 35 35 35 34 34 33 35 35 36 35 35 36 36 35 35 35 35 35 35 35 35 35 35 35 35 35 35 36 36 36 36 36 36 36 35 35 35 35 35 35 35 35 35 35 35 35 35 35 35 35 35 35 35 35 35 35 37 37 37 37 37 37 37 37 37 37 37 37 37 37 37 37 37 37 37 37 37 37 37 37 37 37 37 37 37 37 37 37 37 37 37 37 37 37 37 37 37 37 37 37 37 37 37 37 37 37 37 37 37 38 38 38 38 38 38 38 38 38 37 37 37 37 37 37 37 37 37 37 37 37 37 37 37 37 37 37 37 37 37 37 37 37 37 37 37 37 37 37 37 37 37 37 37 38 38 38 38 39 39 38 38 38 38 38 37 37 38 38 38 38 37 37 37 37 37 37 37 37 37 37 37 37 37 37 37 37 37 38 38 37 38 37 37 37 37 37 37 38 38 38 38 38 37 37 37 36 36 36 36 36 36 36 36 36 36 36 36 36 36 36 36 36 36 36 37 37 36 36 35 35 35 36 36 35 36 36 36 36 35 36 36 36 36 36 36 36 36 35 34 34 34 35 34 34 34 34 34 34 33 33 33 34 34 34 34 34 34 34 34 34 34 34 34 35 35 35 36 36 36 35 35 35 34 35 35 35 35 35 35 34 34 34 34 34 34 33 33 33 33 33 33 33 33 33 34 33 34 34 34 34 34 35 35 36 35 36 36 36 36 36 36 36 36 37 37 36 36 35 35 35 35 35 35 35 35 35 35 35 35 35 35 35 35 35 35 35 35 35 35 35 34 34 35 36 36 35 35 35 35 35 35 35 35 35 35 35 35 35 35 35 36 35 35 35 35 35 36 36 36 37 36 36 35 35 35 35 35 35 35 35 35 35 35 35 35 35 35 35 35 35 35 35 37 37 37 37 37 37 37 37 37 37 37 37 37 37 37 37 37 37 37 37 37 37 37 37 37 37 37 37 37 37 37 37 37 37 37 37 37 37 37 37 37 37 37 37 37 37 37 37 37 37 38 38 38 38 38 38 38 38 38 38 38 38 38 37 37 37 37 37 37 37 37 37 37 37 37 37 37 37 37 37 37 37 37 37 37 37 37 37 37 37 37 37 37 37 37 37 37 37 38 38 38 38 38 38 38 38 38 38 38 37 37 38 38 38 38 37 37 37 37 37 37 38 37 37 37 37 37 37 37 38 37 37 37 37 37 37 37 37 37 37 37 37 37 38 37 38 38 38 36 36 37 37 37 36 36 36 36 36 36 36 37 37 36 36 36 37 37 37 36 36 36 36 36 36 36 36 36 36 36 36 35 36 36 36 36 36 36 36 35 35 35 35 35 35 35 34 34 34 34 34 34 34 34 34 34 34 34 34 34 35 35 34 35 35 35 35 35 35 36 35 35 35 35 34 34 35 35 35 35 35 35 35 34 34 34 34 34 34 34 33 33 33 33 33 33 34 34 35 34 34 34 34 35 36 36 35 36 36 36 36 36 36 36 36 37 37 36 36 36 36 36 35 35 35 35 35 35 35 35 35 35 35 35 35 35 35 35 35 35 36 35 35 35 36 36 35 35 35 35 35 34 35 35 36 35 35 36 36 35 35 35 36 36 36 35 35 36 36 36 36 37 36 35 35 35 35 35 35 35 35 35 35 35 35 35 35 35 35 35 35 35 35 35 36 36 37 37 37 37 37 37 37 37 37 37 37 37 37 37 37 37 37 37 37 37 37 37 37 37 37 37 37 37 37 37 37 37 37 37 37 37 37 37 37 37 37 37 37 37 37 37 37 37 38 38 38 38 38 38 38 38 38 38 38 38 38 37 37 37 37 37 37 37 37 37 37 37 37 37 37 37 37 37 37 37 37 37 37 37 37 37 37 37 37 38 38 38 37 37 37 38 38 39 38 39 39 38 38 38 38 38 39 38 37 37 37 38 38 37 37 37 37 37 37 37 37 37 37 37 37 37 37 37 37 37 37 36 36 36 37 37 37 37 37 37 37 37 37 37 37 37 37 37 37 37 37 37 37 36 37 37 37 37 36 37 37 37 37 37 36 36 36 36 36 36 36 36 36 36 36 36 36 36 36 36 36 36 36 36 36 36 36 36 35 35 35 34 34 34 34 34 35 34 35 35 35 35 35 35 35 35 35 36 36 36 36 36 36 36 36 35 35 35 34 35 34 34 34 34 35 35 35 35 35 34 34 34 33 33 33 33 33 33 33 34 34 35 34 34 34 35 34 35 35 35 35 36 35 36 36 36 36 36 37 37 37 37 36 36 37 36 35 35 35 35 35 35 35 35 35 35 35 35 35 35 35 36 35 36 36 36 35 35 36 36 35 35 35 35 35 34 35 35 35 35 35 36 36 36 36 36 36 36 36 36 36 36 36 36 36 36 36 36 36 36 36 36 35 35 35 35 35 35 35 35 35 35 35 35 35 35 35 35 37 37 37 37 37 37 37 37 37 37 37 37 37 37 37 37 37 37 37 37 37 37 37 37 37 37 37 37 37 37 37 37 37 37 37 37 37 37 37 37 37 37 37 37 37 37 37 37 37 37 38 38 38 38 38 37 37 37 37 38 38 38 38 37 37 36 37 37 37 37 37 37 36 37 37 37 37 37 37 37 36 36 36 36 36 36 37 38 38 38 38 37 37 37 37 37 37 37 38 38 38 39 39 39 38 38 38 39 39 38 37 37 37 37 38 38 37 37 37 37 38 38 37 37 37 37 37 36 36 36 37 37 37 36 36 36 36 36 36 37 37 37 37 37 37 37 37 37 37 37 37 37 37 37 37 36 36 37 37 37 37 37 37 37 36 36 36 36 36 36 36 36 36 36 36 35 36 36 36 36 36 36 36 36 36 35 36 35 35 35 35 35 34 35 35 35 35 35 36 36 35 35 35 35 36 36 36 36 35 35 36 36 36 35 35 36 35 35 35 35 34 35 34 34 34 34 35 35 34 34 34 34 34 33 33 33 34 34 35 35 34 34 34 35 35 35 35 35 35 35 35 35 35 36 36 36 36 36 37 37 37 36 36 36 36 35 35 35 35 35 35 35 35 35 35 35 36 36 35 35 35 35 35 35 36 36 35 36 36 35 36 36 35 35 34 35 35 35 35 36 36 36 36 36 36 36 36 36 37 36 36 36 36 36 37 37 37 37 37 37 36 35 35 35 35 35 35 35 35 35 35 35 35 35 35 35 35 37 37 37 37 37 37 37 37 37 37 37 37 37 37 37 37 37 37 37 37 37 37 37 37 37 37 37 37 37 37 37 37 37 37 37 37 37 37 37 37 37 37 37 37 37 37 37 37 37 37 38 38 37 37 38 37 37 37 38 38 38 38 38 38 38 37 36 37 38 37 37 36 36 36 36 37 37 37 36 36 36 36 37 37 37 37 37 37 37 37 37 38 37 38 38 38 37 38 38 38 38 38 39 39 39 39 38 38 39 38 38 37 37 37 37 37 37 37 37 37 37 37 38 37 37 37 36 36 36 36 36 36 36 36 36 36 36 36 36 36 36 37 37 37 37 37 38 38 37 37 37 37 37 36 36 37 37 37 36 36 37 37 37 36 36 36 36 36 36 36 36 36 36 36 36 36 36 36 36 36 36 36 36 36 35 35 34 34 34 35 35 35 35 35 35 35 35 36 35 35 35 35 35 35 36 36 35 35 35 36 35 35 35 34 35 35 35 36 35 35 36 35 34 34 34 34 35 35 35 34 34 33 33 34 34 34 34 34 34 34 34 34 35 35 35 36 35 35 35 35 35 35 36 36 36 36 36 36 37 37 37 36 36 37 36 36 35 35 35 35 35 35 35 35 35 35 36 35 35 35 35 35 35 36 36 35 37 36 36 36 36 35 35 35 35 35 35 35 36 36 35 35 35 36 36 36 36 36 36 36 36 36 37 37 37 37 37 37 36 36 35 35 35 35 35 35 35 35 35 35 36 36 36 36 35 35 37 37 37 37 37 37 37 37 37 37 37 37 37 37 37 37 37 37 37 37 37 37 37 37 37 37 37 37 37 37 37 37 37 37 37 37 37 37 37 37 37 37 37 37 37 37 37 37 37 37 38 37 37 37 37 37 37 37 37 37 37 37 37 37 38 38 37 37 37 38 37 37 37 36 36 36 37 36 37 37 37 37 37 38 37 37 38 38 37 37 37 38 38 38 38 38 38 37 37 38 38 39 38 38 39 38 38 38 39 39 38 37 37 36 36 37 37 37 36 37 37 38 37 37 37 37 37 37 36 36 36 36 36 37 37 36 36 36 36 36 36 36 38 38 38 38 38 38 38 37 37 36 37 37 37 37 37 37 36 36 37 37 37 36 36 36 36 36 36 36 36 36 36 36 36 36 36 36 36 36 36 37 37 36 37 36 34 34 35 35 36 35 35 35 35 35 36 35 35 35 35 35 35 35 35 35 35 35 35 35 35 35 35 34 35 35 36 35 36 36 36 35 34 34 34 34 35 34 34 34 34 34 34 34 34 34 34 34 34 34 34 34 35 35 36 36 36 35 35 35 35 35 36 36 36 36 37 37 37 37 37 36 36 37 36 35 35 35 35 35 35 35 35 35 35 36 36 35 35 35 35 36 36 35 35 37 36 36 36 36 36 35 35 35 35 35 35 35 35 35 35 36 36 36 36 36 36 36 37 37 37 37 37 37 37 37 37 37 36 36 35 35 35 35 35 35 35 35 36 36 36 36 36 35 35 37 37 37 37 37 37 37 37 37 37 37 37 37 37 37 37 37 37 37 37 37 37 37 37 37 37 37 37 37 37 37 37 37 37 37 37 37 37 37 37 37 37 37 37 37 37 37 37 37 37 37 37 37 37 37 37 37 37 37 37 37 37 37 37 37 37 37 37 37 37 38 37 36 36 37 36 36 36 37 37 37 37 37 37 37 37 38 38 37 37 37 37 37 37 38 38 38 38 38 38 38 38 39 39 38 38 38 38 38 38 39 38 37 37 36 36 36 37 37 37 37 38 38 37 37 37 37 37 37 37 36 36 36 36 37 37 36 36 36 36 38 38 38 38 37 37 37 38 37 36 36 36 36 36 37 37 37 37 37 37 36 36 37 37 36 36 36 36 36 36 36 36 36 36 37 37 37 37 37 36 35 34 34 35 36 35 35 35 35 35 35 35 35 36 36 36 36 36 35 34 35 36 36 35 35 36 35 34 35 35 36 36 36 36 36 36 35 34 34 34 34 34 34 34 34 35 34 34 34 34 34 35 35 35 35 35 34 35 35 36 36 36 35 36 35 36 37 36 37 37 37 37 37 37 36 36 36 37 36 35 35 35 35 35 35 35 35 35 35 36 36 35 35 35 35 35 36 36 36 37 36 36 36 36 35 35 35 35 35 35 35 35 35 35 36 36 35 36 36 36 36 37 37 37 37 36 36 36 36 37 37 37 37 36 36 35 35 35 35 35 35 36 36 36 36 36 35 35 35 37 37 37 37 37 37 37 37 37 37 37 37 37 37 37 37 37 37 37 37 37 37 37 37 37 37 37 37 37 37 37 37 37 37 37 37 37 37 37 37 37 37 37 37 37 37 37 37 37 37 37 37 37 37 37 37 37 37 37 37 37 37 37 37 37 37 37 37 37 37 37 37 36 37 38 37 37 38 37 37 37 37 38 38 37 38 38 38 37 37 37 37 37 37 37 37 37 37 37 37 37 38 38 39 39 38 37 38 38 38 39 39 38 37 37 36 36 37 37 38 37 37 38 38 37 37 37 37 37 37 37 36 36 36 36 37 38 38 38 37 37 37 37 36 36 36 36 36 37 36 37 37 37 37 37 37 37 37 37 37 37 37 37 37 36 36 36 36 37 37 37 37 36 35 35 34 35 35 35 35 35 35 34 35 35 35 35 35 36 36 36 35 35 35 35 35 35 35 36 35 35 35 35 35 35 35 36 36 35 36 35 34 34 34 34 34 34 34 34 34 34 34 34 35 35 35 35 35 36 35 35 35 36 36 36 36 36 36 36 36 37 37 37 38 37 37 37 36 36 36 36 37 36 35 35 35 35 35 36 35 35 35 36 36 35 35 35 35 35 35 36 35 36 36 36 36 36 35 35 36 36 35 35 35 35 35 35 35 35 35 36 36 36 37 37 37 37 37 36 36 36 36 36 36 36 37 36 36 35 35 35 35 35 36 36 36 36 36 35 35 35 35 37 37 37 37 37 37 37 37 37 37 37 37 37 37 37 37 37 37 37 37 37 37 37 37 37 37 37 37 37 37 37 37 37 37 37 37 37 37 37 37 37 37 37 37 37 37 37 37 37 37 37 37 37 37 37 37 37 37 37 37 37 37 37 37 37 37 37 37 37 36 37 36 37 37 37 38 37 37 37 37 37 38 38 38 38 38 38 38 38 38 38 37 37 37 37 37 37 38 38 38 38 37 38 38 39 38 38 37 38 38 39 39 39 38 37 36 36 36 37 37 37 38 38 38 38 38 37 37 37 37 37 37 36 36 38 38 38 37 37 37 36 36 36 36 36 37 37 37 37 37 37 37 37 37 37 37 37 37 36 36 36 37 37 37 38 37 36 36 35 34 34 34 35 34 35 35 35 35 35 35 35 35 36 35 35 35 35 35 35 35 35 35 36 36 35 35 36 36 35 35 35 36 35 35 35 35 35 34 34 34 34 34 34 34 34 34 34 35 35 35 35 35 35 35 35 35 35 36 36 36 37 36 36 37 36 36 37 37 37 37 37 37 37 37 36 36 36 35 35 35 35 36 36 36 35 36 36 36 36 35 35 35 35 36 36 35 37 36 37 36 36 36 36 36 36 35 35 36 36 36 35 35 36 36 36 36 36 36 36 37 37 37 37 36 36 36 36 36 36 36 36 36 36 36 35 35 36 36 36 36 36 36 36 35 35 36 37 37 37 37 37 37 37 37 37 37 37 37 37 37 37 37 37 37 37 37 37 37 37 37 37 37 37 37 37 37 37 37 37 37 37 37 37 37 37 37 37 37 37 37 37 37 37 37 37 37 38 37 37 37 37 37 37 37 37 37 37 37 37 37 37 37 37 37 37 37 37 36 36 36 36 37 37 37 37 37 37 37 38 38 38 38 38 38 38 38 38 38 38 37 37 37 37 37 37 37 37 37 37 38 38 39 39 38 37 38 38 38 38 37 36 37 36 36 37 36 37 37 37 38 38 38 38 38 38 37 37 38 37 36 38 37 37 37 37 37 37 37 37 37 37 37 37 37 37 37 37 37 37 37 36 37 37 37 37 37 37 37 35 35 34 35 35 35 35 35 35 36 36 35 35 35 35 35 35 35 35 35 35 35 35 35 35 35 35 36 35 35 35 35 35 35 36 36 36 36 35 35 35 35 35 34 34 34 34 34 34 34 34 35 35 35 34 35 35 35 35 35 36 36 36 37 36 36 36 36 36 36 36 37 36 36 36 36 37 37 36 36 36 35 35 35 35 35 36 36 36 36 36 36 36 36 36 35 36 36 36 35 37 36 37 36 36 36 36 36 36 36 35 36 36 36 36 35 36 36 36 36 36 36 37 37 37 37 37 37 36 36 36 36 36 36 36 36 37 36 36 36 36 36 36 36 36 35 35 36 36 36 37 37 37 37 37 37 37 37 37 38 37 37 37 37 37 37 37 37 37 37 37 37 37 37 37 37 37 37 37 37 37 37 37 37 37 37 37 37 37 37 37 37 37 37 37 37 37 37 37 37 38 37 37 37 37 37 37 37 37 37 37 37 37 37 37 37 37 37 37 37 37 37 37 37 37 37 37 37 38 38 37 37 37 37 38 37 37 38 38 39 39 38 38 38 38 37 37 38 37 37 37 37 37 38 38 38 38 38 38 37 37 37 37 36 36 38 37 37 37 37 36 37 37 38 38 38 38 38 38 37 37 37 37 37 38 38 37 37 37 37 37 37 37 37 37 37 37 37 37 37 37 37 37 37 37 37 37 37 35 36 36 36 36 35 35 35 35 36 36 35 36 35 36 36 36 36 35 35 34 35 35 36 35 36 36 35 35 35 35 36 36 35 36 35 36 35 35 35 35 35 35 35 35 34 34 34 35 35 34 34 34 34 35 35 36 36 36 36 36 36 36 36 36 36 36 36 36 36 36 37 37 37 37 36 36 36 36 37 36 36 36 35 35 35 36 36 36 36 36 36 36 36 36 36 36 36 36 36 37 37 37 36 36 36 36 36 36 36 36 36 37 37 36 36 36 37 37 37 37 37 37 37 36 37 37 37 36 36 36 36 36 36 36 36 37 36 36 36 36 36 36 36 36 36 36 36 36 36 37 37 37 37 37 37 37 37 37 37 37 37 37 37 37 37 37 37 37 37 37 37 37 37 37 37 37 37 37 37 37 37 37 37 37 37 37 37 37 37 37 37 37 37 37 37 37 37 37 37 37 37 37 37 37 37 37 37 37 37 37 37 37 37 37 37 37 37 37 37 37 37 37 37 37 36 37 37 37 37 37 37 37 37 37 37 37 37 38 38 38 39 38 39 38 38 37 37 38 38 38 37 37 38 38 38 38 38 39 38 37 37 37 36 37 38 38 37 37 37 37 36 37 37 38 38 38 38 37 38 37 37 37 37 38 38 38 38 37 37 37 37 37 37 37 37 37 37 37 36 37 37 37 37 37 37 37 35 36 37 37 37 36 36 36 36 37 36 35 36 36 35 36 36 37 36 35 35 35 34 35 35 35 35 35 35 35 35 35 36 36 36 35 35 35 35 35 35 35 35 35 35 35 35 35 35 34 34 34 34 34 35 35 36 36 36 35 35 36 36 36 36 36 36 37 37 37 36 36 37 37 37 36 36 36 36 37 36 36 35 35 35 35 36 36 36 36 36 36 36 36 36 36 36 36 36 36 37 37 37 36 36 36 36 37 36 37 37 37 37 36 36 36 36 36 36 36 36 36 37 37 37 37 37 37 36 36 36 36 36 36 36 36 36 36 36 36 36 36 36 36 36 36 36 36 36 36 37 37 37 37 37 37 37 38 37 37 37 37 37 37 37 37 37 37 37 37 37 37 37 37 37 37 37 37 37 37 37 37 37 37 37 37 37 37 37 37 37 37 37 37 37 37 37 37 37 37 37 37 37 38 38 37 38 38 37 37 37 38 38 37 37 38 38 38 37 37 37 37 37 37 36 36 36 37 37 37 37 38 37 37 37 37 37 38 38 38 38 38 39 39 38 38 37 37 38 39 38 38 38 38 38 38 38 38 38 39 38 38 37 36 37 37 38 38 37 37 37 37 37 37 37 38 38 38 37 37 37 37 38 38 38 37 37 37 37 37 37 37 37 37 37 37 38 37 37 37 37 36 36 37 37 37 38 37 37 37 37 36 36 36 36 36 35 36 36 36 36 36 35 35 35 35 35 35 35 35 35 34 35 35 36 35 35 35 35 35 35 35 35 35 35 34 35 35 35 35 34 34 34 35 35 35 35 35 35 35 35 35 36 36 36 36 36 37 37 36 37 37 36 36 37 37 37 36 36 36 36 36 36 36 35 35 35 36 36 36 36 36 36 36 36 36 36 36 36 36 36 37 37 37 37 36 37 37 37 37 37 37 37 37 37 36 36 36 36 36 37 36 36 37 36 36 37 37 36 36 36 36 36 36 36 36 36 36 36 36 36 36 36 36 36 36 36 36 36 36 36 37 37 37 37 37 37 38 37 37 37 37 37 37 37 37 37 37 37 37 37 37 37 37 37 37 37 37 37 37 37 37 37 37 37 37 37 37 37 37 37 37 37 37 37 37 37 37 37 37 37 37 37 37 37 38 38 38 38 38 38 38 38 38 37 37 38 38 38 37 37 38 38 37 37 37 37 36 37 37 37 37 37 37 37 37 37 37 38 37 38 38 38 38 39 39 39 38 38 39 39 38 38 38 38 38 38 38 38 38 38 38 38 37 37 36 36 37 38 38 37 37 37 37 38 38 38 38 38 38 37 37 37 37 38 38 38 38 37 37 37 37 37 37 37 37 37 37 37 37 37 36 36 37 37 37 38 37 37 37 37 37 37 37 36 36 36 36 36 36 37 37 36 36 36 36 35 35 35 36 35 34 34 35 35 35 36 35 35 35 35 35 35 35 35 35 34 34 34 34 34 34 35 36 35 35 35 35 35 35 35 36 36 36 36 36 36 36 36 36 36 36 36 36 36 37 37 37 36 36 36 36 36 36 35 35 36 36 36 36 36 36 36 36 36 36 36 36 36 36 36 37 37 37 37 36 36 36 36 37 37 37 37 37 37 37 37 36 36 36 37 36 36 36 36 37 37 36 36 36 36 36 36 36 36 36 36 36 36 36 36 36 36 36 36 36 36 36 36 36 36 37 37 37 37 37 37 37 37 37 37 37 37 37 37 37 37 37 37 37 37 37 37 37 37 37 37 37 37 37 37 37 37 37 37 37 37 37 37 37 37 37 37 37 37 37 37 37 37 37 37 38 37 37 37 37 37 37 37 38 38 38 38 37 37 38 38 38 38 37 38 38 38 38 38 38 37 36 36 36 38 38 38 38 37 37 37 37 37 37 37 38 38 38 38 39 39 39 39 39 39 39 39 39 38 38 38 38 38 38 37 37 37 37 37 37 36 36 37 38 38 38 37 37 38 38 38 38 37 37 37 37 37 37 38 38 38 37 37 37 37 37 37 38 37 37 38 38 36 36 37 37 37 37 37 38 38 38 37 37 37 37 37 36 36 36 36 36 37 36 36 36 36 36 35 36 36 36 35 35 34 35 35 35 35 36 36 35 35 35 35 35 36 35 35 35 35 34 35 35 35 35 35 35 35 35 35 36 36 36 36 36 36 36 36 36 36 36 36 35 36 36 36 36 37 36 35 35 36 36 36 36 36 36 36 36 36 36 36 36 36 36 36 36 36 36 36 36 37 37 37 37 37 36 36 37 37 37 37 37 37 37 37 36 36 36 36 36 36 36 37 37 37 37 36 36 36 36 36 36 36 36 36 36 36 36 36 36 36 36 36 36 36 36 36 36 36 36 37 37 37 37 37 37 37 37 37 37 37 37 37 37 37 37 37 37 37 37 37 37 37 37 37 37 37 37 37 37 37 37 37 37 37 37 37 37 37 37 37 37 37 37 37 37 37 37 37 37 37 38 38 38 37 37 37 37 37 37 38 38 38 38 38 39 39 38 38 39 39 39 39 38 38 37 38 37 36 37 38 38 38 38 37 37 37 37 37 37 37 37 37 38 38 39 39 38 39 39 39 39 38 38 38 38 39 38 38 38 38 37 38 38 37 37 36 36 37 38 38 38 38 38 38 38 38 37 37 37 37 37 37 37 37 37 37 38 38 38 38 38 38 37 36 37 37 38 38 38 38 38 38 38 38 37 37 38 38 37 37 37 37 36 36 35 35 35 35 36 35 36 36 36 35 35 34 34 34 35 35 35 35 35 35 35 35 35 35 35 35 35 35 35 35 35 35 35 35 36 36 35 36 36 36 36 36 36 36 36 36 36 36 36 36 36 37 37 36 37 37 36 36 36 37 36 36 36 36 36 36 36 36 36 36 37 37 37 37 36 36 36 36 37 37 37 37 37 37 37 37 37 37 37 37 37 37 37 36 36 36 36 36 36 36 36 37 37 36 36 36 36 36 36 36 35 35 36 36 35 35 36 36 36 36 36 36 36 36 36 36 36 36 37 37 37 37 37 36 36 36 36 36 37 37 37 37 37 37 37 37 37 37 37 37 37 37 37 37 37 37 36 37 37 37 37 37 36 37 37 37 37 37 37 36 37 36 36 36 36 36 36 36 37 37 37 37 37 37 37 37 36 37 37 37 37 37 38 39 39 38 38 39 39 39 39 38 38 38 38 37 36 36 36 36 37 37 38 37 38 38 37 37 37 37 37 37 37 38 38 38 38 39 39 39 39 38 38 38 38 38 38 39 38 37 38 39 38 37 37 36 36 37 38 38 38 38 38 38 38 38 37 37 38 37 38 38 38 38 38 38 38 37 37 37 37 38 38 38 38 38 38 39 39 39 38 38 39 38 38 38 38 36 36 36 36 36 36 37 36 36 36 36 35 35 35 35 35 34 34 35 35 35 35 35 35 35 36 35 35 35 35 35 36 35 35 35 35 36 35 35 36 36 36 36 36 36 37 36 36 36 36 36 36 36 36 36 36 37 37 36 36 37 37 36 36 36 36 36 36 37 37 37 37 37 37 37 37 36 36 36 36 37 37 37 37 37 38 38 38 38 37 38 38 37 37 36 36 36 36 36 36 36 36 36 37 37 36 36 36 36 36 36 36 36 36 35 36 35 35 35 35 36 36 36 36 35 36 35 35 35 35 36 36 36 36 36 36 36 36 37 36 36 37 37 37 37 37 37 37 37 37 37 37 37 37 37 37 37 37 37 37 37 37 37 37 37 37 37 37 37 37 37 37 37 37 36 36 36 36 36 37 37 37 37 37 37 37 37 38 37 36 37 37 37 38 38 39 39 38 38 38 39 39 39 39 39 39 38 38 38 37 37 36 37 38 38 38 38 38 38 38 37 37 38 37 37 37 37 38 38 39 39 39 38 39 39 38 38 38 39 39 38 38 38 39 39 38 38 37 36 37 38 38 38 38 38 38 38 37 38 37 38 37 38 38 38 38 38 38 38 37 37 38 38 38 38 39 39 38 39 39 39 39 39 38 39 39 39 39 38 37 37 37 37 36 36 36 36 36 36 36 36 36 36 36 35 35 35 35 35 35 35 35 35 35 35 36 35 35 36 36 36 36 36 35 35 36 35 36 36 36 36 36 36 36 36 36 36 36 36 36 36 36 36 36 36 36 37 36 36 37 37 37 36 36 36 36 36 37 37 37 37 37 37 37 37 37 36 36 36 37 37 37 37 37 37 38 37 37 37 38 37 37 37 36 36 36 36 36 36 36 36 37 37 36 36 36 36 36 36 36 36 36 36 35 35 35 35 35 35 35 36 35 35 35 35 35 35 35 35 37 36 36 37 36 36 36 37 37 36 36 37 37 37 37 37 37 37 37 37 37 37 37 37 37 36 37 37 37 37 37 37 37 37 37 37 37 37 37 37 37 37 37 36 36 36 36 36 36 36 37 37 37 37 37 37 37 38 37 37 37 37 37 37 37 38 39 39 39 38 39 39 39 38 39 38 38 37 37 36 36 37 36 37 37 37 37 38 38 38 38 38 38 38 38 37 37 37 37 38 39 39 39 39 39 39 39 38 39 39 39 39 38 39 39 38 38 38 37 37 38 38 38 38 38 38 38 38 38 37 38 38 38 39 38 39 38 39 38 38 38 38 38 38 38 39 39 39 39 39 39 39 40 39 39 39 39 39 39 39 38 37 37 37 37 36 36 36 37 37 37 37 36 36 36 36 36 35 35 35 35 35 35 35 36 36 35 35 36 36 36 36 36 36 36 36 36 36 37 36 36 36 36 36 36 36 36 36 36 36 36 36 36 36 36 36 37 36 36 37 37 37 36 36 36 36 37 37 37 37 37 37 37 37 37 36 36 36 37 37 37 37 37 37 38 37 37 37 37 37 37 37 37 36 36 36 36 36 36 36 36 36 36 36 36 36 36 36 36 36 36 36 36 36 35 35 35 35 35 35 35 35 35 35 35 35 35 35 37 37 36 37 37 37 37 37 37 36 36 36 37 37 37 37 37 37 37 37 37 37 37 36 36 37 37 37 37 37 37 36 36 36 37 37 37 37 37 37 37 36 36 36 37 36 36 36 36 36 36 37 37 37 37 37 37 37 37 37 37 37 37 37 37 38 38 39 39 39 39 39 38 38 37 37 37 37 37 37 37 37 37 37 38 37 37 37 38 38 39 39 39 38 38 38 38 38 38 38 39 39 39 39 40 39 39 39 39 39 39 38 38 37 37 37 38 38 38 39 39 38 38 38 38 38 38 39 39 39 39 39 39 39 39 39 39 39 39 39 39 39 39 40 40 40 40 39 39 39 39 39 39 39 38 38 38 37 36 36 36 36 37 37 37 37 36 36 36 36 36 36 35 35 35 35 35 35 35 36 35 35 36 36 36 36 36 36 36 36 36 36 37 36 36 36 36 36 36 36 36 36 36 36 36 36 36 36 36 36 37 37 36 37 37 37 37 36 36 36 36 37 37 37 37 37 37 37 37 37 36 36 37 37 38 37 37 37 38 38 38 37 37 37 37 37 37 37 37 37 37 37 37 37 37 36 36 36 36 36 36 36 36 36 36 36 36 36 36 35 35 35 35 35 35 35 35 35 35 35 35 35 37 37 37 37 37 37 37 37 37 36 36 36 37 37 37 37 37 37 37 37 37 36 36 37 37 37 37 37 37 36 36 36 36 36 36 37 36 36 36 36 36 36 36 36 37 36 36 36 36 36 36 37 37 36 37 37 36 37 37 38 37 37 37 37 37 38 39 39 39 39 39 39 38 37 37 37 37 38 38 38 37 38 38 38 38 38 37 37 38 38 39 38 38 38 39 38 38 38 39 38 39 39 39 40 39 39 39 39 37 37 38 38 39 39 38 39 39 40 39 39 39 40 40 40 39 39 39 39 39 40 40 40 40 40 40 40 39 38 38 38 39 38 38 38 38 37 37 36 36 36 37 37 37 37 36 36 36 36 37 37 36 36 36 35 35 35 35 35 35 35 36 36 36 36 36 36 36 36 36 36 36 36 36 36 36 36 36 36 36 36 36 37 37 37 36 36 36 36 37 37 36 37 37 37 37 37 37 36 37 37 37 37 37 37 37 37 37 37 36 36 37 38 38 38 37 37 38 38 37 37 37 37 37 37 37 37 38 38 37 37 37 37 37 36 36 36 36 36 36 36 35 36 36 35 35 36 36 36 35 35 35 35 35 35 36 36 36 36 35 35 37 37 37 37 37 37 37 37 37 36 36 36 37 37 37 37 37 37 37 37 37 36 36 37 37 37 36 36 36 36 36 36 36 36 36 36 36 36 36 36 36 36 36 36 36 37 36 36 36 36 36 36 36 36 36 36 36 37 37 37 37 37 37 37 38 39 39 39 38 38 39 39 38 37 37 37 38 39 39 38 37 37 38 39 39 38 38 37 37 38 38 38 38 38 38 38 38 38 38 38 39 39 39 40 37 39 39 39 40 40 40 39 39 40 39 39 40 40 40 40 39 39 39 39 40 40 40 40 40 40 39 38 38 38 38 38 38 38 38 38 37 36 36 37 37 37 37 37 37 37 37 36 36 37 37 36 36 35 35 36 36 36 36 36 36 36 36 36 36 36 36 36 36 36 36 36 36 36 36 36 36 36 36 36 36 36 37 36 36 36 36 36 37 37 37 36 37 37 37 37 37 36 36 37 37 37 37 37 37 37 37 37 37 36 37 37 38 38 38 38 38 38 37 37 37 37 37 37 37 38 38 37 37 37 37 37 37 37 36 36 36 36 37 36 36 36 36 36 35 35 35 36 36 35 35 35 35 35 36 36 36 35 35 35 37 37 37 37 37 37 37 37 37 37 36 36 37 37 37 37 37 37 37 36 36 36 36 36 36 36 36 36 36 36 36 36 36 36 36 36 36 37 37 37 37 37 36 36 37 37 36 36 36 36 36 37 36 36 36 36 36 36 36 36 37 37 37 37 38 39 38 38 38 38 39 39 39 38 37 38 38 39 39 38 38 38 38 39 39 38 37 37 37 37 37 38 38 38 38 38 38 38 38 38 38 39 40 39 40 40 40 40 41 41 40 40 40 40 41 40 40 40 40 40 40 40 40 40 39 39 38 38 38 39 38 37 38 37 37 38 38 37 37 37 38 38 37 37 38 37 37 37 36 36 37 37 36 36 36 36 36 36 36 36 36 36 36 36 37 36 36 36 36 36 36 36 36 36 36 36 36 36 36 36 36 36 36 36 36 37 36 36 37 37 37 36 37 37 37 37 37 37 37 37 37 37 37 37 37 37 37 37 37 37 37 37 37 38 38 38 37 37 37 37 37 37 37 37 37 37 37 37 37 37 37 37 37 37 37 36 36 37 37 36 36 36 36 35 35 35 35 35 36 36 35 35 35 35 35 36 36 36 35 36 37 37 37 37 38 38 38 37 37 36 36 36 37 37 37 37 37 37 37 36 36 36 36 36 36 36 36 36 36 36 36 37 37 37 36 36 36 37 37 37 37 36 36 37 37 37 36 36 36 36 36 36 37 36 36 35 36 36 36 36 37 37 38 38 38 38 38 38 38 38 39 39 38 37 37 38 39 39 39 39 39 38 39 39 38 38 38 38 37 38 39 39 38 38 38 38 38 38 38 38 39 41 41 41 41 41 41 41 41 41 40 40 40 40 41 41 41 40 40 40 40 39 39 38 38 38 38 38 37 37 37 37 37 37 38 37 37 36 37 37 38 37 37 37 37 37 37 37 37 37 37 37 36 36 36 36 36 36 36 36 36 36 37 37 37 37 36 36 36 36 36 36 36 36 36 36 36 36 36 37 37 36 36 36 37 36 37 37 37 37 37 37 37 37 37 37 37 37 37 37 37 37 37 37 37 37 37 37 37 37 37 37 38 38 38 38 38 37 37 37 37 37 37 37 37 37 37 37 37 38 38 37 37 37 36 36 37 37 37 36 36 36 36 36 35 35 35 35 35 35 35 35 35 35 36 36 36 36 36 37 37 37 38 38 37 37 37 36 36 36 36 37 37 37 37 37 36 36 36 36 36 36 36 36 36 36 37 37 36 36 37 38 38 37 36 37 37 37 37 37 37 36 37 37 37 37 37 36 36 36 36 36 37 36 35 35 36 36 37 37 37 38 38 38 38 38 38 38 38 39 39 38 38 38 38 38 38 39 40 39 39 39 39 38 39 39 38 38 39 39 38 38 38 38 38 39 38 39 42 42 42 41 42 41 42 41 41 41 41 41 41 41 40 40 40 40 40 39 39 38 38 38 37 37 37 37 37 36 37 37 37 37 37 36 37 38 37 37 37 37 38 37 37 37 37 37 37 37 36 36 36 36 36 37 37 37 36 36 37 37 37 37 37 37 37 37 36 36 37 37 37 37 37 36 36 36 36 37 36 37 37 36 36 37 37 37 37 37 37 37 37 37 37 37 37 37 37 37 37 37 37 37 37 37 37 37 37 37 37 38 38 37 38 38 37 37 37 37 37 37 37 37 37 37 37 38 37 37 37 36 36 36 36 37 36 36 37 36 36 36 36 36 35 35 35 35 35 35 36 35 35 36 36 36 36 38 37 38 37 37 37 37 37 37 37 36 36 37 37 37 37 37 37 36 37 37 36 36 36 36 36 37 37 37 37 36 37 37 38 37 36 37 37 38 38 37 36 36 37 37 37 37 37 37 36 37 37 37 37 36 36 35 36 36 37 37 37 38 37 38 38 38 38 38 38 39 39 39 38 38 38 38 38 39 40 40 40 40 39 38 39 39 38 38 39 38 39 38 39 39 39 39 38 42 41 41 42 42 42 42 43 43 42 42 41 41 41 42 41 41 41 41 40 40 40 40 40 39 40 39 39 38 37 37 38 37 37 37 37 37 37 37 37 37 37 37 37 37 38 38 37 37 37 38 38 37 38 37 37 37 37 37 37 37 37 36 36 37 37 36 36 37 37 37 37 37 37 37 37 37 37 37 37 37 37 37 37 37 37 36 36 37 37 37 36 37 37 37 37 37 37 37 37 37 37 37 37 37 37 37 37 37 37 37 37 37 37 37 37 37 37 37 37 37 37 37 38 37 37 37 37 37 37 38 37 37 37 37 37 37 37 37 36 37 36 36 36 37 36 36 37 36 36 36 36 36 36 35 35 35 35 35 36 35 35 36 36 36 38 37 37 37 37 37 37 37 37 37 37 36 37 37 37 37 37 37 36 37 37 36 37 36 36 37 37 37 38 37 36 37 37 38 37 37 37 38 37 36 36 36 37 37 38 37 37 37 36 36 37 37 36 36 36 35 35 36 36 36 36 37 37 37 38 38 38 38 38 38 39 39 39 39 38 39 39 39 40 40 40 40 40 40 39 40 39 39 39 38 39 39 39 39 39 42 42 42 42 43 43 42 42 42 42 42 42 42 41 41 42 42 41 40 40 40 40 40 40 40 39 39 39 39 38 37 37 37 38 38 37 37 37 37 37 37 37 37 37 37 37 37 37 37 37 37 37 37 38 38 38 38 37 37 37 37 37 37 37 37 36 37 37 37 37 37 37 37 37 37 37 37 37 37 37 37 37 37 37 37 37 37 37 37 37 37 37 36 37 37 37 37 37 37 37 37 37 37 37 37 37 37 37 37 37 37 37 37 37 37 37 37 38 38 38 38 38 37 37 37 37 37 37 37 37 37 37 37 37 37 37 37 37 37 37 36 36 37 36 36 36 36 36 36 36 36 37 36 36 36 36 35 35 35 36 36 36 35 36 36 36 36 37 37 37 37 37 37 37 37 37 37 37 36 37 37 37 37 37 37 36 37 37 36 37 37 36 36 37 38 37 37 37 37 37 38 37 37 38 38 37 37 37 36 36 37 38 37 37 37 36 36 37 37 36 36 35 35 36 36 36 36 36 36 36 37 38 39 39 38 38 38 39 39 39 39 38 39 39 39 40 40 40 40 40 40 40 40 39 38 38 38 39 39 39 42 42 42 42 42 42 43 43 42 42 42 42 41 42 42 42 41 42 42 41 40 40 40 39 39 39 39 39 39 39 39 39 38 37 37 37 37 37 37 37 37 37 37 37 37 37 37 37 37 37 37 37 37 38 38 38 38 38 38 37 37 37 37 37 37 37 37 37 37 37 37 37 37 37 37 37 37 37 37 37 37 37 37 37 37 37 37 37 37 37 37 37 37 37 37 37 37 37 37 37 37 37 37 37 37 37 37 37 37 37 37 37 37 37 37 37 37 37 37 37 38 38 38 38 38 38 38 37 37 37 37 37 37 37 37 37 37 37 37 37 37 37 36 36 36 37 37 37 37 36 36 36 36 36 36 36 36 36 36 35 35 35 35 36 36 36 36 36 36 36 37 37 37 37 38 37 37 37 37 37 37 36 36 37 37 37 37 36 36 37 37 37 36 36 37 37 37 37 38 37 37 38 38 38 37 37 38 37 37 38 37 36 36 37 38 37 37 36 36 36 36 36 36 35 35 36 36 36 37 37 37 37 37 38 38 39 39 39 38 38 39 39 40 39 39 38 39 39 39 39 40 40 40 40 40 40 39 39 38 38 38 39 39 42 42 42 43 42 42 42 42 41 41 41 41 42 42 41 41 41 41 41 39 39 39 39 39 39 39 39 39 39 38 37 37 37 37 37 37 37 37 37 37 37 37 37 38 37 37 37 37 37 37 37 37 37 38 38 38 38 38 38 38 38 37 37 37 37 37 37 37 37 38 38 37 37 37 37 37 37 37 37 37 37 37 37 37 37 37 37 37 37 37 37 37 37 37 37 37 37 37 37 37 37 37 37 37 37 37 37 37 37 37 37 37 37 37 37 37 37 37 37 38 38 38 38 38 38 38 37 37 37 38 37 37 37 37 37 37 37 38 38 37 36 36 36 36 36 37 36 37 37 37 37 37 36 36 36 36 36 36 35 36 36 36 36 36 36 36 37 36 36 38 37 37 37 37 37 37 37 37 37 37 36 36 37 37 37 36 36 36 36 37 37 37 37 38 37 37 38 38 37 37 38 39 38 37 37 38 38 37 38 37 37 36 37 38 37 37 36 36 35 35 35 35 35 36 36 37 37 37 37 37 38 38 38 38 38 39 39 39 38 39 39 40 40 39 39 39 39 39 39 39 39 39 40 40 40 39 39 38 38 38 38 38 41 42 42 42 42 42 41 40 41 41 41 42 41 41 40 40 40 40 39 38 38 38 38 38 38 38 38 37 37 37 37 37 37 37 37 37 38 38 38 38 38 38 38 37 37 37 37 37 37 37 37 37 38 38 38 38 38 38 38 38 37 37 37 37 37 37 37 37 38 38 37 38 38 37 37 37 37 37 37 37 37 37 37 37 37 37 37 37 37 37 37 37 37 37 37 37 37 37 37 37 37 37 37 37 37 37 37 37 37 37 37 37 37 37 37 37 37 37 38 38 38 38 38 38 38 38 37 37 38 37 37 38 37 37 37 37 37 37 37 37 36 37 36 36 36 36 36 36 36 36 36 36 36 36 36 35 36 35 36 36 36 36 36 36 36 37 37 37 38 37 37 37 37 37 37 37 37 37 37 36 37 37 37 37 37 36 36 37 37 37 38 38 38 38 38 39 38 37 37 38 39 39 38 38 38 38 37 37 37 37 37 38 38 37 37 36 35 35 35 35 35 36 36 37 37 37 37 37 38 38 38 38 38 38 39 39 39 39 39 40 40 39 39 39 40 40 40 39 39 39 40 40 40 40 39 38 38 38 38 38 38 38 41 41 41 41 41 40 40 40 40 40 40 40 40 40 39 39 39 39 38 38 37 37 37 37 37 37 37 37 37 37 37 37 37 38 38 38 38 38 38 38 38 38 38 38 38 37 37 37 38 38 38 38 38 38 38 38 38 38 38 38 38 37 37 37 37 37 37 37 38 38 37 37 38 38 37 37 37 37 37 37 37 37 37 37 37 37 37 37 37 37 37 37 37 37 37 37 37 37 37 37 37 37 37 37 37 37 37 37 37 37 37 37 37 37 37 37 37 37 38 38 38 38 38 38 38 38 37 38 38 38 38 38 38 37 37 37 38 38 37 37 36 36 36 36 36 36 36 36 36 37 37 36 36 36 36 36 36 36 35 36 36 36 36 36 36 36 37 37 38 38 38 37 37 37 37 37 37 37 36 36 37 38 37 37 37 36 36 36 36 36 37 37 38 38 38 39 38 37 37 38 38 39 39 38 38 38 37 37 36 37 37 37 37 37 36 36 35 35 35 35 36 37 37 37 37 37 37 38 38 38 38 38 39 38 39 39 39 39 39 40 40 39 39 39 40 40 40 39 40 40 40 40 40 40 39 38 38 38 38 38 38 38 39 41 41 40 40 40 39 39 39 39 39 39 39 39 38 38 38 38 38 37 37 37 37 37 37 37 37 37 37 38 38 38 38 38 38 38 38 38 38 38 38 38 38 38 38 38 38 38 38 38 38 38 38 38 38 38 38 38 38 38 38 38 37 37 37 37 37 37 37 38 38 37 37 37 37 37 37 37 37 37 37 37 37 37 37 37 37 37 37 37 37 37 37 37 37 37 37 37 37 37 37 37 37 37 37 37 37 37 37 37 37 38 37 37 37 37 37 37 37 38 38 38 38 38 38 38 38 38 38 38 38 38 38 38 38 37 37 37 38 37 37 36 36 36 36 37 37 37 37 37 36 36 36 36 36 36 37 36 36 35 35 35 35 36 36 36 36 36 36 38 38 38 38 37 37 37 37 37 37 37 36 37 37 37 37 37 36 36 37 37 37 37 38 38 38 38 39 39 38 38 38 38 39 39 38 38 37 37 37 36 36 36 37 37 36 36 35 36 35 35 35 36 37 37 37 37 37 37 38 38 38 38 38 38 39 39 39 39 39 39 40 40 40 39 39 40 40 40 40 40 40 40 40 39 39 39 38 38 38 38 38 38 38 39 44 44 43 43 43 44 44 44 43 41 40 40 39 38 39 39 39 38 39 38 39 38 38 38 38 38 38 38 38 38 38 38 38 38 38 38 38 38 38 38 38 38 38 38 38 38 38 38 38 38 38 38 38 38 38 38 38 38 38 38 38 38 38 38 38 38 38 38 38 38 38 37 37 37 37 37 37 38 38 38 38 37 37 37 37 37 37 37 37 37 37 37 37 37 37 37 37 37 37 37 37 37 37 37 37 37 37 37 37 37 37 37 37 37 37 37 37 37 38 37 37 37 37 37 37 37 37 38 38 38 38 38 38 38 38 38 37 38 38 38 38 38 38 38 37 37 37 37 37 36 36 37 36 37 37 37 36 36 36 36 36 36 36 37 37 36 36 36 36 35 35 35 35 36 36 36 36 38 38 38 37 37 37 37 38 37 37 37 37 37 37 37 37 37 36 36 37 37 38 38 38 38 38 38 38 39 39 38 38 38 39 39 39 38 37 37 37 37 36 36 36 37 36 36 36 36 36 35 36 36 37 37 36 37 38 38 38 38 38 39 38 38 38 39 39 39 39 40 40 40 40 39 40 40 40 40 40 40 40 40 40 39 38 38 39 38 38 38 38 38 38 39 39 44 44 43 43 43 43 43 44 44 44 45 45 43 43 45 44 42 41 40 39 38 38 39 39 39 39 39 39 39 39 39 38 39 39 38 38 38 38 38 38 38 38 38 38 38 38 38 38 38 38 38 38 38 38 38 38 38 38 38 38 38 38 38 38 38 38 38 38 38 38 38 38 38 38 38 38 38 38 37 37 38 37 37 37 38 38 38 38 38 38 37 37 38 38 37 37 37 37 37 37 37 37 37 37 37 37 37 37 37 37 37 37 37 37 37 37 37 37 37 37 37 37 37 37 37 37 37 38 38 38 37 37 37 37 38 38 38 38 38 38 38 38 38 37 38 38 38 38 38 38 38 38 38 37 37 37 36 37 36 36 36 36 36 36 36 36 36 36 36 37 37 37 36 36 36 36 36 35 35 36 36 36 36 36 38 38 38 38 37 38 38 38 38 37 37 37 37 37 37 37 37 37 36 37 37 37 37 38 38 37 38 38 38 38 39 38 39 39 39 39 38 37 37 37 37 37 36 36 36 36 36 36 36 36 36 36 36 36 36 36 37 37 37 38 38 38 38 38 38 38 39 39 39 39 40 40 40 40 39 40 40 39 39 39 39 39 40 40 39 39 38 38 38 38 39 38 38 38 38 39 39 44 44 44 43 43 44 43 43 43 43 44 44 44 45 45 44 44 44 44 45 45 45 44 43 42 40 39 39 39 39 39 39 39 39 39 39 39 39 39 39 39 39 39 39 39 39 39 39 39 39 39 39 39 39 39 39 39 38 39 39 39 38 38 38 38 38 38 38 38 38 38 39 38 38 38 38 38 38 38 38 38 38 38 38 38 38 38 38 38 38 38 38 38 38 38 38 38 37 37 38 38 38 37 37 37 37 37 37 37 37 37 37 37 37 37 37 37 37 37 37 37 37 37 37 37 37 37 37 37 37 37 37 38 37 37 38 38 38 38 37 37 38 38 38 38 38 38 38 38 38 37 38 38 38 38 38 38 38 38 38 38 37 37 37 37 37 36 37 37 36 36 36 36 36 36 36 36 37 37 36 37 36 36 35 36 36 36 36 36 36 36 38 37 38 38 38 38 38 38 38 37 38 38 38 38 37 37 37 37 37 37 37 37 37 37 38 37 38 38 38 38 39 39 39 38 38 38 38 37 37 37 36 36 36 36 36 36 36 35 36 35 36 37 37 37 37 37 37 37 37 37 37 37 38 38 38 39 39 39 39 40 40 40 40 40 40 40 40 39 39 39 39 39 40 40 39 39 38 38 38 38 39 39 38 38 38 38 39 39 44 43 44 43 43 43 44 43 43 44 42 43 44 44 44 44 43 43 43 44 44 44 44 44 44 45 46 45 45 44 43 42 40 39 39 39 39 39 39 40 40 39 39 39 39 39 39 39 39 39 39 39 39 39 39 39 39 39 39 39 39 39 39 39 39 39 38 38 38 38 38 38 38 38 38 38 38 38 38 39 38 38 38 38 38 38 39 38 38 38 38 38 38 38 38 38 38 38 38 38 38 38 38 38 38 38 38 38 38 38 37 37 37 37 37 37 37 37 37 37 37 37 37 37 37 37 37 37 37 37 37 37 37 37 37 37 37 37 37 37 38 38 38 38 38 38 38 37 38 38 39 39 38 38 38 38 38 38 37 38 38 38 38 38 39 39 38 38 38 38 37 37 37 37 37 37 37 37 36 36 36 36 36 36 37 37 37 36 36 36 36 36 36 36 36 36 36 36 37 37 38 38 38 38 38 38 37 37 38 38 38 37 37 37 37 37 37 37 37 37 38 37 37 37 37 38 38 39 39 39 38 38 38 38 38 38 37 37 37 37 37 36 36 36 36 36 36 36 36 37 37 37 38 38 38 38 38 38 38 38 38 38 38 38 38 38 38 39 39 40 40 40 40 40 40 39 39 39 39 39 40 40 39 39 38 39 38 38 39 39 38 38 38 38 38 39 39 39 44 44 43 44 43 44 44 43 43 43 43 43 43 44 44 43 42 42 43 43 44 45 44 44 44 44 45 45 44 44 43 42 41 40 39 38 39 39 39 40 40 40 40 40 40 40 40 40 39 39 39 39 39 39 39 39 39 39 39 39 39 39 39 39 39 39 38 38 38 38 38 38 38 38 39 38 38 38 39 39 39 38 38 39 38 39 39 38 38 38 38 38 38 38 38 38 38 38 38 38 38 38 38 38 38 38 38 38 38 38 38 38 37 37 37 37 37 37 37 37 37 37 37 37 37 37 37 37 37 37 37 37 37 37 37 37 37 37 37 37 38 38 38 37 38 38 38 38 38 39 39 39 39 38 38 38 38 38 38 37 38 38 38 38 38 38 38 38 37 37 37 37 37 37 37 37 37 37 37 37 36 37 37 37 37 37 37 37 37 36 36 37 36 36 36 36 36 36 37 37 38 38 38 38 38 37 38 38 38 38 38 37 37 38 37 37 37 37 37 37 37 37 37 38 38 38 38 38 38 38 38 38 38 38 38 38 38 37 37 37 37 37 36 36 36 36 37 37 37 37 37 37 37 37 37 37 37 37 38 38 38 38 38 38 38 38 38 38 39 39 40 40 40 40 40 40 39 39 39 39 39 39 40 39 39 39 38 38 39 39 39 38 38 39 38 38 39 39 44 44 43 44 44 44 44 44 44 44 43 43 43 43 43 43 42 42 42 43 44 45 44 43 44 45 45 44 44 43 42 41 40 40 39 39 39 39 40 40 40 40 40 40 40 40 40 40 39 39 39 39 39 39 39 39 39 39 39 39 39 39 39 39 39 39 38 38 38 38 38 39 39 39 39 39 39 38 38 38 39 38 39 39 39 38 39 39 39 38 38 38 38 38 38 38 38 38 38 38 38 38 38 38 38 38 38 38 38 38 38 38 38 37 37 37 37 37 37 37 37 37 38 38 38 37 37 37 37 37 37 37 37 37 37 37 37 37 38 38 38 38 38 38 38 38 38 38 38 39 39 39 38 38 38 38 38 38 38 37 38 38 38 38 38 38 38 38 37 37 37 37 37 37 37 37 37 37 37 37 37 37 37 38 38 38 38 38 37 37 37 37 37 37 36 36 36 36 37 38 38 38 38 38 38 38 38 38 38 38 38 38 37 38 38 37 37 37 37 37 38 38 38 38 37 37 37 38 38 38 38 38 37 38 38 38 37 37 37 37 37 37 37 36 36 36 36 37 37 37 37 37 37 37 37 37 37 37 37 38 38 38 38 38 38 38 38 38 38 39 40 40 40 40 40 40 39 39 39 39 39 40 40 40 39 39 38 38 39 39 39 38 38 38 39 39 39 39 44 44 44 44 45 44 44 44 43 43 43 43 43 43 42 42 42 43 43 44 44 44 43 43 44 43 44 44 43 42 42 41 40 39 39 39 40 40 40 40 40 40 40 40 40 40 40 39 39 39 39 39 39 39 39 39 39 39 39 39 39 39 39 39 39 39 39 39 39 39 39 39 39 39 39 39 39 39 39 39 39 39 39 39 39 39 39 38 38 38 38 38 38 38 38 38 38 38 38 39 39 38 38 38 38 38 38 38 38 38 38 38 38 37 37 37 37 37 37 37 37 38 38 38 38 38 38 38 37 37 37 37 37 37 37 37 38 37 37 38 38 38 38 38 38 38 38 39 39 39 39 39 38 38 38 38 38 38 38 38 38 38 38 38 38 38 38 38 38 38 37 37 37 37 37 37 37 37 37 38 38 38 38 38 38 38 38 37 37 37 37 37 37 37 37 36 36 37 37 37 38 38 38 38 38 38 38 38 38 38 38 38 38 38 38 37 37 37 37 37 37 37 37 38 38 38 38 38 38 38 38 37 37 37 38 37 37 37 37 37 37 37 36 36 36 36 36 37 37 37 37 37 37 37 37 37 37 37 37 37 38 38 38 39 39 39 39 39 39 40 40 40 40 40 40 40 39 39 39 39 40 40 40 39 39 39 38 38 39 39 38 38 38 38 39 44 44 43 44 43 44 44 44 44 44 44 43 43 43 43 42 43 43 43 43 43 44 44 43 42 42 42 44 43 42 41 41 41 40 39 39 40 40 40 40 40 40 40 40 40 40 40 40 40 40 40 40 40 39 39 39 39 39 39 39 39 39 39 39 39 39 39 39 39 39 39 39 39 39 39 39 39 39 39 39 39 39 39 39 39 39 39 39 38 38 38 38 38 38 38 38 38 38 38 39 39 38 39 38 38 38 38 38 38 38 38 39 38 38 38 37 37 37 37 37 37 37 38 38 38 38 38 38 38 38 37 37 37 37 37 37 37 37 37 38 38 38 37 37 37 37 38 38 38 38 38 38 38 38 38 38 38 38 38 38 38 38 38 38 38 38 38 38 38 37 38 37 37 37 37 37 37 37 37 37 38 38 37 38 38 38 37 37 38 37 37 37 37 37 37 36 36 36 37 37 38 38 38 38 38 38 38 38 38 38 38 38 38 38 38 38 37 37 37 37 37 37 37 38 38 37 37 38 38 38 38 37 37 37 37 37 37 37 37 37 37 37 36 36 36 36 36 36 37 37 37 37 37 37 37 37 37 37 37 37 37 37 37 38 38 38 38 39 39 39 40 39 39 39 40 40 40 39 39 39 40 40 40 40 39 39 39 39 39 39 39 39 39 38 39 44 44 44 43 43 44 45 44 44 43 42 43 42 42 43 42 42 43 43 43 44 44 42 42 42 43 43 42 41 40 40 39 39 40 40 40 41 41 41 40 40 40 40 40 40 40 40 40 40 40 40 40 40 39 39 39 39 39 39 39 39 39 39 39 39 39 39 39 39 39 39 39 39 39 39 39 39 39 39 39 39 39 39 39 39 39 38 39 38 39 39 38 38 38 38 38 39 39 39 39 39 39 38 38 38 38 38 38 38 38 38 38 38 38 37 37 37 37 37 37 38 38 38 38 38 38 38 38 37 37 37 37 37 37 37 37 37 37 37 37 38 37 37 37 37 37 38 38 38 38 38 38 38 38 38 38 38 38 38 38 38 38 38 38 38 38 38 37 38 37 37 37 37 37 37 38 37 37 37 38 37 38 38 37 37 37 38 38 38 37 37 37 37 37 36 36 37 38 38 38 38 38 38 38 38 38 39 39 38 38 38 38 38 38 37 37 37 37 37 37 37 37 37 37 38 38 38 38 38 38 37 37 37 37 37 37 37 37 37 37 37 36 36 36 36 36 37 37 37 37 37 37 37 37 37 37 37 37 37 37 38 37 37 38 38 38 38 38 39 39 39 39 39 39 39 39 39 40 40 40 40 40 40 39 40 39 39 40 40 40 40 40 39 45 45 45 43 43 43 43 42 42 42 43 42 42 42 41 41 42 43 43 44 44 44 44 43 41 41 41 40 40 40 40 40 40 40 41 41 41 41 41 41 41 41 40 40 40 40 40 40 40 40 40 40 40 40 40 39 39 39 39 39 39 39 39 39 39 39 39 39 39 39 39 39 39 39 39 39 39 39 39 39 39 39 39 39 38 39 39 39 39 39 38 38 38 38 38 39 39 39 39 39 39 39 38 38 38 38 38 38 38 38 38 38 38 37 37 38 38 37 37 37 38 38 38 38 38 38 38 38 38 37 37 38 38 37 38 38 37 37 38 38 38 38 37 37 37 38 38 38 38 38 38 38 38 38 38 38 38 38 38 37 37 37 37 38 38 37 37 37 37 37 37 37 37 37 37 38 37 37 38 37 37 38 38 37 37 37 37 38 37 37 37 37 37 36 37 38 38 39 39 38 38 39 39 38 38 38 38 39 39 38 38 38 38 37 37 37 37 37 37 37 37 37 37 38 38 38 38 38 38 37 37 37 37 37 37 37 37 37 37 37 37 37 36 36 37 37 37 37 37 37 37 37 37 37 37 37 37 37 37 37 37 37 37 37 37 38 38 39 39 38 39 39 40 40 40 40 40 40 40 40 40 40 40 40 40 40 40 40 40 40 40 40 44 44 43 43 43 43 43 43 44 44 43 44 43 42 42 41 42 43 43 44 45 45 43 42 42 42 41 41 41 41 41 40 40 41 41 41 41 41 41 41 41 41 41 41 40 40 40 40 40 40 40 40 40 40 40 40 40 40 39 39 40 39 39 39 39 39 39 39 39 39 39 39 39 39 39 39 39 39 39 39 39 39 38 38 39 39 39 39 39 38 38 38 38 38 39 39 39 39 39 39 39 38 38 38 38 38 38 38 38 38 38 38 38 37 37 38 38 38 38 37 38 38 38 38 38 38 38 38 38 38 38 38 38 38 38 37 37 37 37 37 38 38 37 38 38 38 38 38 38 38 38 38 38 39 39 39 38 38 37 38 37 37 37 37 37 37 37 37 37 37 37 37 37 37 38 38 37 37 37 37 38 38 38 38 37 37 37 37 37 37 37 37 37 37 38 38 39 39 38 39 39 39 39 38 38 38 38 38 38 37 37 37 37 38 37 37 37 37 37 37 38 38 38 38 38 38 37 37 37 38 37 37 37 37 37 37 37 37 37 37 36 36 36 37 37 37 37 37 37 37 37 37 37 37 37 36 36 36 37 37 37 37 37 37 37 37 38 39 38 39 39 40 40 40 40 40 39 40 40 40 40 40 41 40 40 40 40 40 40 44 44 44 44 45 45 46 45 44 43 43 42 41 43 43 43 44 43 43 42 42 41 41 41 41 41 41 40 41 41 41 41 41 41 41 41 41 41 41 41 40 40 40 40 40 40 40 40 40 40 40 40 40 40 40 40 40 39 40 40 40 40 39 39 39 39 39 39 39 39 39 39 39 39 39 39 39 39 39 39 39 39 39 39 39 39 39 39 39 39 39 39 39 39 39 39 39 38 38 38 38 38 38 38 38 38 38 38 38 38 38 38 38 38 38 38 38 38 38 38 38 38 38 38 38 38 38 38 38 38 37 37 37 37 37 37 37 38 38 38 39 38 38 38 38 38 38 38 38 38 39 38 38 38 37 37 37 37 37 37 37 38 38 38 37 37 37 37 37 37 38 38 37 37 37 37 37 37 38 37 37 37 37 37 37 37 37 37 37 37 39 39 38 38 38 38 38 38 38 38 38 38 38 38 38 38 38 38 38 37 37 37 37 37 37 37 37 37 37 38 38 38 37 37 38 38 37 37 37 37 36 37 37 37 37 37 36 36 37 37 37 37 37 37 37 37 37 37 37 37 37 37 37 37 37 37 37 37 38 38 38 38 37 38 38 39 39 40 40 40 40 39 39 40 40 40 40 40 41 40 40 40 40 40 41 41 41 46 45 45 46 46 47 47 47 45 45 45 45 41 41 41 42 43 42 42 41 41 41 40 41 41 41 41 41 41 41 41 41 41 41 41 41 41 41 41 41 40 40 40 40 40 40 40 40 40 40 40 40 40 40 40 40 39 40 40 40 40 40 39 40 40 40 39 39 39 39 39 39 39 39 39 39 39 39 39 39 39 39 39 39 39 39 39 39 39 39 39 39 39 39 39 39 39 39 38 38 38 38 38 38 38 38 38 38 38 38 38 38 38 38 38 38 38 38 38 38 38 38 38 38 38 38 38 38 38 37 37 38 37 37 37 37 37 38 38 38 38 38 38 38 38 38 38 38 38 38 39 39 38 38 38 37 38 38 37 37 38 38 38 37 37 37 37 37 37 37 37 37 37 37 37 37 37 37 38 38 37 37 37 37 37 37 37 37 37 38 39 39 38 38 38 38 38 38 38 38 38 38 38 38 38 38 38 38 37 37 37 37 37 37 38 37 37 38 37 37 38 38 37 37 37 37 37 37 37 37 37 37 36 37 37 37 37 37 37 37 37 37 37 37 37 37 37 37 37 37 37 37 37 37 37 38 38 38 39 39 39 38 38 38 38 39 39 40 40 40 39 39 40 40 40 40 40 41 40 40 40 40 41 41 40 40 40 47 48 48 48 48 47 46 47 47 46 45 44 41 41 41 40 40 40 40 40 40 41 41 41 41 41 41 41 41 41 41 41 41 41 41 41 41 41 41 40 40 40 40 40 40 40 40 40 40 40 40 40 40 40 40 40 40 40 40 40 40 40 40 40 39 39 39 39 39 39 39 39 39 39 39 39 39 39 39 39 39 39 39 39 39 39 39 39 39 39 39 39 39 39 39 39 39 39 38 38 38 38 38 39 38 38 38 38 38 38 38 38 38 38 38 38 38 38 38 38 38 38 38 38 38 38 38 38 38 37 37 37 37 38 38 38 38 38 38 38 38 38 38 38 38 38 38 38 39 38 38 38 38 38 38 38 38 38 38 38 38 37 37 37 37 37 37 37 38 38 37 37 37 37 36 37 38 37 38 38 37 37 37 37 37 37 38 38 39 39 39 38 38 38 38 38 38 38 38 38 38 38 39 38 38 38 38 38 38 38 38 38 37 37 38 38 37 38 38 37 37 37 37 37 37 37 37 37 37 37 37 37 37 37 37 37 37 37 37 37 37 37 37 37 37 37 37 36 37 38 38 38 38 38 38 38 39 39 39 39 39 39 39 38 39 39 39 40 39 40 40 40 40 40 40 40 40 40 40 41 41 40 40 41 48 48 48 48 47 47 47 46 46 45 44 44 43 42 42 43 41 41 41 41 41 41 41 41 42 42 42 42 42 42 42 41 41 41 41 41 41 41 41 41 41 41 41 41 40 40 40 40 40 40 40 40 40 40 40 40 40 40 40 40 40 40 40 39 39 40 39 39 39 39 39 39 39 39 39 39 39 39 40 39 39 39 39 39 39 39 38 39 39 39 39 39 39 39 39 39 39 39 38 38 38 38 39 39 38 38 38 38 38 38 38 38 38 38 38 38 38 38 38 38 38 38 38 38 38 38 38 38 38 38 37 38 38 38 38 38 38 39 38 38 38 38 38 38 38 38 38 38 38 38 38 38 38 38 38 38 38 38 37 37 37 37 37 37 37 37 37 37 38 37 37 37 36 36 37 37 37 37 38 37 38 37 37 36 36 37 38 39 38 38 38 38 38 38 38 38 38 38 38 39 38 39 39 39 38 38 38 38 38 38 38 38 37 38 38 38 38 38 37 37 37 37 37 36 37 37 37 37 37 37 37 37 36 37 37 37 37 37 37 37 37 37 37 37 37 37 37 37 37 38 38 39 39 39 38 39 39 40 40 40 39 39 38 39 39 40 40 40 40 40 40 40 40 40 40 40 40 40 41 40 40 40 47 47 47 47 47 47 47 47 46 45 44 44 44 44 45 45 44 43 42 42 42 41 41 41 41 42 42 42 42 42 42 42 42 42 42 41 41 41 41 41 41 41 41 41 41 41 41 41 40 40 40 40 40 40 40 40 40 40 40 40 40 40 40 40 39 40 39 39 39 39 39 40 39 39 39 39 39 39 40 40 39 39 39 39 39 39 39 39 39 39 39 39 39 39 39 39 39 39 39 39 39 38 39 39 39 38 38 38 38 38 38 38 38 38 38 38 38 38 38 38 38 38 38 38 38 38 38 38 38 38 38 38 38 38 38 38 38 38 38 38 38 38 38 38 38 38 38 38 38 38 38 38 37 38 37 38 38 38 37 37 37 36 37 38 37 37 37 37 37 37 37 37 37 36 37 37 37 37 37 37 37 38 37 37 36 36 37 37 38 38 38 38 38 38 38 38 38 38 38 38 39 39 39 39 39 39 39 39 38 38 38 37 37 37 38 38 38 38 38 37 37 37 37 37 37 36 36 36 37 37 37 37 36 36 37 37 37 37 37 37 37 37 37 38 37 38 38 39 38 37 37 38 38 39 40 39 39 39 40 40 40 40 39 38 39 39 40 40 40 40 40 40 39 39 40 40 40 40 40 40 40 40 41 48 46 46 46 46 46 46 46 46 46 46 46 46 45 47 46 45 44 43 42 42 41 41 41 41 42 42 42 42 42 42 42 42 42 42 42 42 42 41 41 41 41 41 41 41 41 41 41 41 41 40 40 40 40 40 40 40 40 40 40 40 40 40 40 40 40 39 39 40 40 39 39 40 39 39 39 39 39 39 40 39 39 39 39 39 39 39 39 39 39 39 39 39 39 39 39 39 39 39 39 39 39 39 39 39 39 39 38 38 38 38 38 38 38 38 38 38 38 38 38 38 38 38 38 38 38 38 38 38 38 38 38 38 38 38 38 38 38 37 38 38 38 38 38 38 38 38 38 38 38 39 39 38 38 37 37 37 37 37 37 37 37 37 37 38 37 37 37 37 37 37 37 37 36 36 36 37 37 37 37 37 37 37 37 37 36 36 37 37 38 38 38 38 38 38 38 38 38 38 38 38 39 39 39 39 39 39 39 39 39 38 38 38 38 37 38 38 38 38 38 38 38 37 37 37 37 37 37 37 37 37 37 36 36 36 37 37 37 37 37 37 37 37 37 38 38 39 39 39 39 38 37 38 39 39 40 40 40 40 40 40 40 40 39 38 38 39 39 40 41 41 40 40 39 39 40 40 39 40 40 39 40 40 40 40 47 47 47 47 46 45 46 47 47 47 48 48 47 47 48 47 45 44 43 42 42 41 41 41 42 42 42 42 42 42 42 42 42 42 42 42 42 42 42 41 41 41 41 41 41 41 41 41 41 41 41 41 41 40 40 40 40 40 40 40 40 40 40 40 40 40 39 39 40 40 39 39 39 40 39 39 39 39 39 40 39 40 40 40 39 39 39 39 39 39 39 39 39 39 39 39 39 39 39 39 39 39 39 39 39 39 39 39 38 38 38 38 38 38 38 38 38 38 38 38 38 38 38 38 38 38 38 38 38 38 38 38 38 38 38 38 38 38 37 38 38 38 38 38 39 39 38 38 38 38 38 38 38 38 38 37 38 37 37 37 37 37 37 38 38 38 37 37 37 37 37 37 37 37 36 36 37 37 37 37 37 37 37 37 37 37 36 36 36 38 38 38 38 38 38 38 38 38 38 38 38 39 39 39 39 39 39 39 39 39 38 38 37 37 37 37 38 38 39 39 38 38 38 38 38 37 37 37 37 37 37 36 36 36 36 36 37 37 37 37 37 37 37 37 37 37 38 38 39 39 39 38 38 39 39 39 40 39 40 40 41 41 40 39 39 39 39 40 40 40 40 40 40 40 40 39 39 39 40 40 40 40 40 40 48 48 48 48 48 48 47 46 45 46 47 47 47 47 47 48 48 46 45 45 45 44 43 42 41 41 42 42 42 42 42 42 42 42 42 42 42 42 42 42 42 41 41 41 41 41 41 41 41 41 41 41 41 41 41 41 40 40 40 40 40 40 40 40 40 40 40 40 40 39 39 40 39 39 39 39 39 39 40 39 39 40 40 39 39 39 39 39 39 39 39 39 39 39 39 39 39 39 39 39 39 39 39 39 39 39 39 39 39 39 39 38 38 38 38 38 38 38 38 38 38 38 38 38 38 38 38 38 38 38 38 38 38 38 38 38 38 38 37 37 37 38 38 38 38 38 38 39 38 38 38 38 38 38 38 38 38 38 38 38 38 38 38 38 39 38 38 38 37 37 37 37 38 37 37 37 36 36 37 37 36 36 37 37 37 37 36 36 36 36 36 38 38 38 38 38 38 38 38 38 38 39 39 39 39 39 39 38 39 38 39 39 39 38 38 37 37 37 38 38 38 38 37 37 37 37 37 37 37 37 37 36 36 36 36 36 36 37 36 36 37 37 37 37 38 38 38 37 37 38 38 38 39 39 38 38 38 39 39 39 39 40 40 41 40 40 39 39 40 40 40 40 40 40 40 40 40 40 40 40 40 40 40 40 40 41 48 48 49 49 48 47 48 47 45 46 47 47 46 46 45 47 48 47 46 47 47 45 44 42 41 41 42 42 42 42 42 42 42 42 42 42 42 42 42 42 42 41 41 41 41 41 41 41 41 41 41 41 41 41 41 41 41 40 40 40 40 40 40 40 40 40 40 40 40 40 40 40 40 39 39 39 39 40 40 40 40 40 40 39 39 39 39 39 40 39 39 40 39 39 39 39 39 39 39 39 39 39 39 39 39 39 39 39 39 39 39 38 38 38 38 38 38 39 39 39 38 38 38 38 38 38 38 38 38 38 38 38 38 38 38 38 38 37 38 38 38 39 38 38 38 38 38 38 38 38 38 38 38 38 38 38 38 38 38 39 38 38 38 38 38 38 37 37 38 38 37 37 38 38 37 37 36 36 37 36 36 36 36 36 37 36 36 36 36 36 36 38 38 38 38 38 38 39 38 39 39 39 39 39 38 38 38 38 38 39 39 39 39 39 38 38 38 38 38 38 38 37 37 36 37 37 36 37 37 37 36 36 36 36 36 36 36 37 37 36 36 37 37 37 38 39 39 38 37 38 39 39 39 40 39 39 39 39 39 39 39 39 40 40 41 40 40 40 40 40 40 40 40 40 40 40 40 40 39 40 40 40 40 40 40 49 49 49 48 47 47 47 47 46 45 46 46 46 46 45 47 48 48 48 47 46 45 44 42 42 41 42 42 42 43 43 43 43 42 42 42 42 42 42 42 42 42 41 41 41 41 41 41 41 41 41 41 41 41 41 41 41 41 41 40 40 40 40 40 40 40 41 41 40 40 40 40 40 40 40 39 39 40 40 40 40 40 40 39 40 40 39 39 39 40 40 40 39 39 39 39 39 39 40 40 39 39 39 39 39 39 39 39 39 39 39 38 38 38 38 38 39 39 39 39 39 39 38 38 38 38 38 38 38 38 38 38 38 38 38 38 38 37 37 38 38 39 39 38 39 39 38 39 38 38 38 38 38 39 38 38 38 38 38 38 38 38 38 38 38 38 37 37 38 37 38 38 38 37 37 37 36 36 36 36 36 36 36 36 37 37 36 36 36 36 36 37 38 38 38 38 39 39 39 39 39 39 38 39 38 38 38 38 38 38 38 39 39 39 38 38 38 38 38 38 38 37 37 36 36 36 36 37 37 37 36 36 36 36 36 36 36 37 37 37 37 37 38 38 38 38 39 39 38 38 38 39 39 39 40 40 40 40 39 39 39 39 40 41 40 41 41 41 41 41 41 41 40 40 40 40 40 40 40 40 40 40 40 40 40 49 48 47 48 47 46 46 46 46 46 45 45 45 46 46 47 47 48 47 46 45 44 43 43 42 42 42 43 43 43 43 43 43 43 43 42 42 42 42 42 42 42 41 41 41 41 41 41 41 41 41 41 41 41 41 41 41 41 41 40 40 40 40 40 40 41 41 41 41 41 41 40 40 40 40 40 40 40 40 40 40 40 40 40 40 40 39 39 39 39 40 39 39 39 39 39 40 40 40 40 39 39 39 39 39 39 39 39 39 39 38 38 38 39 39 39 39 39 39 39 39 39 38 38 38 38 38 38 38 38 38 38 38 38 38 38 38 38 38 38 39 39 38 38 39 39 39 39 38 38 38 38 39 38 38 38 38 38 38 38 38 38 38 38 38 37 37 37 37 38 38 37 37 37 37 37 36 36 36 36 36 36 37 37 37 37 37 36 36 36 37 38 38 38 38 39 39 38 39 38 38 38 38 38 38 38 38 39 39 39 39 39 39 38 38 38 38 38 38 38 37 37 36 36 36 36 36 36 36 36 36 36 36 36 37 36 37 37 37 37 38 38 38 38 39 39 39 39 39 38 38 39 39 40 40 40 40 39 39 39 40 40 41 40 40 40 41 41 41 40 40 40 40 40 40 40 40 40 39 39 39 40 40 40 50 49 49 49 48 48 47 47 47 46 45 45 45 45 45 45 46 47 46 45 44 44 43 43 42 42 42 43 43 43 43 43 43 43 43 43 43 43 42 42 42 42 42 42 42 42 42 41 41 41 41 41 41 41 41 41 41 41 41 40 40 40 40 40 41 41 41 41 41 41 41 41 41 41 40 40 40 40 40 40 40 40 40 40 40 40 40 39 39 39 40 40 39 39 39 40 40 40 40 40 39 39 39 39 39 39 39 39 39 38 38 38 38 39 39 39 39 39 39 39 39 39 39 39 39 39 38 38 38 38 38 38 38 38 38 38 38 38 38 38 39 39 39 39 39 39 39 39 39 38 38 38 38 38 38 38 38 38 38 38 38 38 38 38 38 38 38 37 37 38 38 37 37 37 36 36 36 36 36 36 37 36 37 37 37 37 36 36 36 36 37 38 38 38 38 38 38 38 38 38 38 38 38 38 38 39 39 39 39 39 39 39 39 38 38 38 37 38 38 38 37 37 36 36 36 36 36 36 36 36 36 36 36 36 36 36 36 36 37 37 38 38 38 39 39 39 39 39 39 39 38 39 39 39 39 39 39 40 39 40 40 41 40 40 40 40 40 39 39 39 39 39 40 40 40 40 40 40 40 39 39 40 40 50 50 50 49 48 47 46 46 46 46 46 45 44 44 45 45 46 47 45 44 43 43 43 42 42 43 43 43 43 43 43 43 43 43 43 43 43 43 43 42 42 42 42 42 42 42 42 41 42 41 41 41 41 41 41 41 41 41 41 40 40 41 41 41 41 41 41 41 41 41 41 41 41 41 40 40 40 40 40 40 40 40 40 40 40 40 39 39 39 40 40 39 39 39 39 40 40 40 40 40 39 39 39 39 39 39 39 39 39 38 38 38 39 39 39 39 39 39 39 39 39 39 39 39 39 38 38 38 38 38 38 38 38 38 38 38 38 38 38 39 39 39 39 39 39 39 39 39 38 38 38 38 38 38 38 38 38 38 38 38 38 38 38 38 38 38 37 38 38 38 37 37 37 37 37 37 37 36 36 36 36 37 37 37 37 36 36 36 36 38 38 38 38 37 38 38 37 38 38 38 38 38 38 38 39 39 39 39 39 38 38 38 38 37 38 37 38 38 37 37 36 36 36 36 36 36 36 36 36 36 36 36 36 36 36 36 36 36 36 37 37 37 38 39 39 39 40 40 39 39 39 39 39 39 39 40 40 40 41 41 41 40 40 40 40 39 39 39 39 39 38 39 39 40 40 40 39 39 39 39 39 40 50 49 50 50 48 47 47 48 48 48 47 47 46 45 44 44 45 46 47 46 44 44 43 43 43 43 43 43 43 43 43 43 43 43 43 43 43 43 43 43 42 42 42 42 42 42 42 42 42 42 42 42 42 42 41 41 41 41 41 41 41 41 41 41 41 41 41 41 41 41 41 41 41 41 41 40 40 40 40 40 40 40 40 40 40 40 40 40 39 39 40 39 39 39 39 39 40 40 40 40 40 40 40 39 40 40 40 40 40 39 38 38 38 39 39 39 39 39 39 39 39 39 39 39 39 39 38 38 38 38 38 38 38 38 38 38 38 38 38 38 39 39 39 39 39 39 38 39 39 39 38 38 38 38 39 38 38 38 38 38 38 38 38 38 38 38 38 38 38 38 38 38 38 37 37 36 36 36 36 36 36 36 37 37 37 37 36 36 36 36 38 38 38 37 37 37 37 37 37 38 38 38 38 38 38 39 39 39 38 38 37 37 37 37 37 37 37 36 37 36 36 36 36 36 36 36 36 36 36 36 36 36 36 36 37 37 37 37 37 36 36 36 37 38 38 38 38 39 39 40 39 40 39 39 39 40 40 40 40 40 40 40 40 40 40 39 40 40 40 40 39 39 38 39 39 40 39 38 39 39 39 40 40 50 49 49 48 47 48 49 50 50 49 48 47 46 45 45 44 44 44 45 45 44 44 43 43 43 43 43 43 43 43 43 43 43 43 43 43 43 43 43 43 42 42 42 42 42 42 42 42 42 42 42 42 42 42 41 41 41 41 41 41 41 41 41 41 41 41 41 41 41 41 41 41 41 41 41 41 41 41 40 40 40 40 40 40 40 40 40 40 39 39 40 40 40 40 40 39 39 40 40 40 40 40 40 39 39 39 39 39 39 39 38 38 39 39 39 39 39 39 39 39 39 39 39 39 39 39 39 39 39 38 38 38 38 38 38 38 38 38 38 38 39 39 39 39 38 38 39 39 39 39 39 39 38 38 38 39 38 38 38 38 39 38 38 38 38 38 38 38 37 37 38 38 38 37 37 37 37 37 36 36 36 36 37 37 37 37 36 36 36 36 38 38 37 38 38 38 37 37 38 38 37 38 38 38 38 38 39 38 38 38 37 37 37 37 37 37 37 36 36 36 36 36 36 36 36 36 36 36 36 36 36 36 37 36 37 37 37 37 38 37 37 37 37 37 37 38 38 38 39 39 39 40 39 39 39 39 40 40 41 41 41 41 40 40 40 40 40 40 40 40 39 39 38 38 39 39 38 39 39 40 40 40 40 40 40 39 51 50 49 49 48 49 49 49 48 48 48 47 47 46 46 45 45 44 44 43 43 44 43 43 43 43 44 44 44 44 44 44 43 43 43 43 43 43 43 43 42 42 42 42 42 42 42 42 42 42 42 42 42 42 42 41 41 41 41 41 41 41 41 41 41 41 41 41 41 41 41 41 41 41 41 41 41 41 41 40 40 40 40 40 40 40 40 40 40 39 40 40 40 40 40 39 39 39 40 40 40 40 39 39 39 39 39 39 40 39 38 38 39 39 39 39 39 39 39 39 39 39 39 39 39 39 39 39 39 39 38 38 38 38 38 38 38 38 38 38 39 39 39 39 39 39 39 39 39 39 39 39 38 38 38 38 38 39 38 38 39 39 38 38 38 38 38 38 37 37 37 37 38 38 37 37 37 36 37 37 36 36 36 37 37 37 37 37 37 37 38 38 38 38 38 38 37 37 38 38 38 38 38 38 38 38 38 38 38 37 37 37 37 37 37 37 37 37 37 37 37 37 36 36 36 36 36 36 36 36 36 37 37 37 37 37 37 37 37 38 37 37 37 38 38 37 38 39 39 39 40 40 40 39 40 39 39 40 40 40 40 40 41 40 41 41 40 41 40 40 39 39 39 38 38 38 38 38 39 39 40 39 40 39 39 39 39 51 50 49 49 50 50 49 49 48 47 47 46 46 45 45 45 45 45 44 44 43 43 43 44 44 44 44 44 44 44 44 44 44 44 43 43 43 43 43 43 43 42 42 42 42 42 42 42 42 42 42 42 42 42 41 41 41 41 41 41 41 41 41 41 41 41 41 41 41 41 41 41 41 41 41 41 41 41 40 40 40 40 40 40 40 40 40 40 40 40 41 40 40 40 40 39 39 39 40 40 40 40 39 39 39 40 39 39 39 39 39 39 39 39 39 39 39 39 39 39 39 39 39 39 39 39 39 39 39 39 38 38 38 38 38 38 38 38 38 39 39 39 39 39 39 39 39 39 39 38 39 39 38 38 38 39 39 39 39 39 39 38 38 38 38 38 38 38 38 38 37 38 38 37 37 37 37 37 37 36 36 36 36 37 37 37 37 37 37 38 38 38 38 38 37 38 38 38 38 38 38 38 38 38 38 38 37 37 37 37 37 37 37 37 37 37 37 37 37 37 37 37 36 36 36 37 37 36 36 36 36 36 37 37 37 37 37 38 38 38 37 38 38 39 38 38 39 39 39 39 40 40 40 39 40 40 40 40 40 40 39 40 40 40 41 41 41 41 40 40 39 39 38 39 39 38 38 38 38 38 39 39 39 39 39 39 38 38 51 50 50 51 51 51 50 49 48 47 47 47 47 47 46 45 44 44 44 44 44 44 44 44 44 44 44 44 44 44 44 44 44 44 44 43 43 43 43 43 43 43 42 42 42 42 42 42 42 42 42 42 42 42 42 41 41 41 41 41 41 41 41 41 41 41 41 41 41 41 41 41 41 41 41 41 41 40 40 40 40 40 40 40 40 40 40 40 40 41 41 40 40 40 40 39 39 39 39 40 40 40 40 40 40 40 39 39 39 39 39 39 39 39 39 39 39 39 39 39 39 39 39 39 39 39 39 39 39 39 39 39 39 39 39 38 38 38 39 39 39 39 39 39 39 38 38 39 39 39 38 38 38 38 38 39 39 39 39 38 38 38 38 38 38 38 38 38 38 37 38 38 38 37 37 37 37 37 37 36 36 36 36 37 37 37 37 37 38 38 38 38 38 38 38 38 38 38 38 38 38 37 37 38 38 37 37 37 37 37 37 37 37 37 37 37 37 37 37 37 37 37 37 37 37 37 37 37 37 37 37 36 37 37 37 37 38 38 38 38 38 39 39 39 38 38 38 39 39 39 39 40 40 40 40 41 41 40 40 39 39 39 40 40 41 40 40 40 39 39 39 39 40 39 39 38 38 37 37 38 38 39 39 38 39 38 38 39 51 52 52 51 51 50 49 49 48 48 47 47 47 47 46 45 44 44 44 44 44 44 44 44 44 44 44 44 44 44 44 44 44 44 44 44 43 43 43 43 43 42 42 42 42 42 42 42 42 42 42 42 42 42 41 41 41 41 41 41 41 41 41 41 41 41 41 41 41 41 41 41 41 41 41 41 41 40 40 40 40 40 40 40 40 40 40 40 41 41 41 41 40 40 40 39 39 39 40 40 40 40 40 40 40 40 39 39 39 39 39 39 39 39 39 39 39 39 39 39 39 39 39 39 39 39 39 39 39 39 38 38 38 38 38 38 38 39 39 39 39 38 38 38 39 39 39 39 39 38 38 38 38 38 38 39 38 38 38 38 38 38 38 38 38 38 38 38 37 38 38 38 37 37 37 37 37 37 37 37 36 36 36 37 36 36 36 37 38 38 38 38 38 38 38 38 38 38 38 38 37 37 38 37 37 37 37 37 37 37 37 37 37 37 37 37 37 37 37 37 37 37 37 36 37 37 37 37 38 38 37 36 37 37 37 37 38 38 38 38 38 39 39 39 39 39 39 39 40 40 40 40 41 41 41 41 40 40 40 39 39 40 41 40 39 39 40 40 40 39 39 40 40 40 40 39 38 38 37 37 38 39 38 38 38 38 38 39 51 51 50 49 49 48 48 48 47 46 46 46 46 46 45 44 44 44 44 44 44 44 44 44 44 44 44 44 44 44 44 44 44 44 44 43 43 43 43 43 43 43 43 42 42 42 42 42 42 42 41 41 41 41 41 41 41 41 41 41 41 41 41 41 41 41 41 41 41 41 41 41 41 41 41 41 41 41 41 41 40 40 40 40 40 40 40 41 41 41 41 40 40 40 39 39 39 40 40 40 40 40 39 39 39 39 39 39 39 39 39 39 39 39 39 39 39 39 39 39 39 39 39 39 39 39 39 39 39 39 39 38 38 38 38 39 39 39 38 39 39 38 38 39 39 39 39 39 38 38 38 38 39 39 38 38 38 38 38 38 38 38 38 38 38 38 37 37 37 37 37 37 37 37 36 37 37 37 37 37 37 36 36 36 36 38 38 38 38 38 38 38 38 38 38 38 38 38 38 37 37 37 37 37 37 37 37 37 37 37 37 37 37 37 37 37 37 37 37 37 37 37 37 37 37 37 37 37 37 37 36 36 37 37 37 37 38 38 39 39 39 39 39 39 39 39 40 39 40 40 41 40 40 40 39 40 40 40 39 40 40 40 40 39 39 39 39 39 39 40 40 40 39 39 39 39 39 38 37 38 38 38 38 38 38 39 39 39 50 50 50 49 49 48 47 46 45 45 46 45 44 44 44 44 44 45 44 44 44 44 44 44 44 44 44 44 44 44 44 44 43 43 43 43 43 43 43 43 42 42 42 42 42 42 41 41 41 41 41 42 42 42 41 41 41 41 41 41 41 41 41 41 41 41 41 41 41 41 41 41 41 41 41 40 41 41 40 40 40 40 41 41 41 41 41 40 40 40 40 39 39 39 40 40 40 40 40 40 39 39 39 39 39 39 39 39 39 39 39 39 39 39 39 39 39 39 39 39 39 39 39 39 39 39 39 39 39 38 38 38 39 39 39 39 39 39 39 38 38 39 39 39 39 38 38 38 38 38 38 38 38 38 39 38 38 38 38 38 38 38 38 37 37 37 38 37 37 37 36 36 36 37 36 36 36 36 36 36 37 37 38 38 38 38 38 38 38 38 38 38 38 37 37 37 37 37 37 37 37 37 37 37 37 37 37 37 37 37 37 37 37 37 37 37 37 37 36 37 37 37 37 37 37 37 37 37 36 36 36 37 37 38 38 38 38 39 38 38 39 39 40 39 39 39 40 41 40 40 40 40 39 39 39 39 40 40 39 39 39 39 39 39 39 39 40 40 39 38 39 39 38 39 38 38 38 38 38 38 38 38 39 39 39 39 40 50 51 50 48 48 47 46 45 45 45 45 44 44 44 45 45 45 45 44 44 44 44 44 44 44 44 44 44 44 44 43 43 43 43 43 43 43 43 43 42 42 42 42 42 42 42 42 42 42 42 42 42 41 41 41 41 41 41 41 41 41 41 41 41 41 41 41 41 41 41 41 41 41 41 41 41 41 40 40 40 41 41 41 41 41 41 40 40 40 40 39 39 39 40 40 40 40 40 40 40 40 39 39 39 39 39 39 39 39 39 39 39 39 39 39 39 39 39 39 39 39 39 39 39 39 39 39 39 39 38 39 39 39 39 39 39 40 39 39 39 39 39 39 38 38 38 38 38 38 38 38 38 38 38 38 38 38 38 38 38 37 37 37 38 38 38 37 37 36 36 36 36 36 36 36 36 36 36 36 37 38 38 38 38 38 38 38 38 38 38 37 37 37 37 37 37 37 37 37 37 37 37 37 37 37 37 37 37 37 37 37 37 37 37 37 37 37 37 37 37 37 37 37 37 38 37 37 37 37 37 37 37 37 37 38 38 38 38 39 39 39 38 39 39 40 41 41 41 41 40 40 40 40 39 39 39 39 39 39 38 38 38 39 39 40 40 39 38 38 39 38 38 38 38 38 38 38 38 38 38 39 39 39 39 39 40 51 50 50 49 48 47 46 46 45 44 44 44 44 44 45 45 45 45 45 45 45 44 44 44 44 44 44 44 44 44 44 44 44 44 44 44 43 43 43 43 42 42 42 42 42 42 43 42 42 42 42 42 42 42 42 41 41 42 42 42 42 42 42 42 42 42 41 41 42 42 41 41 41 41 41 41 41 41 41 41 41 41 41 41 41 41 40 40 40 40 40 39 40 40 40 40 40 40 40 40 40 40 40 40 40 40 39 40 40 40 40 40 40 39 39 39 39 39 39 39 39 39 39 39 39 39 39 39 39 39 39 39 40 40 40 40 40 40 40 40 40 39 39 39 39 39 39 39 39 39 39 39 39 39 39 38 38 38 38 38 38 38 38 38 38 38 38 37 37 37 37 37 37 37 37 37 37 37 37 36 37 37 37 37 38 38 37 37 37 37 37 37 37 37 37 37 37 37 37 37 37 37 37 37 37 37 37 37 37 37 37 37 37 37 37 37 37 37 37 37 37 37 38 37 37 38 37 37 38 38 37 37 38 37 37 37 37 38 39 38 38 38 38 38 39 40 40 40 39 39 39 39 39 39 39 39 39 39 39 39 38 38 38 39 39 39 39 38 37 37 37 37 37 37 37 37 37 37 37 37 37 37 37 37 37 38 50 49 49 48 47 47 46 45 45 44 44 44 45 45 45 45 45 45 45 45 45 45 44 44 44 44 44 44 44 44 44 44 44 44 44 43 43 43 43 42 42 42 42 42 42 42 43 42 42 43 43 42 42 42 42 42 42 42 42 42 41 41 42 42 42 42 42 41 41 41 41 41 41 41 41 41 41 41 41 41 41 41 41 41 41 41 41 41 41 40 40 39 40 40 40 40 41 40 41 40 40 40 40 40 40 40 40 40 40 40 40 40 40 40 40 40 40 39 39 39 39 39 39 39 39 39 39 39 39 40 39 39 39 40 40 40 40 40 40 40 39 39 39 39 39 39 39 39 39 39 39 38 38 39 38 38 38 38 38 38 38 38 38 38 38 38 38 37 37 37 37 37 37 37 38 37 37 37 37 37 37 37 37 38 38 37 37 37 37 37 37 37 37 37 37 37 37 37 37 37 37 37 37 37 37 37 37 37 37 37 37 37 37 37 37 36 36 37 37 37 37 38 38 38 38 38 38 38 38 38 38 38 37 39 38 37 38 38 38 38 38 38 39 39 40 40 39 39 39 39 40 40 39 39 39 40 40 40 39 39 39 39 38 38 39 38 38 38 38 38 38 38 38 38 38 37 37 37 38 37 37 37 37 37 37 38 49 49 48 48 47 46 46 46 45 44 44 45 45 45 45 45 45 45 45 45 45 44 44 44 44 44 44 44 44 44 44 44 43 43 43 43 43 43 42 42 42 42 42 42 42 43 42 42 43 43 43 43 42 42 42 42 42 42 42 41 41 41 42 42 42 42 41 41 41 41 41 41 41 41 41 41 41 41 41 41 41 42 41 41 41 41 41 40 40 40 40 40 40 40 40 41 41 41 40 40 40 40 40 40 40 40 40 40 40 40 40 40 40 40 40 40 40 39 39 39 39 39 39 39 39 39 39 39 40 39 39 39 40 40 40 40 40 40 40 39 39 39 39 39 39 39 39 39 39 39 38 38 39 38 38 38 38 38 38 38 38 38 38 38 38 38 37 37 37 37 37 37 38 38 37 37 37 37 37 37 37 37 38 38 37 37 37 37 37 37 37 37 37 37 37 37 37 37 37 37 37 37 37 37 37 37 37 37 37 37 37 37 37 37 37 37 37 37 37 37 37 38 38 38 39 39 38 38 38 38 38 38 39 38 38 38 38 38 38 38 38 38 39 40 40 40 39 39 39 40 40 40 39 39 40 40 40 39 39 39 39 39 39 38 38 39 39 39 39 38 38 38 38 37 37 37 37 38 37 37 37 37 37 37 37 49 49 48 48 47 46 45 45 45 45 44 45 45 45 45 45 45 45 45 45 45 45 44 44 44 44 44 44 44 44 43 44 43 43 43 43 43 43 42 42 42 42 42 42 42 42 42 42 42 42 42 43 43 43 42 42 42 42 42 42 42 41 42 42 42 42 42 42 41 41 41 41 41 41 41 41 41 41 41 41 41 41 41 41 41 41 41 41 41 41 40 40 40 40 40 40 41 41 40 40 40 40 40 40 40 40 40 40 40 40 40 40 40 40 40 40 40 40 39 39 39 39 39 39 39 39 39 39 40 40 40 39 39 39 39 40 40 40 40 40 39 39 39 39 39 39 39 39 39 39 39 39 39 39 39 39 38 38 38 39 38 38 38 38 37 37 37 37 37 37 37 38 38 37 37 37 37 37 37 37 37 37 37 37 37 37 37 37 37 37 37 37 37 37 37 37 37 37 37 37 37 37 37 37 37 37 37 37 37 37 37 37 37 37 37 37 37 37 37 37 38 38 39 39 39 39 39 39 39 39 39 39 38 39 39 38 38 39 38 38 38 39 40 40 40 40 40 40 40 40 40 40 39 39 40 40 39 39 39 39 39 38 39 38 39 39 40 40 39 38 38 38 38 37 37 37 37 38 37 37 37 37 37 37 48 47 47 46 45 45 45 45 45 45 45 45 45 45 45 45 45 45 45 45 45 45 44 44 44 44 44 44 44 44 43 43 43 43 43 43 43 43 43 42 42 42 42 42 42 42 42 42 42 43 43 43 43 42 42 43 43 43 42 42 42 42 42 42 42 42 42 41 41 41 41 41 41 41 41 41 41 41 41 41 41 41 41 41 42 41 41 41 41 41 40 40 40 40 40 40 40 40 40 40 40 40 40 40 40 40 40 40 40 40 40 40 40 40 40 40 39 39 39 39 39 39 39 39 39 39 40 40 40 40 40 40 39 40 40 40 40 40 39 39 39 39 39 39 39 39 39 39 39 39 39 39 39 39 39 38 38 38 38 38 38 38 38 38 37 37 37 37 37 38 38 38 38 37 37 37 37 37 37 37 37 37 37 37 37 37 37 37 37 37 37 37 37 37 37 37 37 37 37 37 37 37 37 37 37 37 37 37 37 37 37 37 37 37 37 37 37 37 38 38 39 38 39 39 39 39 39 39 40 39 39 39 39 38 38 38 39 39 39 39 40 40 40 40 40 40 41 40 40 40 40 40 40 40 40 39 39 39 39 39 39 38 39 39 39 40 39 39 39 38 37 37 37 37 37 37 37 37 37 37 37 47 47 46 46 45 45 45 45 45 45 45 45 45 45 45 45 45 45 45 45 45 45 45 45 44 44 44 44 44 44 44 44 43 43 43 43 43 43 43 43 43 42 42 42 42 42 42 42 42 42 43 43 43 43 42 42 42 42 42 42 42 42 42 42 42 42 42 42 42 42 42 42 42 41 41 41 41 41 41 41 41 41 41 41 41 41 41 41 41 41 41 40 40 40 40 40 40 40 40 40 40 40 40 40 40 40 40 40 40 40 40 40 40 40 40 40 40 40 39 39 39 39 39 39 39 39 39 40 40 40 40 40 40 40 40 40 40 40 40 40 39 39 39 39 39 39 39 39 38 39 39 39 39 39 39 39 39 38 38 38 38 39 38 39 38 37 37 37 37 37 38 38 38 38 37 37 37 38 37 37 37 37 37 37 37 37 37 37 37 37 37 37 37 37 37 37 37 37 37 37 37 37 37 37 37 37 37 37 37 37 37 37 37 37 37 37 37 37 38 38 39 38 38 39 39 39 39 40 39 40 40 40 40 39 39 39 39 39 40 40 40 41 40 39 40 40 40 40 40 40 40 40 40 40 40 39 39 39 39 40 39 39 39 39 39 40 39 39 38 38 38 37 37 37 38 38 37 37 37 37 38 38 46 46 45 46 46 46 45 45 45 45 45 45 45 45 45 45 45 45 45 45 45 45 45 44 44 44 44 44 44 44 43 43 43 43 43 43 43 43 43 43 43 43 43 43 42 42 42 42 42 43 43 43 42 42 42 43 42 42 42 42 42 42 42 42 42 42 42 42 42 42 41 42 41 41 41 41 41 41 41 41 41 41 41 41 41 41 41 41 40 40 40 40 41 41 40 40 40 40 40 40 40 40 40 40 40 40 40 40 40 40 40 40 40 40 40 40 39 39 39 39 39 39 39 39 39 40 40 40 40 40 40 40 40 40 40 40 40 39 39 39 39 39 39 39 39 39 39 39 39 39 39 39 39 39 39 39 38 38 38 39 39 38 38 38 37 37 37 38 38 38 38 38 38 37 37 38 38 38 37 37 37 37 37 37 37 37 37 37 37 37 37 37 37 37 37 37 37 37 37 37 37 37 37 37 37 37 37 37 37 37 37 38 37 37 37 38 38 39 39 39 38 38 39 39 39 40 40 40 40 40 39 40 40 40 40 40 40 40 40 40 40 39 40 40 39 40 40 40 40 41 40 40 40 39 39 39 39 40 40 39 39 39 40 39 39 38 38 38 38 37 37 38 38 38 38 36 37 37 37 37 47 47 46 46 45 45 45 45 45 45 46 46 46 45 45 45 45 45 45 45 45 45 45 45 44 44 44 44 44 44 44 44 43 43 43 43 43 43 43 43 43 43 43 43 43 42 42 42 42 42 43 42 42 42 42 42 43 43 43 42 42 42 42 41 41 42 42 42 41 42 42 42 41 41 41 41 41 41 41 41 42 42 42 41 41 41 41 41 41 41 41 41 41 41 41 40 40 40 40 40 40 40 40 40 40 40 40 40 40 40 40 40 40 40 40 40 40 40 40 39 39 39 39 39 39 40 40 40 40 40 40 40 40 40 40 40 40 40 39 39 39 39 39 39 39 39 39 39 39 39 39 39 39 39 39 39 38 38 38 38 38 38 38 37 37 37 38 38 37 38 38 38 38 37 37 38 38 37 37 37 37 37 37 37 37 37 37 37 37 37 37 37 37 37 37 37 37 37 37 37 37 37 37 37 37 37 37 37 37 37 37 38 37 38 38 38 38 38 39 39 38 38 38 38 38 39 39 40 40 40 39 39 40 40 40 40 40 40 39 40 40 39 40 40 39 39 39 40 40 40 40 40 39 39 39 39 39 40 40 39 39 40 39 39 39 39 38 38 38 38 38 38 38 38 38 37 36 37 37 38 46 45 45 45 45 46 46 46 46 46 46 46 45 45 45 45 45 45 45 45 45 45 45 45 44 44 44 44 44 44 44 43 43 43 43 43 43 43 43 43 43 43 43 43 43 42 42 42 42 42 42 42 42 43 43 43 43 42 42 41 41 42 41 41 41 42 41 41 41 42 42 41 41 41 41 41 41 41 41 41 41 41 41 41 41 41 42 42 41 41 41 40 41 40 40 40 40 40 40 40 40 40 40 40 40 40 40 40 40 40 40 40 40 40 40 40 40 39 39 39 39 39 39 40 40 40 40 40 40 40 40 40 40 40 40 40 39 39 39 39 39 39 39 39 39 39 39 39 39 39 39 39 39 38 38 38 38 38 37 37 37 37 37 37 38 38 37 37 38 38 38 37 37 38 38 38 37 37 37 37 38 37 37 37 37 37 37 37 37 37 37 37 37 37 37 37 37 37 37 37 37 37 37 37 37 37 38 37 37 37 38 38 37 38 38 38 38 38 37 38 38 38 38 38 39 40 40 39 39 39 40 40 40 39 40 40 40 39 39 39 40 39 39 39 40 40 40 40 40 40 40 39 39 40 40 40 41 40 40 41 40 40 39 38 38 38 37 38 38 38 38 38 38 37 37 36 37 46 46 46 46 46 46 46 46 46 46 46 46 46 45 45 45 45 45 45 45 45 45 45 45 45 44 44 44 44 44 44 44 44 43 43 43 43 43 43 43 43 43 43 43 43 42 42 42 42 42 42 42 42 43 43 43 43 42 42 42 42 42 41 41 41 41 41 41 41 41 41 42 41 41 41 41 41 41 41 41 41 41 41 41 41 41 41 41 41 41 41 40 40 40 40 40 40 40 41 40 40 40 40 40 40 40 40 40 40 40 40 40 40 40 40 40 40 40 40 39 39 39 39 40 40 40 40 40 40 40 40 40 40 40 40 40 39 39 39 39 40 39 39 39 39 39 39 39 39 39 39 39 38 38 38 38 38 38 38 38 38 38 38 37 38 38 38 37 38 38 38 38 38 38 38 38 37 37 37 37 38 37 38 38 37 37 37 37 37 37 37 37 37 37 37 37 37 37 37 37 37 37 37 37 37 37 38 38 37 37 37 37 38 38 38 37 38 37 38 38 39 39 39 39 40 40 40 40 39 39 39 40 40 39 40 40 39 39 39 39 39 39 39 39 39 39 39 40 40 40 40 40 40 40 41 40 40 40 41 41 41 40 39 38 38 38 38 38 38 38 38 38 38 37 37 36 37 46 46 46 46 46 46 46 46 46 46 46 46 46 46 45 45 45 45 45 45 45 45 45 45 45 45 45 44 44 44 44 44 44 44 43 43 43 43 43 43 43 43 43 43 43 43 43 43 42 42 42 42 42 42 43 43 42 43 42 42 42 42 41 41 41 41 41 41 41 41 41 42 42 41 41 41 41 41 41 41 41 41 41 41 41 41 41 42 42 42 41 41 40 40 40 40 40 40 40 40 40 40 40 40 40 40 40 40 40 40 40 40 40 40 40 40 40 40 40 40 40 39 39 40 40 40 40 40 40 40 40 40 40 40 40 39 39 39 39 39 39 39 39 39 39 39 39 39 39 39 39 39 38 39 39 38 39 39 39 38 38 38 38 37 37 37 37 37 37 38 38 38 38 38 38 38 37 37 37 38 37 37 38 38 38 38 37 37 37 37 37 37 37 37 37 37 37 37 37 37 37 37 37 37 37 37 37 38 38 37 37 37 38 38 38 38 37 37 38 38 38 38 38 39 40 39 39 39 40 39 39 39 39 39 40 40 40 39 39 39 39 39 40 40 40 39 39 39 40 40 41 40 40 40 40 40 40 40 40 40 40 40 39 39 39 38 38 38 38 37 37 37 38 37 37 37 47 46 46 46 46 46 46 46 46 46 46 46 46 46 46 46 46 45 45 45 45 45 45 45 45 45 45 45 45 45 44 44 44 44 44 44 44 44 43 43 43 43 43 43 43 43 43 43 43 43 43 42 42 42 42 42 42 42 43 43 43 43 43 42 42 42 42 42 42 41 41 41 42 42 41 41 41 42 41 41 41 41 41 41 41 41 41 41 41 42 42 41 41 40 40 40 40 40 40 40 40 40 40 40 40 40 40 40 40 40 40 40 40 40 40 40 40 40 40 40 40 40 40 40 39 40 40 40 40 40 40 40 40 40 40 39 40 39 39 39 39 39 39 39 39 39 39 39 39 39 39 39 39 39 39 39 39 39 39 39 39 39 38 38 37 37 37 37 38 38 38 38 38 38 38 38 38 37 37 38 38 38 38 38 38 38 38 38 38 37 37 37 37 37 37 37 37 37 37 37 37 37 37 37 37 37 37 37 38 38 38 38 38 38 37 37 37 38 37 37 38 37 38 37 38 39 39 39 38 38 39 39 39 39 39 39 39 39 39 39 40 40 40 39 39 40 40 40 39 39 40 40 41 40 40 40 40 40 39 40 40 39 39 39 39 39 39 38 37 37 37 37 38 38 38 37 37 37 47 46 46 46 46 46 46 46 46 46 46 46 46 46 46 46 46 45 45 45 45 45 45 45 45 45 45 45 45 45 44 44 44 44 44 44 44 44 44 43 43 43 44 43 43 43 43 43 43 43 43 42 42 42 42 42 42 42 43 43 43 42 42 42 42 42 42 42 41 41 41 41 41 41 41 41 42 42 41 41 41 41 41 41 41 41 41 41 41 41 41 41 41 41 41 41 41 40 40 40 40 40 40 40 40 40 40 40 40 40 40 40 40 40 40 40 40 40 40 40 40 40 39 39 40 40 40 40 40 40 40 40 40 40 40 39 40 39 39 39 39 39 39 39 39 39 39 39 39 39 39 39 39 39 38 39 38 38 38 39 39 38 38 38 37 37 38 38 38 38 38 37 37 37 38 38 38 38 38 38 38 38 38 38 38 38 38 38 37 37 38 37 37 38 37 37 37 37 37 37 37 37 37 37 37 37 37 37 38 37 37 37 37 37 37 37 37 37 37 38 37 37 38 38 39 38 38 38 38 38 38 38 38 39 39 40 40 39 39 40 40 40 40 39 39 40 40 40 39 40 40 41 40 40 39 40 39 39 39 39 39 39 39 39 39 39 39 38 37 37 38 38 38 38 47 47 47 46 46 46 46 45 46 46 46 46 46 46 46 46 46 46 45 45 45 45 45 45 45 45 45 45 45 45 44 44 44 44 44 44 44 44 44 44 44 44 43 43 43 43 43 43 43 43 43 43 42 42 42 42 42 42 42 42 42 42 42 42 42 42 42 41 41 41 41 41 41 41 41 41 41 41 41 41 41 41 41 41 41 41 41 41 41 41 42 42 42 41 41 40 40 40 40 40 40 40 40 40 40 40 40 40 40 40 40 40 40 40 40 40 40 40 40 40 40 40 39 40 40 40 40 40 40 40 40 40 40 40 39 40 39 39 39 39 39 39 39 39 39 39 39 39 39 39 39 39 39 38 39 39 38 38 39 39 38 38 38 37 37 37 38 38 38 38 37 37 37 38 38 38 38 38 38 38 38 38 38 38 38 38 38 38 38 38 38 38 38 37 37 37 37 37 37 37 37 37 37 37 37 37 37 37 37 37 37 37 37 37 37 37 37 37 37 37 37 37 38 39 38 37 37 37 38 39 39 39 39 39 40 40 40 39 40 40 40 40 40 39 39 40 40 40 40 40 41 40 40 40 40 40 40 39 39 39 39 39 38 39 39 38 37 38 38 38 38 47 47 47 46 46 46 46 46 46 46 46 46 46 46 46 46 45 45 45 45 45 45 45 45 45 45 45 45 44 44 44 44 44 44 44 44 44 44 44 44 43 43 43 43 43 43 43 43 43 43 43 43 42 42 42 42 42 42 42 42 42 42 42 42 41 42 42 41 41 41 41 41 41 41 41 42 41 41 41 41 41 41 41 41 41 41 41 41 42 42 42 42 41 41 41 41 41 41 41 40 40 40 40 40 40 40 40 40 40 40 40 40 40 40 40 40 40 40 40 40 40 40 40 40 40 40 40 40 40 40 40 40 40 40 40 39 39 39 39 39 39 39 39 39 39 39 39 39 39 39 39 39 39 38 38 38 39 39 38 38 38 38 37 37 38 38 38 38 37 37 37 38 38 38 38 38 38 38 38 38 38 38 38 38 38 38 38 38 38 38 38 37 37 37 37 37 37 37 37 37 37 37 37 38 38 37 37 37 37 37 37 37 37 37 37 37 37 37 37 37 37 38 38 37 38 38 38 39 40 40 39 39 40 40 40 40 40 40 40 40 40 40 39 39 40 40 40 40 41 41 41 41 41 40 40 40 40 40 40 39 39 38 38 38 38 38 39 39 48 48 47 46 46 46 46 46 46 46 46 46 46 46 46 46 45 45 45 45 45 45 45 45 45 45 45 45 44 44 44 44 44 44 44 44 44 44 44 44 44 43 43 43 43 43 43 43 43 43 43 43 43 43 43 42 42 42 42 42 42 42 42 42 41 42 42 41 41 41 41 41 41 41 41 41 41 41 41 41 41 41 41 42 41 42 41 42 42 42 42 42 41 41 41 41 41 41 40 40 40 40 40 40 40 40 40 40 40 40 40 40 40 40 40 40 40 40 40 40 40 40 40 40 40 40 40 40 40 40 40 40 40 40 40 40 40 40 40 39 39 39 39 39 39 39 39 39 38 39 39 39 39 39 39 39 39 39 39 39 38 38 38 38 38 38 38 38 38 38 38 38 38 38 38 38 38 38 38 38 38 38 38 38 38 38 38 38 39 38 38 37 37 37 37 37 37 37 37 37 37 37 38 38 37 37 37 37 37 37 37 37 37 37 37 38 37 38 37 37 37 38 37 38 39 39 38 39 39 40 40 40 40 40 40 40 40 40 40 40 41 40 39 39 40 41 41 41 40 40 40 40 40 39 39 38 39 39 39 39 38 38 38 39 40 48 48 47 47 47 47 46 46 46 46 46 46 46 46 46 46 46 46 46 46 45 45 45 45 45 45 45 45 45 45 44 44 44 44 44 44 44 44 44 44 43 43 43 43 43 43 43 43 43 43 43 43 43 43 43 43 42 42 42 42 42 42 42 42 42 42 42 42 42 42 42 42 41 41 41 41 41 41 41 41 41 41 41 42 42 42 42 42 42 42 41 41 41 41 41 41 41 40 41 41 40 40 40 40 40 40 40 40 40 40 40 40 40 40 40 40 40 40 40 40 40 41 40 40 40 40 40 40 40 40 40 40 40 40 40 40 40 40 40 40 39 39 39 39 39 39 39 39 39 38 38 39 39 39 39 39 39 39 39 39 38 38 38 38 38 38 38 38 38 38 38 38 38 38 38 38 38 38 38 38 38 38 38 38 38 38 38 38 38 38 38 37 37 37 37 37 37 37 37 38 38 38 38 38 37 37 37 37 37 37 38 37 37 38 37 37 38 38 37 37 37 37 38 38 39 39 39 38 39 39 40 40 40 40 40 40 40 40 40 40 41 40 39 40 40 40 40 40 39 39 39 39 38 38 38 38 38 38 38 38 39 39 48 47 47 47 47 47 46 46 46 46 46 46 46 46 46 46 46 46 46 46 46 46 45 45 45 45 45 45 45 45 45 44 44 44 44 44 44 44 44 44 44 44 43 43 43 43 43 43 43 43 43 43 43 43 43 43 43 43 43 42 42 42 42 42 42 42 42 42 42 42 42 42 42 42 42 41 41 41 41 41 41 41 41 42 42 42 42 42 42 42 41 41 41 41 42 42 41 41 41 41 41 41 40 40 40 40 40 40 40 40 40 40 40 40 40 40 40 40 40 40 40 40 40 40 40 40 40 40 40 40 40 40 40 40 40 40 40 40 40 40 39 39 39 39 39 39 39 39 39 38 38 39 39 39 39 39 39 39 39 39 39 38 38 38 38 38 38 38 38 38 38 38 38 38 38 38 38 38 38 38 38 38 38 38 38 38 38 38 38 38 37 37 37 37 37 37 37 38 38 38 38 38 37 37 37 37 38 38 38 38 38 38 38 38 38 38 38 38 37 38 37 37 38 38 38 38 38 39 39 39 40 40 40 40 40 40 40 40 40 41 41 40 39 39 39 40 40 39 39 39 39 39 39 38 38 38 38 38 38 39 39 48 47 47 47 47 47 47 47 46 46 46 46 46 46 46 46 46 46 46 46 46 46 46 46 45 45 45 45 45 45 45 45 45 44 44 44 44 44 44 44 44 44 44 43 43 43 43 43 43 43 43 43 43 43 43 43 43 43 43 42 42 42 42 42 42 42 42 42 42 42 42 42 42 42 42 42 42 42 41 41 41 41 41 41 41 41 41 42 42 42 41 42 41 41 42 42 41 41 41 41 40 40 40 40 40 40 40 40 40 40 40 40 40 40 40 40 40 40 40 40 40 40 40 40 40 40 40 40 40 40 40 40 40 40 40 40 40 40 40 40 39 39 39 39 39 39 39 39 39 38 38 38 39 39 39 39 39 39 39 39 39 38 39 38 38 38 37 38 38 38 38 38 38 38 38 38 38 38 38 38 38 38 38 38 38 38 38 38 38 37 37 37 37 37 38 38 38 38 37 38 37 37 37 37 37 38 38 38 39 38 38 39 38 38 38 38 38 38 38 38 38 38 37 38 38 38 38 38 39 39 40 40 40 40 40 40 40 40 40 40 39 39 39 39 39 39 39 39 39 39 39 38 38 39 38 38 38 39 39 48 47 47 47 47 47 47 46 46 47 47 46 46 46 46 46 46 46 46 46 46 46 46 46 45 45 45 45 45 45 45 45 45 45 44 44 44 44 44 44 44 44 44 44 43 43 43 43 43 43 43 43 43 43 43 43 43 43 43 42 42 42 42 42 42 42 42 42 42 42 42 42 42 42 42 42 42 42 41 41 41 41 41 41 42 42 42 42 43 42 42 41 41 41 42 42 41 42 41 41 41 40 40 40 40 40 40 40 40 40 40 40 40 40 40 40 40 40 40 40 40 40 40 40 40 40 40 40 40 40 40 40 40 40 40 40 40 40 40 39 39 39 39 40 39 39 39 39 39 39 39 38 38 38 39 39 39 39 39 39 39 39 39 38 38 38 38 37 38 38 38 38 38 38 38 38 38 38 38 38 38 38 38 38 38 38 38 38 38 37 37 37 38 38 38 38 38 38 37 37 37 37 37 37 38 38 38 39 39 39 39 39 39 39 38 38 38 38 38 38 38 38 39 38 38 38 39 39 40 40 40 39 39 39 39 39 39 39 39 39 39 39 39 39 39 39 39 39 39 39 39 48 48 48 47 47 48 47 47 47 47 48 47 47 46 46 46 46 46 46 46 46 46 46 46 45 45 45 45 45 45 45 45 45 45 45 45 44 44 44 44 44 44 44 44 44 43 43 43 43 43 43 43 43 43 43 43 43 43 43 43 43 42 42 42 42 42 42 42 42 42 42 42 42 42 42 42 42 42 42 41 41 41 41 41 42 42 43 43 43 43 42 41 41 41 42 42 41 41 42 42 41 40 40 40 40 40 40 40 40 40 40 40 40 40 40 40 40 40 40 40 40 40 40 40 40 40 40 40 40 40 40 40 40 40 40 40 40 40 40 39 39 39 40 39 39 39 39 39 40 39 39 38 38 38 38 39 39 39 39 39 39 39 39 39 39 38 38 38 37 37 37 38 38 38 38 38 38 38 38 38 38 38 38 38 38 38 38 38 38 38 37 37 37 38 38 38 38 37 37 37 37 37 38 38 38 38 39 38 39 39 39 39 38 38 38 38 38 38 38 38 38 39 38 38 39 39 39 40 39 39 40 40 39 39 39 39 39 39 39 49 48 48 48 48 47 47 46 46 46 46 46 46 46 46 46 46 45 45 45 45 45 45 45 45 45 45 45 45 45 44 44 44 44 44 44 44 44 43 43 43 43 43 43 43 43 43 43 43 43 43 43 43 43 43 43 43 43 43 42 42 42 42 42 42 42 42 42 42 42 42 41 41 41 41 41 41 42 42 43 44 43 42 43 43 42 42 42 41 42 42 42 42 41 41 41 40 40 40 40 40 40 40 40 40 40 40 40 40 40 40 40 40 40 40 40 40 40 40 40 40 40 40 40 40 40 40 40 40 40 39 39 39 39 39 39 39 39 39 40 40 39 39 39 38 38 38 39 39 39 39 39 39 39 39 39 39 38 38 38 38 37 37 38 38 38 38 38 38 38 38 38 38 38 38 38 38 38 38 38 38 37 37 37 37 37 37 37 37 37 37 38 38 38 39 39 39 39 39 38 39 38 38 38 38 38 38 39 39 38 39 39 39 39 40 39 47 46 47 46 46 46 46 46 46 46 46 45 45 45 45 45 45 45 45 45 45 45 45 45 45 44 44 44 44 44 44 44 44 43 43 43 43 43 43 43 43 43 43 43 43 43 43 43 43 43 43 43 43 42 42 42 42 42 42 42 42 42 42 42 41 41 41 42 42 42 42 42 43 43 44 44 44 44 44 43 43 42 42 42 43 43 42 42 41 41 41 40 40 40 40 40 40 40 40 40 40 40 40 40 40 40 40 40 40 40 40 40 40 40 40 40 40 40 40 40 40 40 40 40 39 39 39 40 40 40 39 39 39 39 40 40 39 39 39 38 38 38 39 39 39 39 39 39 39 39 39 38 37 37 37 37 37 38 38 38 38 38 38 38 38 38 38 38 38 38 38 38 38 38 38 37 37 37 36 37 37 37 38 38 39 38 38 39 39 39 39 39 38 38 38 38 38 38 38 39 47 47 47 46 46 46 46 46 46 46 46 46 45 45 45 45 45 45 45 45 45 45 44 44 44 44 44 44 43 43 43 43 43 43 43 43 43 43 43 43 43 43 43 43 43 43 43 43 43 43 43 42 42 42 42 42 42 42 42 42 42 42 42 42 42 42 42 42 42 43 43 43 44 44 43 43 43 44 44 43 43 43 42 42 42 42 41 41 41 40 40 40 40 40 40 40 40 40 40 40 40 40 40 40 40 41 40 40 40 40 40 40 40 40 40 40 40 40 40 40 40 40 39 40 39 40 40 40 39 39 39 39 39 39 40 39 39 38 38 38 38 39 39 39 39 39 39 38 38 38 38 38 37 37 38 38 38 38 38 38 38 38 38 38 38 38 38 38 38 38 38 38 38 37 38 38 38 38 38 39 39 38 39 47 46 46 46 46 46 46 47 46 45 45 44 45 45 45 45 45 45 45 44 44 44 44 44 44 43 43 43 43 43 43 43 43 43 43 43 43 43 43 43 43 43 43 43 43 43 43 42 42 42 42 42 42 42 42 42 42 41 41 41 41 42 42 42 42 42 42 42 43 44 43 42 42 42 43 43 44 44 43 41 41 41 41 41 41 40 40 40 40 40 40 40 40 40 40 40 40 40 40 40 40 40 41 40 40 40 40 40 40 40 40 40 40 40 40 40 40 40 40 40 40 39 39 40 39 39 39 39 39 39 39 39 39 39 38 38 38 38 38 39 39 39 39 38 38 38 38 38 38 37 37 38 38 38 38 38 38 38 38 38 38 38 38 38 38 38 38 38 37 48 47 46 46 46 46 46 46 46 45 45 44 44 44 44 44 44 45 44 44 44 44 44 44 44 44 44 44 43 43 43 43 43 43 43 43 43 43 43 43 43 43 43 43 43 43 43 42 42 42 42 42 42 42 42 41 41 41 42 42 42 42 42 43 43 43 42 42 43 44 44 43 42 42 42 42 43 43 43 42 41 41 41 41 41 41 41 41 40 40 40 40 40 40 40 40 40 40 40 40 40 40 41 41 41 41 40 40 40 40 40 40 40 40 40 40 40 40 40 40 40 39 39 39 39 39 39 39 39 39 39 40 40 39 39 38 38 38 38 39 39 39 39 39 39 39 39 38 38 37 37 38 38 38 38 38 38 38 38 38 38 38 38 38 38 38 38 46 47 47 46 47 46 46 46 45 45 45 44 44 44 44 44 44 44 44 44 44 44 44 44 44 44 44 43 43 43 43 43 43 43 43 43 43 43 43 43 43 43 43 43 42 42 42 42 42 42 42 42 42 42 42 43 43 42 42 42 42 43 44 44 43 44 44 44 43 43 42 42 42 42 43 43 42 41 41 42 41 41 41 41 41 41 40 40 40 40 40 40 40 40 40 40 40 40 40 40 41 41 41 40 40 40 40 40 40 40 40 40 40 40 40 40 40 40 40 40 40 39 39 39 40 40 39 39 40 39 38 38 38 38 38 39 39 39 39 38 38 38 38 38 37 37 38 38 38 38 38 38 38 38 38 38 38 38 38 38 38 47 47 47 46 46 45 45 45 44 44 44 44 44 44 44 44 44 44 44 44 44 44 44 43 43 43 44 44 44 44 44 43 43 43 43 43 43 43 43 43 42 42 43 42 42 43 43 43 43 43 44 44 42 43 44 43 43 43 44 45 44 44 44 43 43 43 43 43 42 42 42 43 42 42 41 41 41 41 41 40 40 40 40 40 40 40 40 40 40 40 40 40 40 40 40 40 40 40 41 41 40 40 40 41 41 40 40 40 40 40 40 40 40 40 40 40 40 40 40 40 39 39 38 38 39 39 39 39 39 39 38 38 38 38 38 38 37 37 38 38 38 38 38 38 38 38 38 38 38 38 38 48 48 47 47 46 46 45 44 44 44 45 44 44 44 44 45 45 45 44 44 43 43 43 44 44 44 44 44 44 44 44 43 43 43 43 43 43 43 43 42 42 43 43 43 44 44 45 45 44 45 44 43 44 44 44 44 44 44 44 44 44 44 44 42 42 42 42 42 42 42 42 42 41 41 41 41 40 40 40 40 40 40 40 40 40 40 40 40 40 40 40 40 40 40 40 40 40 41 41 41 41 41 41 40 40 40 40 40 40 40 40 40 40 40 40 41 41 40 39 38 38 39 39 39 39 39 38 38 38 38 38 38 38 38 37 38 38 38 38 38 38 38 38 39 39 38 48 48 47 47 46 46 45 44 45 46 45 43 44 45 45 45 44 44 44 44 44 44 44 44 44 44 44 44 44 44 44 43 43 43 43 43 43 42 42 42 42 43 44 44 45 45 46 46 46 45 44 45 45 45 44 44 43 43 43 44 44 44 44 43 43 42 42 42 42 42 41 41 41 41 41 41 41 41 40 41 41 40 40 40 40 40 40 40 40 39 39 40 40 40 40 40 40 40 41 41 41 40 40 40 40 40 40 40 40 40 40 40 40 40 40 40 39 39 39 39 39 39 38 38 38 38 37 38 38 38 38 38 38 38 48 47 47 47 46 46 46 46 45 44 45 46 45 45 44 44 44 44 44 44 44 44 44 44 44 44 44 44 44 44 43 43 43 43 43 43 43 43 43 43 43 43 44 44 45 45 46 46 45 46 46 45 44 44 43 43 43 43 43 43 43 43 43 42 42 42 42 42 42 42 42 42 41 41 41 42 42 41 42 41 41 40 40 40 40 39 39 39 39 39 39 40 40 40 40 41 41 41 41 41 40 40 40 40 40 40 40 41 41 41 41 40 39 38 38 38 38 38 38 47 47 48 47 46 46 46 46 46 46 45 45 44 44 44 44 44 44 44 44 44 44 44 44 44 44 44 44 44 43 43 43 43 42 43 43 43 44 44 44 44 44 45 45 46 47 46 46 47 47 46 45 45 44 43 43 43 43 43 43 43 43 42 42 43 42 42 42 42 42 43 42 41 42 43 43 42 42 41 40 40 40 40 40 40 40 39 39 39 39 40 40 40 40 40 41 41 41 41 40 40 40 40 40 40 40 41 42 38 38 48 49 49 49 48 47 46 46 46 45 45 45 44 44 44 44 44 44 44 44 44 44 44 44 44 44 44 44 44 43 43 43 43 43 43 43 43 43 44 45 45 44 44 45 46 46 45 45 46 45 45 44 44 44 45 44 44 44 43 43 43 43 43 43 43 43 43 43 43 43 43 43 43 42 43 43 42 42 42 41 41 40 40 40 40 40 40 40 39 39 39 40 40 40 41 41 40 41 41 40 40 40 40 41 41 50 50 49 48 47 46 45 45 45 45 44 44 44 44 44 45 45 44 44 44 44 44 44 44 44 44 44 43 43 43 43 44 44 44 43 44 44 45 45 45 45 46 47 47 46 45 44 44 44 44 44 44 44 44 44 43 43 43 43 43 43 43 43 43 43 43 43 43 44 44 44 43 44 44 43 43 43 42 41 41 41 41 40 40 40 40 39 39 40 40 40 40 41 41 40 41 40 41 40 40 40 50 49 48 47 46 45 45 45 45 45 45 45 44 44 45 45 44 44 44 44 44 44 44 44 44 43 43 43 43 44 44 44 44 44 45 45 45 46 47 47 47 47 46 46 45 44 44 44 44 43 43 43 43 43 43 43 43 43 43 43 43 43 43 44 44 43 43 44 45 45 45 46 45 43 42 42 42 42 41 41 41 41 41 40 40 39 39 39 40 40 40 40 40 40 41 41 41 40 41 49 48 47 46 45 45 45 45 45 45 45 45 44 44 45 45 44 44 44 44 44 44 44 44 43 43 44 43 43 44 44 44 44 44 45 45 46 45 45 46 47 47 47 46 46 45 45 45 45 44 44 44 44 44 44 43 44 43 43 43 44 43 43 44 45 45 44 45 46 44 43 42 41 41 40 40 41 41 41 41 40 40 39 39 40 40 40 40 40 40 40 41 41 47 47 46 45 45 45 45 45 45 44 44 45 45 45 44 44 44 44 44 44 44 44 44 43 44 44 44 43 43 43 43 43 44 45 46 46 46 45 44 45 46 47 47 48 48 47 47 46 46 46 45 45 45 44 44 44 44 44 43 43 44 45 44 45 46 46 46 46 41 40 40 40 41 41 41 40 40 39 39 39 40 40 40 40 41 40 41 41 46 45 45 45 45 45 44 45 45 45 45 45 45 44 44 44 44 44 44 44 44 44 44 44 44 44 44 44 44 44 43 43 44 44 44 45 44 44 44 44 45 45 45 45 46 45 45 46 46 46 46 46 45 44 44 44 44 44 44 45 45 46 46 47 41 41 40 40 41 41 41 40 40 39 40 39 39 40 40 40 40 40 40 40 45 45 45 45 45 45 44 45 45 45 45 45 44 44 44 44 44 44 44 44 44 44 44 44 45 45 45 44 44 44 44 43 43 43 43 44 44 44 44 44 44 44 43 44 44 44 44 44 44 44 45 46 45 44 45 45 45 45 45 45 46 46 47 41 41 41 40 40 40 40 40 40 39 39 39 39 39 40 40 40 39 39 45 45 45 45 44 44 45 45 45 45 45 45 45 44 44 44 44 44 44 44 44 44 45 46 46 45 45 45 44 45 44 44 43 43 43 44 44 43 44 44 43 44 43 44 44 44 44 44 45 45 45 45 45 45 45 46 45 46 46 47 47 40 40 40 41 40 39 40 39 38 39 39 39 39 39 39 39 39 45 45 45 45 45 45 44 44 44 44 44 45 45 45 45 45 45 44 44 44 44 44 44 45 45 45 45 46 45 45 45 44 44 44 44 45 45 44 44 44 44 44 44 44 45 45 45 45 45 45 46 45 46 47 46 47 47 47 47 40 41 41 41 40 40 40 40 40 40 39 39 38 39 39 39 45 45 46 46 45 46 46 46 46 45 46 46 46 45 45 46 46 45 44 45 44 44 44 45 45 46 46 46 45 45 44 44 44 44 44 45 45 45 44 45 45 45 44 45 46 46 46 47 46 47 47 47 48 47 48 48 48 40 40 41 40 40 40 40 41 41 41 40 39 38 39 39 46 47 46 46 47 47 47 46 46 46 47 47 47 47 47 47 47 46 46 46 45 45 45 46 47 47 46 45 45 45 45 45 44 44 44 44 45 45 45 46 46 46 46 47 48 47 49 48 48 48 48 49 49 40 40 40 40 40 40 40 40 40 39 39 38 39 47 47 47 47 48 47 47 47 48 47 47 47 47 47 48 48 48 47 48 47 47 47 46 47 47 47 47 46 46 45 46 46 45 45 45 44 44 45 46 47 47 48 48 49 48 49 49 40 40 40 40 40 40 40 40 39 39 39 48 48 48 48 48 48 48 47 47 47 48 48 48 48 48 48 48 47 48 47 47 47 46 46 47 47 47 46 45 45 46 47 46 45 44 44 44 45 46 46 47 49 50 49 40 40 40 40 40 40 40 40 39 39 39 49 49 49 50 49 49 48 47 47 48 48 48 48 48 48 48 47 47 47 47 47 47 47 47 47 47 47 47 46 45 46 47 47 46 45 45 45 46 46 46 47 48 40 40 40 40 40 40 40 40 39 40 39 38 50 50 50 50 50 49 48 48 48 48 48 48 48 48 48 48 48 47 47 47 47 47 47 47 47 47 48 47 46 46 46 46 47 47 47 47 47 47 47 48 48 40 40 39 39 40 40 40 40 40 40 40 38 52 51 50 49 49 49 49 48 48 48 48 48 48 48 48 47 47 47 47 47 47 47 47 48 48 48 48 48 47 47 47 47 49 49 49 49 48 48 48 49 39 39 39 39 40 40 40 40 52 51 50 49 48 48 48 48 48 48 48 48 48 48 48 48 47 48 48 48 48 48 48 49 49 49 49 49 48 48 47 48 50 39 39 40 40 53 52 52 51 49 48 48 48 48 49 48 48 48 49 49 48 48 48 48 48 48 48 49 48 49 50 50 50 50 49 49 49 49 53 53 52 51 50 49 49 48 49 49 48 48 48 48 48 49 49 48 49 49 49 50 50 50 50 51 51 52 51 51 50 49 49 48 48 49 49 49 49 49 48 49 49 49 49 49 49 50 50 51 51 50 51 52 50 50 49 48 48 49 49 49 49 49 49 49 49 49 49 49 49 49 50 50 51 51 51 51 51 49 48 49 49 49 49 49 49 49 49 49 49 49 49 49 49 50 50 51 52 52 48 49 50 49 49 49 49 49 49 49 49 49 49 49 49 50 50 50 51 52 49 49 49 50 49 49 48 49 49 49 49 49 49 50 50 50 51 51 51 52 50 50 49 49 49 48 49 49 49 50 50 50 50 51 51 52 52 52 52 51 50 50 50 49 49 48 49 49 50 51 51 51 52 52 51 52 52 52 51 51 51 50 50 50 49 49 49 49 50 51 51 52 52 51 51 52 50 50 50 51 51 50 50 50 49 49 50 51 51 51 50 51 52 51 50 51 51 51 51 51 51 51 50 50 50 50 50 50 52 53 52 51 51 51 51 51 51 51 52 52 51 50 50 51 51 52 52 52 51 50 51 51 51 51 52 52 51 50 50 51 52 52 52 52 51 51 50 51 51 51 51 52 52 51 50 51 51 51 51 52 52 51 51 51 52 52 52 53 52 52 51 52 52 51 51 52 53 52 51 51 51 52 52 52 53 53 52 51 51 52 53 53 53 53 52 52 51 51 51 51 52 52 52 52 52 51 51 52 53 53 54 53 52 51 51 51 51 52 52 51 53 53 53 52 53 53 53 54 54 53 53 52 52 52 52 53 53 52 52 53 53 53 52 53 53 53 54 54 54 54 54 54 53 53 53 53 53 53 53 52 53 54 53 53 53 53 53 54 55 54 54 54 55 54 54 54 54 54 53 53 54 54 54 53 53 53 53 53 53 53 54 54 54 54 54 54 53 53 53 53 54 54 54 54 54 53 53 53 53 53 53 53 54 54 54 53 53 54 54 54 54 54 53 53 54 54 53 53 53 53 53 53 54 54 54 54 54 54 54 53 53 53 53 53 53 53 53 53 53 54 55 55 54 55 55 54 53 53 53 53 53 53 53 53 53 53 54 54 54 54 54 53 53 53 53 53 53 54 54 53 54 54 53 54 54 54 