279 279 279 279 279 279 279 279 280 280 280 279 279 279 279 279 279 279 279 279 279 279 279 279 279 278 278 278 278 278 278 278 278 278 278 278 278 277 280 280 280 280 280 279 279 279 279 279 279 279 279 279 279 279 279 279 279 279 279 279 279 278 278 278 278 278 278 278 278 278 278 278 278 278 278 277 277 277 280 280 280 280 280 280 280 279 279 279 279 279 279 279 279 279 279 279 279 279 279 279 279 279 279 278 278 278 278 278 278 278 278 278 278 278 278 278 278 278 278 278 277 277 277 277 277 277 277 277 280 280 280 280 280 280 280 280 280 280 279 279 279 279 279 279 279 279 279 279 279 279 279 279 279 279 279 279 279 279 279 278 278 278 278 278 278 278 278 278 278 278 278 278 278 278 278 278 278 278 278 278 278 277 277 277 277 277 277 277 277 277 277 277 277 277 277 277 277 277 280 280 280 280 280 280 280 280 280 280 279 279 279 279 279 279 279 279 279 279 279 279 279 279 279 279 279 279 279 279 279 279 279 279 279 278 278 278 278 278 278 278 278 278 278 278 278 278 278 278 278 278 278 278 278 278 278 278 278 278 278 278 277 277 277 277 277 277 277 277 277 277 277 277 277 277 277 277 277 277 280 280 280 280 280 280 280 280 280 279 279 279 279 279 279 279 279 279 279 279 279 279 279 279 279 279 279 279 279 279 279 279 279 279 279 279 278 278 278 278 278 278 278 278 278 278 278 278 278 278 278 278 278 278 278 278 278 278 278 278 278 278 278 278 278 277 277 277 277 277 277 277 277 277 277 277 277 277 277 277 277 277 277 277 277 276 280 280 280 280 280 280 280 280 280 280 279 279 279 279 279 279 279 279 279 279 279 279 279 279 279 279 279 279 279 279 279 279 279 279 279 279 278 278 278 278 278 278 278 278 278 278 278 278 278 278 278 278 278 278 278 278 278 278 278 278 278 278 278 278 277 277 277 277 277 277 277 277 277 277 277 277 277 277 277 277 277 277 277 277 277 276 276 280 280 280 280 280 280 280 280 280 280 280 280 279 279 279 279 279 279 279 279 279 279 279 279 279 279 279 279 279 279 279 279 279 279 279 279 279 279 278 278 278 278 278 278 278 278 278 278 278 278 278 278 278 278 278 278 278 278 278 278 278 278 278 278 278 278 277 277 277 277 277 277 277 277 277 277 277 277 277 277 277 277 277 277 277 277 277 276 276 276 276 276 280 280 280 280 280 280 280 280 280 280 280 280 280 280 279 279 279 279 279 279 279 279 279 279 279 279 279 279 279 279 279 279 279 279 279 279 279 279 279 279 278 278 278 278 278 278 278 278 278 278 278 278 278 278 278 278 278 278 278 278 278 278 278 278 278 278 278 278 277 277 277 277 277 277 277 277 277 277 277 277 277 277 277 277 277 277 277 277 277 276 276 276 276 280 280 280 280 280 280 280 280 280 280 280 280 280 280 280 280 280 279 279 279 279 279 279 279 279 279 279 279 279 279 279 279 279 279 279 279 279 279 279 279 279 279 279 279 279 278 278 278 278 278 278 278 278 278 278 278 278 278 278 278 278 278 278 278 278 278 278 278 278 278 278 277 277 277 277 277 277 277 277 277 277 277 277 277 277 277 277 277 277 277 277 277 276 276 276 276 276 276 280 280 280 280 280 280 280 280 280 280 280 280 280 280 280 280 280 279 279 279 279 279 279 279 279 279 279 279 279 279 279 279 279 279 279 279 279 279 279 279 279 279 279 278 279 278 278 278 278 278 278 278 278 278 278 278 278 278 278 278 278 278 278 278 278 278 278 278 278 278 277 277 277 277 277 277 277 277 277 277 277 277 277 277 277 277 277 277 277 277 277 277 277 276 276 276 276 276 276 276 280 280 280 280 280 280 280 280 280 280 280 280 280 280 280 280 280 280 279 279 279 279 279 279 279 279 279 279 279 279 279 279 279 279 279 279 279 279 279 279 279 279 279 279 279 279 278 278 278 278 278 278 278 278 278 278 278 278 278 278 278 278 278 278 278 278 278 278 278 278 278 277 277 277 277 277 277 277 277 277 277 277 277 277 277 277 277 277 277 277 277 277 277 277 276 276 276 276 276 276 276 276 280 280 280 280 280 280 280 280 280 280 280 280 280 280 280 280 280 280 280 279 279 279 279 279 279 279 279 279 279 279 279 279 279 279 279 279 279 279 279 279 279 279 279 279 279 279 279 278 278 278 278 278 278 278 278 278 278 278 278 278 278 278 278 278 278 278 278 278 278 278 278 278 278 277 277 277 277 277 277 277 277 277 277 277 277 277 277 277 277 277 277 277 277 277 277 276 276 276 276 276 276 276 276 280 280 280 280 280 280 280 280 280 280 280 280 280 280 280 280 280 280 280 280 280 279 279 279 279 279 279 279 279 279 279 279 279 279 279 279 279 279 279 279 279 279 279 279 279 279 279 279 279 278 278 278 278 278 278 278 278 278 278 278 278 278 278 278 278 278 278 278 278 278 278 278 278 278 278 277 277 277 277 277 277 277 277 277 277 277 277 277 277 277 277 277 277 277 277 277 277 277 276 276 276 276 276 276 276 276 276 280 280 280 280 280 280 280 280 280 280 280 280 280 280 280 280 280 280 280 280 280 279 279 279 279 279 279 279 279 279 279 279 279 279 279 279 279 279 279 279 279 279 279 279 279 279 279 279 279 279 278 278 278 278 278 278 278 278 278 278 278 278 278 278 278 278 278 278 278 278 278 278 278 278 278 277 277 277 277 277 277 277 277 277 277 277 277 277 277 277 277 277 277 277 277 277 277 277 277 276 276 276 276 276 276 276 276 276 276 281 281 280 280 280 280 280 280 280 280 280 280 280 280 280 280 280 280 280 280 280 280 280 280 280 279 279 279 279 279 279 279 279 279 279 279 279 279 279 279 279 279 279 279 279 279 279 279 279 279 279 279 279 279 278 278 278 278 278 278 278 278 278 278 278 278 278 278 278 278 278 278 278 278 278 278 278 278 278 277 277 277 277 277 277 277 277 277 277 277 277 277 277 277 277 277 277 277 277 277 277 277 277 276 276 276 276 276 276 276 276 276 276 276 282 282 282 281 281 281 281 280 280 280 280 280 280 280 280 280 280 280 280 280 280 280 280 280 280 280 280 280 280 280 280 280 280 280 279 279 279 279 279 279 279 279 279 279 279 279 279 279 279 279 279 279 279 279 279 279 279 279 279 279 279 279 279 278 278 278 278 278 278 278 278 278 278 278 278 278 278 278 278 278 278 278 278 278 278 278 278 278 277 277 277 277 277 277 277 277 277 277 277 277 277 277 277 277 277 277 277 277 277 277 277 277 276 276 276 276 276 276 276 276 276 276 276 282 282 282 282 282 282 281 281 281 281 281 281 280 280 280 280 280 280 280 280 280 280 280 280 280 280 280 280 280 280 280 280 280 280 280 280 280 280 280 280 279 279 279 279 279 279 279 279 279 279 279 279 279 279 279 279 279 279 279 279 279 279 279 279 279 279 279 279 279 278 278 278 278 278 278 278 278 278 278 278 278 278 278 278 278 278 278 278 278 278 278 278 278 278 277 277 277 277 277 277 277 277 277 277 277 277 277 277 277 277 277 277 277 277 277 277 277 277 276 276 276 276 276 276 276 276 276 276 276 282 282 282 282 282 282 282 281 281 281 281 281 281 281 281 281 280 280 280 280 280 280 280 280 280 280 280 280 280 280 280 280 280 280 280 280 280 280 280 280 280 280 280 280 279 279 279 279 279 279 279 279 279 279 279 279 279 279 279 279 279 279 279 279 279 279 279 279 279 279 279 279 279 278 278 278 278 278 278 278 278 278 278 278 278 278 278 278 278 278 278 278 278 278 278 278 278 278 278 278 277 277 277 277 277 277 277 277 277 277 277 277 277 277 277 277 277 277 277 277 277 277 276 276 276 276 276 276 276 276 276 276 276 276 282 282 282 282 282 282 282 282 281 281 281 281 281 281 281 281 281 280 281 280 280 280 280 280 280 280 280 280 280 280 280 280 280 280 280 280 280 280 280 280 280 280 280 280 280 279 279 279 279 279 279 279 279 279 279 279 279 279 279 279 279 279 279 279 279 279 279 279 279 279 279 279 279 279 279 278 278 278 278 278 278 278 278 278 278 278 278 278 278 278 278 278 278 278 278 278 278 278 278 278 278 278 277 277 277 277 277 277 277 277 277 277 277 277 277 277 277 277 277 277 277 277 277 277 277 277 276 276 276 276 276 276 276 276 276 276 276 282 282 282 282 282 282 282 282 282 282 281 281 281 281 281 281 281 281 281 280 280 280 280 280 280 280 280 280 280 280 280 280 280 280 280 280 280 280 280 280 280 280 280 280 280 280 279 279 279 279 279 279 279 279 279 279 279 279 279 279 279 279 279 279 279 279 279 279 279 279 279 279 279 279 279 279 278 278 278 278 278 278 278 278 278 278 278 278 278 278 278 278 278 278 278 278 278 278 278 278 278 278 278 277 277 277 277 277 277 277 277 277 277 277 277 277 277 277 277 277 277 277 277 277 277 277 277 276 276 276 276 276 276 276 276 276 276 282 282 282 282 282 282 282 282 282 282 281 281 281 281 281 281 281 281 281 281 281 281 281 281 281 281 281 281 280 280 280 280 280 280 280 280 280 280 280 280 280 280 280 280 280 280 280 280 280 280 280 280 280 279 279 279 279 279 279 279 279 279 279 279 279 279 279 279 279 279 279 279 279 279 279 279 279 279 279 279 279 279 279 279 279 278 278 278 278 278 278 278 278 278 278 278 278 278 278 278 278 278 278 278 278 278 278 278 278 278 278 278 277 277 277 277 277 277 277 277 277 277 277 277 277 277 277 277 277 277 277 277 277 277 277 277 276 276 276 276 276 276 276 276 276 276 276 282 282 282 282 282 282 282 282 282 281 281 281 281 281 281 281 281 281 281 281 281 281 281 281 281 281 281 281 281 281 281 281 281 281 281 280 280 280 280 280 280 280 280 280 280 280 280 280 280 280 280 280 280 280 280 280 280 280 280 280 279 279 279 279 279 279 279 279 279 279 279 279 279 279 279 279 279 279 279 279 279 279 279 279 279 279 279 279 279 279 279 279 278 278 278 278 278 278 278 278 278 278 278 278 278 278 278 278 278 278 278 278 278 278 278 278 278 277 278 277 277 277 277 277 277 277 277 277 277 277 277 277 277 277 277 277 277 277 277 277 277 277 276 276 276 276 276 276 276 276 276 276 276 276 276 282 282 282 282 282 282 282 282 281 281 281 281 281 281 281 281 281 281 281 281 281 281 281 281 281 281 281 281 281 281 281 281 281 281 280 280 280 280 280 280 280 280 280 280 280 280 280 280 280 280 280 280 280 280 280 280 280 280 280 279 279 279 279 279 279 279 279 279 279 279 279 279 279 279 279 279 279 279 279 279 279 279 279 279 279 279 279 279 279 279 279 279 278 278 278 278 278 278 278 278 278 278 278 278 278 278 278 278 278 278 278 278 278 278 278 278 278 278 277 277 277 277 277 277 277 277 277 277 277 277 277 277 277 277 277 277 277 277 277 277 277 277 276 276 276 276 276 276 276 276 276 276 276 276 276 276 276 282 282 282 282 282 282 282 281 281 281 281 281 281 281 281 281 281 281 281 281 281 281 281 281 281 281 281 281 281 281 281 281 281 281 280 280 280 280 280 280 280 280 280 280 280 280 280 280 280 280 280 280 280 280 280 280 280 280 280 279 279 279 279 279 279 279 279 279 279 279 279 279 279 279 279 279 279 279 279 279 279 279 279 279 279 279 279 279 279 279 279 279 278 278 278 278 278 278 278 278 278 278 278 278 278 278 278 278 278 278 278 278 278 278 278 278 278 278 277 277 277 277 277 277 277 277 277 277 277 277 277 277 277 277 277 277 277 277 277 277 277 277 277 276 276 276 276 276 276 276 276 276 276 276 276 276 276 276 276 282 282 282 282 282 282 282 282 282 282 282 282 282 281 281 281 281 281 281 281 281 281 281 281 281 281 281 281 281 281 281 281 281 281 281 281 281 281 281 281 280 280 280 280 280 280 280 280 280 280 280 280 280 280 280 280 280 280 280 280 280 280 280 280 280 280 279 279 279 279 279 279 279 279 279 279 279 279 279 279 279 279 279 279 279 279 279 279 279 279 279 279 279 279 279 279 279 279 278 278 278 278 278 278 278 278 278 278 278 278 278 278 278 278 278 278 278 278 278 278 278 278 278 278 278 277 277 277 277 277 277 277 277 277 277 277 277 277 277 277 277 277 277 277 277 277 277 277 277 277 277 276 276 276 276 276 276 276 276 276 276 276 276 276 276 276 276 276 276 276 276 276 276 276 282 282 282 282 282 282 282 282 282 282 282 282 282 282 282 281 281 281 281 281 281 281 281 281 281 281 281 281 281 281 281 281 281 281 281 281 281 281 281 281 281 281 280 280 280 280 280 280 280 280 280 280 280 280 280 280 280 280 280 280 280 280 280 280 280 280 280 280 279 279 279 279 279 279 279 279 279 279 279 279 279 279 279 279 279 279 279 279 279 279 279 279 279 279 279 279 279 279 279 279 278 278 278 278 278 278 278 278 278 278 278 278 278 278 278 278 278 278 278 278 278 278 277 277 278 278 278 277 277 277 277 277 277 277 277 277 277 277 277 277 277 277 277 277 277 277 277 277 277 277 277 277 277 276 276 276 276 276 276 276 276 276 276 276 276 276 276 276 276 276 276 276 276 276 276 276 276 275 282 282 282 282 282 282 282 282 282 282 282 282 282 282 281 281 281 281 281 281 281 281 281 281 281 281 281 281 281 281 281 281 281 281 281 281 281 281 281 281 281 281 280 280 280 280 280 280 280 280 280 280 280 280 280 280 280 280 280 280 280 280 280 280 280 280 280 279 279 279 279 279 279 279 279 279 279 279 279 279 279 279 279 279 279 279 279 279 279 279 279 279 279 279 279 279 279 279 279 279 278 278 278 278 278 278 278 278 278 278 278 278 278 278 278 278 278 278 278 278 278 278 277 277 278 278 278 277 277 277 277 277 277 277 277 277 277 277 277 277 277 277 277 277 277 277 277 277 277 277 277 277 276 276 276 276 276 276 276 276 276 276 276 276 276 276 276 276 276 276 276 276 276 276 276 276 276 276 282 282 282 282 282 282 282 282 282 282 282 282 282 282 281 281 281 281 281 281 281 281 281 281 281 281 281 281 281 281 281 281 281 281 281 281 281 281 281 281 281 280 280 280 280 280 280 280 280 280 280 280 280 280 280 280 280 280 280 280 280 280 280 280 280 280 280 279 279 279 279 279 279 279 279 279 279 279 279 279 279 279 279 279 279 279 279 279 279 279 279 279 279 279 279 279 279 279 279 278 278 278 278 278 278 278 278 278 278 278 278 278 278 278 278 278 278 278 278 278 278 278 278 277 278 278 277 277 277 277 277 277 277 277 277 277 277 277 277 277 277 277 277 277 277 277 277 277 277 277 277 277 276 276 276 276 276 276 276 276 276 276 276 276 276 276 276 276 276 276 276 276 276 276 276 276 276 276 275 282 282 282 282 282 282 282 282 282 282 282 282 282 282 282 282 282 282 282 281 281 281 281 281 281 281 281 281 281 281 281 281 281 281 281 281 281 281 281 281 281 281 281 281 281 281 281 280 280 280 280 280 280 280 280 280 280 280 280 280 280 280 280 280 280 280 280 280 280 280 280 280 279 279 279 279 279 279 279 279 279 279 279 279 279 279 279 279 279 279 279 279 279 279 279 279 279 279 279 279 279 279 279 279 279 278 278 278 278 278 278 278 278 278 278 278 278 278 278 278 278 278 278 278 278 278 278 278 278 278 278 278 278 278 277 277 277 277 277 277 277 277 277 277 277 277 277 277 277 277 277 277 277 277 277 277 277 277 276 277 276 276 276 276 276 276 276 276 276 276 276 276 276 276 276 276 276 276 276 276 276 276 276 276 275 283 282 282 282 282 282 282 282 282 282 282 282 282 282 282 282 282 282 282 282 282 282 282 282 282 282 281 281 281 281 281 281 281 281 281 281 281 281 281 281 281 281 281 281 281 281 281 281 281 281 281 281 281 281 280 280 280 280 280 280 280 280 280 280 280 280 280 280 280 280 280 280 280 280 280 280 280 280 280 280 279 279 279 279 279 279 279 279 279 279 279 279 279 279 279 279 279 279 279 279 279 279 279 279 279 279 279 279 279 279 279 279 279 278 278 278 278 278 278 278 278 278 278 278 278 278 278 278 278 278 278 278 278 278 278 278 278 278 278 278 278 278 277 277 277 277 277 277 277 277 277 277 277 277 277 277 277 277 277 277 277 277 277 277 277 277 277 277 276 276 276 276 276 276 276 276 276 276 276 276 276 276 276 276 276 276 276 276 276 276 276 276 276 275 283 283 283 282 282 282 282 282 282 282 282 282 282 282 282 282 282 282 282 282 282 282 282 282 282 282 282 282 281 281 281 281 281 281 281 281 281 281 281 281 281 281 281 281 281 281 281 281 281 281 281 281 281 281 281 281 281 280 280 280 280 280 280 280 280 280 280 280 280 280 280 280 280 280 280 280 280 280 280 280 280 280 280 279 279 279 279 279 279 279 279 279 279 279 279 279 279 279 279 279 279 279 279 279 279 279 279 279 279 279 279 279 279 279 279 278 278 278 278 278 278 278 278 278 278 278 278 278 278 278 278 278 278 278 278 278 278 278 278 278 278 278 278 278 278 278 277 277 277 277 277 277 277 277 277 277 277 277 277 277 277 277 277 277 277 277 277 277 277 277 277 276 276 276 276 276 276 276 276 276 276 276 276 276 276 276 276 276 276 276 276 276 276 276 276 276 275 283 283 283 283 283 283 282 282 282 282 282 282 282 282 282 282 282 282 282 282 282 282 282 282 282 282 282 282 282 282 282 281 281 281 281 281 281 281 281 281 281 281 281 281 281 281 281 281 281 281 281 281 281 281 281 281 281 281 281 281 280 280 280 280 280 280 280 280 280 280 280 280 280 280 280 280 280 280 280 280 280 280 280 280 280 280 279 279 279 279 279 279 279 279 279 279 279 279 279 279 279 279 279 279 279 279 279 279 279 279 279 279 279 279 279 279 279 279 279 278 278 278 278 278 278 278 278 278 278 278 278 278 278 278 278 278 278 278 278 278 278 278 278 278 278 278 278 278 278 278 277 277 277 277 277 277 277 277 277 277 277 277 277 277 277 277 277 277 277 277 277 277 277 277 277 276 276 276 276 276 276 276 276 276 276 276 276 276 276 276 276 276 276 276 276 276 276 276 276 276 276 275 275 275 275 283 283 283 283 283 282 282 282 282 282 282 282 282 282 282 282 282 282 282 282 282 282 282 282 282 282 282 282 282 282 281 282 281 281 281 281 281 281 281 281 281 281 281 281 281 281 281 281 281 281 281 281 281 281 281 281 281 281 281 280 280 280 280 280 280 280 280 280 280 280 280 280 280 280 280 280 280 280 280 280 280 280 280 280 280 280 279 279 279 279 279 279 279 279 279 279 279 279 279 279 279 279 279 279 279 279 279 279 279 279 279 279 279 279 279 279 279 279 278 278 278 278 278 278 278 278 278 278 278 278 278 278 278 278 278 278 278 278 278 278 278 278 278 278 278 278 278 278 278 278 277 277 277 277 277 277 277 277 277 277 277 277 277 277 277 277 277 277 277 277 277 277 277 277 277 276 276 276 276 276 276 276 276 276 276 276 276 276 276 276 276 276 276 276 276 276 276 276 276 276 276 275 275 275 275 275 275 275 283 283 283 283 282 282 282 282 282 282 282 282 282 282 282 282 282 282 282 282 282 282 282 282 282 282 282 282 282 282 282 281 281 281 281 281 281 281 281 281 281 281 281 281 281 281 281 281 281 281 281 281 281 281 281 281 281 281 280 280 280 280 280 280 280 280 280 280 280 280 280 280 280 280 280 280 280 280 280 280 280 280 280 280 280 279 279 279 279 279 279 279 279 279 279 279 279 279 279 279 279 279 279 279 279 279 279 279 279 279 279 279 279 279 279 278 278 278 278 278 278 278 278 278 278 278 278 278 278 278 278 278 278 278 278 278 278 278 278 278 278 278 278 278 278 278 278 278 278 278 277 277 277 277 277 277 277 277 277 277 277 277 277 277 277 277 277 277 277 277 277 277 277 277 277 276 276 276 276 276 276 276 276 276 276 276 276 276 276 276 276 276 276 276 276 276 276 276 276 276 276 276 275 275 275 275 275 275 275 275 283 283 282 282 282 282 282 282 282 282 282 282 282 282 282 282 282 282 282 282 282 282 282 282 282 282 282 282 282 281 281 281 281 281 281 281 281 281 281 281 281 281 281 281 281 281 281 281 281 281 281 281 281 281 281 281 280 280 280 280 280 280 280 280 280 280 280 280 280 280 280 280 280 280 280 280 280 280 280 280 280 280 280 279 279 279 279 279 279 279 279 279 279 279 279 279 279 279 279 279 279 279 279 279 279 279 279 279 279 279 279 279 279 279 278 278 278 278 278 278 278 278 278 278 278 278 278 278 278 278 278 278 278 278 278 278 278 278 278 278 278 278 278 278 278 278 278 278 277 277 277 277 277 277 277 277 277 277 277 277 277 277 277 277 277 277 277 277 277 277 277 277 277 277 276 276 276 276 276 276 276 276 276 276 276 276 276 276 276 276 276 276 276 276 276 276 276 276 276 276 276 275 275 275 275 275 275 275 275 283 282 282 282 282 282 282 282 282 282 282 282 282 282 282 282 282 282 282 282 282 282 282 282 282 282 282 282 281 281 281 281 281 281 281 281 281 281 281 281 281 281 281 281 281 281 281 281 281 281 281 281 281 281 281 281 280 280 280 280 280 280 280 280 280 280 280 280 280 280 280 280 280 280 280 280 280 280 280 280 280 280 279 279 279 279 279 279 279 279 279 279 279 279 279 279 279 279 279 279 279 279 279 279 279 279 279 279 279 279 279 279 279 279 278 278 278 278 278 278 278 278 278 278 278 278 278 278 278 278 278 278 278 278 278 278 278 278 278 278 278 278 278 278 278 278 278 278 277 277 277 277 277 277 277 277 277 277 277 277 277 277 277 277 277 277 277 277 277 277 277 277 277 277 276 276 276 276 276 276 276 276 276 276 276 276 276 276 276 276 276 276 276 276 276 276 276 276 276 276 276 276 275 275 275 275 275 275 275 275 282 282 282 282 282 282 282 282 282 282 282 282 282 282 282 282 282 282 282 282 282 282 282 282 282 281 281 281 281 281 281 281 281 281 281 281 281 281 281 281 281 281 281 281 281 281 281 281 281 281 281 281 281 280 280 280 280 280 280 280 280 280 280 280 280 280 280 280 280 280 280 280 280 280 280 280 280 280 280 280 279 279 279 279 279 279 279 279 279 279 279 279 279 279 279 279 279 279 279 279 279 279 279 279 279 279 279 279 279 279 279 279 279 278 278 278 278 278 278 278 278 278 278 278 278 278 278 278 278 278 278 278 278 278 278 278 278 278 278 278 278 278 278 278 278 278 277 277 277 277 277 277 277 277 277 277 277 277 277 277 277 277 277 277 277 277 277 277 277 277 277 277 276 276 276 276 276 276 276 276 276 276 276 276 276 276 276 276 276 276 276 276 276 276 276 276 276 276 276 276 276 275 275 275 275 275 275 275 275 275 275 275 282 282 282 282 282 282 282 282 282 282 282 282 282 282 282 282 282 282 282 282 282 281 282 281 281 281 281 281 281 281 281 281 281 281 281 281 281 281 281 281 281 281 281 281 281 281 281 281 281 281 281 280 280 280 280 280 280 280 280 280 280 280 280 280 280 280 280 280 280 280 280 280 280 280 280 280 280 280 279 279 279 279 279 279 279 279 279 279 279 279 279 279 279 279 279 279 279 279 279 279 279 279 279 279 279 279 279 279 279 279 279 279 278 278 278 278 278 278 278 278 278 278 278 278 278 278 278 278 278 278 278 278 278 278 278 278 278 278 278 278 278 278 278 278 278 277 277 277 277 277 277 277 277 277 277 277 277 277 277 277 277 277 277 277 277 277 277 277 277 277 277 277 276 276 276 276 276 276 276 276 276 276 276 276 276 276 276 276 276 276 276 276 276 276 276 276 276 276 276 276 275 275 275 275 275 275 275 275 275 275 275 275 282 282 282 282 282 282 282 282 282 282 282 282 282 282 282 282 282 282 282 282 282 281 281 281 281 281 281 281 281 281 281 281 281 281 281 281 281 281 281 281 281 281 281 281 281 281 281 281 281 281 280 280 280 280 280 280 280 280 280 280 280 280 280 280 280 280 280 280 280 280 280 280 280 280 280 279 279 279 279 279 279 279 279 279 279 279 279 279 279 279 279 279 279 279 279 279 279 279 279 279 279 279 279 279 279 279 279 279 279 279 279 278 278 278 278 278 278 278 278 278 278 278 278 278 278 278 278 278 278 278 278 278 278 278 278 278 278 278 278 278 278 278 278 278 278 277 277 277 277 277 277 277 277 277 277 277 277 277 277 277 277 277 277 277 277 277 277 277 277 277 277 277 276 276 276 276 276 276 276 276 276 276 276 276 276 276 276 276 276 276 276 276 276 276 276 276 276 276 276 276 275 275 275 275 275 275 275 275 275 275 275 275 275 282 282 282 282 282 282 282 282 282 282 282 282 282 282 282 282 282 282 282 282 281 281 281 281 281 281 281 281 281 281 281 281 281 281 281 281 281 281 281 281 281 281 281 281 281 281 281 280 281 280 280 280 280 280 280 280 280 280 280 280 280 280 280 280 280 280 280 280 280 280 280 280 280 280 280 279 279 279 279 279 279 279 279 279 279 279 279 279 279 279 279 279 279 279 279 279 279 279 279 279 279 279 279 279 279 279 279 279 279 279 279 278 278 278 278 278 278 278 278 278 278 278 278 278 278 278 278 278 278 278 278 278 278 278 278 278 278 278 278 278 277 278 278 278 278 277 277 277 277 277 277 277 277 277 277 277 277 277 277 277 277 277 277 277 277 277 277 277 277 277 277 277 276 276 276 276 276 276 276 276 276 276 276 276 276 276 276 276 276 276 276 276 276 276 276 276 276 276 276 276 276 275 275 275 275 275 275 275 275 275 275 275 275 275 275 282 282 282 282 282 282 282 282 282 282 282 282 282 282 282 282 282 282 282 281 281 281 281 281 281 281 281 281 281 281 281 281 281 281 281 281 281 281 281 281 281 281 280 280 280 280 280 280 280 280 280 280 280 280 280 280 280 280 280 280 280 280 280 280 280 280 280 280 280 280 280 279 279 279 279 279 279 279 279 279 279 279 279 279 279 279 279 279 279 279 279 279 279 279 279 279 279 279 279 279 278 278 278 278 278 278 278 278 278 278 278 278 278 278 278 278 278 278 278 278 278 278 278 278 278 278 278 278 278 278 278 277 277 277 277 277 277 277 277 277 277 277 277 277 277 277 277 277 277 277 277 277 277 277 277 277 277 277 276 276 276 276 276 276 276 276 276 276 276 276 276 276 276 276 276 276 276 276 276 276 276 276 276 276 276 276 276 276 276 276 275 275 275 275 275 275 275 275 275 275 275 275 275 275 275 275 275 275 275 275 275 275 275 275 275 275 282 282 282 282 282 282 282 282 282 282 282 282 282 282 282 282 282 282 282 281 281 281 281 281 281 281 281 281 281 281 281 281 281 281 281 281 281 281 281 281 281 281 281 280 280 280 280 280 280 280 280 280 280 280 280 280 280 280 280 280 280 280 280 280 280 280 280 280 280 280 280 279 279 279 279 279 279 279 279 279 279 279 279 279 279 279 279 279 279 279 279 279 279 279 279 279 279 279 279 279 279 278 278 278 278 278 278 278 278 278 278 278 278 278 278 278 278 278 278 278 278 278 278 278 278 278 278 278 278 278 278 278 277 277 277 277 277 277 277 277 277 277 277 277 277 277 277 277 277 277 277 277 277 277 277 277 277 277 277 276 276 276 276 276 276 276 276 276 276 276 276 276 276 276 276 276 276 276 276 276 276 276 276 276 276 276 276 276 276 276 276 275 275 275 275 275 275 275 275 275 275 275 275 275 275 275 275 275 275 275 275 275 275 275 275 275 275 282 282 282 282 282 282 282 282 282 282 282 282 282 282 282 282 282 282 281 281 281 281 281 281 281 281 281 281 281 281 281 281 281 281 281 281 281 281 281 281 281 281 281 280 280 280 280 280 280 280 280 280 280 280 280 280 280 280 280 280 280 280 280 280 280 280 280 280 280 280 279 279 279 279 279 279 279 279 279 279 279 279 279 279 279 279 279 279 279 279 279 279 279 279 279 279 279 279 279 278 278 278 278 278 278 278 278 278 278 278 278 278 278 278 278 278 278 278 278 278 278 278 278 278 278 278 278 278 278 278 278 277 277 277 277 277 277 277 277 277 277 277 277 277 277 277 277 277 277 277 277 277 277 277 277 277 277 277 277 277 276 276 276 276 276 276 276 276 276 276 276 276 276 276 276 276 276 276 276 276 276 276 276 276 276 276 276 276 276 276 276 276 275 275 275 275 275 275 275 275 275 275 275 275 275 275 275 275 275 275 275 275 275 275 275 275 282 282 282 282 282 282 282 282 282 282 282 282 282 282 282 282 282 281 281 281 281 281 281 281 281 281 281 281 281 281 281 281 281 281 281 281 281 281 281 281 281 281 280 280 280 280 280 280 280 280 280 280 280 280 280 280 280 280 280 280 280 280 280 280 280 280 280 280 280 280 279 279 279 279 279 279 279 279 279 279 279 279 279 279 279 279 279 279 279 279 279 279 279 279 279 279 279 279 279 279 278 278 278 278 278 278 278 278 278 278 278 278 278 278 278 278 278 278 278 278 278 278 278 278 278 278 278 278 278 278 278 277 277 277 277 277 277 277 277 277 277 277 277 277 277 277 277 277 277 277 277 277 277 277 277 277 277 277 277 277 276 276 276 276 276 276 276 276 276 276 276 276 276 276 276 276 276 276 276 276 276 276 276 276 276 276 276 276 276 276 276 276 275 275 275 275 275 275 275 275 275 275 275 275 275 275 275 275 275 275 275 275 275 275 275 275 275 282 282 282 282 282 282 282 282 282 282 282 282 282 282 282 282 282 281 281 281 281 281 281 281 281 281 281 281 281 281 281 281 281 281 281 281 281 281 281 281 281 280 280 280 280 280 280 280 280 280 280 280 280 280 280 280 280 280 280 280 280 280 280 280 280 280 280 280 280 279 279 279 279 279 279 279 279 279 279 279 279 279 279 279 279 279 279 279 279 279 279 279 279 279 279 279 279 279 279 278 278 278 278 278 278 278 278 278 278 278 278 278 278 278 278 278 278 278 278 278 278 278 278 278 278 278 278 278 278 278 278 277 277 277 277 277 277 277 277 277 277 277 277 277 277 277 277 277 277 277 277 277 277 277 277 277 277 277 277 276 277 276 276 276 276 276 276 276 276 276 276 276 276 276 276 276 276 276 276 276 276 276 276 276 276 276 276 276 276 276 276 276 275 275 275 275 275 275 275 275 275 275 275 275 275 275 275 275 275 275 275 275 275 275 275 275 275 275 282 282 282 282 282 282 282 282 282 282 282 282 282 282 282 281 281 281 281 281 281 281 281 281 281 281 281 281 281 281 281 281 281 281 281 281 281 281 281 280 280 280 280 280 280 280 280 280 280 280 280 280 280 280 280 280 280 280 280 280 280 280 280 280 280 280 280 279 279 279 279 279 279 279 279 279 279 279 279 279 279 279 279 279 279 279 279 279 279 279 279 279 279 279 279 279 279 279 278 278 278 278 278 278 278 278 278 278 278 278 278 278 278 278 278 278 278 278 278 278 278 278 278 278 278 278 278 278 278 277 277 277 277 277 277 277 277 277 277 277 277 277 277 277 277 277 277 277 277 277 277 277 277 277 277 277 277 277 276 276 276 276 276 276 276 276 276 276 276 276 276 276 276 276 276 276 276 276 276 276 276 276 276 276 276 276 276 276 276 276 276 276 275 275 275 275 275 275 275 275 275 275 275 275 275 275 275 275 275 275 275 275 275 275 275 275 275 275 275 282 282 282 282 282 282 282 282 282 282 282 281 281 281 281 281 281 281 281 281 281 281 281 281 281 281 281 281 281 281 281 281 281 281 281 280 280 280 280 280 280 280 280 280 280 280 280 280 280 280 280 280 280 280 280 280 280 280 280 280 280 280 280 279 279 279 279 279 279 279 279 279 279 279 279 279 279 279 279 279 279 279 279 279 279 279 279 279 279 279 279 279 279 279 279 278 278 278 278 278 278 278 278 278 278 278 278 278 278 278 278 278 278 278 278 278 278 278 278 278 278 278 278 278 278 278 277 277 277 277 277 277 277 277 277 277 277 277 277 277 277 277 277 277 277 277 277 277 277 277 277 277 277 277 276 276 276 276 276 276 276 276 276 276 276 276 276 276 276 276 276 276 276 276 276 276 276 276 276 276 276 276 276 276 276 276 276 276 276 275 275 275 275 275 275 275 275 275 275 275 275 275 275 275 275 275 275 275 275 275 275 275 275 275 275 275 275 274 274 274 282 282 282 282 282 282 282 282 282 282 281 281 281 281 281 281 281 281 281 281 281 281 281 281 281 281 281 281 281 281 281 281 281 281 280 280 280 280 280 280 280 280 280 280 280 280 280 280 280 280 280 280 280 280 280 280 280 280 280 280 280 279 279 279 279 279 279 279 279 279 279 279 279 279 279 279 279 279 279 279 279 279 279 279 279 279 279 279 279 279 279 279 279 278 278 278 278 278 278 278 278 278 278 278 278 278 278 278 278 278 278 278 278 278 278 278 278 278 278 278 278 278 278 278 278 277 277 277 277 277 277 277 277 277 277 277 277 277 277 277 277 277 277 277 277 277 277 277 277 277 277 277 277 277 276 276 276 276 276 276 276 276 276 276 276 276 276 276 276 276 276 276 276 276 276 276 276 276 276 276 276 276 276 276 276 276 276 276 275 275 275 275 275 275 275 275 275 275 275 275 275 275 275 275 275 275 275 275 275 275 275 275 275 275 275 275 274 274 274 274 274 274 282 282 282 282 282 282 282 282 282 281 281 281 281 281 281 281 281 281 281 281 281 281 281 281 281 281 281 281 281 281 281 281 280 280 280 280 280 280 280 280 280 280 280 280 280 280 280 280 280 280 280 280 280 280 280 280 280 280 280 280 279 279 279 279 279 279 279 279 279 279 279 279 279 279 279 279 279 279 279 279 279 279 279 279 279 279 279 279 279 279 279 279 278 278 278 278 278 278 278 278 278 278 278 278 278 278 278 278 278 278 278 278 278 278 278 278 278 278 278 278 278 278 278 278 277 277 277 277 277 277 277 277 277 277 277 277 277 277 277 277 277 277 277 277 277 277 277 277 277 277 277 277 277 277 276 277 276 276 276 276 276 276 276 276 276 276 276 276 276 276 276 276 276 276 276 276 276 276 276 276 276 276 276 276 276 276 276 276 276 275 275 275 275 275 275 275 275 275 275 275 275 275 275 275 275 275 275 275 275 275 275 275 275 275 275 275 274 274 274 274 274 282 282 282 282 282 282 282 282 281 281 281 281 281 281 281 281 281 281 281 281 281 281 281 281 281 281 281 281 281 281 281 280 280 280 280 280 280 280 280 280 280 280 280 280 280 280 280 280 280 280 280 280 280 280 280 280 280 279 280 279 279 279 279 279 279 279 279 279 279 279 279 279 279 279 279 279 279 279 279 279 279 279 279 279 278 279 279 279 279 279 279 278 278 278 278 278 278 278 278 278 278 278 278 278 278 278 278 278 278 278 278 278 278 278 278 278 278 278 278 278 278 278 278 277 277 277 277 277 277 277 277 277 277 277 277 277 277 277 277 277 277 277 277 277 277 277 277 277 277 277 277 277 277 277 276 277 276 276 276 276 276 276 276 276 276 276 276 276 276 276 276 276 276 276 276 276 276 276 276 276 276 276 276 276 276 276 276 276 276 275 275 275 275 275 275 275 275 275 275 275 275 275 275 275 275 275 275 275 275 275 275 275 275 275 275 275 275 274 274 274 274 274 274 274 274 274 274 274 282 282 282 282 282 282 282 281 281 281 281 281 281 281 281 281 281 281 281 281 281 281 281 281 281 281 281 281 281 280 280 280 280 280 280 280 280 280 280 280 280 280 280 280 280 280 280 280 280 280 280 280 280 279 279 279 279 279 279 279 279 279 279 279 279 279 279 279 279 279 279 279 279 279 279 279 279 279 279 279 279 279 279 278 278 278 278 279 278 278 278 278 278 278 278 278 278 278 278 278 278 278 278 278 278 278 278 278 278 278 278 278 278 278 278 278 278 278 278 278 278 278 277 277 277 277 277 277 277 277 277 277 277 277 277 277 277 277 277 277 277 277 277 277 277 277 277 277 277 277 277 277 277 276 276 276 276 276 276 276 276 276 276 276 276 276 276 276 276 276 276 276 276 276 276 276 276 276 276 276 276 276 276 276 276 276 276 276 276 275 275 275 275 275 275 275 275 275 275 275 275 275 275 275 275 275 275 275 275 275 275 275 275 275 275 275 275 275 275 274 274 274 274 274 274 274 274 274 274 282 282 282 282 282 282 281 281 281 281 281 281 281 281 281 281 281 281 281 281 281 281 281 281 281 281 281 281 281 280 280 280 280 280 280 280 280 280 280 280 280 280 280 280 280 280 280 280 280 280 280 280 280 279 279 279 279 279 279 279 279 279 279 279 279 279 279 279 279 279 279 279 279 279 279 279 279 279 279 279 279 279 279 279 278 278 278 278 278 278 278 278 278 278 278 278 278 278 278 278 278 278 278 278 278 278 278 278 278 278 278 278 278 278 278 278 278 278 278 278 278 278 277 277 277 277 277 277 277 277 277 277 277 277 277 277 277 277 277 277 277 277 277 277 277 277 277 277 277 277 277 277 277 276 276 276 276 276 276 276 276 276 276 276 276 276 276 276 276 276 276 276 276 276 276 276 276 276 276 276 276 276 276 276 276 276 276 276 276 275 275 275 275 275 275 275 275 275 275 275 275 275 275 275 275 275 275 275 275 275 275 275 275 275 275 275 275 275 275 274 274 274 274 274 274 274 274 274 282 282 282 281 281 281 281 281 281 281 281 281 281 281 281 281 281 281 281 281 281 281 281 281 281 281 281 280 280 280 280 280 280 280 280 280 280 280 280 280 280 280 280 280 280 280 280 280 280 280 280 280 280 279 279 279 279 279 279 279 279 279 279 279 279 279 279 279 279 279 279 279 279 279 279 279 279 279 279 279 279 279 279 278 278 278 278 278 278 278 278 278 278 278 278 278 278 278 278 278 278 278 278 278 278 278 278 278 278 278 278 278 278 278 278 278 278 278 278 278 278 278 277 277 277 277 277 277 277 277 277 277 277 277 277 277 277 277 277 277 277 277 277 277 277 277 277 277 277 277 277 277 277 276 276 276 276 276 276 276 276 276 276 276 276 276 276 276 276 276 276 276 276 276 276 276 276 276 276 276 276 276 276 276 276 276 276 276 276 276 275 275 275 275 275 275 275 275 275 275 275 275 275 275 275 275 275 275 275 275 275 275 275 275 275 275 275 275 275 275 274 274 274 274 274 274 274 274 282 282 282 281 281 281 281 281 281 281 281 281 281 281 281 281 281 281 281 281 281 281 281 281 281 281 281 280 280 280 280 280 280 280 280 280 280 280 280 280 280 280 280 280 280 280 280 280 280 280 280 280 280 279 279 279 279 279 279 279 279 279 279 279 279 279 279 279 279 279 279 279 279 279 279 279 279 279 279 279 279 279 279 278 278 278 278 278 278 278 278 278 278 278 278 278 278 278 278 278 278 278 278 278 278 278 278 278 278 278 278 278 278 278 278 278 278 278 278 278 278 277 277 277 277 277 277 277 277 277 277 277 277 277 277 277 277 277 277 277 277 277 277 277 277 277 277 277 277 277 277 277 277 276 277 276 276 276 276 276 276 276 276 276 276 276 276 276 276 276 276 276 276 276 276 276 276 276 276 276 276 276 276 276 276 276 276 276 276 276 275 275 275 275 275 275 275 275 275 275 275 275 275 275 275 275 275 275 275 275 275 275 275 275 275 275 275 275 275 275 275 274 274 274 274 274 274 274 282 281 281 281 281 281 281 281 281 281 281 281 281 281 281 281 281 281 281 281 281 281 281 281 280 280 280 280 280 280 280 280 280 280 280 280 280 280 280 280 280 280 280 280 280 280 280 280 280 280 280 279 279 279 279 279 279 279 279 279 279 279 279 279 279 279 279 279 279 279 279 279 279 279 279 279 279 279 279 279 279 279 279 278 278 278 278 278 278 278 278 278 278 278 278 278 278 278 278 278 278 278 278 278 278 278 278 278 278 278 278 278 278 278 278 278 278 278 278 278 277 277 277 277 277 277 277 277 277 277 277 277 277 277 277 277 277 277 277 277 277 277 277 277 277 277 277 277 277 277 277 277 277 277 276 276 276 276 276 276 276 276 276 276 276 276 276 276 276 276 276 276 276 276 276 276 276 276 276 276 276 276 276 276 276 276 276 276 276 276 275 275 275 275 275 275 275 275 275 275 275 275 275 275 275 275 275 275 275 275 275 275 275 275 275 275 275 275 275 275 275 274 274 274 274 274 274 282 281 281 281 281 281 281 281 281 281 281 281 281 281 281 281 281 281 281 281 281 281 281 280 280 280 280 280 280 280 280 280 280 280 280 280 280 280 280 280 280 280 280 280 280 280 280 280 280 280 279 279 279 279 279 279 279 279 279 279 279 279 279 279 279 279 279 279 279 279 279 279 279 279 279 279 279 279 279 279 279 279 279 278 278 278 278 278 278 278 278 278 278 278 278 278 278 278 278 278 278 278 278 278 278 278 278 278 278 278 278 278 278 278 278 278 278 278 278 277 277 277 277 277 277 277 277 277 277 277 277 277 277 277 277 277 277 277 277 277 277 277 277 277 277 277 277 277 277 277 277 277 277 277 276 276 276 276 276 276 276 276 276 276 276 276 276 276 276 276 276 276 276 276 276 276 276 276 276 276 276 276 276 276 276 276 276 276 276 276 275 275 275 275 275 275 275 275 275 275 275 275 275 275 275 275 275 275 275 275 275 275 275 275 275 275 275 275 275 275 275 275 274 274 274 274 274 281 281 281 281 281 281 281 281 281 281 281 281 281 281 281 281 281 281 281 281 281 280 280 280 280 280 280 280 280 280 280 280 280 280 280 280 280 280 280 280 280 280 280 280 280 280 280 280 279 279 279 279 279 279 279 279 279 279 279 279 279 279 279 279 279 279 279 279 279 279 279 279 279 279 279 279 279 279 279 279 279 279 279 278 278 278 278 278 278 278 278 278 278 278 278 278 278 278 278 278 278 278 278 278 278 278 278 278 278 278 278 278 278 278 278 278 278 277 277 277 277 277 277 277 277 277 277 277 277 277 277 277 277 277 277 277 277 277 277 277 277 277 277 277 277 277 277 277 277 277 277 276 277 276 276 276 276 276 276 276 276 276 276 276 276 276 276 276 276 276 276 276 276 276 276 276 276 276 276 276 276 276 276 276 276 276 276 276 276 276 275 275 275 275 275 275 275 275 275 275 275 275 275 275 275 275 275 275 275 275 275 275 275 275 275 275 275 275 275 275 275 275 274 274 274 274 281 281 281 281 281 281 281 281 281 281 281 281 281 281 281 281 281 281 280 280 280 280 280 280 280 280 280 280 280 280 280 280 280 280 280 280 280 280 280 280 280 280 280 280 279 279 279 279 279 279 279 279 279 279 279 279 279 279 279 279 279 279 279 279 279 279 279 279 279 279 279 279 279 279 279 279 279 279 279 279 278 278 278 278 278 278 278 278 278 278 278 278 278 278 278 278 278 278 278 278 278 278 278 278 278 278 278 278 278 278 278 278 278 278 277 277 277 277 277 277 277 277 277 277 277 277 277 277 277 277 277 277 277 277 277 277 277 277 277 277 277 277 277 277 277 277 277 277 277 277 277 276 276 276 276 276 276 276 276 276 276 276 276 276 276 276 276 276 276 276 276 276 276 276 276 276 276 276 276 276 276 276 276 276 276 276 276 276 276 276 275 275 275 275 275 275 275 275 275 275 275 275 275 275 275 275 275 275 275 275 275 275 275 275 275 275 275 275 275 275 275 275 274 274 281 281 281 281 281 281 281 281 281 281 281 281 280 280 280 280 280 280 280 280 280 280 280 280 280 280 280 280 280 280 280 280 280 280 280 280 280 280 280 280 279 279 279 279 279 279 279 279 279 279 279 279 279 279 279 279 279 279 279 279 279 279 279 279 279 279 279 279 279 279 279 279 279 278 278 278 278 278 278 278 278 278 278 278 278 278 278 278 278 278 278 278 278 278 278 278 278 278 278 278 278 278 278 278 278 278 278 278 278 278 278 277 277 277 277 277 277 277 277 277 277 277 277 277 277 277 277 277 277 277 277 277 277 277 277 277 277 277 277 277 277 277 277 277 277 277 277 277 276 276 276 276 276 276 276 276 276 276 276 276 276 276 276 276 276 276 276 276 276 276 276 276 276 276 276 276 276 276 276 276 276 276 276 276 276 276 276 275 275 275 275 275 275 275 275 275 275 275 275 275 275 275 275 275 275 275 275 275 275 275 275 275 275 275 275 275 275 275 274 275 274 281 281 281 281 281 281 281 281 281 281 281 280 280 280 280 280 280 280 280 280 280 280 280 280 280 280 280 280 280 280 280 280 280 280 280 280 280 280 279 279 279 279 279 279 279 279 279 279 279 279 279 279 279 279 279 279 279 279 279 279 279 279 279 279 279 279 279 279 279 279 278 278 278 278 278 278 278 278 278 278 278 278 278 278 278 278 278 278 278 278 278 278 278 278 278 278 278 278 278 278 278 278 278 278 278 278 278 278 278 278 277 277 277 277 277 277 277 277 277 277 277 277 277 277 277 277 277 277 277 277 277 277 277 277 277 277 277 277 277 277 277 277 277 277 277 276 277 276 276 276 276 276 276 276 276 276 276 276 276 276 276 276 276 276 276 276 276 276 276 276 276 276 276 276 276 276 276 276 276 276 276 276 276 276 276 276 275 275 275 275 275 275 275 275 275 275 275 275 275 275 275 275 275 275 275 275 275 275 275 275 275 275 275 275 275 275 275 275 274 274 281 281 281 281 281 281 281 281 281 280 280 280 280 280 280 280 280 280 280 280 280 280 280 280 280 280 280 280 280 280 280 280 280 280 280 280 279 279 279 279 279 279 279 279 279 279 279 279 279 279 279 279 279 279 279 279 279 279 279 279 279 279 279 279 279 279 279 279 278 278 278 278 278 278 278 278 278 278 278 278 278 278 278 278 278 278 278 278 278 278 278 278 278 278 278 278 278 278 278 278 278 278 278 278 278 278 278 278 278 277 277 277 277 277 277 277 277 277 277 277 277 277 277 277 277 277 277 277 277 277 277 277 277 277 277 277 277 277 277 277 277 277 277 277 277 276 277 276 276 276 276 276 276 276 276 276 276 276 276 276 276 276 276 276 276 276 276 276 276 276 276 276 276 276 276 276 276 276 276 276 276 276 276 276 276 276 275 275 275 275 275 275 275 275 275 275 275 275 275 275 275 275 275 275 275 275 275 275 275 275 275 275 275 275 275 275 275 275 275 274 281 281 281 281 281 281 281 281 281 281 280 280 280 280 280 280 280 280 280 280 280 280 280 280 280 280 280 280 280 280 280 280 280 280 280 280 279 279 279 279 279 279 279 279 279 279 279 279 279 279 279 279 279 279 279 279 279 279 279 279 279 279 279 279 279 279 278 279 278 279 278 278 278 278 278 278 278 278 278 278 278 278 278 278 278 278 278 278 278 278 278 278 278 278 278 278 278 278 278 278 278 278 278 278 278 278 278 278 278 277 277 277 277 277 277 277 277 277 277 277 277 277 277 277 277 277 277 277 277 277 277 277 277 277 277 277 277 277 277 277 277 277 277 277 277 277 276 276 276 276 276 276 276 276 276 276 276 276 276 276 276 276 276 276 276 276 276 276 276 276 276 276 276 276 276 276 276 276 276 276 276 276 276 276 276 276 276 276 275 275 275 275 275 275 275 275 275 275 275 275 275 275 275 275 275 275 275 275 275 275 275 275 275 275 275 275 275 275 275 275 275 281 281 281 281 281 281 281 281 281 281 281 280 280 280 280 280 280 280 280 280 280 280 280 280 280 280 280 280 280 280 280 280 280 280 280 280 280 279 279 279 279 279 279 279 279 279 279 279 279 279 279 279 279 279 279 279 279 279 279 279 279 279 279 279 279 278 278 278 278 278 278 278 278 278 278 278 278 278 278 278 278 278 278 278 278 278 278 278 278 278 278 278 278 278 278 278 278 278 278 278 278 278 278 278 278 278 278 278 278 278 277 277 277 277 277 277 277 277 277 277 277 277 277 277 277 277 277 277 277 277 277 277 277 277 277 277 277 277 277 277 277 277 277 277 277 277 277 276 276 276 276 276 276 276 276 276 276 276 276 276 276 276 276 276 276 276 276 276 276 276 276 276 276 276 276 276 276 276 276 276 276 276 276 276 276 276 276 276 276 276 275 275 275 275 275 275 275 275 275 275 275 275 275 275 275 275 275 275 275 275 275 275 275 275 275 275 275 275 275 275 275 275 281 281 281 281 281 281 281 281 281 281 280 280 280 280 280 280 280 280 280 280 280 280 280 280 280 280 280 280 280 280 280 280 280 280 280 280 279 279 279 279 279 279 279 279 279 279 279 279 279 279 279 279 279 279 279 279 279 279 279 279 279 279 279 279 279 279 278 278 278 278 278 278 278 278 278 278 278 278 278 278 278 278 278 278 278 278 278 278 278 278 278 278 278 278 278 278 278 278 278 278 278 278 278 278 278 278 278 278 278 278 278 277 277 277 277 277 277 277 277 277 277 277 277 277 277 277 277 277 277 277 277 277 277 277 277 277 277 277 277 277 277 277 277 277 277 277 277 277 276 276 276 276 276 276 276 276 276 276 276 276 276 276 276 276 276 276 276 276 276 276 276 276 276 276 276 276 276 276 276 276 276 276 276 276 276 276 276 276 276 276 276 276 275 275 275 275 275 275 275 275 275 275 275 275 275 275 275 275 275 275 275 275 275 275 275 275 275 275 275 275 275 275 281 281 281 281 281 281 281 281 280 280 280 280 280 280 280 280 280 280 280 280 280 280 280 280 280 280 280 280 280 280 280 280 280 280 280 279 279 279 279 279 279 279 279 279 279 279 279 279 279 279 279 279 279 279 279 279 279 279 279 279 279 279 279 279 279 279 278 278 278 278 278 278 278 278 278 278 278 278 278 278 278 278 278 278 278 278 278 278 278 278 278 278 278 278 278 278 278 278 278 278 278 278 278 278 278 278 278 278 278 278 277 277 277 277 277 277 277 277 277 277 277 277 277 277 277 277 277 277 277 277 277 277 277 277 277 277 277 277 277 277 277 277 277 277 277 277 277 277 277 276 276 276 276 276 276 276 276 276 276 276 276 276 276 276 276 276 276 276 276 276 276 276 276 276 276 276 276 276 276 276 276 276 276 276 276 276 276 276 276 276 276 276 275 275 275 275 275 275 275 275 275 275 275 275 275 275 275 275 275 275 275 275 275 275 275 275 275 275 275 275 275 275 281 281 281 281 281 281 281 281 281 281 280 280 280 280 280 280 280 280 280 280 280 280 280 280 280 280 280 280 280 280 280 280 280 280 280 280 279 279 279 279 279 279 279 279 279 279 279 279 279 279 279 279 279 279 279 279 279 279 279 279 279 279 279 279 279 279 279 279 278 278 278 278 278 278 278 278 278 278 278 278 278 278 278 278 278 278 278 278 278 278 278 278 278 278 278 278 278 278 278 278 278 278 278 278 278 278 278 278 278 278 278 278 277 277 277 277 277 277 277 277 277 277 277 277 277 277 277 277 277 277 277 277 277 277 277 277 277 277 277 277 277 277 277 277 277 277 277 277 277 277 277 276 276 276 276 276 276 276 276 276 276 276 276 276 276 276 276 276 276 276 276 276 276 276 276 276 276 276 276 276 276 276 276 276 276 276 276 276 276 276 276 276 276 276 276 276 275 275 275 275 275 275 275 275 275 275 275 275 275 275 275 275 275 275 275 275 275 275 275 275 275 275 275 275 281 281 281 281 281 281 281 281 280 280 280 280 280 280 280 280 280 280 280 280 280 280 280 280 280 280 280 280 280 280 280 280 280 280 279 279 279 279 279 279 279 279 279 279 279 279 279 279 279 279 279 279 279 279 279 279 279 279 279 279 279 279 279 279 279 279 278 278 278 278 278 278 278 278 278 278 278 278 278 278 278 278 278 278 278 278 278 278 278 278 278 278 278 278 278 278 278 278 278 278 278 278 278 278 278 278 278 278 278 278 278 278 277 277 277 277 277 277 277 277 277 277 277 277 277 277 277 277 277 277 277 277 277 277 277 277 277 277 277 277 277 277 277 277 277 277 277 277 277 277 277 276 276 276 276 276 276 276 276 276 276 276 276 276 276 276 276 276 276 276 276 276 276 276 276 276 276 276 276 276 276 276 276 276 276 276 276 276 276 276 276 276 276 276 276 276 275 275 275 275 275 275 275 275 275 275 275 275 275 275 275 275 275 275 275 275 275 275 275 275 275 275 275 281 281 281 281 281 281 281 280 280 280 280 280 280 280 280 280 280 280 280 280 280 280 280 280 280 280 280 280 280 280 279 279 279 279 279 279 279 279 279 279 279 279 279 279 279 279 279 279 279 279 279 279 279 279 279 279 279 279 279 279 279 279 279 279 278 278 278 278 278 278 278 278 278 278 278 278 278 278 278 278 278 278 278 278 278 278 278 278 278 278 278 278 278 278 278 278 278 278 278 278 278 278 278 278 278 278 278 278 278 278 278 278 277 277 277 277 277 277 277 277 277 277 277 277 277 277 277 277 277 277 277 277 277 277 277 277 277 277 277 277 277 277 277 277 277 277 277 277 277 277 277 276 276 276 276 276 276 276 276 276 276 276 276 276 276 276 276 276 276 276 276 276 276 276 276 276 276 276 276 276 276 276 276 276 276 276 276 276 276 276 276 276 276 276 276 276 276 275 275 275 275 275 275 275 275 275 275 275 275 275 275 275 275 275 275 275 275 275 275 275 275 275 275 281 281 281 281 280 280 280 280 280 280 280 280 280 280 280 280 280 280 280 280 280 280 280 280 280 280 280 279 279 279 279 279 279 279 279 279 279 279 279 279 279 279 279 279 279 279 279 279 279 279 279 279 279 279 279 279 279 279 279 279 279 279 278 278 278 278 278 278 278 278 278 278 278 278 278 278 278 278 278 278 278 278 278 278 278 278 278 278 278 278 278 278 278 278 278 278 278 278 278 278 278 278 278 278 278 278 278 278 278 278 277 277 277 277 277 277 277 277 277 277 277 277 277 277 277 277 277 277 277 277 277 277 277 277 277 277 277 277 277 277 277 277 277 277 277 277 277 277 277 277 276 277 276 276 276 276 276 276 276 276 276 276 276 276 276 276 276 276 276 276 276 276 276 276 276 276 276 276 276 276 276 276 276 276 276 276 276 276 276 276 276 276 276 276 276 276 276 275 275 275 275 275 275 275 275 275 275 275 275 275 275 275 275 275 275 275 275 275 275 275 275 275 281 281 281 281 281 280 280 280 280 280 280 280 280 280 280 280 280 280 280 280 280 280 280 280 280 280 280 279 279 279 279 279 279 279 279 279 279 279 279 279 279 279 279 279 279 279 279 279 279 279 279 279 279 279 279 279 279 279 279 279 279 278 278 278 278 278 278 278 278 278 278 278 278 278 278 278 278 278 278 278 278 278 278 278 278 278 278 278 278 278 278 278 278 278 278 278 278 278 278 278 278 278 278 278 278 278 278 278 278 278 277 277 277 277 277 277 277 277 277 277 277 277 277 277 277 277 277 277 277 277 277 277 277 277 277 277 277 277 277 277 277 277 277 277 277 277 277 277 277 277 277 276 276 277 276 276 276 276 276 276 276 276 276 276 276 276 276 276 276 276 276 276 276 276 276 276 276 276 276 276 276 276 276 276 276 276 276 276 276 276 276 276 276 276 276 276 276 276 276 275 275 275 275 275 275 275 275 275 275 275 275 275 275 275 275 275 275 275 275 275 275 275 275 275 275 281 281 281 281 281 280 280 280 280 280 280 280 280 280 280 280 280 280 280 280 280 280 280 280 280 280 279 279 279 279 279 279 279 279 279 279 279 279 279 279 279 279 279 279 279 279 279 279 279 279 279 279 279 279 279 279 279 279 279 279 278 278 278 278 278 278 278 278 278 278 278 278 278 278 278 278 278 278 278 278 278 278 278 278 278 278 278 278 278 278 278 278 278 278 278 278 278 278 278 278 278 278 278 278 278 278 278 278 278 278 278 277 277 277 277 277 277 277 277 277 277 277 277 277 277 277 277 277 277 277 277 277 277 277 277 277 277 277 277 277 277 277 277 277 277 277 277 277 277 277 277 277 276 276 276 276 276 276 276 276 276 276 276 276 276 276 276 276 276 276 276 276 276 276 276 276 276 276 276 276 276 276 276 276 276 276 276 276 276 276 276 276 276 276 276 276 276 276 276 276 276 275 275 275 275 275 275 275 275 275 275 275 275 275 275 275 275 275 275 275 275 275 275 275 275 275 275 275 275 281 281 281 281 280 280 280 280 280 280 280 280 280 280 280 280 280 280 280 280 280 280 280 280 280 279 279 279 279 279 279 279 279 279 279 279 279 279 279 279 279 279 279 279 279 279 279 279 279 279 279 279 279 279 279 279 279 279 278 278 278 278 278 278 278 278 278 278 278 278 278 278 278 278 278 278 278 278 278 278 278 278 278 278 278 278 278 278 278 278 278 278 278 278 278 278 278 278 278 278 278 278 278 278 278 278 278 278 278 278 277 277 277 277 277 277 277 277 277 277 277 277 277 277 277 277 277 277 277 277 277 277 277 277 277 277 277 277 277 277 277 277 277 277 277 277 277 277 277 277 277 277 276 276 276 276 276 276 276 276 276 276 276 276 276 276 276 276 276 276 276 276 276 276 276 276 276 276 276 276 276 276 276 276 276 276 276 276 276 276 276 276 276 276 276 276 276 276 276 276 276 275 275 275 275 275 275 275 275 275 275 275 275 275 275 275 275 275 275 275 275 275 275 275 275 275 275 275 275 275 281 281 280 280 280 280 280 280 280 280 280 280 280 280 280 280 280 280 280 280 280 280 280 279 279 279 279 279 279 279 279 279 279 279 279 279 279 279 279 279 279 279 279 279 279 279 279 279 279 279 279 279 279 279 279 279 278 278 278 278 278 278 278 278 278 278 278 278 278 278 278 278 278 278 278 278 278 278 278 278 278 278 278 278 278 278 278 278 278 278 278 278 278 278 278 278 278 278 278 278 278 278 278 278 278 278 278 278 277 277 277 277 277 277 277 277 277 277 277 277 277 277 277 277 277 277 277 277 277 277 277 277 277 277 277 277 277 277 277 277 277 277 277 277 277 277 277 277 277 277 277 277 276 277 276 276 276 276 276 276 276 276 276 276 276 276 276 276 276 276 276 276 276 276 276 276 276 276 276 276 276 276 276 276 276 276 276 276 276 276 276 276 276 276 276 276 276 276 276 276 276 276 275 275 275 275 275 275 275 275 275 275 275 275 275 275 275 275 275 275 275 275 275 275 275 275 275 275 275 275 275 280 280 280 280 280 280 280 280 280 280 280 280 280 280 280 279 279 279 279 279 279 279 279 279 279 279 279 279 279 279 279 279 279 279 279 279 279 279 279 279 279 279 279 279 279 279 279 279 279 278 278 278 278 278 278 278 278 278 278 278 278 278 278 278 278 278 278 278 278 278 278 278 278 278 278 278 278 278 278 278 278 278 278 278 278 278 278 278 278 278 278 278 278 278 278 278 278 278 278 278 277 278 277 277 277 277 277 277 277 277 277 277 277 277 277 277 277 277 277 277 277 277 277 277 277 277 277 277 277 277 277 277 277 277 277 277 277 277 277 277 277 277 277 277 277 277 276 276 277 276 276 276 276 276 276 276 276 276 276 276 276 276 276 276 276 276 276 276 276 276 276 276 276 276 276 276 276 276 276 276 276 276 276 276 276 276 276 276 276 276 276 276 276 276 276 276 276 276 275 275 275 275 275 275 275 275 275 275 275 275 275 275 275 275 275 275 275 275 275 275 275 275 275 275 275 275 275 280 280 280 280 280 280 280 280 280 279 279 279 279 279 279 279 279 279 279 279 279 279 279 279 279 279 279 279 279 279 279 279 279 279 279 279 279 279 279 279 279 279 279 279 278 278 278 278 278 278 278 278 278 278 278 278 278 278 278 278 278 278 278 278 278 278 278 278 278 278 278 278 278 278 278 278 278 278 278 278 278 278 278 278 278 278 278 278 278 278 278 278 278 278 277 277 277 277 277 277 277 277 277 277 277 277 277 277 277 277 277 277 277 277 277 277 277 277 277 277 277 277 277 277 277 277 277 277 277 277 277 277 277 277 277 277 277 277 277 277 277 277 277 276 276 276 276 276 276 276 276 276 276 276 276 276 276 276 276 276 276 276 276 276 276 276 276 276 276 276 276 276 276 276 276 276 276 276 276 276 276 276 276 276 276 276 276 276 276 276 276 276 276 276 276 275 275 275 275 275 275 275 275 275 275 275 275 275 275 275 275 275 275 275 275 275 275 275 275 275 275 275 275 275 280 280 280 280 279 279 279 279 279 279 279 279 279 279 279 279 279 279 279 279 279 279 279 279 279 279 279 279 279 279 279 279 279 279 279 279 279 279 278 278 278 278 278 278 278 278 278 278 278 278 278 278 278 278 278 278 278 278 278 278 278 278 278 278 278 278 278 278 278 278 278 278 278 278 278 278 278 278 278 278 278 278 278 278 278 278 278 278 278 278 278 277 277 277 277 277 277 277 277 277 277 277 277 277 277 277 277 277 277 277 277 277 277 277 277 277 277 277 277 277 277 277 277 277 277 277 277 277 277 277 277 277 277 277 277 277 277 277 277 276 276 276 276 276 276 276 276 276 276 276 276 276 276 276 276 276 276 276 276 276 276 276 276 276 276 276 276 276 276 276 276 276 276 276 276 276 276 276 276 276 276 276 276 276 276 276 276 276 276 276 276 276 275 275 275 275 275 275 275 275 275 275 275 275 275 275 275 275 275 275 275 275 275 275 275 275 275 275 275 275 275 279 279 279 279 279 279 279 279 279 279 279 279 279 279 279 279 279 279 279 279 279 279 279 279 279 278 278 278 278 278 278 278 278 278 278 278 278 278 278 278 278 278 278 278 278 278 278 278 278 278 278 278 278 278 278 278 278 278 278 278 278 278 278 278 278 278 278 278 278 278 278 278 278 278 278 278 278 278 278 278 277 277 277 277 277 277 277 277 277 277 277 277 277 277 277 277 277 277 277 277 277 277 277 277 277 277 277 277 277 277 277 277 277 277 277 277 277 277 277 277 277 277 277 277 277 277 277 277 276 276 276 276 276 276 276 276 276 276 276 276 276 276 276 276 276 276 276 276 276 276 276 276 276 276 276 276 276 276 276 276 276 276 276 276 276 276 276 276 276 276 276 276 276 276 276 276 276 276 276 276 276 276 276 275 275 275 275 275 275 275 275 275 275 275 275 275 275 275 275 275 275 275 275 275 275 275 275 275 275 275 279 279 279 279 279 279 279 279 279 279 279 279 279 279 279 279 279 279 279 279 279 278 278 278 278 278 278 278 278 278 278 278 278 278 278 278 278 278 278 278 278 278 278 278 278 278 278 278 278 278 278 278 278 278 278 278 278 278 278 278 278 278 278 278 278 278 278 278 278 278 278 278 278 278 278 278 277 277 277 277 277 277 277 277 277 277 277 277 277 277 277 277 277 277 277 277 277 277 277 277 277 277 277 277 277 277 277 277 277 277 277 277 277 277 277 277 277 277 277 277 277 277 277 277 277 277 276 276 276 276 276 276 276 276 276 276 276 276 276 276 276 276 276 276 276 276 276 276 276 276 276 276 276 276 276 276 276 276 276 276 276 276 276 276 276 276 276 276 276 276 276 276 276 276 276 276 276 276 276 276 276 276 275 275 275 275 275 275 275 275 275 275 275 275 275 275 275 275 275 275 275 275 275 275 275 275 275 279 279 279 279 279 279 279 279 279 279 279 279 279 279 279 279 279 279 278 278 278 278 278 278 278 278 278 278 278 278 278 278 278 278 278 278 278 278 278 278 278 278 278 278 278 278 278 278 278 278 278 278 278 278 278 278 278 278 278 278 278 278 278 278 278 278 278 278 278 278 278 278 277 277 277 277 277 277 277 277 277 277 277 277 277 277 277 277 277 277 277 277 277 277 277 277 277 277 277 277 277 277 277 277 277 277 277 277 277 277 277 277 277 277 277 277 277 277 277 277 277 277 277 277 276 276 276 276 276 276 276 276 276 276 276 276 276 276 276 276 276 276 276 276 276 276 276 276 276 276 276 276 276 276 276 276 276 276 276 276 276 276 276 276 276 276 276 276 276 276 276 276 276 276 276 276 276 276 276 276 276 276 275 275 275 275 275 275 275 275 275 275 275 275 275 275 275 275 275 275 275 275 275 275 279 279 279 279 279 279 279 279 279 279 279 279 279 279 279 278 278 278 278 278 278 278 278 278 278 278 278 278 278 278 278 278 278 278 278 278 278 278 278 278 278 278 278 278 278 278 278 278 278 278 278 278 278 278 278 278 278 278 278 278 278 278 278 278 278 278 278 278 278 278 278 277 277 277 277 277 277 277 277 277 277 277 277 277 277 277 277 277 277 277 277 277 277 277 277 277 277 277 277 277 277 277 277 277 277 277 277 277 277 277 277 277 277 277 277 277 277 277 277 277 277 277 277 277 276 276 276 276 276 276 276 276 276 276 276 276 276 276 276 276 276 276 276 276 276 276 276 276 276 276 276 276 276 276 276 276 276 276 276 276 276 276 276 276 276 276 276 276 276 276 276 276 276 276 276 276 276 276 276 276 276 276 275 275 275 275 275 275 275 275 275 275 275 275 275 275 275 275 275 275 275 275 279 279 279 279 279 279 279 278 279 279 279 279 279 278 278 278 278 278 278 278 278 278 278 278 278 278 278 278 278 278 278 278 278 278 278 278 278 278 278 278 278 278 278 278 278 278 278 278 278 278 278 278 278 278 278 277 277 277 278 278 278 278 278 278 278 278 278 278 277 277 277 277 277 277 277 277 277 277 277 277 277 277 277 277 277 277 277 277 277 277 277 277 277 277 277 277 277 277 277 277 277 277 277 277 277 277 277 277 277 277 277 277 277 277 277 277 277 277 277 277 277 277 277 277 277 276 276 276 276 276 276 276 276 276 276 276 276 276 276 276 276 276 276 276 276 276 276 276 276 276 276 276 276 276 276 276 276 276 276 276 276 276 276 276 276 276 276 276 276 276 276 276 276 276 276 276 276 276 276 276 276 276 276 275 275 275 275 275 275 275 275 275 275 275 275 275 275 275 275 275 275 279 279 279 279 279 279 279 279 279 279 279 279 279 278 278 278 279 278 278 278 278 278 278 278 278 278 278 278 278 278 278 278 278 278 278 278 278 278 278 278 278 278 278 278 278 278 278 278 278 278 278 278 278 278 278 278 278 278 278 278 277 277 277 277 277 277 278 278 278 278 278 278 278 277 277 277 277 277 277 277 277 277 277 277 277 277 277 277 277 277 277 277 277 277 277 277 277 277 277 277 277 277 277 277 277 277 277 277 277 277 277 277 277 277 277 277 277 277 277 277 277 277 277 277 277 277 277 277 277 277 277 276 276 276 276 276 276 276 276 276 276 276 276 276 276 276 276 276 276 276 276 276 276 276 276 276 276 276 276 276 276 276 276 276 276 276 276 276 276 276 276 276 276 276 276 276 276 276 276 276 276 276 276 276 276 276 276 276 276 276 276 276 275 275 275 275 275 275 275 275 275 275 275 275 275 275 275 275 275 279 279 279 279 279 279 279 279 279 279 279 279 279 279 279 279 278 278 278 278 278 278 278 278 278 278 278 278 278 278 278 278 278 278 278 278 278 278 278 278 278 278 278 278 278 278 278 278 278 278 278 278 278 278 278 278 278 278 278 278 278 278 277 277 277 277 277 277 277 277 277 278 278 278 278 277 277 277 277 277 277 277 277 277 277 277 277 277 277 277 277 277 277 277 277 277 277 277 277 277 277 277 277 277 277 277 277 277 277 277 277 277 277 277 277 277 277 277 277 277 277 277 277 277 277 277 277 277 277 277 277 277 277 277 277 277 277 277 276 276 276 276 276 276 276 276 276 276 276 276 276 276 276 276 276 276 276 276 276 276 276 276 276 276 276 276 276 276 276 276 276 276 276 276 276 276 276 276 276 276 276 276 276 276 276 276 276 276 276 276 276 276 276 276 276 276 276 276 275 275 275 275 275 275 275 275 275 275 275 275 275 275 275 275 275 275 275 275 275 275 275 279 279 279 279 279 279 279 279 279 279 279 279 279 278 278 278 278 278 278 278 278 278 278 278 278 278 278 278 278 278 278 278 278 278 278 278 278 278 278 278 278 278 278 278 278 278 278 278 278 278 278 278 278 278 278 278 278 278 278 277 277 277 277 277 277 277 277 277 277 277 277 277 277 277 277 277 277 277 277 277 277 277 277 277 277 277 277 277 277 277 277 277 277 277 277 277 277 277 277 277 277 277 277 277 277 277 277 277 277 277 277 277 277 277 277 277 277 277 277 277 277 277 277 277 277 277 277 277 277 277 277 277 276 277 277 277 277 276 276 276 276 276 276 276 276 276 276 276 276 276 276 276 276 276 276 276 276 276 276 276 276 276 276 276 276 276 276 276 276 276 276 276 276 276 276 276 276 276 276 276 276 276 276 276 276 276 276 276 276 276 276 276 276 276 276 276 276 276 276 275 275 275 275 275 275 275 275 275 275 275 275 275 275 275 275 275 275 275 275 275 275 275 275 279 279 279 279 279 279 279 279 279 279 279 278 278 278 278 278 278 278 278 278 278 278 278 278 278 278 278 278 278 278 278 278 278 278 278 278 278 278 278 278 278 278 278 278 278 278 278 278 278 278 278 278 278 278 278 278 277 277 277 277 277 277 277 277 277 277 277 277 277 277 277 277 277 277 277 277 277 277 277 277 277 277 277 277 277 277 277 277 277 277 277 277 277 277 277 277 277 277 277 277 277 277 277 277 277 277 277 277 277 277 277 277 277 277 277 277 277 277 277 277 277 277 277 277 277 277 277 277 277 277 277 277 277 277 277 277 277 276 276 276 276 276 276 276 276 276 276 276 276 276 276 276 276 276 276 276 276 276 276 276 276 276 276 276 276 276 276 276 276 276 276 276 276 276 276 276 276 276 276 276 276 276 276 276 276 276 276 276 276 276 276 276 276 276 276 276 276 276 276 276 275 275 275 275 275 275 275 275 275 275 275 275 275 275 275 275 275 275 275 275 275 275 275 275 275 279 279 279 279 279 279 279 279 279 278 278 278 278 278 278 278 278 278 278 278 278 278 278 278 278 278 278 278 278 278 278 278 278 278 278 278 278 278 278 278 278 278 278 278 278 278 278 278 278 278 278 278 278 277 277 277 277 277 277 277 277 277 277 277 277 277 277 277 277 277 277 277 277 277 277 277 277 277 277 277 277 277 277 277 277 277 277 277 277 277 277 277 277 277 277 277 277 277 277 277 277 277 277 277 277 277 277 277 277 277 277 277 277 277 277 277 277 277 277 277 277 277 277 277 277 277 277 277 277 277 277 277 276 277 276 277 277 276 276 276 276 276 276 276 276 276 276 276 276 276 276 276 276 276 276 276 276 276 276 276 276 276 276 276 276 276 276 276 276 276 276 276 276 276 276 276 276 276 276 276 276 276 276 276 276 276 276 276 276 276 276 276 276 276 276 276 276 276 276 276 276 276 275 275 275 275 275 275 275 275 275 275 275 275 275 275 275 275 275 275 275 275 275 275 275 275 275 279 279 279 279 279 278 278 278 278 278 278 278 278 278 278 278 278 278 278 278 278 278 278 278 278 278 278 278 278 278 278 278 278 278 278 278 278 278 278 278 278 278 278 278 278 278 278 278 277 277 277 277 277 277 277 277 277 277 277 277 277 277 277 277 277 277 277 277 277 277 277 277 277 277 277 277 277 277 277 277 277 277 277 277 277 277 277 277 277 277 277 277 277 277 277 277 277 277 277 277 277 277 277 277 277 277 277 277 277 277 277 277 277 277 277 277 277 277 277 277 277 277 277 277 277 277 277 277 277 277 277 276 277 276 277 276 276 276 276 276 276 276 276 276 276 276 276 276 276 276 276 276 276 276 276 276 276 276 276 276 276 276 276 276 276 276 276 276 276 276 276 276 276 276 276 276 276 276 276 276 276 276 276 276 276 276 276 276 276 276 276 276 276 276 276 276 276 276 276 276 276 276 275 275 275 275 275 275 275 275 275 275 275 275 275 275 275 275 275 275 275 275 275 275 275 275 275 279 278 278 278 278 278 278 278 278 278 278 278 278 278 278 278 278 278 278 278 278 278 278 278 278 278 278 278 278 278 278 278 278 278 278 278 278 278 278 278 278 278 278 277 277 277 277 277 277 277 277 277 277 277 277 277 277 277 277 277 277 277 277 277 277 277 277 277 277 277 277 277 277 277 277 277 277 277 277 277 277 277 277 277 277 277 277 277 277 277 277 277 277 277 277 277 277 277 277 277 277 277 277 277 277 277 277 277 277 277 277 277 277 277 277 277 277 277 277 277 277 277 277 277 277 277 277 277 277 276 276 276 276 276 276 276 276 276 276 276 276 276 276 276 276 276 276 276 276 276 276 276 276 276 276 276 276 276 276 276 276 276 276 276 276 276 276 276 276 276 276 276 276 276 276 276 276 276 276 276 276 276 276 276 276 276 276 276 276 276 276 276 276 276 276 276 276 276 276 276 276 276 275 275 275 275 275 275 275 275 275 275 275 275 275 275 275 275 275 275 275 275 275 275 275 278 278 278 278 278 278 278 278 278 278 278 278 278 278 278 278 278 278 278 278 278 278 278 278 278 278 278 278 278 278 278 278 278 278 278 278 278 277 277 277 277 277 277 277 277 277 277 277 277 277 277 277 277 277 277 277 277 277 277 277 277 277 277 277 277 277 277 277 277 277 277 277 277 277 277 277 277 277 277 277 277 277 277 277 277 277 277 277 277 277 277 277 277 277 277 277 277 277 277 277 277 277 277 277 277 277 277 277 277 277 277 277 277 277 277 277 277 277 277 277 277 277 277 277 277 277 277 277 276 276 276 276 276 276 276 276 276 276 276 276 276 276 276 276 276 276 276 276 276 276 276 276 276 276 276 276 276 276 276 276 276 276 276 276 276 276 276 276 276 276 276 276 276 276 276 276 276 276 276 276 276 276 276 276 276 276 276 276 276 276 276 276 276 276 276 276 276 276 276 276 276 275 275 275 275 275 275 275 275 275 275 275 275 275 275 275 275 275 275 275 275 275 278 278 278 278 278 278 278 278 278 278 278 278 278 278 278 278 278 278 278 278 278 278 278 278 278 278 278 278 278 278 278 278 277 277 277 277 277 277 277 277 277 277 277 277 277 277 277 277 277 277 277 277 277 277 277 277 277 277 277 277 277 277 277 277 277 277 277 277 277 277 277 277 277 277 277 277 277 277 277 277 277 277 277 277 277 277 277 277 277 277 277 277 277 277 277 277 277 277 277 277 277 277 277 277 277 277 277 277 277 277 277 277 277 277 277 277 277 277 277 277 277 277 277 277 277 277 277 277 276 276 276 276 276 276 276 276 276 276 276 276 276 276 276 276 276 276 276 276 276 276 276 276 276 276 276 276 276 276 276 276 276 276 276 276 276 276 276 276 276 276 276 276 276 276 276 276 276 276 276 276 276 276 276 276 276 276 276 276 276 276 276 276 276 276 276 276 276 276 276 276 276 275 275 275 275 275 275 275 275 275 275 275 275 275 275 275 275 275 275 275 275 275 275 275 278 278 278 278 278 278 278 278 278 278 278 278 278 278 278 278 278 278 278 278 278 278 278 278 278 278 277 277 277 277 277 277 277 277 277 277 277 277 277 277 277 277 277 277 277 277 277 277 277 277 277 277 277 277 277 277 277 277 277 277 277 277 277 277 277 277 277 277 277 277 277 277 277 277 277 277 277 277 277 277 277 277 277 277 277 277 277 277 277 277 277 277 277 277 277 277 277 277 277 277 277 277 277 277 277 277 277 277 277 277 277 277 277 277 276 276 277 277 277 277 277 277 277 277 277 277 277 276 276 276 276 276 276 276 276 276 276 276 276 276 276 276 276 276 276 276 276 276 276 276 276 276 276 276 276 276 276 276 276 276 276 276 276 276 276 276 276 276 276 276 276 276 276 276 276 276 276 276 276 276 276 276 276 276 276 276 276 276 276 276 276 276 276 276 276 276 276 276 275 275 275 275 275 275 275 275 275 275 275 275 275 275 275 275 275 275 275 275 275 275 275 275 275 275 275 275 275 278 278 278 278 278 278 278 278 278 278 278 278 278 278 278 278 278 278 278 278 278 278 278 278 277 277 277 277 277 277 277 277 277 277 277 277 277 277 277 277 277 277 277 277 277 277 277 277 277 277 277 277 277 277 277 277 277 277 277 277 277 277 277 277 277 277 277 277 277 277 277 277 277 277 277 277 277 277 277 277 277 277 277 277 277 277 277 277 277 277 277 277 277 277 277 277 277 277 277 277 277 277 277 277 277 277 277 277 277 277 277 277 277 277 277 276 276 277 277 277 277 277 277 277 277 277 277 277 276 276 276 276 276 276 276 276 276 276 276 276 276 276 276 276 276 276 276 276 276 276 276 276 276 276 276 276 276 276 276 276 276 276 276 276 276 276 276 276 276 276 276 276 276 276 276 276 276 276 276 276 276 276 276 276 276 276 276 276 276 276 276 276 276 276 276 276 276 276 276 276 275 275 275 275 275 275 275 275 275 275 275 275 275 275 275 275 275 275 275 275 275 275 275 275 275 275 275 275 278 278 278 278 278 278 278 278 278 278 278 278 278 278 278 278 278 278 278 277 277 277 277 278 277 278 277 277 277 277 277 277 277 277 277 277 277 277 277 277 277 277 277 277 277 277 277 277 277 277 277 277 277 277 277 277 277 277 277 277 277 277 277 277 277 277 277 277 277 277 277 277 277 277 277 277 277 277 277 277 277 277 277 277 277 277 277 277 277 277 277 277 277 277 277 277 277 277 277 277 277 277 277 277 277 277 277 277 277 277 277 277 277 277 277 277 277 277 277 276 276 276 276 277 277 277 277 277 277 277 277 277 276 276 276 276 276 276 276 276 276 276 276 276 276 276 276 276 276 276 276 276 276 276 276 276 276 276 276 276 276 276 276 276 276 276 276 276 276 276 276 276 276 276 276 276 276 276 276 276 276 276 276 276 276 276 276 276 276 276 276 276 276 276 276 276 276 276 276 276 276 276 276 276 276 276 276 275 275 275 275 275 275 275 275 275 275 275 275 275 275 275 275 275 275 275 275 275 275 275 275 275 275 275 275 278 278 278 278 278 278 278 278 278 278 278 278 278 278 278 278 278 277 277 277 277 277 277 277 277 277 277 277 277 277 277 277 277 277 277 277 277 277 277 277 277 277 277 277 277 277 277 277 277 277 277 277 277 277 277 277 277 277 277 277 277 277 277 277 277 277 277 277 277 277 277 277 277 277 277 277 277 277 277 277 277 277 277 277 277 277 277 277 277 277 277 277 277 277 277 277 277 277 277 277 277 277 277 277 277 277 277 277 277 277 277 277 277 277 277 277 277 277 277 276 276 276 276 276 277 277 277 277 277 277 277 276 276 276 276 276 276 276 276 276 276 276 276 276 276 276 276 276 276 276 276 276 276 276 276 276 276 276 276 276 276 276 276 276 276 276 276 276 276 276 276 276 276 276 276 276 276 276 276 276 276 276 276 276 276 276 276 276 276 276 276 276 276 276 276 276 276 276 276 276 276 276 276 276 276 276 276 276 276 275 275 275 275 275 275 275 275 275 275 275 275 275 275 275 275 275 275 275 275 275 275 275 275 275 275 275 278 278 278 278 278 278 278 278 278 278 278 278 278 278 277 277 277 277 277 277 277 277 277 277 277 277 277 277 277 277 277 277 277 277 277 277 277 277 277 277 277 277 277 277 277 277 277 277 277 277 277 277 277 277 277 277 277 277 277 277 277 277 277 277 277 277 277 277 277 277 277 277 277 277 277 277 277 277 277 277 277 277 277 277 277 277 277 277 277 277 277 277 277 277 277 277 277 277 277 277 277 277 277 277 277 277 277 277 277 277 277 277 277 277 277 277 277 276 276 276 276 276 276 276 277 277 277 277 277 277 277 276 276 276 276 276 276 276 276 276 276 276 276 276 276 276 276 276 276 276 276 276 276 276 276 276 276 276 276 276 276 276 276 276 276 276 276 276 276 276 276 276 276 276 276 276 276 276 276 276 276 276 276 276 276 276 276 276 276 276 276 276 276 276 276 276 276 276 276 276 276 276 276 276 276 276 276 276 275 275 275 275 275 275 275 275 275 275 275 275 275 275 275 275 275 275 275 275 275 275 275 275 275 275 275 275 275 275 278 278 278 278 278 278 278 278 278 277 277 277 277 277 277 277 277 277 277 277 277 277 277 277 277 277 277 277 277 277 277 277 277 277 277 277 277 277 277 277 277 277 277 277 277 277 277 277 277 277 277 277 277 277 277 277 277 277 277 277 277 277 277 277 277 277 277 277 277 277 277 277 277 277 277 277 277 277 277 277 277 277 277 277 277 277 277 277 277 277 277 277 277 277 277 277 277 277 277 277 277 277 277 277 277 277 277 277 277 277 277 277 277 277 277 276 276 276 276 276 276 276 276 277 277 277 277 277 276 276 276 276 276 276 276 276 276 276 276 276 276 276 276 276 276 276 276 276 276 276 276 276 276 276 276 276 276 276 276 276 276 276 276 276 276 276 276 276 276 276 276 276 276 276 276 276 276 276 276 276 276 276 276 276 276 276 276 276 276 276 276 276 276 276 276 276 276 276 276 276 276 276 276 276 276 276 276 275 276 276 275 275 275 275 275 275 275 275 275 275 275 275 275 275 275 275 275 275 275 275 275 275 275 275 275 275 275 275 278 277 277 277 277 277 277 277 277 277 277 277 277 277 277 277 277 277 277 277 277 277 277 277 277 277 277 277 277 277 277 277 277 277 277 277 277 277 277 277 277 277 277 277 277 277 277 277 277 277 277 277 277 277 277 277 277 277 277 277 277 277 277 277 277 277 277 277 277 277 277 277 277 277 277 277 277 277 277 277 277 277 277 277 277 277 277 277 277 277 277 277 277 277 277 277 277 277 277 277 277 277 277 277 277 277 277 277 277 277 277 276 276 276 276 276 276 276 276 276 276 277 277 277 276 276 276 276 276 276 276 276 276 276 276 276 276 276 276 276 276 276 276 276 276 276 276 276 276 276 276 276 276 276 276 276 276 276 276 276 276 276 276 276 276 276 276 276 276 276 276 276 276 276 276 276 276 276 276 276 276 276 276 276 276 276 276 276 276 276 276 276 276 276 276 276 276 276 276 276 276 276 276 276 276 276 276 276 276 275 275 275 275 275 275 275 275 275 275 275 275 275 275 275 275 275 275 275 275 275 275 275 275 275 275 275 275 275 277 277 277 277 277 277 277 277 277 277 277 277 277 277 277 277 277 277 277 277 277 277 277 277 277 277 277 277 277 277 277 277 277 277 277 277 277 277 277 277 277 277 277 277 277 277 277 277 277 277 277 277 277 277 277 277 277 277 277 277 277 277 277 277 277 277 277 277 277 277 277 277 277 277 277 277 277 277 277 277 277 277 277 277 277 277 277 277 277 277 277 277 277 277 277 277 277 277 277 277 277 277 277 277 277 277 277 276 276 276 276 276 276 276 276 276 276 276 276 277 277 276 276 276 276 276 276 276 276 276 276 276 276 276 276 276 276 276 276 276 276 276 276 276 276 276 276 276 276 276 276 276 276 276 276 276 276 276 276 276 276 276 276 276 276 276 276 276 276 276 276 276 276 276 276 276 276 276 276 276 276 276 276 276 276 276 276 276 276 276 276 276 276 276 276 276 276 276 276 276 276 276 276 276 276 276 276 276 276 275 275 275 275 275 275 275 275 275 275 275 275 275 275 275 275 275 275 275 275 275 275 275 275 275 275 275 275 277 277 277 277 277 277 277 277 277 277 277 277 277 277 277 277 277 277 277 277 277 277 277 277 277 277 277 277 277 277 277 277 277 277 277 277 277 277 277 277 277 277 277 277 277 277 277 277 277 277 277 277 277 277 277 277 277 277 277 277 277 277 276 277 276 276 276 276 277 277 277 277 277 277 277 277 277 277 277 277 277 277 277 277 277 277 277 277 277 277 277 277 277 277 277 277 277 277 277 277 277 277 277 277 277 276 276 276 276 276 276 276 276 276 276 276 276 276 276 276 276 276 276 276 276 276 276 276 276 276 276 276 276 276 276 276 276 276 276 276 276 276 276 276 276 276 276 276 276 276 276 276 276 276 276 276 276 276 276 276 276 276 276 276 276 276 276 276 276 276 276 276 276 276 276 276 276 276 276 276 276 276 276 276 276 276 276 276 276 276 276 276 276 276 276 276 276 276 276 276 276 276 276 276 276 276 276 276 276 276 275 275 275 275 275 275 275 275 275 275 275 275 275 275 275 275 275 275 275 275 275 275 275 275 275 275 275 277 277 277 277 277 277 277 277 277 277 277 277 277 277 277 277 277 277 277 277 277 277 277 277 277 277 277 277 277 277 277 277 277 277 277 277 277 277 277 276 276 276 276 276 276 276 276 276 276 276 276 276 276 276 276 276 276 276 276 276 276 276 276 276 276 276 276 276 276 276 276 276 276 276 276 276 276 276 276 276 277 277 277 277 277 277 277 277 277 277 277 277 277 277 276 276 276 276 276 276 276 276 276 276 276 276 276 276 276 276 276 276 276 276 276 276 276 276 276 276 276 276 276 276 276 276 276 276 276 276 276 276 276 276 276 276 276 276 276 276 276 276 276 276 276 276 276 276 276 276 276 276 276 276 276 276 276 276 276 276 276 276 276 276 276 276 276 276 276 276 276 276 276 276 276 276 276 276 276 276 276 276 276 276 276 276 276 276 276 276 276 276 276 276 276 276 276 276 276 276 276 276 276 275 275 275 275 275 275 275 275 275 275 275 275 275 275 275 275 275 275 275 275 275 275 275 275 275 275 275 277 277 277 277 277 277 277 277 277 277 277 277 277 277 277 277 277 277 277 277 277 277 277 277 277 277 277 277 277 276 276 276 276 276 276 276 276 276 276 276 276 276 276 276 276 276 276 276 276 276 276 276 276 276 276 276 276 276 276 276 276 276 276 276 276 276 276 276 276 276 276 276 276 276 276 276 276 276 276 276 276 276 276 276 276 276 276 276 276 276 276 276 276 276 276 276 276 276 276 276 276 276 276 276 276 276 276 276 276 276 276 276 276 276 276 276 276 276 276 276 276 276 276 276 276 276 276 276 276 276 276 276 276 276 276 276 276 276 276 276 276 276 276 276 276 276 276 276 276 276 276 276 276 276 276 276 276 276 276 276 276 276 276 276 276 276 276 276 276 276 276 276 276 276 276 276 276 276 276 276 276 276 276 276 276 276 276 276 276 276 276 276 276 276 276 276 276 276 276 276 276 276 276 275 275 275 275 275 275 275 275 275 275 275 275 275 275 275 275 275 275 275 275 275 275 275 275 275 275 275 275 275 277 277 277 277 277 276 276 276 277 277 277 277 277 277 276 276 276 277 276 276 277 276 276 276 276 276 276 276 276 276 276 276 276 276 276 276 276 276 276 276 276 276 276 276 276 276 276 276 276 276 276 276 276 276 276 276 276 276 276 276 276 276 276 276 276 276 276 276 276 276 276 276 276 276 276 276 276 276 276 276 276 276 276 276 276 276 276 276 276 276 276 276 276 276 276 276 276 276 276 276 276 276 276 276 276 276 276 276 276 276 276 276 276 276 276 276 276 276 276 276 276 276 276 276 276 276 276 276 276 276 276 276 276 276 276 276 276 276 276 276 276 276 276 276 276 276 276 276 276 276 276 276 276 276 276 276 276 276 276 276 276 276 276 276 276 276 276 276 276 276 276 276 276 276 276 276 276 276 276 276 276 276 276 276 276 276 276 276 276 276 276 276 276 276 276 276 276 276 276 276 276 276 276 276 276 276 275 275 275 275 275 275 275 275 275 275 275 275 275 275 275 275 275 275 275 275 275 275 275 275 275 275 275 275 275 275 275 275 276 276 276 276 276 276 276 276 277 277 276 276 276 276 276 276 276 276 276 276 276 276 276 276 276 276 276 276 276 276 276 276 276 276 276 276 276 276 276 276 276 276 276 276 276 276 276 276 276 276 276 276 276 276 276 276 276 276 276 276 276 276 276 276 276 276 276 276 276 276 276 276 276 276 276 276 276 276 276 276 276 276 276 276 276 276 276 276 276 276 276 276 276 276 276 276 276 276 276 276 276 276 276 276 276 276 276 276 276 276 276 276 276 276 276 276 276 276 276 276 276 276 276 276 276 276 276 276 276 276 276 276 276 276 276 276 276 276 276 276 276 276 276 276 276 276 276 276 276 276 276 276 276 276 276 276 276 276 276 276 276 276 276 276 276 276 276 276 276 276 276 276 276 276 276 276 276 276 276 276 276 276 276 276 276 276 276 276 276 276 276 276 276 276 276 276 276 276 276 276 276 276 276 276 276 276 276 275 275 275 275 275 275 275 275 275 275 275 275 275 275 275 275 275 275 275 275 275 275 275 275 275 275 275 275 275 275 275 275 275 275 275 276 276 276 276 276 276 276 276 276 276 276 276 276 276 276 276 276 276 276 276 276 276 276 276 276 276 276 276 276 276 276 276 276 276 276 276 276 276 276 276 276 276 276 276 276 276 276 276 276 276 276 276 276 276 276 276 276 276 276 276 276 276 276 276 276 276 276 276 276 276 276 276 276 276 276 276 276 276 276 276 276 276 276 276 276 276 276 276 276 276 276 276 276 276 276 276 276 276 276 276 276 276 276 276 276 276 276 276 276 276 276 276 276 276 276 276 276 276 276 276 276 276 276 276 276 276 276 276 276 276 276 276 276 276 276 276 276 276 276 276 276 276 276 276 276 276 276 276 276 276 276 276 276 276 276 276 276 276 276 276 276 276 276 276 276 276 276 276 276 276 276 276 276 276 276 276 276 276 276 276 276 276 276 276 276 276 276 276 276 276 276 276 276 276 276 276 276 276 276 276 276 276 276 276 276 276 276 276 275 275 275 275 275 275 275 275 275 275 275 275 275 275 275 275 275 275 275 275 275 275 275 275 275 275 275 275 275 275 275 275 275 275 275 275 275 275 276 276 276 276 276 276 276 276 276 276 276 276 276 276 276 276 276 276 276 276 276 276 276 276 276 276 276 276 276 276 276 276 276 276 276 276 276 276 276 276 276 276 276 276 276 276 276 276 276 276 276 276 276 276 276 276 276 276 276 276 276 276 276 276 276 276 276 276 276 276 276 276 276 276 276 276 276 276 276 276 276 276 276 276 276 276 276 276 276 276 276 276 276 276 276 276 276 276 276 276 276 276 276 276 276 276 276 276 276 276 276 276 276 276 276 276 276 276 276 276 276 276 276 276 276 276 276 276 276 276 276 276 276 276 276 276 276 276 276 276 276 276 276 276 276 276 276 276 276 276 276 276 276 276 276 276 276 276 276 276 276 276 276 276 276 276 276 276 276 276 276 276 276 276 276 276 276 276 276 276 276 276 276 276 276 276 276 276 276 276 276 276 276 276 276 276 276 276 276 276 276 276 276 276 276 276 276 275 275 275 275 275 275 275 275 275 275 275 275 275 275 275 275 275 275 275 275 275 275 275 275 275 275 275 275 275 275 275 275 275 275 275 275 275 275 275 275 275 275 275 276 276 276 276 276 276 276 276 276 276 276 276 276 276 276 276 276 276 276 276 276 276 276 276 276 276 276 276 276 276 276 276 276 276 276 276 276 276 276 276 276 276 276 276 276 276 276 276 276 276 276 276 276 276 276 276 276 276 276 276 276 276 276 276 276 276 276 276 276 276 276 276 276 276 276 276 276 276 276 276 276 276 276 276 276 276 276 276 276 276 276 276 276 276 276 276 276 276 276 276 276 276 276 276 276 276 276 276 276 276 276 276 276 276 276 276 276 276 276 276 276 276 276 276 276 276 276 276 276 276 276 276 276 276 276 276 276 276 276 276 276 276 276 276 276 276 276 276 276 276 276 276 276 276 276 276 276 276 276 276 276 276 276 276 276 276 276 276 276 276 276 276 276 276 276 276 276 276 276 276 276 276 276 276 276 276 276 276 276 276 276 276 276 276 276 276 276 276 276 276 276 276 276 276 276 275 275 275 275 275 275 275 275 275 275 275 275 275 275 275 275 275 275 275 275 275 275 275 275 275 275 275 275 275 275 275 275 275 275 275 275 275 275 275 275 275 275 275 276 276 276 276 276 276 276 276 276 276 276 276 276 276 276 276 276 276 276 276 276 276 276 276 276 276 276 276 276 276 276 276 276 276 276 276 276 276 276 276 276 276 276 276 276 276 276 276 276 276 276 276 276 276 276 276 276 276 276 276 276 276 276 276 276 276 276 276 276 276 276 276 276 276 276 276 276 276 276 276 276 276 276 276 276 276 276 276 276 276 276 276 276 276 276 276 276 276 276 276 276 276 276 276 276 276 276 276 276 276 276 276 276 276 276 276 276 276 276 276 276 276 276 276 276 276 276 276 276 276 276 276 276 276 276 276 276 276 276 276 276 276 276 276 276 276 276 276 276 276 276 276 276 276 276 276 276 276 276 276 276 276 276 276 276 276 276 276 276 276 276 276 276 276 276 276 276 276 276 276 276 276 276 276 276 276 276 276 276 276 276 276 276 276 276 276 276 276 276 276 276 276 276 275 275 275 275 275 275 275 275 275 275 275 275 275 275 275 275 275 275 275 275 275 275 275 275 275 275 275 275 275 275 275 275 275 275 275 275 275 275 275 275 275 275 275 276 276 276 276 276 276 276 276 276 276 276 276 276 276 276 276 276 276 276 276 276 276 276 276 276 276 276 276 276 276 276 276 276 276 276 276 276 276 276 276 276 276 276 276 276 276 276 276 276 276 276 276 276 276 276 276 276 276 276 276 276 276 276 276 276 276 276 276 276 276 276 276 276 276 276 276 276 276 276 276 276 276 276 276 276 276 276 276 276 276 276 276 276 276 276 276 276 276 276 276 276 276 276 276 276 276 276 276 276 276 276 276 276 276 276 276 276 276 276 276 276 276 276 276 276 276 276 276 276 276 276 276 276 276 276 276 276 276 276 276 276 276 276 276 276 276 276 276 276 276 276 276 276 276 276 276 276 276 276 276 276 276 276 276 276 276 276 276 276 276 276 276 276 276 276 276 276 276 276 276 276 276 276 276 276 276 276 276 276 276 276 276 276 276 276 276 276 276 276 276 276 276 276 275 275 275 275 275 275 275 275 275 275 275 275 275 275 275 275 275 275 275 275 275 275 275 275 275 275 275 275 275 275 275 275 275 275 275 275 275 275 275 275 275 276 276 276 276 276 276 276 276 276 276 276 276 276 276 276 276 276 276 276 276 276 276 276 276 276 276 276 276 276 276 276 276 276 276 276 276 276 276 276 276 276 276 276 276 276 276 276 276 276 276 276 276 276 276 276 276 276 276 276 276 276 276 276 276 276 276 276 276 276 276 276 276 276 276 276 276 276 276 276 276 276 276 276 276 276 276 276 276 276 276 276 276 276 276 276 276 276 276 276 276 276 276 276 276 276 276 276 276 276 276 276 276 276 276 276 276 276 276 276 276 276 276 276 276 276 276 276 276 276 276 276 276 276 276 276 276 276 276 276 276 276 276 276 276 276 276 276 276 276 276 276 276 276 276 276 276 276 276 276 276 276 276 276 276 276 276 276 276 276 276 276 276 276 276 276 276 276 276 276 276 276 276 276 276 276 276 276 276 276 276 276 276 276 276 276 276 276 276 276 276 276 276 276 275 275 275 275 275 275 275 275 275 275 275 275 275 275 275 275 275 275 275 275 275 275 275 275 275 275 275 275 275 275 275 275 275 275 275 275 275 275 275 275 276 275 276 276 276 276 276 276 276 276 276 276 276 276 276 276 276 276 276 276 276 276 276 276 276 276 276 276 276 276 276 276 276 276 276 276 276 276 276 276 276 276 276 276 276 276 276 276 276 276 276 276 276 276 276 276 276 276 276 276 276 276 276 276 276 276 276 276 276 276 276 276 276 276 276 276 276 276 276 276 276 276 276 276 276 276 276 276 276 276 276 276 276 276 276 276 276 276 276 276 276 276 276 276 276 276 276 276 276 276 276 276 276 276 276 276 276 276 276 276 276 276 276 276 276 276 276 276 276 276 276 276 276 276 276 276 276 276 276 276 276 276 276 276 276 276 276 276 276 276 276 276 276 276 276 276 276 276 276 276 276 276 276 276 276 276 276 276 276 276 276 276 276 276 276 276 276 276 276 276 276 276 276 276 276 276 276 276 276 276 276 276 276 276 276 276 276 276 276 276 276 275 275 275 275 275 275 275 275 275 275 275 275 275 275 275 275 275 275 275 275 275 275 275 275 275 275 275 275 275 275 275 275 275 275 275 275 275 275 275 275 275 275 275 275 275 275 275 275 275 275 275 275 275 276 276 276 276 275 275 275 275 275 275 275 275 275 275 275 275 275 275 276 276 276 276 276 276 276 276 276 276 276 276 276 276 276 276 276 276 276 276 276 276 276 276 276 276 276 276 276 276 276 276 276 276 276 276 276 276 276 276 276 276 276 276 276 276 276 276 276 276 276 276 276 276 276 276 276 276 276 276 276 276 276 276 276 276 276 276 276 276 276 276 276 276 276 276 276 276 276 276 276 276 276 276 276 276 276 276 276 276 276 276 276 276 276 276 276 276 276 276 276 276 276 276 276 276 276 276 276 276 276 276 276 276 276 276 276 276 276 276 276 276 276 276 276 276 276 276 276 276 276 276 276 276 276 276 276 276 276 276 276 276 276 276 276 276 276 276 276 276 276 276 276 276 276 276 276 276 276 276 276 276 276 276 276 276 276 276 276 275 275 275 275 275 275 275 275 275 275 275 275 275 275 275 275 275 275 275 275 275 275 275 275 275 275 275 275 275 275 275 275 275 275 275 275 275 275 275 275 275 275 275 275 275 275 275 275 275 275 275 275 275 275 275 275 275 275 275 275 275 275 275 275 275 275 275 275 275 275 275 276 276 276 276 276 276 276 276 276 276 276 276 276 276 276 276 276 276 276 276 276 276 276 276 276 276 276 276 276 276 276 276 275 275 276 275 275 275 276 276 276 276 276 276 276 276 276 276 276 276 276 276 276 276 276 276 276 276 276 276 276 276 276 276 276 276 276 276 276 276 276 276 276 276 276 276 276 276 276 276 276 276 276 276 276 276 276 276 276 276 276 276 276 276 276 276 276 276 276 276 276 276 276 276 276 276 276 276 276 276 276 276 276 276 276 276 276 276 276 276 276 276 276 276 276 276 276 276 276 276 276 276 276 276 276 276 276 276 276 276 276 276 276 276 276 276 276 276 276 276 276 276 276 276 276 276 276 276 276 276 276 276 276 276 276 276 276 276 275 275 275 275 275 275 275 275 275 275 275 275 275 275 275 275 275 275 275 275 275 275 275 275 275 275 275 275 275 275 275 275 276 276 276 276 276 276 275 275 275 275 275 275 275 275 275 275 275 275 275 275 275 275 275 275 275 275 275 275 275 275 275 275 275 275 275 275 275 275 276 276 276 276 276 276 276 276 276 276 276 276 276 276 276 276 275 275 275 275 275 276 275 275 275 275 275 276 276 276 276 276 276 276 276 276 276 276 276 276 276 276 276 276 276 276 276 276 276 276 276 276 276 276 276 276 276 276 276 276 276 276 276 276 276 276 276 276 276 276 276 276 276 276 276 276 276 276 276 276 276 276 276 276 276 276 276 276 276 276 276 276 276 276 276 276 276 276 276 276 276 276 276 276 276 276 276 276 276 276 276 276 276 276 276 276 276 276 276 276 276 276 276 276 276 276 276 276 276 276 276 276 276 276 276 276 276 276 276 276 276 276 276 276 276 276 276 276 276 276 276 276 276 276 276 276 276 276 276 275 275 275 275 275 275 275 275 275 275 275 275 275 275 275 275 275 275 275 275 275 275 275 275 275 275 275 275 276 276 276 276 276 276 276 276 276 276 276 276 275 275 275 275 275 275 275 275 275 275 275 275 275 275 275 275 275 275 275 275 275 275 275 275 275 275 275 275 275 275 275 275 275 275 275 275 275 275 275 275 275 275 275 275 275 275 275 275 275 275 275 275 275 275 275 275 275 275 275 275 275 276 276 276 276 276 276 276 276 276 276 276 276 276 276 276 276 276 276 276 276 276 276 276 276 276 276 276 276 276 276 276 276 276 276 276 276 276 276 276 276 276 276 276 276 276 276 276 276 276 276 276 276 276 276 276 276 276 276 276 276 276 276 276 276 276 276 276 276 276 276 276 276 276 276 276 276 276 276 276 276 276 276 276 276 276 276 276 276 276 276 276 276 276 276 276 276 276 276 276 276 276 276 276 276 276 276 276 276 276 276 276 276 276 276 276 276 276 276 276 276 276 276 276 276 276 276 276 276 276 276 276 276 276 275 275 275 275 275 275 275 275 275 275 275 275 275 275 275 275 275 275 275 275 275 275 275 275 275 276 276 276 276 276 276 276 276 276 276 276 276 276 276 276 276 276 275 275 275 275 275 275 275 275 275 275 275 275 275 275 275 275 275 275 275 275 275 275 275 275 275 275 275 275 275 275 275 275 275 275 275 275 275 275 275 275 275 275 275 275 275 275 275 275 275 275 275 275 275 276 275 275 275 275 275 275 275 275 276 276 276 276 276 276 276 276 276 276 276 276 276 276 276 276 276 276 276 276 276 276 276 276 276 276 276 276 276 276 276 276 276 276 276 276 276 276 276 276 276 276 276 276 276 276 276 276 276 276 276 276 276 276 276 276 276 276 276 276 276 276 276 276 276 276 276 276 276 276 276 276 276 276 276 276 276 276 276 276 276 276 276 276 276 276 276 276 276 276 276 276 276 276 276 276 276 276 276 276 276 276 276 276 276 276 276 276 276 276 276 276 276 276 276 276 276 276 276 276 276 276 276 276 276 276 276 276 276 276 276 276 276 276 276 276 276 276 275 275 275 275 275 275 275 275 275 275 275 275 275 275 275 275 275 275 277 277 276 276 276 276 276 276 276 276 276 276 276 276 276 276 276 276 276 276 276 276 275 275 275 275 275 275 275 275 275 275 275 275 275 275 275 275 275 275 275 275 275 275 275 275 275 275 275 275 275 275 275 275 275 275 275 275 275 275 275 275 275 275 275 275 275 275 275 275 275 275 275 275 275 275 275 275 275 275 275 275 275 275 275 275 275 275 275 275 276 276 276 276 276 276 276 276 276 276 276 276 276 276 276 276 276 276 276 276 276 276 276 276 276 276 276 276 276 276 276 276 276 276 276 276 276 276 276 276 276 276 276 276 276 276 276 276 276 276 276 276 276 276 276 276 276 276 276 276 276 276 276 276 276 276 276 276 276 276 276 276 276 276 276 276 276 276 276 276 276 276 276 276 276 276 276 276 276 276 276 276 276 276 276 276 276 276 276 276 276 276 276 276 276 276 276 276 276 276 276 276 276 276 276 276 276 276 276 276 276 276 276 276 276 276 276 276 276 276 276 276 276 276 276 276 276 276 276 276 276 275 275 275 275 275 275 275 275 275 275 275 275 277 277 277 276 276 276 276 276 276 276 276 276 276 276 276 276 276 276 276 276 276 276 275 275 275 275 275 275 275 275 275 275 275 275 275 275 275 275 275 275 275 275 275 275 275 275 275 275 275 275 275 275 275 275 275 275 275 275 275 275 275 275 275 275 275 275 275 275 275 275 275 275 275 275 275 275 275 275 275 275 275 275 275 275 275 275 275 275 275 275 275 275 275 275 275 275 276 276 276 276 276 276 276 276 276 276 276 276 276 276 276 276 276 276 276 276 276 276 276 276 276 276 276 276 276 276 276 276 276 276 276 276 276 276 276 276 276 276 276 276 276 276 276 276 276 276 276 276 276 276 276 276 276 276 276 276 276 276 276 276 276 276 276 276 276 276 276 276 276 276 276 276 276 276 276 276 276 276 276 276 276 276 276 276 276 276 276 276 276 276 276 276 276 276 276 276 276 276 276 276 276 276 276 276 276 276 276 276 276 276 276 276 276 276 276 276 276 276 276 276 276 276 276 276 276 276 276 276 276 276 276 276 276 276 276 276 276 275 275 275 275 275 275 275 275 275 277 277 277 277 276 276 276 276 276 276 276 276 276 276 276 276 276 276 276 276 276 276 276 276 276 276 275 275 275 275 275 275 275 275 275 275 275 274 275 275 275 275 275 275 275 275 275 275 275 275 275 275 275 275 275 275 275 275 275 275 275 275 275 275 275 275 275 275 275 275 275 275 275 275 275 275 275 275 275 275 275 275 275 275 275 275 275 275 275 275 275 275 275 275 275 275 275 275 275 275 275 275 275 275 275 275 276 276 276 276 276 276 276 276 276 276 276 276 276 276 276 276 276 276 275 275 275 275 275 275 276 276 276 276 276 276 276 276 276 276 276 276 276 276 276 276 276 276 276 276 276 276 276 276 276 276 276 276 276 276 276 276 276 276 276 276 276 276 276 276 276 276 276 276 276 276 276 276 276 276 276 276 276 276 276 276 276 276 276 276 276 276 276 276 276 276 276 276 276 276 276 276 276 276 276 276 276 276 276 276 276 276 276 276 276 276 276 276 276 276 276 276 276 276 276 276 276 276 276 276 276 276 276 276 276 276 276 276 276 276 276 276 276 276 276 276 276 276 276 276 276 276 276 275 275 275 277 277 277 277 276 276 276 276 277 277 276 276 276 276 276 276 276 276 276 276 276 276 276 276 276 276 276 276 275 275 275 275 275 275 275 275 275 275 275 275 275 275 275 275 275 275 275 275 275 275 275 275 275 275 275 275 275 274 275 275 275 275 275 275 275 275 275 275 275 275 275 275 275 275 274 275 275 275 275 275 275 275 275 275 275 275 275 275 275 275 275 275 275 275 275 275 275 275 275 275 275 275 275 275 275 275 275 275 275 275 275 275 275 275 275 275 275 275 276 276 276 276 276 275 275 275 275 275 275 275 275 275 275 275 275 276 276 276 276 276 276 276 276 276 276 276 276 276 276 276 276 276 276 276 276 276 276 276 276 276 276 276 276 276 276 276 276 276 276 276 276 276 276 276 276 276 276 276 276 276 276 276 276 276 276 276 276 276 276 276 276 276 276 276 276 276 276 276 276 276 276 276 276 276 276 276 276 276 276 276 276 276 276 276 276 276 276 276 276 276 276 276 276 276 276 276 276 276 276 276 276 276 276 276 276 276 276 276 276 276 276 276 276 276 276 276 276 276 276 276 276 276 276 276 276 276 276 276 277 277 277 277 276 277 277 277 277 277 276 276 276 276 276 276 276 276 276 276 276 276 276 276 276 276 276 276 276 274 274 275 275 275 275 274 274 275 275 275 275 275 275 275 275 275 275 275 275 275 275 275 275 275 274 275 275 275 275 275 275 275 275 275 275 275 275 275 275 274 274 275 275 275 275 275 275 275 275 275 275 275 275 275 275 275 275 275 275 275 275 275 275 275 275 275 275 275 275 275 275 275 275 275 275 275 275 275 275 275 275 275 275 275 275 275 275 275 275 275 275 275 275 275 275 275 275 275 275 275 275 275 275 275 275 275 275 275 275 275 275 275 275 275 275 275 275 275 275 276 276 276 276 276 276 276 276 276 276 276 276 276 276 276 276 276 276 276 276 276 276 276 276 276 276 276 276 276 276 276 276 276 276 276 276 276 276 276 276 276 276 276 276 276 276 276 276 276 276 276 276 276 276 276 276 276 276 276 276 276 276 276 276 276 276 276 276 276 276 276 276 276 276 276 276 276 276 276 276 276 276 276 276 276 276 276 276 276 276 276 276 276 276 276 276 276 276 276 276 276 276 276 276 276 276 276 276 276 276 276 276 276 276 276 276 276 276 276 276 276 277 277 277 277 277 277 277 277 277 277 277 276 276 276 276 276 276 276 276 276 276 276 276 276 276 276 276 276 276 276 276 276 274 274 274 274 274 274 274 274 274 274 274 274 274 274 274 274 274 274 274 274 274 274 274 274 274 274 274 275 275 275 274 274 274 274 274 274 275 275 275 275 275 275 274 275 275 275 275 274 274 275 275 275 275 275 275 275 275 275 275 275 275 275 275 275 275 275 275 275 275 275 275 275 276 275 275 275 275 275 275 275 275 275 276 276 275 275 275 275 275 275 275 275 275 275 275 275 275 275 275 275 275 275 275 275 275 275 275 275 275 275 275 275 275 275 276 276 276 276 276 276 276 276 276 275 275 275 275 275 275 276 276 276 276 276 276 276 276 276 276 276 276 276 276 276 276 276 276 276 276 276 276 276 276 276 276 276 276 276 276 276 276 276 276 276 276 276 276 276 276 276 276 276 276 276 276 276 276 276 276 276 276 276 276 276 276 276 276 276 276 276 276 276 276 276 276 276 276 276 276 276 276 276 276 276 276 276 276 276 276 276 276 276 276 276 276 276 276 276 276 276 276 276 276 276 276 276 276 276 276 276 276 276 276 276 276 276 276 276 276 276 276 276 276 276 276 276 276 276 277 277 277 277 277 277 277 277 277 277 276 276 276 276 276 276 276 276 276 276 276 276 276 276 276 276 276 276 276 276 276 276 276 274 274 274 274 274 274 274 274 274 274 274 274 274 274 274 274 274 274 274 274 274 274 274 274 274 274 274 274 274 274 274 274 274 274 274 274 274 275 274 275 275 275 274 275 275 275 275 275 275 274 275 275 275 275 275 275 275 275 275 275 275 275 275 275 276 276 275 275 275 275 275 275 275 275 275 275 275 276 275 276 275 276 276 275 276 276 275 275 275 275 275 275 275 275 275 275 275 275 275 275 275 275 275 275 276 276 276 276 276 276 276 276 276 276 276 275 275 275 275 275 275 275 275 276 276 276 275 275 275 275 275 276 276 276 276 276 276 276 276 276 276 276 276 276 276 276 276 276 276 276 276 276 276 276 276 276 276 276 276 276 276 276 276 276 276 276 276 276 276 276 276 276 276 276 276 276 276 276 276 276 276 276 276 276 276 276 276 276 276 276 276 276 276 276 276 276 276 276 276 276 276 276 276 276 276 276 276 276 276 276 276 276 276 276 276 276 276 276 276 276 276 276 276 276 276 276 276 276 276 276 276 276 276 276 276 276 276 276 276 276 276 276 276 276 276 276 276 276 276 277 277 277 277 277 277 277 277 277 277 276 276 276 276 276 276 276 276 276 276 276 276 276 276 276 276 276 276 276 276 276 276 276 274 274 274 274 274 274 274 274 274 274 274 274 274 274 274 274 274 274 274 274 274 274 274 274 274 274 274 274 274 274 274 274 274 274 274 274 274 274 274 274 274 274 275 275 275 275 275 275 275 275 275 275 275 275 275 275 275 275 275 275 275 275 275 275 275 275 275 275 275 275 275 275 275 275 275 275 275 275 275 275 275 275 275 275 275 275 275 275 275 275 275 275 275 275 275 275 275 275 275 275 275 275 275 275 275 275 275 275 275 275 275 275 275 275 275 276 275 275 275 275 275 275 275 275 275 275 275 276 276 276 275 275 275 275 276 276 276 276 276 276 276 276 276 276 276 276 276 276 276 276 276 276 276 276 276 276 276 276 276 276 276 276 276 276 276 276 276 276 276 276 276 276 276 276 276 276 276 276 276 276 276 276 276 276 276 276 276 276 276 276 276 276 276 276 276 276 276 276 276 276 276 276 276 276 276 276 276 276 276 276 276 276 276 276 276 276 276 276 276 276 276 276 276 276 276 276 276 276 276 276 276 276 276 276 276 276 276 276 276 276 276 276 276 276 276 276 276 276 276 276 276 277 277 277 277 277 277 277 277 277 276 276 276 276 276 277 276 276 276 276 276 276 276 276 276 276 276 276 276 276 276 276 276 276 274 274 274 274 274 274 274 274 274 274 274 274 274 274 274 274 274 274 274 274 274 274 274 274 274 274 274 274 274 274 274 274 274 274 274 274 274 274 274 274 274 274 274 274 274 274 274 274 274 274 274 275 274 275 274 274 275 275 275 275 275 275 275 275 275 275 275 275 275 275 275 275 275 275 275 275 275 275 275 274 274 274 275 275 275 275 275 275 275 275 275 275 275 275 275 275 275 275 275 275 275 275 275 275 275 275 275 275 275 275 275 275 275 275 275 275 275 275 275 276 276 276 276 276 276 275 276 275 276 275 275 276 275 275 275 276 276 275 275 275 276 276 276 276 276 276 276 276 276 276 276 276 276 276 276 276 276 276 276 276 276 276 276 276 276 276 276 276 276 276 276 276 276 276 276 276 276 276 276 276 276 276 276 276 276 276 276 276 276 276 276 276 276 276 276 276 276 276 276 276 276 276 276 276 276 276 276 276 276 276 276 276 276 276 276 276 276 276 276 276 276 276 276 276 276 276 276 276 276 276 276 276 276 276 276 276 276 276 276 276 276 276 276 276 276 276 276 276 276 276 276 276 276 276 276 276 277 277 277 277 277 277 277 277 276 276 276 276 277 277 277 277 277 277 277 278 277 277 276 276 276 276 276 276 276 276 276 276 276 274 274 274 274 274 274 274 273 273 273 274 274 274 274 274 274 274 274 274 274 274 274 274 274 274 274 274 274 274 274 274 274 274 274 274 274 274 274 274 274 274 274 274 274 274 274 274 274 274 274 274 274 274 274 274 274 274 274 274 274 274 274 274 274 274 274 274 274 275 275 274 275 275 275 274 274 275 275 275 275 275 275 275 275 274 274 275 275 275 275 275 275 275 275 275 275 275 275 275 275 275 275 275 275 275 275 275 275 275 275 275 275 275 275 275 275 275 275 275 275 275 275 275 276 276 276 276 276 276 276 276 276 276 276 276 276 276 276 276 276 276 276 275 275 275 276 276 276 276 276 276 276 276 276 276 276 276 276 276 276 276 276 276 276 276 276 276 276 276 276 276 276 276 276 276 276 276 276 276 276 276 276 276 276 276 276 276 276 276 276 276 276 276 276 276 276 276 276 276 276 276 276 276 276 276 276 276 276 276 276 276 276 276 276 276 276 276 276 276 276 276 276 276 276 276 276 276 276 276 276 276 276 276 276 276 276 276 276 276 276 276 276 276 276 276 276 276 276 276 276 276 276 276 276 276 276 276 276 276 276 277 277 277 277 277 277 277 276 276 277 277 277 277 276 276 277 277 277 277 277 277 277 276 276 277 277 276 276 277 277 273 273 273 273 273 273 273 273 273 273 273 274 274 274 274 274 274 274 274 274 274 274 274 274 274 274 274 274 274 274 274 274 274 274 274 274 274 274 274 274 274 274 274 274 274 274 274 274 274 274 274 274 274 274 274 274 274 274 274 274 274 274 274 274 274 274 274 274 274 274 274 274 274 274 274 274 274 274 275 275 275 275 274 275 274 274 274 275 275 275 275 275 275 275 275 275 275 275 275 275 275 275 275 275 275 275 275 275 275 275 275 275 275 275 275 275 275 275 275 275 275 276 275 275 275 276 276 276 276 276 276 276 276 276 276 276 276 276 276 276 276 276 276 276 275 275 275 276 276 276 276 276 276 276 276 276 276 276 276 276 276 276 276 276 276 276 276 276 276 276 276 276 276 276 276 276 276 276 276 276 276 276 276 276 276 276 276 276 276 276 276 276 276 276 276 276 276 276 276 276 276 276 276 276 276 276 276 276 276 276 276 276 276 276 276 276 276 276 276 276 276 276 276 276 276 276 276 276 276 276 276 276 276 276 276 276 276 276 276 276 276 276 276 276 276 276 276 276 276 276 276 276 276 276 276 276 276 276 276 276 276 277 277 277 277 277 277 277 277 277 277 277 277 277 277 276 277 277 277 277 277 277 277 277 277 277 277 277 273 273 273 273 273 273 273 273 273 273 274 274 274 274 274 274 274 274 274 274 274 274 273 273 273 273 273 273 274 273 274 274 274 274 274 274 274 274 274 274 274 274 274 274 274 274 274 274 274 274 274 274 274 274 274 274 274 274 274 274 274 274 274 274 274 274 274 274 274 274 274 274 274 274 274 274 274 274 275 275 275 274 274 275 275 275 275 275 275 275 275 275 275 275 275 275 275 275 275 275 275 275 275 275 275 275 275 275 275 275 275 275 275 275 275 275 275 275 275 275 275 275 276 276 276 276 276 276 276 276 276 276 276 276 276 276 276 276 276 276 276 276 276 276 275 275 276 276 276 276 276 276 276 276 276 276 276 276 276 276 276 276 276 276 276 276 276 276 276 276 276 276 276 276 276 276 276 276 276 276 276 276 276 276 276 276 276 276 276 276 276 276 276 276 276 276 276 276 276 276 276 276 276 276 276 276 276 276 276 276 276 276 276 276 276 276 276 276 276 276 276 276 276 276 276 276 276 276 276 276 276 276 276 276 276 276 276 276 276 276 276 276 276 276 276 276 276 276 276 276 276 276 276 276 276 276 276 276 276 276 277 277 277 277 277 277 277 277 277 277 277 277 277 277 277 277 277 277 277 277 277 277 277 277 277 277 277 273 273 273 273 273 273 273 273 273 274 274 274 274 274 274 274 274 274 273 273 273 273 273 273 273 273 273 273 273 273 273 273 273 274 274 274 274 274 274 274 274 274 274 274 274 274 274 274 274 274 274 274 274 274 274 274 274 274 274 274 274 274 274 274 274 274 274 274 274 274 274 274 274 274 274 274 274 274 274 274 274 274 275 275 274 275 275 275 275 275 275 275 275 275 275 275 275 275 275 275 275 275 275 275 275 275 275 275 275 275 275 275 275 275 275 275 275 275 275 276 276 276 276 276 276 276 276 276 276 276 275 276 276 276 276 276 276 276 276 276 276 276 276 276 275 275 276 276 276 276 276 276 276 276 276 276 276 276 276 276 276 276 276 276 276 276 276 276 276 276 276 276 276 276 276 276 276 276 276 276 276 276 276 276 276 276 276 276 276 276 276 276 276 276 276 276 276 276 276 276 276 276 276 276 276 276 276 276 276 276 276 276 276 276 276 276 276 276 276 276 276 276 276 276 276 276 276 276 276 276 276 276 276 276 276 276 276 276 276 276 276 276 276 276 276 276 276 276 276 276 276 276 276 276 276 276 276 276 276 277 277 277 277 277 277 277 277 277 277 277 277 277 277 277 277 277 277 277 277 277 277 277 277 277 277 277 273 273 273 273 273 273 273 273 273 273 273 273 273 273 273 273 273 273 273 273 273 273 273 273 273 273 273 273 273 273 273 273 273 273 274 274 274 274 274 274 274 274 274 274 274 274 274 274 274 274 274 274 274 274 274 274 274 274 274 274 274 274 274 274 274 274 274 274 274 274 274 274 274 274 274 274 274 274 274 274 274 274 274 274 274 274 275 275 275 275 275 275 275 275 275 275 275 275 275 275 275 275 275 275 275 275 275 275 275 275 275 275 275 275 275 275 275 275 275 275 275 275 275 275 275 275 275 275 275 275 275 276 276 276 276 276 276 276 276 276 276 276 276 276 276 275 275 276 276 276 276 276 276 276 276 276 276 276 276 276 276 276 276 276 276 276 276 276 276 276 276 276 276 276 276 276 276 276 276 276 276 276 276 276 276 276 276 276 276 276 276 276 276 276 276 276 276 276 276 276 276 276 276 276 276 276 276 276 276 276 276 276 276 276 276 276 276 276 276 276 276 276 276 276 276 276 276 276 276 276 276 276 276 276 276 276 276 276 276 276 276 276 276 276 276 276 276 276 276 276 276 276 276 276 276 276 276 276 276 277 277 277 277 277 277 277 277 277 277 277 277 277 277 277 277 277 277 277 277 277 277 277 277 277 277 277 277 273 273 273 273 273 273 273 273 273 273 273 273 273 273 273 273 273 273 273 273 273 273 273 273 273 273 273 273 273 273 273 273 273 273 273 273 274 274 274 274 274 274 274 274 274 274 274 274 274 274 274 274 274 274 274 274 274 274 274 274 274 274 274 274 274 274 274 274 274 274 274 274 274 274 274 274 274 274 274 274 274 274 274 274 274 275 275 275 274 275 275 275 275 275 275 275 275 275 275 275 275 275 275 275 275 275 275 275 275 275 275 275 275 275 275 275 275 275 275 275 275 275 275 275 275 275 275 275 276 275 276 276 276 276 276 276 276 276 276 276 276 276 276 276 276 275 276 276 276 276 276 276 276 276 276 276 276 276 276 276 276 276 276 276 276 276 276 276 276 276 276 276 276 276 276 276 276 276 276 276 276 276 276 276 276 276 276 276 276 276 276 276 276 276 276 276 276 276 276 276 276 276 276 276 276 276 276 276 276 276 276 276 276 276 276 276 276 276 276 276 276 276 276 276 276 276 276 276 276 276 276 276 276 276 276 276 276 276 276 276 276 276 276 276 276 276 276 276 276 276 276 276 276 276 276 276 276 276 277 277 277 277 277 277 277 277 277 277 277 277 277 277 277 277 277 277 277 277 277 277 277 277 277 277 277 273 273 273 273 273 273 273 273 273 273 273 273 273 273 273 273 273 273 273 273 273 273 273 273 273 273 273 273 273 273 273 273 273 273 273 273 273 273 273 274 274 274 274 274 274 273 273 274 274 274 274 274 274 274 274 274 274 274 274 274 274 274 274 274 274 274 274 274 274 274 274 274 274 274 274 274 274 274 274 274 274 274 274 274 274 274 274 274 275 275 275 275 275 275 275 275 275 275 275 275 275 275 275 275 275 275 275 275 275 275 275 275 275 275 275 275 275 275 275 275 275 275 275 275 275 275 275 275 275 275 275 275 276 276 276 276 276 276 276 276 276 276 276 276 276 276 275 276 276 276 276 276 276 276 276 276 276 276 276 276 276 276 276 276 276 276 276 276 276 276 276 276 276 276 276 276 276 276 276 276 276 276 276 276 276 276 276 276 276 276 276 276 276 276 276 276 276 276 276 276 276 276 276 276 276 276 276 276 276 276 276 276 276 276 276 276 276 276 276 276 276 276 276 276 276 276 276 276 276 276 276 276 276 276 276 276 276 276 276 276 276 276 276 276 276 276 276 276 276 276 276 276 276 276 276 276 276 277 277 277 277 277 277 277 277 277 277 277 277 277 277 277 277 277 277 277 277 277 277 277 277 277 277 273 273 273 273 273 273 273 273 273 273 273 273 273 273 273 273 273 273 273 273 273 273 273 273 273 273 273 273 273 273 273 273 273 273 273 273 273 273 273 273 273 273 273 273 273 273 273 273 273 273 273 273 273 273 274 273 274 274 274 274 274 274 274 274 274 274 274 274 274 274 274 274 274 274 274 274 274 274 274 274 274 274 274 274 274 274 274 274 274 275 275 274 275 275 275 275 275 275 275 275 275 275 275 275 275 275 275 275 275 275 275 275 275 275 275 275 275 275 275 275 275 275 275 275 275 275 275 275 275 275 275 275 276 276 276 276 276 276 276 276 276 276 276 276 276 276 276 276 275 276 276 276 276 276 276 276 276 276 276 276 276 276 276 276 276 276 276 276 276 276 276 276 276 276 276 276 276 276 276 276 276 276 276 276 276 276 276 276 276 276 276 276 276 276 276 276 276 276 276 276 276 276 276 276 276 276 276 276 276 276 276 276 276 276 276 276 276 276 276 276 276 276 276 276 276 276 276 276 276 276 276 276 276 276 276 276 276 276 276 276 276 276 276 276 276 276 276 276 276 276 276 276 276 276 276 276 276 276 278 278 278 278 278 278 277 278 278 277 277 277 277 277 277 277 277 277 277 277 277 277 277 277 277 272 272 272 272 272 272 272 272 273 273 273 273 273 273 273 273 273 273 273 273 273 273 273 273 273 273 273 273 273 273 273 273 273 273 273 273 273 273 273 273 273 273 273 273 273 273 273 273 273 273 273 273 273 273 273 273 273 273 274 274 274 274 274 274 274 274 274 274 274 274 274 274 274 274 274 274 274 274 274 274 274 274 274 274 274 274 274 274 274 274 274 274 274 275 275 275 275 275 275 275 275 275 275 275 275 275 275 275 275 275 275 275 275 275 275 275 275 275 275 275 275 275 275 275 275 275 275 275 275 275 275 275 275 276 276 276 276 276 276 276 276 276 276 276 276 276 276 276 276 275 276 276 276 276 276 276 276 276 276 276 276 276 276 276 276 276 276 276 276 276 276 276 276 276 276 276 276 276 276 276 276 276 276 276 276 276 276 276 276 276 276 276 276 276 276 276 276 276 276 276 276 276 276 276 276 276 276 277 276 276 276 276 276 276 277 277 276 276 276 276 276 276 276 276 276 276 276 276 276 276 276 276 276 276 276 276 276 276 276 276 276 276 276 276 276 276 276 276 276 276 276 276 276 276 276 276 276 276 278 278 278 278 278 278 278 278 278 278 278 278 277 277 277 277 277 277 277 277 277 277 277 277 277 272 272 272 272 272 272 272 272 273 273 273 273 273 273 273 273 273 273 273 273 273 273 273 273 273 273 273 273 273 273 273 273 273 273 273 273 273 273 273 273 273 273 273 273 273 273 273 273 273 273 273 273 273 273 273 273 273 273 274 274 274 274 274 274 274 274 274 274 274 274 274 274 274 274 274 274 274 274 274 274 274 274 274 274 274 274 274 274 274 274 274 274 274 274 274 275 275 275 275 275 275 275 275 275 275 275 275 275 275 275 275 275 275 275 275 275 275 275 275 275 275 275 275 275 275 275 275 275 275 275 275 275 276 276 276 276 276 276 276 276 276 276 276 276 276 276 276 276 276 276 275 276 276 276 276 276 276 276 276 276 276 276 276 276 276 276 276 276 276 276 276 276 276 276 276 276 276 276 276 276 276 276 276 276 276 276 276 276 276 276 276 276 276 276 276 276 276 276 276 276 276 276 276 276 277 277 277 277 277 277 277 277 277 277 277 277 277 277 276 276 276 276 276 276 276 276 276 276 276 276 276 276 276 276 276 276 276 276 276 276 276 276 276 276 276 276 276 276 276 276 276 276 276 276 276 276 276 276 278 278 278 278 278 278 278 278 278 278 278 278 278 278 278 278 278 277 277 277 277 277 277 277 272 272 272 272 272 272 272 272 273 273 273 273 273 273 273 273 273 273 273 273 273 273 273 273 273 273 273 273 273 273 273 273 273 273 273 273 273 273 273 273 273 273 273 273 273 273 273 273 273 273 273 273 273 273 273 273 273 273 274 274 274 274 274 274 274 274 274 274 274 274 274 274 274 274 274 274 274 274 274 274 274 274 274 274 274 274 274 274 274 274 274 274 274 274 274 274 275 275 275 274 275 275 275 275 275 275 275 275 275 275 275 275 275 275 275 275 275 275 275 275 275 275 275 275 275 275 275 275 275 275 275 275 275 275 276 276 276 276 276 276 276 276 276 276 276 276 276 276 276 276 276 275 276 276 276 276 276 276 276 276 276 276 276 276 276 276 276 276 276 276 276 276 276 276 276 276 276 276 276 276 276 276 276 276 276 276 276 276 276 276 276 276 276 276 276 276 276 276 276 276 276 276 276 276 277 277 277 277 277 277 277 277 277 277 277 277 277 277 277 277 277 276 276 276 276 276 276 276 276 276 276 276 276 276 276 276 276 276 276 276 276 276 276 276 276 276 276 276 276 276 276 276 276 276 277 277 277 276 278 278 278 278 278 278 278 278 278 278 278 278 278 278 278 278 278 277 277 277 277 277 277 277 272 272 272 272 272 272 272 272 272 273 273 273 273 273 273 273 273 273 273 273 273 273 273 273 273 273 273 273 273 273 273 273 273 273 273 273 273 273 273 273 273 273 273 273 273 273 273 273 273 273 273 273 273 273 273 273 273 273 273 273 274 274 274 274 274 274 274 274 274 274 274 274 274 274 274 274 274 274 274 274 274 274 274 274 274 274 274 274 274 274 274 274 274 274 274 274 274 274 274 274 274 274 274 275 275 275 275 275 275 275 275 275 275 275 275 275 275 275 275 275 275 275 275 275 275 275 275 275 275 275 275 275 275 275 275 275 276 276 276 276 276 276 276 276 276 276 276 276 276 276 276 276 275 276 276 276 276 276 276 276 276 276 276 276 276 276 276 276 276 276 276 276 276 276 276 276 276 276 276 276 276 276 276 276 276 276 276 276 276 276 276 276 276 276 276 276 276 276 276 276 276 276 276 276 276 277 277 277 277 277 277 277 277 277 277 277 277 277 277 277 277 277 277 277 276 276 276 276 276 276 276 276 276 276 276 276 276 276 276 276 276 276 276 276 276 276 276 276 276 276 277 277 277 277 277 277 277 277 277 278 278 278 278 278 278 278 278 278 278 278 278 278 278 278 277 277 277 277 277 277 277 277 272 272 272 272 272 272 272 272 272 272 272 272 273 273 273 273 273 273 273 273 273 273 273 273 273 273 273 273 273 273 273 273 273 273 273 273 273 273 273 273 273 273 273 273 273 273 273 273 273 273 273 273 273 273 273 273 273 273 273 273 273 274 274 274 274 274 274 274 274 274 274 274 274 274 274 274 274 274 274 274 274 274 274 274 274 274 274 274 274 274 274 274 274 274 274 274 274 274 274 274 274 274 274 274 275 275 275 275 275 275 275 275 275 275 275 275 275 275 275 275 275 275 275 275 275 275 275 275 275 275 275 275 275 275 275 275 275 276 276 276 276 276 276 276 276 276 276 276 276 276 276 275 276 276 276 276 276 276 276 276 276 276 276 276 276 276 276 276 276 276 276 276 276 276 276 276 276 276 276 276 276 276 276 276 276 276 276 276 276 276 276 276 276 276 276 276 276 276 276 276 276 276 276 277 277 277 277 277 277 277 277 277 277 277 277 277 277 277 277 277 277 277 277 277 277 276 277 277 277 276 276 276 276 276 276 276 276 276 276 276 276 277 277 277 277 277 277 277 277 277 277 277 277 277 277 277 277 277 278 278 278 278 278 278 278 278 278 278 278 278 278 278 278 277 277 277 272 272 272 272 272 272 272 272 272 272 272 272 272 272 272 272 272 272 272 272 272 272 272 272 273 273 273 273 273 273 273 273 273 273 273 273 273 273 273 273 273 273 273 273 273 273 273 273 273 273 273 273 273 273 273 273 273 273 273 273 273 273 274 274 274 274 274 274 274 274 274 274 274 274 274 274 274 274 274 274 274 274 274 274 274 274 274 274 274 274 274 274 274 274 274 274 274 274 274 274 274 274 274 274 274 275 275 275 275 275 275 275 275 275 275 275 275 275 275 275 275 275 275 275 275 275 275 275 275 275 275 275 275 275 275 275 275 275 276 276 276 276 276 276 276 276 276 276 276 276 276 276 276 276 276 276 276 276 276 276 276 276 276 276 276 276 276 276 276 276 276 276 276 276 276 276 276 276 276 276 276 276 276 276 276 276 276 276 276 276 276 276 276 276 276 276 276 276 276 276 276 276 276 276 276 277 277 277 277 277 277 277 277 277 277 277 277 277 277 277 277 277 277 277 277 277 277 277 277 277 277 277 277 277 277 277 277 276 277 277 277 277 277 277 277 277 277 277 277 277 277 277 277 277 277 277 277 277 278 278 278 278 278 278 278 278 278 278 278 278 278 272 272 272 272 272 272 272 272 272 272 272 272 272 272 272 272 272 272 272 272 272 272 272 272 272 272 272 272 273 273 273 273 273 273 273 273 273 273 273 273 273 273 273 273 273 273 273 273 273 273 273 273 273 273 273 273 273 273 273 273 273 273 273 273 273 273 274 274 274 274 274 274 274 274 274 274 274 274 274 274 274 274 274 274 274 274 274 274 274 274 274 274 274 274 274 274 274 274 274 274 274 274 274 274 274 274 274 274 275 275 275 275 275 275 275 275 275 275 275 275 275 275 275 275 275 275 275 275 275 275 275 275 275 275 275 275 276 276 276 276 276 276 276 276 276 276 276 276 275 276 276 276 276 276 276 276 276 276 276 276 276 276 276 276 276 276 276 276 276 276 276 276 276 276 276 276 276 276 276 276 276 276 276 276 276 276 276 276 276 276 276 276 276 276 276 276 276 276 276 276 276 276 276 276 277 277 277 277 277 277 277 277 277 277 277 277 277 277 277 277 277 277 277 277 277 277 277 277 277 277 277 277 277 277 277 277 277 277 277 277 277 277 277 277 277 277 277 277 277 277 277 277 277 277 277 277 277 277 278 278 278 278 278 278 278 278 278 278 278 278 278 278 271 271 271 271 271 271 271 271 272 272 272 272 272 272 272 272 272 272 272 272 272 272 272 272 272 272 272 272 272 272 272 272 272 272 273 273 273 273 273 273 273 273 273 273 273 273 273 273 273 273 273 273 273 273 273 273 273 273 273 273 273 273 273 273 273 273 273 273 273 274 274 274 274 274 274 274 274 274 274 274 274 274 274 274 274 274 274 274 274 274 274 274 274 274 274 274 274 274 274 274 274 274 274 274 274 274 274 274 275 275 275 275 275 275 275 275 275 275 275 275 275 275 275 275 275 275 275 275 275 275 275 275 275 275 275 275 275 276 276 276 276 276 276 276 276 275 276 276 276 276 276 276 276 276 276 276 276 276 276 276 276 276 276 276 276 276 276 276 276 276 276 276 276 276 276 276 276 276 276 276 276 276 276 276 276 276 276 276 276 276 276 276 276 276 276 276 277 277 276 276 276 276 276 276 277 277 277 277 277 277 277 277 277 277 277 277 277 277 277 277 277 277 277 277 277 277 277 277 277 277 277 277 277 277 277 277 277 277 277 277 277 277 277 277 277 277 277 277 277 277 277 277 277 277 277 277 277 277 278 278 278 278 278 278 278 278 278 278 278 278 278 278 278 278 272 272 272 272 272 272 272 272 272 272 272 272 272 272 272 272 272 272 272 272 272 272 272 272 272 272 272 272 272 272 272 272 272 272 272 272 272 272 272 272 273 273 273 273 273 273 273 273 273 273 273 273 273 273 273 273 273 273 273 273 273 273 273 273 273 273 273 273 273 273 273 273 273 273 273 273 273 273 273 273 273 274 274 274 274 274 274 274 274 274 274 274 274 274 274 274 274 274 274 274 274 274 274 274 274 274 274 274 274 275 275 275 275 275 275 275 275 275 275 275 275 275 275 275 275 275 275 275 275 275 275 275 275 275 275 275 275 275 275 275 275 275 275 275 275 275 275 275 275 275 275 276 276 276 276 276 276 276 276 276 276 276 276 276 276 276 276 276 276 276 276 276 276 276 276 276 276 276 276 276 276 276 276 276 276 276 276 276 276 276 276 276 276 276 276 276 276 276 276 276 276 276 276 276 276 276 276 276 276 278 278 278 278 278 278 278 278 278 278 278 278 278 278 278 278 278 278 278 278 278 278 278 278 278 278 278 278 278 278 278 278 278 278 278 278 278 278 278 278 278 278 278 278 278 278 278 278 278 278 278 278 278 278 278 278 278 278 278 278 278 278 278 278 278 278 278 278 278 272 272 272 272 272 272 272 272 272 272 272 272 272 272 272 272 272 272 272 272 272 272 272 272 272 272 272 272 272 272 272 272 272 272 272 272 272 272 272 272 272 272 272 272 272 272 273 273 273 273 273 273 273 273 273 273 273 273 273 273 273 273 273 273 273 273 273 273 273 273 273 273 273 273 273 273 273 273 273 273 273 273 273 273 273 274 274 274 274 274 274 274 274 274 274 274 274 274 274 274 274 274 274 274 274 274 274 274 274 274 274 274 274 275 275 275 275 275 275 275 275 275 275 275 275 275 275 275 275 275 275 275 275 275 275 275 275 275 275 275 275 275 275 275 275 275 275 275 275 275 275 275 275 276 276 276 276 276 276 276 276 276 276 276 276 276 276 276 276 276 276 276 276 276 276 276 276 276 276 276 276 276 276 276 276 276 276 276 276 276 276 276 276 276 276 276 276 276 276 276 276 276 276 276 276 276 276 276 276 276 276 278 278 278 278 278 278 278 278 278 278 278 278 278 278 278 278 278 278 278 278 278 278 278 278 278 278 278 278 278 278 278 278 278 278 278 278 278 278 278 278 278 278 278 278 278 278 278 278 278 278 278 278 278 278 278 278 278 278 278 278 278 278 278 278 278 278 278 278 278 272 272 272 272 272 272 272 272 272 272 272 272 272 272 272 272 272 272 272 272 272 272 272 272 272 272 272 272 272 272 272 272 272 272 272 272 272 272 272 272 272 272 272 272 272 272 272 272 272 272 272 272 273 273 273 273 273 273 273 273 273 273 273 273 273 273 273 273 273 273 273 273 273 273 273 273 273 273 273 273 273 273 273 273 273 273 273 273 273 273 274 274 274 274 274 274 274 274 274 274 274 274 274 274 274 274 274 274 274 274 274 274 274 274 274 275 275 275 275 275 275 275 275 275 275 275 275 275 275 275 275 275 275 275 275 275 275 275 275 275 275 275 275 275 275 275 275 275 275 275 275 275 275 275 275 276 276 276 276 276 276 276 276 276 276 276 276 276 276 276 276 276 276 276 276 276 276 276 276 276 276 276 276 276 276 276 276 276 276 276 276 276 276 276 276 276 276 276 276 276 276 276 276 276 276 276 276 276 276 276 276 276 276 278 278 278 278 278 278 278 278 278 278 278 278 278 278 278 278 278 278 278 278 278 278 278 278 278 278 278 278 278 278 278 278 278 278 278 278 278 278 278 278 278 278 278 278 278 278 278 278 278 278 278 278 278 278 278 278 278 278 278 278 278 278 278 278 278 278 278 278 278 271 271 272 272 272 272 272 272 272 272 272 272 272 272 272 272 272 272 272 272 272 272 272 272 272 272 272 272 272 272 272 272 272 272 272 272 272 272 272 272 272 272 272 272 272 272 272 273 273 273 273 273 273 273 273 273 273 273 273 273 273 273 273 273 273 273 273 273 273 273 273 273 273 273 273 273 273 273 273 273 273 273 273 273 274 274 274 274 274 274 274 274 274 274 274 274 274 274 274 274 274 274 274 274 274 274 274 274 275 275 275 275 275 275 275 275 275 275 275 275 275 275 275 275 275 275 275 275 275 275 275 275 275 275 275 275 275 275 275 275 275 275 275 275 275 276 276 276 276 276 276 276 276 276 276 276 276 276 276 276 276 276 276 276 276 276 276 276 276 276 276 276 276 276 276 276 276 276 276 276 276 276 276 276 276 276 276 276 276 276 276 276 276 276 276 277 277 276 277 276 276 276 276 277 278 278 278 278 278 278 278 278 278 278 278 278 278 278 278 278 278 278 278 278 278 278 278 278 278 278 278 278 278 278 278 278 278 278 278 278 278 278 278 278 278 278 278 278 278 278 278 278 278 278 278 278 278 278 278 278 278 278 278 278 278 278 278 278 278 278 278 278 278 271 271 271 272 272 272 272 272 272 272 272 272 272 272 272 272 272 272 272 272 272 272 272 272 272 272 272 272 272 272 272 272 272 272 272 272 272 272 272 272 272 272 272 272 272 272 272 272 272 273 273 273 273 273 273 273 273 273 273 273 273 273 273 273 273 273 273 273 273 273 273 273 273 273 273 273 273 273 273 273 273 273 273 274 274 274 274 274 274 274 274 274 274 274 274 274 274 274 274 274 274 274 274 274 274 274 274 274 275 275 275 275 275 275 275 275 275 275 275 275 275 275 275 275 275 275 275 275 275 275 275 275 275 275 275 275 275 275 275 275 275 275 275 276 276 276 276 276 276 276 276 276 276 276 276 276 276 276 276 276 276 276 276 276 276 276 276 276 276 276 276 276 276 276 276 276 276 276 276 276 276 276 276 276 276 276 276 276 276 276 276 276 276 276 276 277 277 277 277 277 277 277 278 278 278 278 278 278 278 278 278 278 278 278 278 278 278 278 278 278 278 278 278 278 278 278 278 278 278 278 278 278 278 278 278 278 278 278 278 278 278 278 278 278 278 278 278 278 278 278 278 278 278 278 278 278 278 278 278 278 278 278 278 278 278 278 278 278 278 278 278 278 278 278 278 278 271 271 271 271 271 271 271 271 271 272 272 272 271 272 272 272 272 272 272 272 272 272 272 272 272 272 272 272 272 272 272 272 272 272 272 272 272 272 272 272 272 272 272 272 272 272 272 272 272 272 273 272 273 273 273 273 273 273 273 273 273 273 273 273 273 273 273 273 273 273 273 273 273 273 273 273 273 273 273 273 273 273 273 273 273 274 274 274 274 274 274 274 274 274 274 274 274 274 274 274 274 274 274 274 274 274 274 274 274 275 275 275 275 275 275 275 275 275 275 275 275 275 275 275 275 275 275 275 275 275 275 275 275 275 275 275 275 275 275 275 275 275 276 276 276 276 276 276 276 276 276 276 276 276 276 276 276 276 276 276 276 276 276 276 276 276 276 276 276 276 276 276 276 276 276 276 276 276 276 276 276 276 276 276 276 276 276 276 276 276 276 276 276 277 277 277 277 277 277 277 277 278 278 278 278 278 278 278 278 278 278 278 278 278 278 278 278 278 278 278 278 278 278 279 279 279 278 278 278 278 278 278 278 278 278 278 278 278 278 278 278 278 278 278 278 278 278 278 278 278 278 278 278 278 278 278 278 278 278 278 278 278 278 278 278 278 278 278 278 278 278 278 278 278 278 278 278 278 278 278 271 271 271 271 271 271 271 271 271 271 271 271 271 271 271 271 271 271 271 271 271 272 272 272 272 272 272 272 272 272 272 272 272 272 272 272 272 272 272 272 272 272 272 272 272 272 272 272 272 272 272 272 272 272 272 272 272 273 273 273 273 273 273 273 273 273 273 273 273 273 273 273 273 273 273 273 273 273 273 273 273 273 273 273 273 273 273 273 274 274 274 274 274 274 274 274 274 274 274 274 274 274 274 274 274 274 274 274 274 274 274 274 274 275 275 275 275 275 275 275 275 275 275 275 275 275 275 275 275 275 275 275 275 275 275 275 275 275 275 275 275 275 275 275 275 276 276 276 276 276 276 276 276 276 276 276 276 276 276 276 276 276 276 276 276 276 276 276 276 276 276 276 276 276 276 276 276 276 276 276 276 276 276 276 276 276 276 276 276 277 276 276 276 277 276 277 277 277 277 277 277 277 277 278 278 278 278 278 278 278 278 278 278 278 278 278 279 278 278 278 278 279 279 279 279 279 279 279 279 279 279 279 279 278 279 279 279 278 278 278 278 279 279 279 279 279 278 278 278 278 278 278 278 278 278 278 278 278 278 278 278 278 278 278 278 278 278 278 278 278 278 278 278 278 278 278 278 278 278 278 278 278 278 278 278 271 271 271 271 271 271 271 271 271 271 271 271 271 271 271 271 271 271 271 271 271 271 271 271 271 272 272 272 272 272 272 272 272 272 272 272 272 272 272 272 272 272 272 272 272 272 272 272 272 272 272 272 272 272 272 272 272 272 272 272 272 272 273 273 273 273 273 273 273 273 273 273 273 273 273 273 273 273 273 273 273 273 273 273 273 273 273 273 273 273 273 274 274 274 274 274 274 274 274 274 274 274 274 274 274 274 274 274 274 274 274 274 274 274 275 275 275 275 275 275 275 275 275 275 275 275 275 275 275 275 275 275 275 275 275 275 275 275 275 275 275 275 275 275 275 275 275 275 276 276 276 276 276 276 276 276 276 276 276 276 276 276 276 276 276 276 276 276 276 276 276 276 276 276 276 276 276 276 276 276 276 276 276 276 276 276 276 276 276 277 277 277 277 277 276 276 277 277 277 277 277 277 277 277 277 278 278 278 278 278 278 278 278 278 278 278 278 278 279 279 279 279 279 279 279 279 279 279 279 279 279 279 279 279 279 279 279 279 279 279 279 279 279 278 279 279 279 279 279 279 278 278 278 278 278 278 278 278 278 278 278 278 278 278 278 278 278 278 278 278 278 278 278 278 278 278 278 278 278 278 278 278 278 278 278 278 278 278 278 278 271 271 271 271 271 271 271 271 271 271 271 271 271 271 271 271 271 271 271 271 271 271 271 271 271 271 271 271 271 271 271 272 272 272 272 272 272 272 272 272 272 272 272 272 272 272 272 272 272 272 272 272 272 272 272 272 272 272 272 272 272 272 272 272 272 272 272 273 273 273 273 273 273 273 273 273 273 273 273 273 273 273 273 273 273 273 273 273 273 273 273 273 273 273 273 273 274 274 274 274 274 274 274 274 274 274 274 274 274 274 274 274 274 274 274 274 274 274 274 275 275 275 275 275 275 275 275 275 275 275 275 275 275 275 275 275 275 275 275 275 275 275 275 275 275 275 275 275 275 275 275 276 276 276 276 276 276 276 276 276 276 276 276 276 276 276 276 276 276 276 276 276 276 276 276 276 276 276 276 276 276 276 276 276 276 276 276 276 277 276 277 277 277 277 277 277 277 277 276 277 277 277 277 277 277 277 277 277 278 278 278 278 278 278 278 278 278 278 278 278 278 279 279 279 279 279 279 279 279 279 279 279 279 279 279 279 279 279 279 279 279 279 279 279 279 279 279 279 279 279 279 279 279 278 278 278 278 278 278 278 278 278 278 278 278 278 278 278 278 278 278 278 278 278 278 278 278 278 278 278 278 278 278 278 278 278 278 278 278 278 278 278 278 278 271 270 271 271 271 271 271 271 271 271 271 271 271 271 271 271 271 271 271 271 271 271 271 271 271 271 271 271 271 271 271 271 271 271 271 271 271 272 271 272 272 272 272 272 272 272 272 272 272 272 272 272 272 272 272 272 272 272 272 272 272 272 272 272 272 272 272 272 272 272 272 272 273 273 273 273 273 273 273 273 273 273 273 273 273 273 273 273 273 273 273 273 273 273 273 273 273 273 273 273 274 274 274 274 274 274 274 274 274 274 274 274 274 274 274 274 274 274 274 274 274 274 275 275 275 275 275 275 275 275 275 275 275 275 275 275 275 275 275 275 275 275 275 275 275 275 275 275 275 275 275 275 275 275 276 276 276 276 276 276 276 276 276 276 276 276 276 276 276 276 276 276 276 276 276 276 276 276 276 276 276 276 276 276 276 276 276 276 277 277 277 277 277 277 277 277 277 277 277 277 277 277 277 277 277 277 277 277 277 277 278 278 278 278 278 278 278 278 278 278 278 278 278 279 279 279 279 279 279 279 279 279 279 279 279 279 279 279 279 279 279 279 279 279 279 279 279 279 279 279 279 279 279 279 279 279 278 278 278 278 278 278 278 278 278 278 278 278 278 278 278 278 278 278 278 278 278 278 278 278 278 278 278 278 278 278 278 278 278 278 278 278 279 278 278 278 278 270 270 270 270 270 270 271 270 270 270 270 271 271 271 271 271 271 271 271 271 271 271 271 271 271 271 271 271 271 271 271 271 271 271 271 271 271 271 271 271 272 272 272 272 272 272 272 272 272 272 272 272 272 272 272 272 272 272 272 272 272 272 272 272 272 272 272 272 272 272 272 272 272 273 273 273 273 273 273 273 273 273 273 273 273 273 273 273 273 273 273 273 273 273 273 273 273 273 273 273 273 274 274 274 274 274 274 274 274 274 274 274 274 274 274 274 274 274 274 274 275 274 275 275 275 275 275 275 275 275 275 275 275 275 275 275 275 275 275 275 275 275 275 275 275 275 275 275 275 275 275 275 275 276 276 276 276 276 276 276 276 276 276 276 276 276 276 276 276 276 276 276 276 276 276 276 276 276 276 276 276 276 276 276 276 276 277 277 277 277 277 277 277 277 277 277 277 277 277 277 277 277 277 277 277 277 277 277 277 278 278 278 278 278 278 278 278 278 278 278 278 278 279 279 279 279 279 279 279 279 279 279 279 279 279 279 279 279 279 279 279 279 279 279 279 279 279 279 279 279 279 279 279 279 278 278 278 278 278 278 278 278 278 278 278 278 278 278 278 278 278 278 278 278 278 278 278 278 278 278 278 278 278 278 278 279 279 278 278 278 279 279 279 278 278 278 270 270 270 270 270 270 270 270 270 270 270 270 270 270 270 270 270 271 271 271 271 271 271 271 271 271 271 271 271 271 271 271 271 271 271 271 272 272 272 272 272 272 272 272 272 272 272 272 272 272 272 272 272 272 272 272 272 272 272 272 272 272 272 272 272 272 273 273 273 273 273 273 273 273 273 273 273 273 273 273 273 273 273 273 273 273 273 273 273 273 273 273 273 273 273 274 274 274 274 274 274 274 274 274 274 274 274 274 274 274 274 274 274 274 275 275 275 275 275 275 275 275 275 275 275 275 275 275 275 275 275 275 275 275 275 275 275 275 275 275 275 275 275 275 275 275 276 276 276 276 276 276 276 276 276 276 276 276 276 276 276 276 276 276 276 276 276 276 276 276 276 276 276 276 276 276 276 276 276 276 277 277 277 277 277 277 277 277 277 277 277 277 277 277 277 277 277 277 277 277 277 277 278 278 278 278 278 278 278 278 278 278 278 278 278 278 279 279 279 279 279 279 279 279 279 279 279 279 279 279 279 279 279 279 279 279 279 279 279 279 279 279 279 279 279 279 279 278 278 278 278 278 278 278 278 278 278 278 278 278 278 278 278 278 278 278 278 278 278 278 278 278 278 278 278 278 278 278 278 278 278 278 279 279 279 278 278 278 278 270 270 270 270 270 270 270 270 270 270 270 270 270 270 270 270 271 271 271 271 271 271 271 271 271 271 271 271 271 271 271 271 271 272 272 272 272 272 272 272 272 272 272 272 272 272 272 272 272 272 272 272 272 272 272 272 272 272 272 272 272 272 273 273 273 273 273 273 273 273 273 273 273 273 273 273 273 273 273 273 273 273 273 273 273 273 273 273 273 273 273 274 274 274 274 274 274 274 274 274 274 274 274 274 274 274 274 274 274 275 275 275 275 275 275 275 275 275 275 275 275 275 275 275 275 275 275 275 275 275 275 275 275 275 275 275 275 275 275 275 276 276 276 276 276 276 276 276 276 276 276 276 276 276 276 276 276 276 276 276 276 276 276 276 276 276 276 276 276 276 276 276 277 277 277 277 277 277 277 277 277 277 277 277 277 277 277 277 277 277 277 277 277 277 277 277 278 278 278 278 278 279 279 279 279 279 278 278 278 278 278 278 279 279 279 279 279 279 279 279 279 279 279 279 279 279 279 279 279 279 279 279 279 279 279 279 279 279 279 279 279 279 278 278 278 278 278 278 278 278 278 278 279 279 278 278 278 278 278 278 278 278 278 278 278 278 278 278 278 278 278 278 278 278 278 278 278 278 279 279 279 279 279 270 270 270 270 270 270 270 270 270 270 270 270 270 270 271 271 271 271 271 271 271 271 271 271 271 271 271 271 271 271 271 271 272 272 272 272 272 272 272 272 272 272 272 272 272 272 272 272 272 272 272 272 272 272 272 272 272 272 272 272 273 272 273 273 273 273 273 273 273 273 273 273 273 273 273 273 273 273 273 273 273 273 273 273 273 273 273 273 274 274 274 274 274 274 274 274 274 274 274 274 274 274 274 274 274 274 275 275 275 275 275 275 275 275 275 275 275 275 275 275 275 275 275 275 275 275 275 275 275 275 275 275 275 275 275 275 276 276 276 276 276 276 276 276 276 276 276 276 276 276 276 276 276 276 276 276 276 276 276 276 276 276 276 276 276 276 276 277 277 277 277 277 277 277 277 277 277 277 277 277 277 277 277 277 277 277 277 277 277 277 277 277 278 278 278 278 278 279 279 279 279 279 279 279 279 278 279 279 279 279 279 279 279 279 279 279 279 279 279 279 279 279 279 279 279 279 279 279 279 279 279 279 279 279 279 279 279 279 279 279 279 279 278 278 278 278 278 279 279 279 278 278 278 278 279 279 279 279 279 279 279 279 279 279 279 279 279 279 279 278 278 278 278 278 279 279 270 270 270 270 270 270 270 270 270 270 271 271 271 271 271 271 271 271 271 271 271 271 271 271 271 271 271 271 272 272 272 272 272 272 272 272 272 272 272 272 272 272 272 272 272 272 272 272 272 272 272 272 272 272 272 272 272 272 273 273 273 273 273 273 273 273 273 273 273 273 273 273 273 273 273 273 273 273 273 273 273 273 273 273 274 274 274 274 274 274 274 274 274 274 274 274 274 274 274 274 274 275 275 275 275 275 275 275 275 275 275 275 275 275 275 275 275 275 275 275 275 275 275 275 275 275 275 275 275 275 275 276 276 276 276 276 276 276 276 276 276 276 276 276 276 276 276 276 276 276 276 276 276 276 276 276 276 276 276 276 276 277 277 277 277 277 277 277 277 277 277 277 277 277 277 277 277 277 277 277 277 277 277 277 277 277 278 278 278 278 279 279 279 279 279 279 279 279 279 279 279 279 279 279 279 279 279 279 279 279 279 279 279 279 279 279 279 279 279 279 279 279 279 279 279 279 279 279 279 279 279 279 279 279 279 279 278 278 278 278 278 279 279 278 278 278 279 279 279 279 279 279 279 279 279 279 279 279 279 279 279 279 279 279 278 279 279 270 270 270 270 270 270 270 270 271 271 271 271 271 271 271 271 271 271 271 271 271 271 271 271 271 271 271 272 272 272 272 272 272 272 272 272 272 272 272 272 272 272 272 272 272 272 272 272 272 272 272 272 272 272 272 272 272 273 273 273 273 273 273 273 273 273 273 273 273 273 273 273 273 273 273 273 273 273 273 273 273 273 273 274 274 274 274 274 274 274 274 274 274 274 274 274 274 274 274 275 275 275 275 275 275 275 275 275 275 275 275 275 275 275 275 275 275 275 275 275 275 275 275 275 275 275 275 275 275 275 276 276 276 276 276 276 276 276 276 276 276 276 276 276 276 276 276 276 276 276 276 276 276 276 276 277 276 276 277 277 277 277 277 277 277 277 277 277 277 277 277 277 277 277 277 277 277 277 277 277 277 277 277 277 278 278 278 278 279 279 279 279 279 279 279 279 279 279 279 279 279 279 279 279 279 279 279 279 279 279 279 279 279 279 279 279 279 279 279 279 279 279 279 279 279 279 279 279 279 279 279 279 279 279 279 279 279 279 279 279 279 279 279 279 279 279 279 279 279 279 279 279 279 279 279 279 279 278 270 270 270 270 270 270 271 271 271 271 271 271 271 271 271 271 271 271 271 271 271 271 271 271 271 271 271 271 271 271 272 272 272 272 272 272 272 272 272 272 272 272 272 272 272 272 272 272 272 272 272 272 272 272 272 272 272 272 273 273 273 273 273 273 273 273 273 273 273 273 273 273 273 273 273 273 273 273 273 273 273 273 273 274 274 274 274 274 274 274 274 274 274 274 274 274 274 274 274 275 275 275 275 275 275 275 275 275 275 275 275 275 275 275 275 275 275 275 275 275 275 275 275 275 275 275 276 276 275 275 276 276 276 276 276 276 276 276 276 276 276 276 276 276 276 276 276 276 276 276 276 276 276 276 276 277 277 277 277 277 277 277 277 277 277 277 277 277 277 277 277 277 277 277 277 277 277 277 277 277 277 277 277 279 279 279 279 279 279 279 279 279 279 279 279 279 279 279 279 279 279 279 279 279 279 279 279 279 279 279 279 279 279 279 279 279 279 279 279 279 279 279 279 279 279 279 279 279 279 279 279 279 279 279 279 279 279 279 279 279 279 279 279 279 279 279 279 271 271 271 271 271 271 271 271 271 271 271 271 271 271 271 271 271 271 271 271 271 271 271 271 271 271 271 271 272 272 272 272 272 272 272 272 272 272 272 272 272 272 272 272 272 272 272 272 272 272 272 272 272 273 273 273 273 273 273 273 273 273 273 273 273 273 273 273 273 273 273 273 273 273 273 273 273 273 274 274 274 274 274 274 274 274 274 274 274 274 274 274 274 274 274 275 275 275 275 275 275 275 275 275 275 275 275 275 275 275 275 275 275 275 275 275 275 275 275 275 275 275 276 276 276 276 276 276 276 276 276 276 276 276 276 276 276 276 276 276 276 276 276 276 276 276 276 276 276 276 276 277 277 277 277 277 277 277 277 277 277 277 277 277 277 277 277 277 277 277 277 277 277 277 277 277 277 277 279 279 279 279 279 279 279 279 279 279 279 279 279 279 279 279 279 279 279 279 279 279 279 279 279 279 279 279 279 279 279 279 279 279 279 279 279 279 279 279 279 279 279 279 279 279 279 279 279 279 279 279 279 279 279 279 279 279 279 279 279 279 279 270 270 271 271 271 271 271 271 271 271 271 271 271 271 271 271 271 271 271 271 271 271 271 271 271 271 271 271 271 272 272 272 272 272 272 272 272 272 272 272 272 272 272 272 272 272 272 272 272 272 272 272 272 272 272 273 273 273 273 273 273 273 273 273 273 273 273 273 273 273 273 273 273 273 273 273 273 273 274 274 274 274 274 274 274 274 274 274 274 274 274 274 274 274 274 274 275 275 275 275 275 275 275 275 275 275 275 275 275 275 275 275 275 275 275 275 275 275 275 275 275 276 276 276 276 276 276 276 276 276 276 276 276 276 276 276 276 276 276 276 276 276 276 276 276 276 276 276 276 276 276 276 277 277 277 277 277 277 277 277 277 277 277 277 277 277 277 277 277 277 277 277 277 277 277 277 277 277 279 279 279 279 279 279 279 279 279 279 279 279 279 279 279 279 279 279 279 279 279 279 279 279 279 279 279 279 279 279 279 279 279 279 279 279 279 279 279 279 279 279 279 279 279 279 279 279 279 279 279 279 279 279 279 279 279 279 279 279 279 279 279 270 270 270 270 270 271 271 271 271 271 271 271 271 271 271 271 271 271 271 271 271 271 271 271 271 271 271 271 271 271 271 271 272 272 272 272 272 272 272 272 272 272 272 272 272 272 272 272 272 272 272 272 272 272 272 272 272 273 273 273 273 273 273 273 273 273 273 273 273 273 273 273 273 273 273 273 273 273 274 274 274 274 274 274 274 274 274 274 274 274 274 274 274 274 274 274 274 275 275 275 275 275 275 275 275 275 275 275 275 275 275 275 275 275 275 275 275 275 275 275 275 276 276 276 276 276 276 276 276 276 276 276 276 276 276 276 276 276 276 276 276 276 276 276 276 276 276 276 276 276 276 276 277 277 277 277 277 277 277 277 277 277 277 277 277 277 277 277 277 277 277 277 277 277 277 277 277 277 279 279 279 279 279 279 279 279 279 279 279 279 279 279 279 279 279 279 279 279 279 279 279 279 279 279 279 279 279 279 279 279 279 279 279 279 279 279 279 279 279 279 279 279 279 279 279 279 279 279 279 279 279 279 279 279 279 279 279 279 279 279 279 270 270 270 270 270 270 270 271 271 271 271 271 271 271 271 271 271 271 271 271 271 271 271 271 271 271 271 271 271 271 271 271 271 271 272 272 272 272 272 272 272 272 272 272 272 272 272 272 272 272 272 272 272 272 272 272 272 272 273 273 273 273 273 273 273 273 273 273 273 273 273 273 273 273 273 273 273 273 274 274 274 274 274 274 274 274 274 274 274 274 274 274 274 274 274 274 274 274 275 275 275 275 275 275 275 275 275 275 275 275 275 275 275 275 275 275 275 275 275 275 275 275 276 276 276 276 276 276 276 276 276 276 276 276 276 276 276 276 276 276 276 276 276 276 276 276 276 276 276 276 276 276 277 277 277 277 277 277 277 277 277 277 277 277 277 277 277 277 277 277 277 277 277 277 277 277 277 277 279 279 279 279 279 279 279 279 279 279 279 279 279 279 279 279 279 279 279 279 279 279 279 279 279 279 279 279 279 279 279 279 279 279 279 279 279 279 279 279 279 279 279 279 279 279 279 279 279 279 279 279 279 279 279 279 279 279 279 279 279 279 279 270 270 270 270 270 270 270 270 270 270 270 270 270 270 271 271 271 271 271 271 271 271 271 271 271 271 271 271 271 271 271 271 271 271 271 271 271 271 271 271 271 272 272 272 272 272 272 272 272 272 272 272 272 272 272 272 272 272 272 272 272 272 272 272 273 273 273 273 273 273 273 273 273 273 273 273 273 273 273 273 273 273 274 274 274 274 274 274 274 274 274 274 274 274 274 274 274 274 274 274 274 274 274 274 275 275 275 275 275 275 275 275 275 275 275 275 275 275 275 275 275 275 275 275 275 275 276 276 276 276 276 276 276 276 276 276 276 276 276 276 276 276 276 276 276 276 276 276 276 276 276 276 276 276 276 276 277 277 277 277 277 277 277 277 277 277 277 277 277 277 277 277 277 277 277 277 277 277 277 277 277 277 279 279 279 279 279 279 279 279 279 279 279 279 279 279 279 279 279 279 279 279 279 279 279 279 279 279 279 279 279 279 279 279 279 279 279 279 279 279 279 279 279 279 279 279 279 279 279 279 279 279 279 279 279 279 279 279 279 279 279 279 279 279 279 279 270 270 270 270 270 270 270 270 270 270 270 270 270 270 270 271 271 271 271 271 271 271 271 271 271 271 271 271 271 271 271 271 271 271 271 271 271 271 271 271 271 271 272 272 272 272 272 272 272 272 272 272 272 272 272 272 272 272 272 272 272 272 272 272 272 273 273 273 273 273 273 273 273 273 273 273 273 273 273 273 273 274 274 274 274 274 274 274 274 274 274 274 274 274 274 274 274 274 274 274 274 274 274 275 275 275 275 275 275 275 275 275 275 275 275 275 275 275 275 275 275 275 275 275 275 275 276 276 276 276 276 276 276 276 276 276 276 276 276 276 276 276 276 276 276 276 276 276 276 276 276 276 276 276 276 276 277 277 277 277 277 277 277 277 277 277 277 277 277 277 277 277 277 277 277 277 277 277 277 277 277 279 279 279 279 279 279 279 279 279 279 279 279 279 279 279 279 279 279 279 279 279 279 279 279 279 279 279 279 279 279 279 279 279 279 279 279 279 279 279 279 279 279 279 279 279 279 279 279 279 279 279 279 279 279 279 279 279 279 279 279 279 279 279 279 279 278 270 270 270 270 270 270 270 270 270 270 270 270 270 270 270 270 270 270 270 270 271 271 271 271 271 271 271 271 271 271 271 271 271 271 271 271 271 271 271 271 271 271 271 271 271 272 272 272 272 272 272 272 272 272 272 272 272 272 272 272 272 272 272 272 272 272 272 272 273 273 273 273 273 273 273 273 273 273 273 273 273 273 273 274 274 274 274 274 274 274 274 274 274 274 274 274 274 274 274 274 274 274 274 274 274 275 275 275 275 275 275 275 275 275 275 275 275 275 275 275 275 275 275 275 275 275 275 275 275 275 276 276 276 276 276 276 276 276 276 276 276 276 276 276 276 276 276 276 276 276 276 276 276 276 276 276 276 276 277 277 277 277 277 277 277 277 277 277 277 277 277 277 277 277 277 277 277 277 277 277 277 277 277 279 279 279 279 279 279 279 279 279 279 279 279 279 279 279 279 279 279 279 279 279 279 279 279 279 279 279 279 279 279 279 279 279 279 279 279 279 279 279 279 279 279 279 279 279 279 279 279 280 280 279 279 279 279 279 279 279 279 279 279 279 279 279 279 279 279 270 270 270 270 270 270 270 270 270 270 270 270 270 270 270 270 270 270 270 270 270 271 271 271 271 271 271 271 271 271 271 271 271 271 271 271 271 271 271 271 271 271 271 271 271 271 272 272 272 272 272 272 272 272 272 272 272 272 272 272 272 272 272 272 272 272 272 272 272 273 273 273 273 273 273 273 273 273 273 273 273 273 274 274 274 274 274 274 274 274 274 274 274 274 274 274 274 274 274 274 274 274 274 274 275 275 275 275 275 275 275 275 275 275 275 275 275 275 275 275 275 275 275 275 275 275 275 275 276 276 276 276 276 276 276 276 276 276 276 276 276 276 276 276 276 276 276 277 276 277 277 276 276 276 276 276 276 276 277 277 277 277 277 277 277 277 277 277 277 277 277 277 277 277 277 277 277 277 277 277 277 277 279 279 279 279 279 279 279 279 279 279 279 279 279 279 279 279 279 279 279 279 279 279 279 279 279 279 279 279 279 279 279 279 279 279 279 279 279 279 279 279 279 279 279 279 280 280 280 280 280 280 279 279 279 279 279 279 279 279 279 279 279 279 279 279 279 279 279 270 270 270 270 270 270 270 270 270 270 270 270 270 270 270 270 270 270 270 270 270 270 270 270 270 271 271 271 271 271 271 271 271 271 271 271 271 271 271 271 271 271 271 271 271 271 271 271 271 272 272 272 272 272 272 272 272 272 272 272 272 272 272 272 272 272 272 272 272 272 272 273 273 273 273 273 273 273 273 273 273 273 273 273 273 274 274 274 274 274 274 274 274 274 274 274 274 274 274 274 274 274 274 274 274 274 275 275 275 275 275 275 275 275 275 275 275 275 275 275 275 275 275 275 275 275 275 275 275 276 276 276 276 275 276 276 276 276 276 276 276 276 276 276 276 276 276 276 276 277 277 276 276 276 276 276 276 276 276 276 277 277 277 277 277 277 277 277 277 277 277 277 277 277 277 277 277 277 277 277 277 277 277 277 279 279 279 279 279 279 279 279 279 279 279 279 279 279 279 279 279 279 279 279 279 279 279 279 279 279 279 279 279 279 279 279 279 279 279 279 279 279 280 280 279 280 280 280 280 280 280 280 280 280 279 279 280 280 280 280 279 279 279 279 279 279 279 279 279 279 279 270 270 270 270 270 270 270 270 270 270 270 270 270 270 270 270 270 270 270 270 270 270 270 270 271 271 271 271 271 271 271 271 271 271 271 271 271 271 271 271 271 271 271 271 271 271 271 271 271 272 272 272 272 272 272 272 272 272 272 272 272 272 272 272 272 272 272 272 272 273 273 273 273 273 273 273 273 273 273 273 273 273 273 273 274 274 274 274 274 274 274 274 274 274 274 274 274 274 274 274 274 274 274 274 275 275 275 275 275 275 275 275 275 275 275 275 275 275 275 275 275 275 275 275 275 275 276 276 275 275 275 276 276 276 276 276 276 276 276 276 276 276 276 276 276 277 277 277 276 276 276 277 277 276 276 276 276 277 277 277 277 277 277 277 277 277 277 277 277 277 277 277 277 277 277 277 277 277 277 277 277 279 279 279 279 279 279 279 279 279 279 279 279 279 279 279 279 279 279 279 279 279 279 279 279 279 279 279 279 279 279 279 279 280 280 280 280 280 280 280 280 280 280 280 280 280 280 280 280 280 280 280 280 280 280 280 279 279 279 279 279 279 279 279 279 279 279 279 279 269 269 269 269 269 270 270 270 270 270 270 270 270 270 270 270 270 270 270 270 270 270 270 270 270 270 270 270 270 271 271 271 271 271 271 271 271 271 271 271 271 271 271 271 271 271 271 271 271 271 271 271 271 272 272 272 272 272 272 272 272 272 272 272 272 272 272 272 272 272 272 272 272 273 273 273 273 273 273 273 273 273 273 273 273 273 273 274 274 274 274 274 274 274 274 274 274 274 274 274 274 274 274 274 274 274 274 275 275 275 275 275 275 275 275 275 275 275 275 275 275 275 275 275 275 275 275 275 276 276 275 275 275 275 276 276 276 276 276 276 276 276 276 276 276 276 276 276 276 276 276 277 277 277 276 276 276 276 276 276 277 277 277 277 277 277 277 277 277 277 277 277 277 277 277 277 277 277 277 277 277 277 277 277 279 279 279 279 279 279 279 279 279 279 279 279 279 279 279 279 279 279 279 279 279 279 279 279 279 279 279 279 280 280 280 280 280 280 280 280 280 280 280 280 280 280 280 280 280 280 280 280 280 280 280 280 280 280 279 279 279 279 279 279 279 280 280 279 279 279 279 279 279 279 279 279 279 279 279 279 279 279 279 279 279 279 279 279 280 280 269 269 269 269 270 270 270 270 270 270 270 270 270 270 270 270 270 270 270 270 270 270 270 270 270 270 270 270 271 271 271 271 271 271 271 271 271 271 271 271 271 271 271 271 271 271 271 271 271 271 271 271 272 272 272 272 272 272 272 272 272 272 272 272 272 272 272 272 272 272 272 273 273 273 273 273 273 273 273 273 273 273 273 273 274 274 274 274 274 274 274 274 274 274 274 274 274 274 274 274 274 274 274 274 275 275 275 275 275 275 275 275 275 275 275 275 275 275 275 275 275 275 275 275 275 275 275 275 275 275 275 276 276 276 276 276 276 276 276 276 276 276 276 276 276 276 276 276 276 276 276 276 276 276 276 276 276 276 277 277 277 277 277 277 277 277 277 277 277 277 277 277 277 277 277 277 277 277 277 277 277 279 279 279 279 279 279 279 279 279 279 279 279 279 279 279 279 279 279 279 279 279 279 279 279 279 280 280 280 280 280 280 280 280 280 280 280 280 280 280 280 280 280 280 280 280 280 280 280 280 280 280 280 280 280 279 279 279 279 280 280 280 280 280 279 279 279 279 279 279 279 279 279 279 280 280 280 280 280 280 280 280 280 280 280 280 280 280 280 280 269 269 269 269 269 269 269 269 270 270 270 270 270 270 270 270 270 270 270 270 270 270 270 270 270 270 270 270 270 270 270 271 271 271 271 271 271 271 271 271 271 271 271 271 271 271 271 271 271 271 271 271 271 271 272 272 272 272 272 272 272 272 272 272 272 272 272 272 272 272 272 272 272 272 273 273 273 273 273 273 273 273 273 273 273 273 273 274 274 274 274 274 274 274 274 274 274 274 274 274 274 274 274 274 274 274 275 275 275 275 275 275 275 275 275 275 275 275 275 275 275 275 275 275 275 275 275 275 275 275 275 275 276 276 276 276 276 276 276 276 276 276 276 276 276 276 276 276 276 276 276 276 276 276 276 276 276 276 276 276 277 277 277 277 277 277 277 277 277 277 277 277 277 277 277 277 277 277 277 277 277 277 279 279 279 279 279 279 279 279 279 279 279 279 279 279 279 279 279 279 279 279 279 279 280 280 280 280 280 280 280 280 280 280 280 280 280 280 280 280 280 280 280 280 280 280 280 280 280 280 280 280 280 280 280 279 279 279 279 280 280 280 280 280 280 279 279 279 279 279 279 279 280 280 280 280 280 280 280 280 280 280 280 280 280 280 280 280 280 280 280 280 280 269 269 269 269 269 269 269 269 269 270 270 270 270 270 270 270 270 270 270 270 270 270 270 270 270 270 270 270 270 270 270 270 271 271 271 271 271 271 271 271 271 271 271 271 271 271 271 271 271 271 271 271 271 271 271 271 272 272 272 272 272 272 272 272 272 272 272 272 272 272 272 272 272 272 273 273 273 273 273 273 273 273 273 273 273 273 274 274 274 274 274 274 274 274 274 274 274 274 274 274 274 274 274 274 274 274 275 275 275 275 275 275 275 275 275 275 275 275 275 275 275 275 275 275 275 275 275 275 275 275 275 276 276 276 276 276 276 276 276 276 276 276 276 276 276 276 276 276 276 276 276 276 276 276 276 277 277 276 276 276 276 277 277 277 277 277 277 277 277 277 277 277 277 277 277 277 277 277 277 277 277 279 279 279 279 279 279 279 279 279 279 279 279 279 279 279 279 279 279 279 279 279 280 280 280 280 280 280 280 280 280 280 280 280 280 280 280 280 280 280 280 280 280 280 280 280 280 280 280 280 280 280 280 280 280 280 280 280 280 280 280 280 280 280 280 279 279 279 279 279 280 280 280 280 280 280 280 280 280 280 280 280 280 280 280 280 280 280 280 280 280 280 280 269 269 269 269 269 269 269 269 269 269 269 269 269 270 270 270 270 270 270 270 270 270 270 270 270 270 270 270 270 270 270 270 270 270 270 270 271 271 271 271 271 271 271 271 271 271 271 271 271 271 271 271 271 271 271 271 271 271 271 272 272 272 272 272 272 272 272 272 272 272 272 272 272 272 272 272 272 272 273 273 273 273 273 273 273 273 273 273 274 274 274 274 274 274 274 274 274 274 274 274 274 274 274 274 274 274 274 274 274 274 275 275 275 275 275 275 275 275 275 275 275 275 275 275 275 275 275 275 275 275 275 275 275 276 276 276 276 276 276 276 276 276 276 276 276 276 276 276 276 276 276 276 276 276 276 276 276 276 277 277 276 276 276 276 277 277 277 277 277 277 277 277 277 277 277 277 277 277 277 277 277 277 277 279 279 279 279 279 279 279 279 279 279 279 279 279 279 279 279 279 279 280 280 280 280 280 280 280 280 280 280 280 280 280 280 280 280 280 280 280 280 280 280 280 280 280 280 280 280 280 280 280 280 280 280 280 280 280 280 280 280 280 280 280 280 280 280 280 279 279 279 279 280 280 280 280 280 280 280 279 279 280 279 280 280 280 280 280 280 280 280 280 280 280 280 280 269 269 269 269 269 269 269 269 269 269 269 269 269 269 269 269 270 270 270 270 270 270 270 270 270 270 270 270 270 270 270 270 270 270 270 270 270 270 270 270 270 271 271 271 271 271 271 271 271 271 271 271 271 271 271 271 271 271 271 271 271 272 272 272 272 272 272 272 272 272 272 272 272 272 272 272 272 272 272 273 273 273 273 273 273 273 273 273 273 273 274 274 274 274 274 274 274 274 274 274 274 274 274 274 274 274 274 274 274 274 274 275 275 275 275 275 275 275 275 275 275 275 275 275 275 275 275 275 275 275 275 275 275 276 276 276 276 276 276 276 276 276 276 276 276 276 276 276 276 276 276 276 276 276 276 276 276 276 276 276 277 277 277 276 276 276 277 277 277 277 277 277 277 277 277 277 277 277 277 277 277 277 277 277 279 279 279 279 279 279 279 279 279 279 279 279 279 279 279 279 279 280 280 280 280 280 280 280 280 280 280 280 280 280 280 280 280 280 280 280 280 280 280 280 280 280 280 280 280 280 280 280 280 280 280 280 280 280 280 280 280 280 280 280 280 280 280 280 280 280 279 279 279 280 280 280 280 280 280 279 279 280 280 280 280 280 280 280 280 280 280 280 280 280 280 280 280 269 269 269 269 269 269 269 269 269 269 269 269 269 269 269 269 270 270 270 270 270 270 270 270 270 270 270 270 270 270 270 270 270 270 270 270 270 270 270 270 271 271 271 271 271 271 271 271 271 271 271 271 271 271 271 271 271 271 271 271 272 272 272 272 272 272 272 272 272 272 272 272 272 272 272 272 272 272 273 273 273 273 273 273 273 273 273 273 273 274 274 274 274 274 274 274 274 274 274 274 274 274 274 274 274 274 274 274 274 275 275 275 275 275 275 275 275 275 275 275 275 275 275 275 275 275 275 275 275 275 275 276 276 276 276 276 276 276 276 276 276 276 276 276 276 276 276 276 276 276 276 276 276 276 276 276 276 276 276 276 277 277 277 276 276 277 277 277 277 277 277 277 277 277 277 277 277 277 277 277 277 277 279 279 279 279 279 279 279 279 279 279 279 279 279 280 280 280 280 280 280 280 280 280 280 280 280 280 280 280 280 280 280 280 280 280 280 280 280 280 280 280 280 280 280 280 280 280 280 280 280 280 280 280 280 280 280 280 280 280 280 280 280 280 280 280 280 280 280 279 280 280 280 280 280 279 280 280 280 280 280 280 280 280 280 280 280 280 280 280 280 280 280 280 280 269 269 269 269 269 269 269 269 269 269 269 269 269 269 269 269 269 269 269 269 270 270 270 270 270 270 270 270 270 270 270 270 270 270 270 270 270 270 270 270 270 270 270 271 271 271 271 271 271 271 271 271 271 271 271 271 271 271 271 271 271 271 271 271 271 272 272 272 272 272 272 272 272 272 272 272 272 272 272 272 273 273 273 273 273 273 273 273 273 273 273 274 274 274 274 274 274 274 274 274 274 274 274 274 274 274 274 274 274 274 274 275 275 275 275 275 275 275 275 275 275 275 275 275 275 275 275 275 275 275 275 275 275 276 276 276 276 275 276 276 276 276 276 276 276 276 276 276 276 276 276 276 276 276 276 276 276 277 276 276 276 276 277 277 277 276 276 276 277 277 277 277 277 277 277 277 277 277 277 277 277 277 278 278 279 279 279 279 279 279 279 279 279 279 279 280 280 280 280 280 280 280 280 280 280 280 280 280 280 280 280 280 280 280 280 280 280 280 280 280 280 280 280 280 280 280 280 280 280 280 280 280 280 280 280 280 280 280 280 280 280 280 280 280 280 280 280 280 280 280 280 280 280 280 280 280 280 280 280 280 280 280 280 280 280 280 280 280 280 280 280 280 280 280 280 280 280 280 281 281 281 281 269 269 269 269 269 269 269 269 269 269 269 269 269 269 269 269 269 269 269 269 269 270 270 270 270 270 270 270 270 270 270 270 270 270 270 270 270 270 270 270 270 270 271 271 271 271 271 271 271 271 271 271 271 271 271 271 271 271 271 271 271 271 271 271 271 271 272 272 272 272 272 272 272 272 272 272 272 272 272 273 273 273 273 273 273 273 273 273 273 273 273 274 274 274 274 274 274 274 274 274 274 274 274 274 274 274 274 274 274 274 275 275 275 275 275 275 275 275 275 275 275 275 275 275 275 275 275 275 275 275 275 275 276 276 276 276 275 275 276 276 276 276 276 276 276 276 276 276 276 276 276 276 276 276 277 277 277 277 277 277 277 277 277 277 277 276 276 277 277 277 277 277 277 277 277 277 277 277 277 277 278 278 278 279 279 279 279 279 279 279 279 279 279 280 280 280 280 280 280 280 280 280 280 280 280 280 280 280 280 280 280 280 280 280 280 280 280 280 280 280 280 280 280 280 280 280 280 280 280 280 280 280 280 280 280 280 280 280 280 280 280 280 280 280 280 280 280 280 280 280 280 280 280 280 280 280 280 280 280 281 280 280 280 280 280 280 280 280 280 280 280 280 280 280 280 280 280 282 282 282 282 282 282 282 281 268 268 268 269 269 269 269 269 269 269 269 269 269 269 269 269 269 269 269 269 269 269 269 269 269 269 270 270 270 270 270 270 270 270 270 270 270 270 270 270 270 270 270 270 271 271 271 271 271 271 271 271 271 271 271 271 271 271 271 271 271 271 271 271 271 271 271 271 271 272 272 272 272 272 272 272 272 272 272 272 272 272 273 273 273 273 273 273 273 273 273 273 274 274 274 274 274 274 274 274 274 274 274 274 274 274 274 274 274 274 274 274 275 275 275 275 275 275 275 275 275 275 275 275 275 275 275 275 275 275 275 275 275 276 276 276 276 276 276 275 276 276 276 276 276 276 276 276 276 276 276 276 276 276 276 276 276 276 277 277 277 277 277 277 277 277 277 277 277 277 277 277 277 277 277 277 277 277 277 277 278 278 278 278 279 279 279 279 279 279 279 279 279 279 280 280 280 280 280 280 280 280 280 280 280 280 280 280 280 280 280 280 280 280 280 280 280 280 280 280 280 280 280 280 280 280 280 280 280 280 280 280 280 280 280 280 280 280 280 280 280 280 280 280 281 281 280 280 281 280 281 280 280 280 280 280 280 280 281 281 281 281 280 280 280 280 280 280 280 280 280 280 280 280 280 280 280 282 282 282 282 283 283 283 283 282 281 268 268 268 268 268 268 268 269 269 269 269 269 269 269 269 269 269 269 269 269 269 269 269 269 269 269 269 269 269 269 269 269 269 270 270 270 270 270 270 270 270 270 270 270 270 270 270 270 270 271 271 271 271 271 271 271 271 271 271 271 271 271 271 271 271 271 271 271 271 272 272 272 272 272 272 272 272 272 272 272 272 272 272 272 272 273 273 273 273 273 273 273 273 273 273 273 274 274 274 274 274 274 274 274 274 274 274 274 274 274 274 274 274 274 275 275 275 275 275 275 275 275 275 275 275 275 275 275 275 275 275 275 276 275 275 275 276 276 276 276 276 276 276 276 276 276 276 276 276 276 276 276 276 276 276 276 276 276 276 276 277 277 277 277 277 277 277 277 277 277 277 277 277 277 277 277 277 277 277 277 277 278 278 278 278 278 279 279 279 279 279 279 280 279 280 280 280 280 280 280 280 280 280 280 280 280 280 280 280 280 280 280 280 280 280 280 280 280 280 280 280 280 280 280 280 280 280 280 280 280 280 280 280 280 280 280 280 280 280 280 280 280 280 280 280 280 281 281 281 281 281 281 281 280 280 281 280 280 280 280 281 281 281 281 280 280 280 280 280 280 280 280 280 280 280 280 280 280 280 282 282 282 282 283 283 283 283 283 282 282 282 281 268 268 268 268 268 268 268 268 268 268 268 268 268 269 269 269 269 269 269 269 269 269 269 269 269 269 269 269 269 269 269 269 270 270 270 270 270 270 270 270 270 270 270 270 270 270 270 270 270 271 271 271 271 271 271 271 271 271 271 271 271 271 271 271 271 271 271 271 271 272 272 271 272 272 272 272 272 272 272 272 272 272 272 272 272 273 273 273 273 273 273 273 273 273 273 273 273 274 274 274 274 274 274 274 274 274 274 274 274 274 274 274 274 274 275 275 275 275 275 275 275 275 274 275 275 275 275 275 275 275 275 275 276 275 275 276 276 276 276 276 276 276 276 276 276 276 276 276 276 276 276 276 276 276 276 276 276 277 277 277 277 277 277 277 277 277 277 277 277 277 277 277 277 277 277 277 277 277 277 277 277 278 278 278 278 278 279 279 279 279 279 279 279 279 280 280 280 280 280 280 280 280 280 280 280 280 280 280 280 280 280 280 280 280 280 280 280 280 280 280 280 280 280 280 280 280 281 280 280 280 281 280 280 280 281 281 280 280 280 281 281 281 280 280 280 281 281 281 281 281 281 280 280 280 280 281 281 281 281 281 281 281 281 281 280 280 280 280 280 280 281 281 281 281 281 280 280 280 280 280 282 282 283 283 283 283 283 283 283 283 283 283 282 281 281 268 268 268 268 268 268 268 268 268 268 268 268 268 268 268 268 268 268 268 268 268 268 269 269 269 269 269 269 269 269 269 269 269 269 269 270 270 270 270 270 270 270 270 270 270 270 270 270 270 270 271 271 271 271 271 271 271 271 271 271 271 271 271 271 271 271 271 271 271 271 271 271 272 272 272 271 272 272 272 272 272 272 272 272 272 272 272 273 273 273 273 273 273 273 273 273 273 273 274 274 274 274 274 274 274 274 274 274 274 274 274 274 274 274 274 274 274 275 275 274 274 274 274 275 275 275 275 275 275 275 275 275 275 275 276 275 275 276 276 276 276 276 276 276 276 276 276 276 276 276 276 276 276 276 276 276 276 276 276 276 276 277 277 277 277 277 277 277 277 277 277 277 277 277 277 277 277 277 277 277 277 277 277 277 277 278 278 279 279 279 279 279 279 279 279 279 279 279 279 279 280 280 280 280 280 280 280 280 280 280 280 280 280 280 280 280 280 280 280 280 280 280 280 280 280 280 280 280 280 280 281 281 281 280 281 281 281 280 280 281 281 281 281 281 280 280 281 281 281 281 281 281 281 281 280 281 281 281 281 281 281 281 281 281 280 280 280 280 280 280 281 281 281 281 281 281 281 281 280 280 280 281 282 282 282 282 282 282 282 283 282 283 283 283 284 284 284 283 284 284 284 283 281 282 281 268 268 268 268 268 268 268 268 268 268 268 268 268 268 268 268 268 268 268 268 268 269 269 269 269 269 269 269 269 269 269 269 269 269 270 270 270 270 270 270 270 270 270 270 270 270 270 270 270 270 270 271 271 271 271 271 271 271 271 271 271 271 271 271 271 271 271 271 272 272 272 272 272 272 271 271 272 272 272 272 272 272 272 272 272 272 273 273 273 273 273 273 273 273 273 273 273 273 274 274 274 274 274 274 274 274 274 274 274 274 274 274 274 274 274 274 274 274 274 274 274 274 275 275 275 275 275 275 275 275 275 275 275 275 275 275 276 276 276 276 276 276 276 276 276 276 276 276 276 276 276 276 276 276 276 276 276 277 277 276 277 277 277 277 277 277 277 277 277 277 277 277 277 277 277 277 277 277 277 277 277 277 277 277 277 277 279 279 279 279 279 279 279 279 279 279 279 279 279 279 280 280 280 280 280 280 280 280 280 280 280 280 280 280 280 280 280 280 280 280 281 281 281 281 281 281 280 280 280 281 281 280 281 281 281 281 281 281 281 281 281 281 281 281 281 281 281 281 281 281 281 281 281 281 281 281 281 281 281 281 281 281 281 281 280 280 280 280 281 281 281 281 281 281 281 281 281 281 281 281 281 281 281 281 280 280 280 280 280 282 283 283 283 283 283 283 283 283 283 283 284 283 283 284 284 284 284 284 284 284 284 283 282 282 282 282 282 268 268 268 268 268 268 268 268 268 268 268 268 268 268 268 268 268 268 268 268 268 268 268 268 268 268 269 269 269 269 269 269 269 269 269 269 269 270 270 270 270 270 270 270 270 270 270 270 270 270 270 270 270 270 270 270 270 271 271 271 271 271 271 271 271 271 271 271 271 271 271 271 272 272 272 272 272 271 271 272 272 272 272 272 272 272 272 272 272 273 273 273 273 273 273 273 273 273 273 273 273 274 274 274 274 274 274 274 274 274 274 274 274 274 274 274 274 274 274 274 274 274 275 275 275 275 275 275 275 275 275 275 275 275 275 275 275 275 275 276 276 276 276 276 276 276 276 276 276 276 276 276 276 276 276 276 276 276 276 276 277 277 276 276 277 277 277 277 277 277 277 277 277 277 277 277 277 277 277 277 277 277 277 277 277 277 277 277 277 279 279 279 279 279 279 279 279 279 279 279 280 280 279 280 280 280 280 280 280 280 280 280 280 280 280 280 280 280 280 280 281 280 281 281 281 281 281 281 281 281 281 281 281 281 281 281 281 281 281 281 281 281 281 281 281 281 281 281 281 281 281 281 281 281 281 281 281 281 281 281 281 281 281 281 281 281 281 280 280 281 281 281 281 281 281 281 281 281 281 281 281 281 281 281 281 281 281 281 281 281 281 281 281 280 280 280 280 280 280 281 281 281 281 280 280 281 281 281 283 283 284 283 283 284 284 284 284 284 283 283 284 284 284 284 284 285 285 284 284 284 284 283 283 282 282 282 282 268 268 268 268 268 267 267 268 268 268 268 268 268 268 268 268 268 268 268 268 268 268 268 268 268 268 268 269 269 269 269 269 269 269 269 269 269 269 269 270 270 270 270 270 270 270 270 270 270 270 270 270 270 270 270 270 270 271 271 271 271 271 271 271 271 271 271 271 271 271 271 271 271 272 271 271 271 271 272 272 272 272 272 272 272 272 272 272 273 273 273 273 273 273 273 273 273 273 273 273 274 274 274 274 274 274 274 274 274 274 274 274 274 274 274 274 274 274 274 274 274 275 275 275 275 275 275 275 275 275 275 275 275 275 275 275 276 276 276 276 276 276 276 276 276 276 276 276 276 276 276 276 276 276 276 276 276 276 276 277 276 277 277 277 277 277 277 277 277 277 277 277 277 277 277 277 277 277 277 277 277 277 277 277 277 278 277 277 279 279 279 279 279 280 280 279 280 280 280 280 280 280 279 280 280 280 280 280 280 280 280 280 280 280 280 280 280 280 281 281 281 281 281 281 281 281 281 281 281 281 281 281 281 281 281 281 281 281 281 281 281 281 281 281 281 281 281 281 281 281 281 281 281 281 281 281 281 281 281 281 281 281 281 281 281 281 281 281 281 281 281 281 281 281 281 281 281 281 281 281 281 281 281 281 281 281 281 281 281 281 281 281 281 281 281 281 281 281 281 281 281 281 281 281 281 280 281 281 281 281 281 281 281 281 281 281 282 283 284 284 284 284 284 284 284 284 284 284 284 284 285 284 285 285 285 285 285 284 284 284 284 283 283 283 283 283 283 267 268 268 268 268 267 267 267 268 268 268 268 268 268 268 268 268 268 268 268 268 269 268 268 268 268 268 268 268 269 269 269 269 269 269 269 269 269 269 269 270 270 270 270 270 270 270 270 270 270 270 270 270 270 270 270 270 270 270 270 271 271 271 271 271 271 271 271 271 271 271 271 271 271 271 271 272 272 271 271 272 272 272 272 272 272 272 272 272 273 273 273 273 273 273 273 273 273 273 273 273 273 274 274 274 274 274 274 274 274 274 274 274 274 274 274 274 274 274 274 274 274 274 274 275 274 274 275 275 275 275 275 275 275 275 275 275 276 276 276 276 276 276 276 276 276 276 276 276 276 276 276 276 276 276 276 276 276 276 276 277 277 277 277 277 277 277 277 277 277 277 277 277 277 277 277 277 277 277 278 277 277 277 277 277 277 278 277 278 279 279 280 280 280 280 280 280 280 280 280 280 280 280 280 280 280 280 280 280 280 280 280 280 280 280 280 280 280 281 281 281 281 281 281 281 281 281 281 281 281 281 281 281 281 281 281 281 281 281 281 281 281 281 281 281 281 281 281 281 281 281 281 281 281 281 281 281 281 281 281 281 281 281 281 281 281 281 281 281 281 281 281 281 281 281 281 281 281 281 281 281 281 281 281 281 281 281 281 281 281 281 282 282 282 282 281 281 281 281 281 281 281 281 281 282 282 281 282 281 281 281 282 281 281 281 282 281 281 281 282 281 281 281 282 284 284 284 284 284 284 284 284 285 285 285 285 285 285 285 285 285 285 285 285 285 284 285 284 283 283 283 283 283 283 283 283 267 267 267 267 267 267 267 267 267 267 267 268 268 268 268 268 268 268 268 268 268 268 268 268 268 268 268 269 268 268 268 268 268 269 269 269 269 269 269 269 269 269 270 270 270 269 270 269 269 270 270 270 270 270 270 270 270 270 270 270 270 270 270 271 271 271 271 271 271 271 271 271 271 271 271 271 272 272 272 272 272 272 272 272 272 272 272 272 272 272 272 273 273 273 273 273 273 273 273 273 273 273 273 273 273 273 274 274 274 274 274 274 274 274 274 274 274 274 274 274 274 274 274 274 274 274 275 275 275 275 275 275 275 275 275 275 275 275 275 275 276 276 276 276 276 276 276 276 276 276 276 276 276 276 276 276 276 276 276 276 276 276 276 277 277 277 277 277 277 277 277 277 277 277 277 277 277 277 277 277 278 278 278 278 278 278 278 277 278 278 278 280 280 280 280 280 280 280 280 280 280 280 280 280 280 280 280 280 280 280 280 280 280 280 280 280 280 280 281 281 281 281 281 281 281 281 281 281 281 281 281 281 281 281 281 281 281 281 281 281 281 281 281 281 281 281 281 281 281 281 281 281 281 281 281 281 281 281 281 281 281 281 281 281 281 281 281 281 281 281 281 281 281 281 281 281 281 281 281 281 281 281 281 281 281 281 281 281 281 281 282 282 282 282 282 282 281 281 281 281 281 281 281 281 281 281 281 282 282 282 281 281 282 282 282 282 282 282 282 281 282 282 282 281 282 281 281 282 282 281 281 283 284 284 284 284 284 284 285 285 285 285 285 285 285 285 285 285 285 285 285 285 285 285 285 285 285 283 283 283 283 283 283 283 283 283 283 284 267 267 267 267 267 267 267 267 267 267 267 267 267 267 268 268 268 268 268 268 268 268 268 269 269 269 269 268 268 268 268 268 268 268 268 268 269 269 269 269 269 269 269 269 269 269 269 269 269 269 270 270 270 270 270 270 270 270 270 270 270 270 270 270 270 270 270 270 271 271 271 271 271 271 271 271 271 271 271 272 272 272 272 272 272 272 272 272 272 272 272 272 272 273 273 273 273 273 273 273 273 273 273 273 273 273 273 273 273 274 274 274 274 274 274 274 274 274 274 274 274 274 274 274 274 275 275 275 275 275 275 275 275 275 275 275 275 275 275 275 275 275 276 276 276 276 276 276 276 276 276 276 276 276 276 276 276 276 276 276 276 276 276 277 277 277 277 277 277 277 277 277 277 277 277 277 277 277 277 277 277 278 278 277 278 278 278 278 278 278 278 278 278 280 280 280 280 280 280 280 280 280 280 280 280 280 280 280 280 280 280 280 280 280 280 280 280 280 280 281 281 281 281 281 281 281 281 281 281 281 281 281 281 281 281 281 281 281 281 281 281 281 281 281 281 281 281 281 281 281 281 281 281 281 281 281 281 281 281 281 281 281 281 281 281 281 281 281 281 281 281 281 281 281 281 281 281 281 281 281 281 281 281 281 281 281 281 281 281 281 281 281 282 282 282 282 282 282 281 282 282 283 282 281 282 282 282 282 282 282 282 281 281 281 282 282 282 283 282 282 282 281 282 282 282 282 282 282 281 282 283 282 281 283 284 284 284 285 285 284 284 285 285 285 285 285 285 285 285 285 285 285 285 285 285 285 285 285 284 284 283 283 284 284 284 284 284 284 284 284 284 284 284 267 267 267 267 267 267 267 267 267 267 267 267 267 267 267 268 267 267 268 268 268 268 268 268 268 268 268 268 269 269 269 269 269 268 268 268 268 269 269 269 269 269 269 269 269 269 269 269 269 269 270 269 270 270 270 270 270 270 270 270 270 270 270 270 270 270 270 270 271 271 271 271 271 271 271 271 271 271 271 271 271 272 272 272 272 272 272 272 272 272 272 272 272 273 273 273 273 273 273 273 273 273 273 273 273 273 273 273 273 273 274 274 274 274 274 274 274 274 274 274 274 274 274 274 274 274 275 275 275 275 275 274 275 275 275 275 275 275 275 275 275 275 275 276 275 275 276 276 276 276 276 276 276 276 276 276 276 276 276 276 276 276 277 277 277 277 277 277 277 277 277 277 277 277 277 277 277 277 277 278 278 277 277 277 277 277 278 278 278 278 278 278 278 279 280 280 280 280 280 280 280 280 280 280 280 280 280 280 280 280 280 280 280 280 280 280 280 281 281 281 281 281 281 281 281 281 281 281 281 281 281 281 281 281 281 281 281 281 281 281 281 281 281 281 281 281 281 281 281 281 281 281 281 281 281 281 281 281 282 282 282 281 281 281 281 281 281 281 282 281 281 281 281 281 281 281 281 281 281 282 281 281 281 281 281 281 282 282 281 281 281 282 282 282 282 282 281 281 282 281 282 282 282 282 282 283 283 283 283 283 282 282 281 282 283 283 282 282 282 282 282 282 282 282 282 282 283 282 281 282 283 283 282 283 284 284 284 285 285 284 285 285 285 285 285 285 285 285 285 285 285 285 285 285 285 285 285 285 285 284 284 284 284 284 284 284 284 284 284 284 284 284 284 284 284 285 285 285 285 285 285 285 267 267 267 267 267 267 267 267 267 267 267 267 267 267 267 267 267 267 267 267 268 268 267 268 268 268 268 268 268 268 268 269 269 269 268 268 268 268 269 269 269 269 269 269 269 269 269 269 269 269 269 269 270 270 270 270 270 270 270 270 270 270 270 270 270 270 270 270 271 271 271 271 271 271 271 271 271 271 271 271 271 271 271 272 272 272 272 272 272 272 272 272 272 273 273 273 273 273 273 273 273 273 273 273 273 273 273 273 273 273 274 274 274 274 274 274 274 274 274 274 274 274 274 274 274 275 275 274 274 274 274 275 275 275 275 275 275 275 275 275 275 275 275 276 275 275 276 276 276 276 276 276 276 276 276 276 276 276 276 276 276 276 276 276 277 277 277 277 277 277 277 277 277 277 277 277 277 277 277 277 277 277 277 277 277 277 277 278 277 278 278 278 278 279 279 279 279 280 280 280 280 280 280 280 280 280 280 280 280 280 280 280 280 280 280 281 281 281 281 281 281 281 281 281 281 281 281 281 281 281 281 281 281 281 281 281 281 281 281 281 281 281 281 281 281 281 281 281 281 281 281 281 281 281 281 281 281 282 282 282 282 282 282 281 281 281 281 282 282 282 281 281 281 281 281 281 281 281 282 282 281 281 282 282 282 282 282 281 281 281 282 282 282 282 282 282 282 282 283 282 282 282 283 282 282 283 283 283 283 283 282 282 282 282 283 282 282 282 282 282 282 282 282 283 283 283 283 282 282 282 282 283 283 281 282 283 284 284 285 285 285 285 285 285 285 285 285 285 285 285 285 285 285 285 285 285 285 285 285 285 285 285 284 284 284 284 284 284 285 285 284 284 284 284 284 284 285 285 285 285 285 285 285 285 285 285 267 267 267 267 267 267 267 267 267 267 267 267 267 267 267 267 267 267 267 267 267 267 267 267 268 268 268 268 268 268 268 268 268 268 269 269 268 268 268 268 269 269 269 269 269 269 269 269 269 269 269 269 269 269 269 270 270 270 270 270 270 270 270 270 270 270 270 270 270 271 271 271 271 271 271 271 271 271 271 271 271 271 271 272 272 272 272 272 272 272 272 272 272 272 272 273 273 273 273 273 273 273 273 273 273 273 273 273 273 273 273 274 274 274 274 274 274 274 274 274 274 274 274 274 274 274 274 274 274 275 275 275 275 275 275 275 275 275 275 275 275 275 275 275 275 275 276 276 276 276 276 276 276 276 276 276 276 276 276 276 277 277 276 276 276 276 277 277 277 277 277 277 277 277 277 277 277 277 277 277 277 277 277 277 277 277 277 277 277 277 277 277 277 277 279 279 279 279 280 280 280 280 280 280 280 280 280 280 280 280 280 280 280 280 280 280 281 281 281 281 281 281 281 281 281 281 281 281 281 281 281 281 281 281 281 281 281 281 281 281 281 281 281 281 281 281 281 281 281 281 281 281 281 281 281 281 281 281 282 282 282 282 282 282 282 282 282 282 282 282 282 282 281 281 281 281 281 281 281 282 282 282 282 282 282 282 282 282 282 281 281 282 282 282 282 282 282 283 283 283 283 282 282 283 283 283 283 283 283 283 283 282 282 283 283 283 282 282 282 282 283 283 282 282 283 283 283 283 283 282 282 282 283 284 282 281 283 284 285 285 285 285 285 285 285 285 285 286 285 285 285 285 285 285 285 285 285 285 285 285 285 285 285 285 284 284 284 285 285 285 285 285 285 285 285 284 284 284 285 285 285 285 285 285 285 285 285 285 285 285 266 267 267 267 267 267 267 267 267 267 267 267 267 267 267 267 267 267 267 267 267 267 267 267 267 267 268 267 268 268 268 268 268 268 268 268 268 269 269 268 268 269 269 269 269 269 269 269 269 269 269 269 269 269 269 270 270 270 270 270 270 270 270 270 270 270 270 270 270 270 271 271 271 271 271 271 271 271 271 271 271 271 271 271 272 272 272 272 272 272 272 272 272 272 272 272 273 273 273 273 273 273 273 273 273 273 273 273 273 273 274 274 274 274 274 274 274 274 274 274 274 274 274 274 274 274 274 274 275 275 275 275 275 275 275 275 275 275 275 275 275 275 275 275 275 275 275 275 276 276 276 276 276 276 276 276 276 276 276 276 276 276 276 276 276 276 276 276 277 277 277 277 277 277 277 277 277 277 277 277 277 277 277 277 277 277 277 277 277 277 277 277 277 277 277 279 279 279 279 279 280 280 280 280 280 280 280 280 280 280 280 280 280 280 280 280 281 281 281 281 281 281 281 281 281 281 281 281 281 281 281 281 281 281 281 281 281 281 281 281 281 281 281 281 281 281 281 281 281 281 281 281 282 282 282 282 282 281 282 282 282 282 282 282 282 282 282 282 282 282 282 282 282 282 282 281 281 281 281 281 281 282 282 282 282 282 282 282 282 282 282 282 281 282 282 282 282 282 282 282 282 282 282 282 282 283 283 283 283 283 283 283 283 283 283 283 283 283 283 283 283 283 283 283 282 283 283 283 283 283 283 283 283 283 283 283 283 282 283 284 285 285 285 285 285 285 285 285 285 286 286 286 285 285 285 285 285 285 286 286 286 285 285 285 285 285 285 284 284 285 285 285 285 285 285 285 285 285 285 285 285 285 285 285 285 285 285 285 285 285 285 285 285 285 267 267 267 267 267 267 267 267 267 267 267 267 267 267 267 267 267 267 267 268 268 268 268 268 268 268 268 268 268 268 268 268 268 268 268 268 269 269 269 269 269 269 269 269 269 269 269 269 269 269 269 269 269 269 269 269 269 270 270 270 270 270 270 270 270 270 270 270 270 270 270 270 270 270 271 271 271 271 271 271 271 271 271 271 271 271 272 272 272 272 272 272 272 272 272 272 272 272 272 272 273 273 273 273 273 273 273 273 273 273 273 273 273 273 273 273 273 274 274 274 274 274 274 274 274 274 274 274 274 274 274 274 274 275 275 275 274 274 275 275 275 275 275 275 275 275 275 275 275 275 275 275 275 275 276 276 276 275 275 275 275 275 275 275 275 275 276 276 276 276 276 276 276 276 276 276 276 276 276 276 276 276 276 276 276 276 276 276 276 276 276 276 277 277 277 277 278 278 278 278 278 278 278 278 278 278 278 278 278 278 278 278 278 278 278 279 279 279 279 279 279 279 279 279 279 279 279 279 279 279 279 279 279 279 279 279 279 279 279 279 279 279 280 279 279 281 281 281 281 281 282 282 282 282 282 282 282 282 282 282 282 282 282 282 282 282 282 282 282 282 282 282 282 282 282 282 282 282 282 282 282 282 282 282 282 282 282 282 282 282 282 282 282 282 282 282 283 283 283 283 283 283 283 283 283 283 283 283 283 283 283 284 283 284 284 284 284 284 284 284 283 284 283 283 283 283 283 283 284 284 283 283 283 283 284 284 283 282 283 284 284 285 285 285 285 285 285 285 285 286 286 286 285 285 285 285 285 285 285 285 285 285 286 286 286 285 285 285 285 285 285 285 285 285 285 285 285 285 286 285 285 285 285 286 286 286 286 286 286 286 286 286 286 286 286 286 286 266 267 267 267 267 267 267 267 267 267 267 267 267 267 267 267 268 268 268 268 268 268 268 268 268 268 268 268 268 268 268 268 268 268 268 268 269 268 269 269 269 269 269 269 269 269 269 269 268 268 269 269 269 269 269 269 269 269 269 270 269 270 270 270 270 270 270 270 270 270 270 270 270 270 270 270 270 271 271 271 271 271 271 271 271 271 271 271 271 271 271 271 272 272 272 272 272 272 272 272 272 272 272 273 273 273 273 273 273 273 273 273 273 273 273 273 273 273 273 273 274 274 274 274 274 274 274 274 274 274 274 274 274 274 274 274 274 275 274 274 274 275 275 274 275 275 275 275 275 275 275 275 275 275 275 275 275 276 276 275 275 275 275 275 275 275 275 275 275 276 276 276 275 276 276 276 276 276 276 276 276 276 276 276 276 276 276 276 276 276 277 277 276 276 277 277 277 277 278 278 278 278 278 278 278 278 278 278 278 278 278 278 278 278 278 278 278 278 279 279 279 279 279 279 279 279 279 279 279 279 279 279 279 279 279 279 279 280 280 280 279 279 279 279 280 280 280 280 281 281 281 282 282 282 282 282 282 282 282 282 282 282 282 282 282 282 282 282 282 282 282 282 282 282 282 282 282 282 282 282 282 282 282 282 282 282 282 282 282 282 282 282 282 283 283 283 283 282 282 282 282 282 283 283 283 283 283 283 283 283 283 283 283 283 283 284 284 284 284 284 284 284 284 284 284 283 283 283 283 283 284 284 284 284 284 283 283 284 284 283 282 283 284 284 284 285 285 285 285 285 285 285 286 286 286 286 286 286 286 285 285 285 285 285 285 285 286 286 286 285 285 285 285 285 285 285 285 285 285 285 286 286 285 285 286 286 286 286 286 286 286 286 286 286 286 286 286 286 286 286 286 286 266 266 267 267 267 267 267 267 267 267 267 267 267 267 267 267 267 268 268 268 268 268 268 268 268 268 268 268 268 268 268 268 269 269 269 269 268 268 269 269 269 269 269 269 269 269 269 269 269 269 269 269 269 269 269 269 269 269 269 269 269 270 270 270 270 270 270 270 270 270 270 270 270 270 270 270 270 271 271 271 271 271 271 271 271 271 271 271 271 271 271 271 272 272 272 272 272 272 272 272 272 272 272 273 273 273 273 273 273 273 273 273 273 273 273 273 273 273 273 273 274 274 274 274 274 274 274 274 274 274 274 274 274 274 274 274 274 274 274 274 274 275 275 274 274 274 275 275 275 275 275 275 275 275 275 275 275 275 276 276 275 275 275 276 276 275 276 276 276 276 276 276 276 276 276 276 276 276 276 276 276 276 276 276 276 276 276 276 276 276 277 277 277 277 277 277 277 277 278 278 278 278 278 278 278 278 278 278 278 278 278 278 278 278 278 278 278 279 279 279 279 279 279 279 279 279 279 279 279 279 279 279 279 279 279 279 280 280 280 280 279 279 279 280 280 280 280 280 281 281 281 282 282 282 282 282 282 282 282 282 282 282 282 282 282 282 282 282 282 282 282 282 282 282 283 282 282 282 282 282 282 282 282 282 282 282 282 282 282 282 282 282 282 283 282 283 282 282 282 282 282 282 283 283 283 283 283 283 283 283 283 283 283 283 283 284 284 284 283 284 284 284 284 284 284 284 284 284 283 284 284 284 285 284 284 284 284 283 283 283 283 282 283 284 284 284 285 285 285 285 285 285 286 286 286 286 286 286 286 286 286 286 285 286 286 285 285 285 285 286 285 285 285 285 285 286 286 286 285 285 285 286 286 286 286 285 285 286 286 286 286 286 286 286 286 286 286 286 286 286 286 286 286 286 286 266 267 267 267 267 267 267 267 267 267 267 267 267 267 267 267 267 267 267 267 267 267 268 268 268 268 268 268 268 268 268 268 268 268 268 268 268 268 269 269 269 269 269 269 269 269 269 269 269 269 269 269 269 269 269 269 269 269 269 269 269 270 270 270 270 270 270 270 270 270 270 270 270 270 271 271 271 271 271 271 271 271 271 271 271 271 271 271 271 271 271 272 272 272 272 272 272 272 272 272 272 272 273 273 273 273 273 273 273 273 273 273 273 273 273 273 273 273 273 273 274 274 274 274 274 274 273 274 274 274 274 274 274 274 274 274 274 274 274 275 274 275 274 274 274 275 275 275 275 275 275 275 275 275 275 275 275 276 276 276 276 276 276 275 275 275 276 276 276 276 276 276 276 276 276 276 276 276 276 276 276 276 276 276 276 276 276 276 276 277 277 277 277 277 277 277 277 278 278 278 278 278 278 278 278 278 278 278 278 278 279 279 278 278 278 278 279 279 279 279 279 279 279 279 279 279 279 279 279 279 279 279 279 279 280 280 280 280 280 280 279 279 280 280 280 280 280 281 281 281 282 282 282 282 282 282 282 282 282 282 282 282 282 282 282 282 282 282 282 282 283 283 283 283 283 282 282 282 282 282 282 282 282 282 282 282 282 282 282 282 282 282 282 282 282 282 282 282 282 282 283 283 284 284 284 284 284 283 283 283 283 283 283 284 284 284 284 284 284 284 284 284 284 284 284 284 284 284 284 284 284 284 285 284 284 283 283 283 283 283 283 283 284 284 285 285 285 285 285 286 286 286 286 286 286 286 286 286 286 286 286 286 286 286 286 286 286 286 285 285 285 285 285 286 285 286 286 286 286 286 285 285 285 286 285 286 286 286 286 286 286 286 286 286 286 286 286 286 286 286 286 286 286 286 286 266 266 266 267 267 267 267 267 267 267 267 267 267 267 267 267 267 267 267 267 267 267 267 268 268 268 268 268 268 268 268 268 268 268 268 268 268 268 269 269 269 269 269 269 269 269 269 268 268 269 269 269 269 269 269 269 269 269 269 269 269 269 270 270 270 270 270 270 270 270 270 270 270 270 270 270 270 271 271 271 271 271 271 271 271 271 271 271 271 271 272 272 272 272 272 272 272 272 272 272 272 272 272 273 273 273 273 273 273 273 273 273 273 273 273 273 273 273 273 273 273 274 274 274 274 274 274 274 274 274 274 274 274 274 274 274 274 274 274 274 274 274 274 274 275 275 275 275 275 275 275 275 275 275 275 275 275 276 276 276 276 276 276 275 275 275 275 275 275 276 276 276 276 276 276 276 276 276 276 276 276 276 276 276 276 276 276 277 277 277 277 277 277 277 277 277 277 278 278 278 278 278 278 278 278 278 278 278 278 278 279 279 278 278 278 278 279 279 279 279 279 279 279 279 279 279 279 279 279 279 279 279 280 280 280 280 280 280 280 280 279 279 280 280 280 280 280 282 281 281 282 282 282 282 282 282 282 282 282 282 282 282 282 282 282 282 282 282 282 283 283 283 283 283 283 283 282 282 282 282 282 282 282 282 282 282 282 282 282 282 282 282 283 282 282 282 282 282 282 282 283 283 284 283 283 283 283 283 283 283 283 283 283 284 284 284 284 284 284 284 284 284 284 284 284 284 285 285 285 285 285 285 285 285 284 284 283 283 283 283 283 283 284 284 285 285 285 285 286 286 286 286 286 286 286 286 286 286 286 286 286 286 286 286 286 286 286 286 286 286 286 285 285 286 286 286 286 286 286 286 286 286 286 286 286 286 286 286 286 286 286 286 286 286 287 287 287 287 286 266 266 266 266 266 266 266 266 266 266 267 267 267 267 267 267 267 267 267 267 267 267 267 267 267 267 268 268 268 268 268 268 268 268 268 268 268 268 268 268 268 269 269 269 269 269 269 269 269 268 268 269 269 269 269 269 269 269 269 269 269 269 269 269 270 269 270 270 270 270 270 270 270 270 270 270 270 270 271 271 271 271 271 271 271 271 271 271 271 271 271 271 271 271 272 272 272 272 272 272 272 272 272 272 272 272 273 273 273 273 273 273 273 273 273 273 273 273 273 273 273 273 273 274 274 274 274 274 274 274 274 274 274 274 274 274 274 274 274 274 274 274 274 274 274 275 275 275 275 275 275 275 275 275 275 275 275 275 275 276 276 276 276 276 276 276 276 275 275 275 275 276 276 276 276 276 276 276 276 276 276 276 276 276 276 276 276 276 277 277 277 277 277 277 277 277 277 277 277 278 278 278 278 278 278 278 278 278 278 278 278 278 279 279 278 278 278 279 279 279 279 279 279 279 279 279 279 279 279 279 279 279 279 280 280 280 280 280 280 280 280 280 279 280 280 280 280 280 280 282 282 281 282 282 282 282 282 282 282 282 282 282 282 282 282 282 283 283 282 282 283 283 283 283 283 283 283 283 283 283 283 283 283 282 282 282 282 282 282 282 282 282 283 283 282 282 282 282 282 282 282 283 283 283 283 283 283 283 283 283 283 283 283 283 284 284 284 284 284 284 284 284 284 284 284 284 284 285 285 285 285 285 285 285 284 285 285 284 284 284 284 283 283 284 283 284 284 284 285 285 285 286 286 286 286 286 286 286 286 286 286 286 286 286 286 286 286 286 286 286 286 286 286 286 286 286 286 286 286 286 286 286 286 286 286 286 286 286 286 286 286 286 287 287 287 287 287 287 287 287 266 266 266 266 266 266 266 266 266 267 267 267 267 267 267 267 267 267 267 267 267 267 267 267 267 267 267 268 268 268 268 268 268 268 268 268 268 268 268 268 268 268 268 269 269 269 269 269 269 268 268 269 269 269 269 269 269 269 269 269 269 269 269 269 270 270 270 270 270 270 270 270 270 270 270 270 270 270 270 271 271 271 271 271 271 271 271 271 271 271 271 271 271 271 272 272 272 272 272 272 272 272 272 272 272 272 272 273 273 273 273 273 273 273 273 273 273 273 273 273 273 273 273 273 274 274 274 274 274 274 274 274 274 274 274 274 274 274 274 274 274 274 274 274 274 275 275 275 275 275 275 275 275 275 275 275 275 275 275 275 276 276 276 276 276 275 275 275 275 275 275 275 275 276 276 276 276 276 276 276 276 276 276 276 276 276 276 276 277 277 277 277 277 277 277 277 277 277 277 278 278 278 278 278 278 278 278 278 278 278 278 278 278 278 278 278 279 279 279 279 279 279 279 279 279 279 279 279 279 279 279 279 280 280 280 280 280 280 280 280 280 280 280 280 280 280 280 280 280 282 282 282 282 282 282 282 282 282 282 282 282 282 282 282 282 282 283 283 282 283 283 282 283 283 283 283 283 283 283 283 283 283 283 282 282 282 282 282 282 282 282 282 282 282 282 282 282 282 282 282 282 283 284 283 283 283 283 283 283 283 283 284 284 284 284 284 284 284 284 284 284 284 284 284 285 284 284 284 285 285 285 285 285 284 284 284 284 285 285 284 284 284 284 284 284 284 284 284 285 285 285 286 286 286 286 286 287 287 286 286 286 286 286 286 286 286 286 286 286 286 286 286 286 286 286 286 286 286 286 286 286 286 286 286 286 286 286 286 286 287 287 287 287 287 287 287 287 287 265 265 265 265 265 265 265 265 266 266 266 266 266 266 266 267 267 267 267 267 267 267 267 267 267 267 267 267 267 267 267 267 267 267 268 268 268 268 268 268 268 268 268 268 268 268 268 268 269 269 269 269 269 269 269 268 268 269 269 269 269 269 269 269 269 269 269 269 270 269 270 270 270 270 270 270 270 270 270 270 270 270 270 270 270 270 271 271 271 271 271 271 271 271 271 271 271 271 271 271 272 272 272 272 272 272 272 272 272 272 272 272 272 273 273 273 273 273 273 273 273 273 273 273 273 273 273 273 273 273 273 274 274 274 274 274 274 274 274 274 274 274 274 274 274 274 274 274 274 274 274 274 274 275 275 275 275 275 275 275 275 275 275 275 275 276 276 276 276 276 276 275 275 275 275 275 275 275 275 276 276 276 276 276 276 276 276 276 276 276 276 276 276 277 277 277 277 277 277 277 277 277 277 277 277 278 278 278 278 278 278 278 278 278 278 278 278 278 278 278 278 278 278 279 279 279 279 279 279 279 279 279 279 279 279 279 279 280 280 280 280 280 280 280 280 280 280 280 280 280 280 280 280 280 280 282 282 282 282 282 282 282 282 282 282 282 282 282 282 282 282 282 282 282 282 282 282 282 283 283 283 283 283 283 283 283 283 283 283 283 283 283 283 283 283 282 282 282 282 283 282 282 282 282 282 282 283 283 283 283 283 283 283 284 284 284 284 284 284 284 284 284 284 284 284 284 284 284 284 284 285 284 284 285 285 285 285 285 285 285 284 284 284 284 284 284 284 284 284 284 284 284 284 284 284 285 285 285 285 286 286 286 286 286 287 287 286 286 286 286 286 286 286 286 286 286 286 286 286 286 286 286 286 286 286 286 286 286 286 286 286 286 286 286 286 286 287 287 287 287 265 265 265 265 265 265 265 265 265 265 266 266 266 266 266 266 266 266 267 267 267 267 267 267 267 267 267 267 267 267 267 267 267 267 267 267 268 268 268 268 268 268 268 268 268 268 268 268 268 268 269 269 269 269 269 268 268 268 269 269 269 269 269 269 269 269 269 269 269 269 269 270 270 270 270 270 270 270 270 270 270 270 270 270 270 270 270 270 271 271 271 271 271 271 271 271 271 271 271 271 271 272 272 272 272 272 272 272 272 272 272 272 272 272 273 273 273 273 273 273 273 273 273 273 273 273 273 273 273 273 273 274 274 274 274 274 274 274 274 274 274 274 274 274 274 274 274 274 274 274 274 275 275 275 275 275 275 275 275 275 275 275 275 275 275 275 275 275 275 276 275 275 275 276 276 276 276 276 276 275 275 276 276 276 276 276 276 276 276 277 276 276 277 277 277 277 277 277 277 277 277 277 277 277 277 278 278 278 278 278 278 278 278 278 278 278 278 278 278 278 278 278 279 279 279 279 279 279 279 279 279 279 279 279 279 280 280 280 280 280 280 280 280 280 280 280 280 280 280 280 280 280 280 280 280 282 282 282 282 282 282 282 282 282 282 282 282 282 282 282 282 282 282 282 282 282 282 282 283 283 283 283 283 283 283 283 283 283 283 283 283 283 283 283 283 283 282 283 283 283 282 282 282 283 283 284 283 283 283 283 283 283 283 284 284 284 284 284 284 284 284 284 284 284 284 284 284 285 285 285 285 285 285 285 285 285 285 285 285 285 284 284 284 284 284 284 284 285 285 284 284 284 284 284 284 285 285 285 285 286 286 286 287 286 286 286 287 286 286 286 286 286 286 286 286 286 286 286 286 286 286 286 286 286 286 286 286 286 286 286 286 286 287 287 287 287 287 264 265 265 265 265 265 265 265 265 265 266 266 266 266 266 266 266 266 267 267 267 267 267 267 267 267 267 267 267 267 267 267 267 267 267 267 267 268 268 268 268 268 268 268 268 268 268 268 268 268 268 269 269 269 269 268 268 268 268 269 269 269 269 269 269 269 269 269 269 269 269 269 270 270 270 270 270 270 270 270 270 270 270 270 270 270 270 270 270 270 271 271 271 271 271 271 271 271 271 271 271 271 272 272 272 272 272 272 272 272 272 272 272 272 272 273 273 273 273 273 273 273 273 273 273 273 273 273 273 273 273 273 274 274 274 274 274 274 274 274 274 274 274 274 274 274 274 274 274 274 275 275 275 275 275 275 275 275 275 275 275 275 275 275 275 275 275 275 275 275 275 276 276 276 276 276 275 275 275 276 276 275 276 276 276 276 276 276 276 277 277 277 277 277 277 277 277 277 277 277 277 277 277 277 277 278 278 278 278 278 278 278 278 278 278 278 278 278 278 278 278 279 279 279 279 279 279 279 279 279 279 279 279 279 280 280 280 280 280 280 280 280 280 280 280 280 280 280 280 280 280 280 280 280 281 282 282 282 282 282 282 282 282 282 282 282 282 282 282 282 282 283 283 282 282 282 282 282 283 283 283 283 283 283 283 283 283 283 283 283 283 283 284 283 283 283 283 283 283 282 282 283 283 283 284 284 283 283 283 283 284 284 284 284 284 284 284 284 284 284 284 285 284 284 284 285 285 285 285 285 285 285 285 285 285 285 285 285 285 284 284 285 285 285 285 285 285 286 285 284 285 284 284 284 284 285 285 286 286 286 287 287 287 287 287 287 287 287 287 287 287 286 286 286 286 286 286 286 286 286 286 286 286 286 286 286 286 286 287 287 287 287 287 287 287 287 287 264 264 265 265 265 265 265 265 265 265 265 266 266 266 266 266 266 266 266 267 267 267 267 267 267 267 267 267 267 267 267 267 267 267 267 267 267 267 267 268 268 268 268 268 268 268 268 268 268 268 268 269 269 269 269 268 268 268 268 268 268 269 269 269 269 269 269 269 269 269 269 269 269 269 270 270 270 270 270 270 270 270 270 270 270 270 270 270 270 270 270 270 271 271 271 271 271 271 271 271 271 271 272 272 272 272 272 272 272 272 272 272 272 272 272 273 273 273 273 273 273 273 273 273 273 273 273 273 273 273 273 273 273 274 274 274 274 274 274 274 274 274 274 274 274 274 274 274 274 275 275 275 275 275 275 275 275 275 275 275 275 275 275 275 275 275 275 275 275 275 275 275 276 275 275 275 275 275 275 275 275 276 276 276 276 276 276 276 276 276 277 276 277 277 277 277 277 277 277 277 277 277 277 277 277 278 278 278 278 278 278 278 278 278 278 278 279 278 278 279 279 279 279 279 279 279 279 279 279 279 279 279 279 280 280 280 280 280 280 280 280 280 280 280 280 280 280 280 280 280 280 280 280 280 280 282 282 282 282 282 282 282 282 282 282 282 282 282 282 282 283 283 283 283 283 283 283 283 282 282 283 283 283 283 283 283 283 283 283 283 283 283 284 284 283 283 283 283 283 282 282 283 284 283 283 283 283 283 283 284 284 284 284 284 284 284 284 284 284 284 284 284 284 284 284 285 285 285 285 285 285 285 285 285 285 286 286 285 285 285 285 285 285 285 285 285 285 285 285 285 285 285 284 284 284 284 284 284 285 285 285 286 286 287 287 287 287 287 287 287 287 287 287 287 287 286 286 287 287 286 286 286 286 286 286 287 286 286 286 286 287 287 287 287 287 287 287 287 287 287 264 264 265 265 266 266 266 265 265 265 266 266 266 266 266 266 266 266 266 266 266 267 267 267 267 267 267 267 267 267 267 267 267 267 267 267 267 267 267 268 268 268 268 268 268 268 268 268 269 269 269 269 269 269 268 268 268 268 268 268 268 269 269 269 269 269 269 269 269 269 269 269 269 269 270 270 270 270 270 270 270 270 270 270 270 270 270 270 270 270 270 270 271 271 271 271 271 271 271 271 271 271 272 272 272 272 272 272 272 272 272 272 272 272 273 273 273 272 273 273 273 273 273 273 273 273 273 273 273 273 273 273 274 274 274 274 274 274 274 274 274 274 274 274 274 274 274 274 274 274 275 275 275 275 275 275 275 275 275 275 275 275 275 275 275 275 275 275 276 276 276 275 275 275 275 275 275 275 275 275 276 276 276 276 276 276 276 276 276 277 276 276 276 277 277 277 277 277 277 277 277 277 277 277 278 278 278 278 278 278 278 278 278 278 279 279 279 279 279 279 279 279 279 279 279 279 279 279 279 279 279 279 280 280 280 280 280 280 280 280 280 280 280 280 280 280 280 280 280 280 280 280 280 281 282 282 282 282 282 282 282 282 282 282 282 282 283 283 282 283 283 283 283 283 283 283 283 282 282 283 283 283 283 283 283 283 283 283 283 283 283 284 284 284 284 283 283 283 283 283 283 283 283 283 283 283 284 284 284 284 284 284 284 284 284 284 284 284 284 284 284 284 284 284 285 284 285 285 285 285 285 285 285 285 285 286 285 285 285 285 285 285 285 285 285 285 285 285 286 286 285 285 285 284 284 284 284 284 284 285 285 285 286 286 287 287 287 287 287 287 287 287 287 287 287 287 287 287 287 287 287 287 287 287 286 286 286 287 287 287 287 287 287 287 287 287 287 287 287 287 287 264 264 264 265 265 266 266 266 266 265 265 265 265 266 266 266 266 266 266 266 266 266 267 267 267 267 267 267 267 267 267 267 267 267 267 267 267 267 267 267 268 268 268 268 268 268 268 268 268 269 269 269 269 268 268 268 268 268 268 268 269 269 269 269 269 269 268 269 269 269 269 269 269 269 269 269 269 269 269 270 270 270 270 270 270 270 270 270 270 271 271 271 271 271 271 271 271 271 271 271 271 271 271 272 272 272 272 272 272 272 272 272 272 272 272 272 272 272 273 273 273 273 273 273 273 273 273 273 273 273 273 273 273 273 274 274 274 274 274 274 274 274 274 274 274 274 274 274 274 274 275 275 275 275 275 275 275 275 275 275 275 275 275 275 276 276 276 275 275 275 275 275 276 276 275 275 276 275 275 275 276 276 276 276 276 276 276 276 276 276 277 276 276 277 277 277 277 277 277 277 277 277 277 277 278 278 278 278 278 278 278 278 278 279 279 279 279 279 279 279 279 279 279 279 279 279 279 279 279 279 279 279 280 280 280 280 280 280 280 280 280 280 280 280 280 280 280 280 280 280 280 280 280 280 282 282 282 282 282 282 282 282 282 282 282 282 283 283 283 283 283 283 283 283 283 283 283 283 282 283 283 283 283 283 283 283 283 284 283 284 284 284 284 284 284 283 283 283 283 283 283 284 283 283 283 283 284 284 284 284 284 284 284 284 284 284 284 284 284 284 284 284 284 284 284 285 285 285 285 285 285 285 285 286 286 286 286 285 285 286 286 286 286 285 285 286 285 285 285 286 285 285 285 285 285 284 284 284 285 284 285 285 286 286 286 287 287 287 287 287 287 287 287 287 287 287 288 288 288 287 287 287 287 287 287 287 287 287 287 287 287 287 287 287 287 287 287 287 287 287 264 264 264 264 265 265 266 266 266 266 265 265 266 266 266 266 266 266 266 266 266 267 267 267 267 267 267 267 267 267 267 267 267 267 267 267 267 267 267 267 268 268 268 268 268 268 268 268 268 268 269 269 269 268 268 268 268 268 268 268 268 269 269 269 269 268 269 269 269 268 269 269 269 269 269 269 269 269 269 270 270 270 270 270 270 270 270 270 271 271 271 271 271 271 271 271 271 271 271 271 271 271 272 272 272 272 272 272 272 272 272 272 272 272 272 272 273 273 273 273 273 273 273 273 273 273 273 273 273 273 273 273 273 273 274 274 274 274 274 274 274 274 274 274 274 274 274 275 275 275 275 275 275 275 275 275 275 275 275 275 275 275 276 275 276 276 275 275 275 275 276 276 276 275 276 275 275 275 275 276 276 276 276 276 276 276 276 276 276 277 277 276 277 277 277 277 277 277 277 277 277 277 277 278 278 278 278 278 278 278 278 279 279 279 279 279 279 279 279 279 279 279 279 279 279 279 279 279 279 279 279 280 280 280 280 280 280 280 280 280 280 280 280 280 280 280 280 280 280 280 280 280 281 282 282 282 282 282 282 282 282 283 283 283 283 283 283 283 283 283 283 283 283 283 283 283 283 283 283 283 283 283 283 283 283 283 284 284 284 284 284 284 284 284 283 283 283 283 283 284 284 283 283 283 284 284 284 284 284 284 284 284 284 284 284 284 284 284 284 285 285 285 284 284 285 285 285 285 285 285 285 285 285 286 286 286 286 286 286 286 286 286 286 286 286 286 285 285 285 285 285 285 285 285 285 285 285 285 285 285 285 285 285 285 285 285 285 286 286 286 287 287 287 287 287 287 287 287 287 287 287 287 288 288 288 288 288 288 287 287 287 287 287 287 287 287 287 287 264 264 264 264 264 265 265 266 266 266 265 266 266 266 266 266 266 266 266 266 266 266 267 267 267 267 267 267 267 267 267 267 267 267 267 267 267 267 267 267 268 268 268 268 268 268 268 268 268 268 268 269 269 268 268 268 268 268 268 268 268 268 269 269 269 269 269 269 269 269 269 269 269 269 269 269 269 269 269 269 269 269 270 270 270 270 270 271 271 271 271 271 271 271 271 271 271 271 271 271 271 271 272 272 272 272 272 272 272 272 272 272 272 272 272 272 273 273 273 273 273 273 273 273 273 273 273 273 273 273 273 273 273 273 274 274 274 274 274 274 274 274 274 274 274 274 274 274 274 275 275 275 275 275 275 275 275 275 275 275 275 275 275 275 275 275 275 275 275 276 276 276 276 276 276 276 276 276 276 276 276 276 276 276 276 276 276 276 276 277 277 277 277 277 277 277 277 277 277 277 277 277 277 278 278 278 278 278 278 278 279 279 279 279 279 279 279 279 279 279 279 279 279 279 279 279 279 279 279 279 279 280 280 280 280 280 280 280 280 280 280 280 280 280 280 280 280 280 280 280 280 281 281 282 282 282 282 282 282 282 282 283 283 283 283 283 283 283 283 283 283 283 283 283 283 283 283 283 283 283 283 283 283 283 283 284 284 284 284 284 284 284 284 284 284 283 284 284 284 284 284 284 284 284 284 284 284 284 284 284 284 284 284 284 284 284 284 284 284 285 285 285 285 284 285 285 285 285 286 285 285 286 286 286 286 286 286 286 286 286 287 287 287 286 286 286 286 285 286 286 285 286 286 285 285 285 285 285 285 285 285 285 286 285 285 286 285 286 286 287 287 287 287 287 287 287 287 288 288 288 288 288 288 288 288 287 287 288 288 287 287 287 287 287 287 287 287 287 264 264 264 264 264 264 265 265 265 265 266 266 266 266 266 266 266 266 266 266 266 266 267 267 267 267 267 267 267 267 267 267 267 268 267 267 267 267 267 267 267 267 268 268 268 268 268 268 268 268 268 268 268 268 268 268 268 268 268 268 268 268 268 269 269 269 269 269 269 269 269 269 269 269 269 269 269 269 269 269 269 270 270 270 270 270 270 270 271 271 271 271 271 271 271 271 271 271 271 271 271 271 271 272 272 272 272 272 272 272 272 272 272 272 272 273 273 273 273 273 273 273 273 273 273 273 273 273 273 273 273 273 273 273 274 274 274 274 274 274 274 274 274 274 274 274 274 274 274 275 275 275 275 275 275 275 275 275 275 275 275 275 275 275 275 275 275 275 275 275 276 275 275 276 276 276 276 276 276 276 276 276 276 276 276 276 276 276 276 277 277 277 277 277 277 277 277 277 277 277 277 277 277 278 278 278 278 278 278 279 279 279 279 279 279 279 279 279 279 279 279 279 279 279 279 279 279 279 279 279 279 280 280 280 280 280 280 280 280 280 280 280 280 280 280 280 280 280 280 280 280 281 281 283 282 283 283 283 282 282 282 283 283 283 283 283 283 283 283 283 283 283 283 283 283 284 283 283 283 283 283 283 283 283 284 284 284 284 284 284 284 284 284 284 284 284 284 284 284 284 284 284 284 284 284 284 284 284 284 284 284 284 284 284 284 285 285 285 285 285 285 285 285 285 284 284 285 286 286 286 286 286 286 286 286 286 286 286 286 286 287 287 287 287 287 287 286 286 286 286 286 285 285 285 285 285 285 285 285 285 285 286 286 285 285 286 286 286 286 287 287 287 287 287 287 287 287 287 288 288 288 288 288 288 288 288 288 287 288 288 288 287 287 287 287 287 287 287 287 264 264 264 264 264 264 264 265 265 265 265 266 266 266 266 266 267 267 266 266 266 266 267 267 267 267 267 267 267 267 267 267 267 267 267 267 267 267 267 267 267 267 267 268 268 268 268 268 268 268 268 268 268 268 268 268 268 268 268 268 268 268 268 269 269 269 269 269 269 269 269 269 269 269 269 269 269 269 269 270 270 270 270 270 270 270 270 271 271 271 271 271 271 271 271 271 271 271 271 271 271 271 271 272 272 272 272 272 272 272 272 272 272 272 273 273 273 273 273 273 273 273 273 273 273 273 273 273 273 273 273 273 273 274 274 274 274 274 274 274 274 274 274 274 274 274 274 274 274 274 275 275 275 274 275 275 275 275 275 275 275 275 275 275 275 275 275 275 275 276 276 275 275 276 275 275 276 276 276 276 276 276 276 276 276 276 276 276 276 276 276 277 277 277 277 277 277 277 277 277 277 277 277 278 278 278 279 279 278 279 279 279 279 279 279 279 279 279 279 279 279 279 279 279 279 279 279 279 279 279 279 280 280 280 280 280 280 280 280 280 280 280 280 280 280 280 280 280 280 280 280 281 281 283 283 283 283 283 282 282 282 283 283 283 283 283 283 283 283 283 283 283 283 283 283 284 284 284 283 283 283 283 283 284 284 284 284 284 284 284 284 284 284 284 284 284 284 284 284 284 284 284 284 284 284 284 284 284 284 284 284 284 284 285 284 284 285 285 285 285 285 286 286 285 284 284 285 285 286 286 286 286 286 286 287 286 286 286 286 286 287 287 287 287 287 287 286 286 286 285 286 285 286 286 286 286 285 285 285 286 286 286 286 285 286 286 286 286 287 287 287 287 287 287 287 287 287 287 287 288 288 288 288 288 288 288 288 287 288 288 288 288 287 287 287 287 287 287 287 264 264 264 264 264 264 265 265 265 265 265 266 266 266 266 267 266 266 266 266 266 266 267 267 267 267 267 267 267 267 267 267 267 267 267 267 267 267 267 267 267 268 268 268 268 268 268 268 268 268 268 268 268 268 268 268 268 268 268 268 268 268 268 268 269 269 269 269 269 269 270 270 270 270 270 270 270 270 270 270 270 270 270 270 271 271 271 271 271 271 271 271 271 271 271 271 271 271 271 271 271 271 272 272 272 272 272 272 272 272 272 272 272 273 273 273 273 273 273 273 273 273 273 273 273 273 273 273 273 273 273 273 274 274 274 274 274 274 274 274 273 273 274 274 274 274 274 274 274 274 275 275 275 275 275 275 275 275 275 275 275 275 275 275 275 275 275 275 275 275 275 275 275 275 276 276 276 276 276 276 276 276 276 276 276 276 276 276 276 277 277 277 277 277 277 277 277 277 277 277 277 277 278 278 278 278 279 279 279 279 279 279 279 279 279 279 279 279 279 279 279 279 279 279 279 279 279 279 279 279 280 280 280 280 280 280 280 280 280 280 280 280 280 281 281 280 280 280 280 280 281 281 282 282 283 283 283 283 283 282 283 283 283 283 283 283 283 283 283 283 284 284 284 284 284 284 283 283 283 283 283 284 284 284 284 284 284 284 284 284 284 284 284 285 284 284 284 284 284 284 284 284 284 284 284 284 284 285 284 284 284 285 285 285 284 284 285 285 285 285 286 286 285 285 284 285 286 286 286 286 286 286 287 287 286 286 286 287 287 287 286 286 287 287 287 287 286 286 286 286 286 286 286 286 286 286 286 286 286 286 286 286 286 286 286 286 287 287 287 288 288 287 287 287 287 287 287 287 288 288 288 288 288 288 288 288 288 288 288 288 288 288 288 288 288 287 287 288 288 264 264 264 264 264 265 265 265 265 265 265 265 266 266 266 267 267 267 266 266 266 266 267 267 267 267 267 267 267 267 267 267 267 267 267 267 267 267 267 267 267 268 268 268 268 268 268 268 268 268 268 268 268 268 268 268 268 268 268 268 268 268 268 269 269 269 269 269 269 269 269 269 269 269 270 270 270 270 270 270 270 270 270 270 270 271 270 270 270 270 271 271 271 271 271 271 271 271 271 271 271 271 272 272 272 272 272 272 272 272 272 272 272 272 272 272 272 273 273 273 273 273 273 273 273 273 273 273 273 273 273 274 274 274 274 274 274 274 274 274 273 273 274 274 274 274 274 275 274 274 274 275 275 275 275 275 275 275 275 275 275 275 275 275 275 275 275 275 275 275 275 275 275 276 276 276 276 276 276 276 276 276 276 276 276 276 276 276 277 277 277 277 277 277 277 277 277 277 277 277 277 277 278 278 278 278 278 279 279 279 279 279 279 279 279 279 279 279 279 279 279 279 279 279 280 280 280 279 279 279 280 280 280 280 280 280 280 280 280 280 280 280 281 281 281 280 280 280 280 281 281 281 283 282 282 282 283 283 283 283 283 283 283 283 283 283 283 283 283 283 283 283 284 284 284 284 283 283 283 284 284 284 284 284 284 284 284 284 284 284 284 284 285 285 285 285 284 284 284 284 285 285 285 285 285 285 284 285 284 284 285 285 285 285 285 285 285 285 285 285 285 286 286 285 284 285 286 285 286 286 286 286 286 286 286 286 287 287 287 287 286 286 287 287 287 287 287 287 286 286 286 287 286 286 286 286 286 286 286 286 286 286 286 286 286 286 287 287 288 288 288 288 288 288 288 288 287 288 287 288 288 288 288 288 288 288 288 288 288 288 288 288 288 288 288 288 288 288 288 288 264 264 264 264 265 265 265 265 265 265 265 265 265 266 266 266 266 266 267 266 266 266 267 267 267 266 267 267 267 267 267 267 267 267 267 267 267 267 267 267 268 268 268 268 268 268 268 268 268 268 268 268 268 268 268 268 268 268 268 268 268 268 268 269 269 269 269 269 269 269 269 269 269 269 269 269 270 270 270 270 270 270 270 270 270 270 270 270 270 270 270 271 271 271 271 271 271 271 271 271 271 271 271 271 272 272 272 272 272 272 272 272 272 272 272 272 273 273 273 273 273 273 273 273 273 273 273 273 273 273 273 274 274 274 274 274 274 274 274 274 274 274 274 274 274 274 274 274 274 274 274 274 274 275 275 275 275 275 275 275 275 275 275 275 275 275 275 275 275 275 275 275 276 276 276 276 276 276 276 276 276 276 276 276 276 276 276 276 276 277 277 277 277 277 277 277 277 277 277 277 277 277 278 278 278 278 278 279 279 279 279 279 279 279 279 279 279 279 279 279 279 280 280 279 280 280 280 279 279 279 280 280 280 280 280 280 280 280 280 280 281 281 281 281 281 281 280 280 281 281 281 281 283 283 283 283 283 283 283 283 283 283 283 283 283 283 283 283 283 283 283 283 284 284 284 284 284 284 283 284 284 284 284 284 284 284 284 284 284 284 284 284 284 285 285 285 285 284 284 285 285 285 285 285 285 285 285 285 284 285 285 285 286 286 285 285 285 286 286 285 285 286 286 285 285 285 285 285 286 286 286 286 286 286 286 286 287 287 287 287 287 287 287 287 287 287 287 287 287 287 287 287 287 287 287 287 287 286 286 286 286 286 286 286 287 287 287 287 287 288 288 288 288 288 288 288 288 288 288 288 288 288 288 288 288 288 288 288 288 288 288 288 288 288 288 288 288 288 288 288 288 263 263 264 264 265 265 264 265 265 265 265 265 265 265 265 266 266 266 266 266 266 266 266 267 267 266 267 267 267 267 267 267 267 267 267 267 267 267 267 267 267 267 268 268 268 268 268 268 268 268 268 268 268 268 268 268 268 268 268 268 268 268 268 268 268 269 269 269 269 269 269 269 269 269 270 269 270 270 270 270 270 270 270 270 270 270 270 270 270 270 270 270 271 271 271 271 271 271 271 271 271 271 271 271 272 272 272 272 272 272 272 272 272 272 272 272 272 273 273 273 273 273 273 273 273 273 273 273 273 273 273 274 274 274 274 274 274 274 274 274 274 274 274 274 274 274 274 274 274 274 274 274 274 274 274 274 274 274 275 275 275 275 275 275 275 275 275 275 275 276 275 275 275 276 276 276 276 276 276 276 276 276 276 276 276 276 276 276 276 276 277 277 277 277 277 277 277 277 277 277 277 277 277 278 278 278 278 279 279 279 279 279 279 279 279 279 279 279 279 279 279 280 280 280 280 280 280 279 279 279 279 280 280 280 280 280 280 280 280 280 281 281 281 281 281 281 281 280 280 281 281 281 281 283 282 283 283 283 283 283 283 283 283 283 283 283 283 283 283 283 283 283 284 283 284 284 284 284 284 284 284 284 284 284 284 284 284 284 284 284 284 284 285 285 285 285 285 285 285 285 285 285 285 285 285 285 285 285 285 285 285 285 285 285 286 285 285 285 285 286 286 285 286 286 286 285 285 285 285 286 286 286 286 286 285 286 287 287 287 287 287 286 287 287 287 288 288 288 287 288 287 287 287 287 286 287 287 287 287 287 287 286 286 286 286 287 287 287 287 287 288 288 288 288 288 288 288 288 288 288 288 288 288 288 288 288 288 288 288 288 288 288 289 288 288 288 288 288 288 289 289 288 288 263 263 263 263 263 264 264 264 264 264 264 264 265 265 265 265 266 266 266 266 266 266 266 266 266 267 267 267 267 267 267 267 267 267 267 267 267 267 267 267 267 267 267 267 267 267 267 268 268 268 268 268 268 268 268 267 268 268 268 268 268 268 268 268 268 268 269 269 269 269 269 269 269 269 269 269 270 269 270 270 270 270 270 270 270 270 270 270 270 270 270 270 270 270 271 271 271 271 271 271 271 271 271 271 271 271 272 272 272 272 272 272 272 272 272 272 272 272 272 273 273 273 273 273 273 273 273 273 273 273 273 273 273 273 274 274 274 274 274 274 274 274 274 274 274 274 274 274 274 274 274 274 274 274 274 274 274 274 274 274 275 275 275 275 275 275 275 275 275 275 276 275 275 275 275 276 276 276 276 276 276 276 276 276 276 276 276 276 276 277 277 277 277 277 277 277 277 277 277 277 277 277 277 277 277 278 278 278 278 279 279 279 279 279 279 279 279 279 279 279 279 279 279 279 280 280 280 280 280 280 280 280 280 280 280 280 280 280 280 280 280 280 281 281 281 281 281 281 281 281 280 281 281 281 281 282 282 283 283 283 283 283 283 283 283 283 283 283 283 283 283 283 283 283 284 284 284 284 284 284 284 284 284 284 284 284 284 284 284 284 284 284 284 284 284 285 285 285 285 285 285 285 285 285 285 285 285 285 285 285 285 285 285 285 285 285 286 286 286 285 286 285 286 286 286 286 286 286 286 286 285 285 286 286 286 286 286 287 287 287 286 287 287 287 287 287 287 288 287 288 287 287 288 287 287 287 287 287 286 287 287 287 287 287 287 286 287 287 287 287 288 288 288 288 288 288 288 288 288 288 288 288 288 288 288 288 289 288 288 288 288 288 288 288 288 288 288 288 288 288 288 289 289 289 289 263 263 263 263 263 263 263 264 264 264 264 264 264 265 265 265 265 265 266 266 266 266 266 267 266 266 266 266 267 267 267 267 267 267 267 267 266 267 267 267 267 267 267 267 267 267 267 267 268 268 268 268 268 268 268 268 268 267 267 268 268 268 268 268 268 268 268 269 269 269 269 269 269 269 269 269 269 269 269 270 269 270 270 270 270 270 270 270 270 270 270 270 270 270 270 270 271 271 271 271 271 271 271 271 271 271 271 271 271 272 272 272 272 272 272 272 272 272 272 272 273 273 273 273 273 273 273 273 273 273 273 273 273 273 273 273 273 273 273 274 274 274 274 274 274 274 274 274 274 274 274 274 274 274 274 274 274 275 275 275 275 275 275 275 275 275 275 275 275 275 275 275 276 276 275 276 276 276 276 276 276 276 276 276 276 276 276 276 276 276 277 277 277 277 277 277 277 277 277 277 277 277 277 277 277 277 277 278 278 278 278 279 279 279 279 279 279 279 279 279 279 279 279 279 279 279 280 280 280 280 280 280 280 280 280 280 280 280 280 280 280 280 281 281 281 281 281 281 281 281 281 281 281 281 281 281 281 283 283 283 283 283 283 283 283 283 283 283 283 283 283 283 283 283 283 283 283 283 284 284 284 284 284 284 284 284 284 284 284 284 284 284 284 284 284 284 285 285 285 285 285 285 285 285 285 285 285 285 285 285 285 285 285 285 285 285 285 285 285 286 286 286 286 286 285 286 287 286 286 286 286 286 286 286 286 286 286 287 287 287 287 287 287 287 287 287 287 287 287 288 288 287 287 287 287 287 288 287 287 287 287 287 287 287 287 287 286 286 286 287 287 287 288 288 288 289 289 288 289 288 289 289 289 289 289 289 289 289 289 289 288 288 289 289 289 289 288 288 289 289 289 289 289 289 289 289 289 263 263 263 263 263 263 263 264 264 264 264 264 265 265 265 265 265 265 266 266 266 266 266 266 266 266 266 266 266 266 267 267 267 267 267 267 267 266 266 266 267 267 267 267 267 267 267 267 268 268 268 268 268 268 268 268 268 267 268 267 268 268 268 268 268 268 268 269 269 269 269 269 269 269 269 269 269 269 269 270 269 269 269 270 270 270 270 270 270 270 270 270 270 270 270 270 270 270 270 271 271 271 271 271 271 271 271 271 271 271 272 272 272 272 272 272 272 272 272 272 273 273 273 273 273 273 273 273 273 273 273 273 273 273 273 273 273 273 273 274 274 274 274 274 274 274 274 274 274 274 274 274 274 274 274 274 274 274 275 275 275 275 275 275 275 275 275 275 275 275 275 275 275 275 276 276 276 276 276 276 276 276 276 276 276 276 276 276 276 277 277 277 277 277 277 277 277 277 277 277 277 277 277 277 277 277 277 278 278 278 278 279 279 279 279 279 279 279 279 279 279 279 279 279 279 279 280 280 280 280 280 280 280 280 280 280 280 280 280 280 280 281 281 281 281 281 281 281 281 281 281 281 281 281 281 281 281 283 283 283 283 283 283 283 283 283 283 283 283 283 283 283 283 283 284 284 284 284 284 284 284 284 284 284 284 284 284 284 284 284 284 284 284 285 285 285 285 285 285 285 285 285 285 285 285 285 285 285 285 285 285 285 285 285 285 286 285 285 285 285 286 286 286 286 286 286 287 287 286 286 286 286 286 286 286 286 286 287 287 287 287 287 287 287 287 287 287 287 287 288 288 287 287 287 287 287 288 288 287 287 287 287 287 287 287 287 287 286 287 287 288 288 288 288 288 289 288 288 288 288 288 289 289 289 289 289 289 289 289 289 289 289 289 289 289 289 289 289 289 289 289 289 289 289 289 289 289 289 263 263 263 263 263 263 263 264 264 264 264 264 264 265 265 265 266 266 266 266 266 265 265 265 266 266 266 266 266 266 266 267 267 267 267 267 267 266 267 267 267 267 267 267 267 267 267 267 267 268 268 268 268 267 268 268 268 267 267 267 267 268 268 268 268 268 268 269 269 269 269 269 269 269 269 269 269 269 270 270 270 270 270 270 270 270 270 270 270 270 270 270 270 270 271 271 271 271 271 271 271 271 271 271 271 271 271 271 272 272 272 272 272 272 272 272 272 272 272 272 273 273 273 273 273 273 273 273 273 273 273 273 273 273 273 273 273 273 273 274 274 274 274 274 274 274 274 274 274 274 274 274 274 274 274 274 274 274 274 275 275 275 275 275 275 275 275 275 275 275 275 275 275 276 276 276 276 276 276 276 276 276 276 276 276 276 276 276 276 277 277 277 277 277 277 277 277 277 277 277 277 277 277 277 277 277 277 278 278 278 278 279 279 279 279 279 279 279 279 279 279 279 279 279 279 280 280 280 280 280 280 280 280 280 280 280 280 280 280 280 280 281 281 281 281 281 281 281 281 281 281 281 281 281 281 281 281 283 283 283 283 283 283 283 283 283 283 283 284 283 283 283 283 283 284 284 284 284 284 284 284 284 284 284 284 284 284 284 284 284 284 284 284 285 285 285 285 285 285 285 285 285 285 285 285 285 285 285 285 285 285 285 285 285 286 286 286 285 285 285 286 286 286 286 286 286 287 287 287 287 287 287 287 286 286 286 287 287 287 287 287 287 288 288 287 287 287 287 287 288 287 287 287 287 287 288 288 288 288 287 287 287 287 287 287 287 287 286 287 287 287 287 287 288 288 289 289 289 289 288 288 288 289 289 289 289 289 289 288 288 289 289 289 289 289 289 289 289 289 289 289 289 289 289 289 289 289 289 262 262 262 263 263 263 264 264 264 264 264 265 265 265 265 265 265 265 266 266 266 266 265 265 265 265 265 266 266 266 266 266 266 266 266 266 266 266 267 267 267 267 267 267 267 267 267 267 267 268 267 267 268 268 268 268 268 268 267 267 267 267 268 268 268 268 268 268 268 269 269 269 269 269 269 269 269 269 270 270 270 270 270 270 270 270 270 270 270 270 270 270 270 270 271 271 271 271 271 271 271 271 271 271 271 271 271 271 272 272 272 272 272 272 272 272 272 272 272 272 272 272 272 273 273 273 273 273 273 273 273 273 273 273 273 273 273 273 273 273 273 274 274 274 274 274 274 274 274 274 274 274 274 274 274 274 274 274 274 274 275 275 275 275 275 275 275 275 275 275 275 275 275 275 275 276 276 276 276 276 276 276 276 276 276 276 276 276 276 276 277 277 277 277 277 277 277 277 277 277 277 277 277 277 277 277 277 277 278 278 278 278 279 279 279 279 279 279 279 279 279 279 279 279 279 279 280 280 280 280 280 280 280 280 280 280 280 280 280 280 280 281 281 281 281 281 281 281 281 281 281 281 281 281 281 281 281 281 283 283 283 283 283 283 283 283 283 283 283 284 284 284 284 283 283 284 284 284 284 284 284 284 284 284 284 284 284 284 284 284 284 284 284 285 285 284 285 285 285 285 285 285 285 285 285 285 285 285 285 285 285 285 285 285 286 286 286 285 285 285 285 286 286 287 287 286 287 287 287 287 287 287 287 287 287 287 286 287 287 287 287 287 287 288 288 287 287 287 287 288 288 287 287 287 287 288 288 288 288 288 288 288 288 287 288 288 288 287 287 287 287 287 287 288 288 288 289 289 289 289 289 289 289 289 289 289 289 289 289 289 289 289 289 289 289 289 289 289 289 289 289 289 289 289 289 289 289 289 289 262 262 263 263 264 264 264 264 264 265 265 265 265 265 265 265 265 266 266 266 266 265 265 265 265 265 265 266 266 266 266 266 266 266 266 267 267 267 267 267 267 267 267 267 267 267 267 268 268 267 267 268 268 268 268 268 267 267 267 267 267 268 268 268 268 268 268 268 269 269 269 269 269 269 270 270 270 269 270 270 270 270 270 270 270 270 270 270 270 270 270 270 270 270 271 271 271 271 271 271 271 271 271 271 271 271 272 272 272 272 272 272 272 272 272 272 272 272 272 272 272 272 273 273 273 273 273 273 273 273 273 273 273 273 273 273 273 274 273 274 274 274 274 274 274 274 274 274 274 274 274 274 274 274 274 274 275 275 274 275 275 275 275 275 275 275 275 275 275 275 275 275 275 275 275 276 276 276 276 276 276 276 276 276 276 276 276 276 277 277 277 277 277 277 277 277 277 277 277 277 277 277 277 277 277 277 278 278 278 278 279 279 279 279 279 279 279 279 279 279 279 279 279 279 279 279 280 280 280 280 280 280 280 280 280 280 280 280 281 281 281 281 281 281 281 281 281 281 281 281 281 281 281 281 281 281 283 283 283 283 283 283 283 283 283 283 283 283 284 284 284 284 284 284 284 284 284 284 284 284 284 284 284 284 284 284 284 284 284 284 285 285 285 285 285 285 285 285 286 286 286 286 286 285 285 285 285 286 286 286 285 286 286 286 286 285 285 286 285 286 286 286 287 287 287 287 287 286 286 287 287 287 286 287 287 287 287 287 287 287 287 288 287 287 287 287 287 287 288 287 287 287 288 288 288 288 288 288 288 288 288 288 288 288 287 287 287 287 287 288 288 288 288 288 289 289 289 289 289 289 289 289 289 289 289 289 289 289 289 289 289 289 289 289 289 289 289 289 289 289 289 289 289 289 289 289 289 289 262 262 262 263 263 263 264 264 264 264 264 265 265 265 265 265 265 265 265 266 266 266 266 265 265 265 265 266 266 265 265 266 266 266 267 266 267 267 267 267 267 267 267 267 267 267 267 267 267 267 267 267 267 268 268 268 268 267 267 268 267 267 267 268 268 268 268 268 268 268 268 269 269 269 269 269 269 269 269 269 270 270 270 270 270 270 270 270 270 270 270 270 270 270 270 270 270 271 271 271 271 271 271 271 271 271 271 272 272 272 272 272 272 272 272 272 272 272 272 272 272 272 272 273 273 273 273 273 273 273 273 273 273 273 273 273 274 274 274 274 274 274 274 274 274 274 274 274 274 274 274 274 274 274 274 274 274 274 274 275 275 275 275 275 275 275 275 275 275 275 276 275 275 275 275 275 275 276 276 276 276 276 276 276 276 276 276 276 277 277 277 277 277 277 277 277 277 277 277 277 277 277 277 277 277 278 278 278 278 278 278 278 279 279 279 279 279 279 279 279 279 279 279 279 279 279 279 279 280 280 280 280 280 280 280 280 280 280 281 281 281 281 281 281 281 281 281 281 281 281 281 281 281 281 281 281 281 283 283 283 283 283 283 283 283 283 283 283 284 284 284 284 284 284 284 284 284 284 284 284 284 284 284 284 284 284 284 284 284 284 284 284 285 285 285 285 286 285 285 285 285 286 286 286 285 285 285 286 286 286 286 286 286 286 286 286 286 286 286 286 286 286 286 287 287 287 287 287 287 286 286 287 287 287 287 287 287 288 287 287 287 287 288 288 288 287 288 287 287 287 287 287 287 287 288 288 288 288 288 288 288 288 288 288 288 288 288 287 287 287 288 288 288 288 289 289 289 289 289 289 289 289 289 289 289 289 289 289 289 289 289 289 289 289 290 290 290 289 289 290 290 290 290 290 290 290 290 290 289 262 262 262 263 263 263 263 263 263 264 264 264 264 264 264 265 265 265 266 266 266 266 265 265 265 266 266 266 266 266 266 266 266 266 267 267 267 267 267 267 267 267 267 267 267 267 267 267 267 267 267 268 268 268 268 268 267 267 267 268 268 267 267 268 268 268 268 268 268 268 268 269 269 269 269 269 269 269 269 269 269 269 270 270 270 270 270 270 270 270 270 270 270 270 270 271 271 271 271 271 271 271 271 271 271 271 272 272 272 272 272 272 272 272 272 272 272 272 272 272 272 272 272 272 273 273 273 273 273 273 273 273 273 273 273 273 274 274 274 274 274 274 274 274 274 274 274 274 274 274 274 274 274 274 274 274 274 275 275 274 275 275 275 275 275 275 275 275 275 276 276 275 275 275 275 275 275 276 276 276 276 276 276 276 276 276 277 277 277 277 277 277 277 277 277 277 277 277 277 277 277 277 277 277 278 278 278 278 279 279 279 279 279 279 279 279 279 279 279 279 279 279 279 279 279 280 280 280 280 280 280 280 280 280 280 280 280 281 281 281 281 281 281 281 281 281 281 281 281 281 281 281 281 281 281 281 283 283 283 283 283 283 283 283 283 284 283 284 284 284 284 284 284 284 284 284 284 284 284 284 284 284 284 284 284 284 284 284 284 285 285 285 285 285 286 286 286 285 285 285 286 286 286 286 286 286 286 287 287 287 287 287 287 286 286 286 286 286 286 286 286 286 286 286 287 287 286 286 286 287 287 287 287 287 287 287 288 287 288 288 288 288 288 288 288 288 288 287 287 288 288 288 287 287 288 288 288 288 288 288 288 288 288 288 288 288 288 287 288 288 288 288 289 289 289 289 289 289 289 289 289 289 289 289 289 289 289 289 289 289 290 290 290 290 290 290 290 290 290 290 290 290 290 290 290 290 290 290 290 262 263 263 263 263 263 264 264 264 265 265 265 265 265 265 265 265 265 266 266 266 266 266 266 267 266 266 267 266 266 266 266 266 267 267 267 267 267 267 267 267 267 267 267 267 267 267 267 268 268 268 268 268 268 267 267 267 267 268 268 267 267 268 268 268 268 268 269 269 269 269 269 269 269 269 269 269 269 269 269 269 270 270 270 270 270 270 270 270 270 270 270 271 271 271 271 271 271 271 270 271 271 271 271 272 272 272 272 272 272 272 272 272 272 272 272 272 272 272 272 272 272 273 273 273 273 273 273 273 273 273 273 273 273 273 274 274 274 274 274 274 274 274 274 274 274 274 275 274 275 275 274 274 274 274 274 274 274 274 274 275 275 275 275 275 275 275 275 275 276 276 275 276 276 276 276 276 276 276 276 276 276 276 276 277 277 277 277 277 277 277 277 277 277 277 277 277 277 277 277 277 278 278 278 279 279 279 279 279 279 279 279 279 279 279 279 279 279 279 279 279 279 280 280 280 280 280 280 280 280 280 280 280 280 280 281 281 281 281 281 281 281 281 281 281 281 281 281 281 281 281 281 281 282 283 283 283 283 283 284 283 283 283 284 284 284 284 284 284 284 284 284 284 284 284 284 284 284 284 285 285 285 285 284 284 284 285 285 285 285 285 285 286 286 285 285 286 286 286 285 285 286 286 287 287 286 287 287 287 287 287 287 287 287 287 287 286 286 286 287 286 287 287 287 287 287 287 287 287 287 287 287 288 288 288 288 288 288 288 288 289 288 288 288 289 288 288 288 287 287 287 287 287 288 288 288 288 288 288 288 288 288 288 288 287 287 288 288 288 288 289 289 289 289 289 289 289 289 289 289 289 289 290 290 290 290 290 290 290 290 290 290 290 290 290 290 290 290 290 290 290 290 290 290 290 290 290 290 262 263 263 262 263 263 263 263 264 264 265 265 265 264 265 265 264 265 266 266 266 266 266 266 266 266 267 267 267 267 266 266 266 266 267 267 267 267 267 267 267 267 267 267 267 267 267 267 267 268 268 268 268 268 267 267 267 267 267 268 267 267 268 268 268 268 268 268 269 269 269 269 269 269 269 269 269 269 269 269 269 270 270 270 270 270 270 270 270 270 270 271 270 270 270 271 271 271 271 270 271 271 271 271 271 272 272 272 271 272 272 272 272 272 272 272 272 272 272 272 272 273 273 273 273 273 273 273 273 273 273 273 273 273 274 274 274 274 274 274 274 274 274 274 274 274 274 274 275 275 275 275 275 274 274 274 274 274 274 274 274 275 275 275 275 275 275 275 275 275 276 276 276 276 276 276 276 276 276 276 276 276 276 276 276 277 277 277 277 277 277 277 277 277 277 277 277 277 277 278 278 278 278 278 279 279 279 279 279 279 279 279 279 279 279 279 279 279 279 279 279 279 280 280 280 280 280 280 280 280 280 280 280 280 280 280 281 281 281 281 281 281 281 281 281 281 281 281 281 281 281 281 282 282 283 283 283 283 284 283 283 283 283 284 284 284 284 284 284 284 284 284 284 284 284 284 284 284 284 285 285 285 285 284 285 285 285 285 285 285 285 285 286 285 285 285 286 286 286 286 286 286 286 286 287 286 287 287 287 287 287 286 287 287 287 287 287 287 287 287 287 287 288 288 288 287 288 288 288 288 287 287 288 288 288 288 288 288 289 289 289 289 289 289 289 289 288 288 287 288 288 288 288 288 287 288 288 288 288 288 288 288 288 288 288 288 288 288 288 289 289 289 289 289 290 289 289 289 289 289 289 290 290 290 290 290 290 290 290 290 290 290 290 290 290 290 290 291 290 290 290 290 290 290 290 290 290 290 290 262 262 262 262 263 263 264 264 264 264 264 265 265 264 264 264 265 265 266 266 266 266 266 266 265 266 266 267 267 267 267 267 266 266 267 267 267 267 267 267 267 267 267 267 267 267 267 267 267 268 268 268 268 268 267 267 267 267 267 268 268 268 268 268 268 268 268 268 268 269 269 269 269 269 269 269 269 269 269 269 269 270 270 270 270 270 270 270 270 270 270 270 270 270 270 270 271 271 271 271 271 271 271 271 271 271 271 271 271 271 272 272 271 272 272 272 272 272 272 272 273 273 273 273 273 273 273 273 273 273 273 273 273 273 273 273 274 274 274 274 274 274 274 274 274 274 274 274 274 275 275 275 275 275 275 275 275 275 275 275 275 275 275 275 275 275 275 275 275 275 275 276 276 276 276 276 276 276 276 276 276 276 276 276 276 277 277 277 277 277 277 277 277 277 277 277 277 277 278 278 278 278 278 278 279 279 279 279 279 279 279 279 279 279 279 279 279 279 279 280 280 279 280 280 280 280 280 280 280 280 280 280 280 280 280 280 281 281 281 281 281 281 281 281 281 281 281 281 281 281 281 281 281 282 283 283 284 284 284 283 283 283 284 284 284 284 284 284 284 284 284 284 284 284 284 284 284 284 285 285 285 285 285 285 285 285 285 285 285 285 286 286 286 285 285 285 286 285 286 286 286 286 286 286 286 286 287 287 287 287 287 286 287 287 287 288 288 288 287 288 287 288 288 288 288 288 288 288 288 288 288 287 288 288 288 288 288 288 289 289 289 289 289 289 289 289 288 288 288 288 288 288 288 288 287 287 288 288 288 289 288 288 288 288 288 288 289 289 288 289 289 290 289 289 290 290 290 290 290 290 290 290 290 290 290 290 290 290 290 290 290 290 290 290 290 291 291 291 291 290 290 290 290 290 291 291 290 290 290 290 262 263 263 264 264 264 264 264 264 264 265 264 264 264 264 265 265 265 265 265 265 266 266 265 265 265 266 267 267 267 267 267 267 267 267 267 266 266 266 267 267 267 267 267 267 267 267 267 268 268 268 268 268 267 267 267 267 267 268 268 268 268 268 268 268 268 269 268 269 269 269 269 269 269 269 269 269 269 269 269 269 270 270 270 270 270 270 270 270 270 270 270 270 270 270 270 271 271 271 271 271 271 271 271 271 271 271 271 271 271 272 272 272 272 272 272 272 272 272 273 273 273 273 273 273 273 273 273 273 273 273 273 273 273 273 274 274 274 274 274 274 274 274 274 274 274 274 274 274 274 275 275 275 275 275 275 275 275 275 275 275 275 275 275 275 275 275 275 275 275 275 275 276 276 276 276 276 276 276 276 276 276 276 277 277 277 277 277 277 277 277 277 277 277 277 277 278 278 278 278 278 278 278 279 279 279 279 279 279 279 279 279 279 279 279 279 280 280 280 280 280 280 280 280 280 280 280 280 280 280 280 280 280 280 281 281 281 281 281 281 281 281 281 281 281 281 281 281 281 281 281 281 282 284 284 284 284 284 283 284 284 284 284 284 284 284 284 284 284 284 284 284 284 285 285 284 284 285 285 285 285 285 285 285 285 285 285 285 285 285 286 285 285 285 285 285 285 286 286 286 286 286 286 286 287 287 287 287 287 287 286 287 287 288 288 288 288 288 288 288 288 288 288 288 287 288 288 288 288 288 288 288 288 288 288 288 288 288 289 289 289 289 289 289 289 288 288 288 288 288 288 288 288 288 288 288 288 288 288 288 288 288 289 288 289 289 289 289 289 289 290 290 290 290 290 290 290 290 290 290 290 290 290 290 290 290 290 290 290 290 290 290 291 291 291 291 291 291 291 291 290 290 290 290 291 291 291 291 291 291 262 263 264 263 264 264 264 264 264 264 264 264 264 265 265 265 265 265 264 265 266 266 265 265 266 266 267 267 267 267 267 267 267 267 267 267 267 266 267 267 267 267 267 267 267 267 268 268 268 268 268 267 267 267 267 267 268 268 268 268 268 268 268 269 269 269 269 269 269 269 269 269 269 269 269 269 269 269 269 269 270 270 270 270 270 270 270 270 270 270 270 270 270 270 270 271 271 271 271 271 271 271 271 271 271 271 271 272 272 272 272 272 272 272 272 272 273 273 273 273 273 273 273 273 273 273 273 273 273 273 273 273 273 273 274 274 274 274 274 274 274 274 274 274 274 274 274 275 275 275 275 275 275 275 275 275 275 275 275 275 275 275 275 275 276 275 275 275 275 275 276 276 276 276 276 276 276 276 276 276 277 277 277 277 277 276 277 277 277 277 277 277 277 277 277 278 278 278 278 278 278 279 279 279 279 279 279 279 279 279 279 279 279 280 280 280 280 280 280 280 280 280 280 280 280 280 280 280 280 280 280 280 281 281 281 281 281 281 281 281 281 281 281 281 282 281 281 281 282 282 282 283 284 284 284 284 284 284 284 284 284 284 284 284 284 284 284 284 284 284 285 285 285 285 285 285 285 285 285 285 285 285 285 285 285 286 285 285 285 285 285 285 285 285 285 286 286 287 287 286 286 286 286 287 286 287 287 286 287 287 287 288 288 288 288 288 288 288 288 288 288 288 288 288 287 288 288 288 288 288 289 289 289 289 288 289 289 289 289 289 289 290 290 289 288 289 288 288 288 288 288 288 288 288 288 288 288 288 289 289 289 289 289 289 290 290 289 289 290 290 290 290 290 290 290 290 290 290 290 290 290 290 290 290 290 290 290 290 290 290 291 291 291 291 291 291 291 291 291 290 290 290 291 291 291 291 291 291 291 262 262 263 263 263 263 263 263 264 264 263 264 264 265 265 264 265 265 264 265 266 266 265 265 266 266 266 267 266 267 267 267 267 267 267 267 267 266 267 267 267 267 267 267 267 267 267 268 268 268 268 267 268 267 267 267 268 268 268 268 268 268 268 269 269 269 269 269 269 269 269 269 269 269 269 269 269 269 269 269 270 270 270 270 270 270 270 270 270 270 270 270 270 270 270 271 271 271 271 271 271 271 271 271 271 271 271 272 272 272 272 272 272 272 272 272 273 273 273 273 273 273 273 273 273 273 273 273 273 273 273 273 273 273 273 274 274 274 274 274 274 274 274 274 274 274 275 275 275 275 275 275 275 275 275 275 275 275 275 275 275 275 275 276 276 276 275 275 275 275 276 276 276 276 276 276 276 276 276 276 276 277 277 277 277 276 277 277 277 277 277 277 277 277 277 277 278 278 278 278 278 279 279 279 279 279 279 279 279 279 279 279 279 280 280 280 280 280 280 280 280 280 280 280 280 281 281 280 280 280 280 280 281 281 281 281 281 281 281 281 281 281 281 282 282 282 282 281 282 282 282 283 284 284 284 284 284 284 284 284 284 284 284 284 284 284 284 284 284 284 285 285 285 285 285 285 285 285 285 285 285 285 285 285 286 286 285 285 285 285 285 285 286 285 286 286 286 286 287 286 286 286 286 287 286 287 287 287 287 287 287 287 288 287 288 288 288 288 288 288 288 288 289 288 288 288 288 288 288 289 289 289 289 289 289 289 289 289 289 289 289 290 290 289 289 289 289 288 288 288 288 289 289 289 288 288 289 288 289 289 289 289 289 290 290 290 289 289 289 290 290 290 290 290 290 290 290 290 290 290 290 290 290 290 290 290 290 290 291 291 291 291 291 291 291 291 291 291 291 291 291 291 291 291 291 291 291 291 291 291 291 291 292 262 262 262 262 263 263 264 264 265 265 264 264 264 264 264 264 265 266 266 265 265 266 266 266 266 266 266 267 267 267 268 268 268 268 267 267 267 267 267 267 267 267 267 267 267 268 268 268 268 268 267 267 267 268 268 268 268 268 268 268 268 269 269 269 269 269 269 269 269 269 269 269 269 269 269 269 269 270 270 270 270 270 270 270 270 270 270 270 270 270 270 271 271 271 271 271 271 271 271 271 271 271 271 272 272 272 272 272 272 272 272 272 272 272 272 273 273 273 273 273 273 273 273 273 273 273 273 273 273 273 274 274 274 274 274 274 274 274 274 274 274 274 275 275 275 275 275 275 275 275 275 275 275 275 275 275 275 275 275 275 276 276 276 275 275 275 275 275 275 276 276 276 276 276 276 276 276 276 276 277 277 276 276 277 277 277 277 277 277 277 277 277 278 278 278 278 278 278 279 279 279 279 279 279 279 279 279 279 279 280 280 280 280 280 280 280 280 280 280 280 280 280 281 280 280 281 280 280 281 281 281 281 281 281 281 281 281 281 281 282 282 282 282 282 282 281 282 282 283 284 284 284 284 284 284 284 284 284 284 284 284 284 284 284 284 284 285 285 285 285 285 285 285 285 285 285 285 285 285 285 285 286 286 285 285 285 285 285 286 286 285 286 286 286 287 287 287 286 286 286 287 287 286 287 287 287 287 287 287 288 287 288 287 288 288 288 288 288 288 289 289 288 289 289 289 289 289 289 289 289 289 289 289 289 289 289 290 289 290 290 290 290 290 289 288 288 288 289 289 289 289 289 289 289 289 289 289 289 289 289 290 290 290 290 290 289 290 290 290 290 290 290 291 291 290 290 290 290 290 290 290 290 291 291 291 291 291 291 291 291 291 291 291 291 291 291 291 291 291 291 291 291 291 291 291 291 292 292 292 292 292 292 292 292 292 292 292 292 262 263 263 263 264 265 264 263 264 264 264 264 265 265 265 265 265 266 266 266 265 266 267 266 266 267 267 267 268 268 268 267 267 267 267 267 267 267 267 267 267 267 267 268 267 268 267 268 268 268 268 268 268 268 268 268 268 268 268 268 268 268 269 269 269 269 269 269 269 269 269 269 269 269 269 270 270 270 270 270 270 270 270 270 270 270 270 271 271 271 271 271 271 271 271 271 271 271 271 271 272 272 272 272 272 272 272 272 272 272 272 273 273 273 273 273 273 273 273 273 273 273 273 273 273 273 274 274 274 274 274 274 274 274 274 274 274 274 275 275 275 275 275 275 275 275 275 275 275 275 275 275 275 275 275 275 276 276 276 276 276 276 275 275 276 275 276 276 276 276 276 276 276 276 276 276 276 276 277 277 277 277 277 277 277 277 278 278 278 278 278 278 278 278 279 279 279 279 279 279 279 279 279 280 280 280 280 280 280 280 280 280 280 280 280 280 280 280 280 280 280 280 281 281 281 281 281 281 281 281 281 281 281 281 282 282 282 282 282 282 282 282 282 282 284 284 284 284 284 284 284 284 284 284 284 284 284 284 284 284 284 285 285 285 285 285 285 285 285 285 285 285 285 285 285 284 284 285 285 285 285 285 285 285 286 285 285 285 286 286 287 287 286 286 286 286 287 287 287 287 287 287 287 287 287 287 287 288 287 288 288 288 288 288 288 289 289 289 289 289 289 289 289 289 289 289 289 289 289 289 289 289 289 289 290 290 290 290 290 289 288 288 288 289 289 289 289 289 289 289 289 289 289 289 289 290 289 290 290 290 290 290 290 290 290 290 290 291 291 291 291 291 291 291 291 291 291 291 291 291 291 291 291 291 291 291 291 291 291 291 291 291 291 291 291 291 291 291 292 292 292 292 292 292 292 292 292 292 292 292 292 292 292 292 292 263 263 263 263 263 263 263 264 264 265 264 265 265 266 266 266 266 266 266 266 266 266 267 267 267 268 268 268 267 268 267 267 267 268 267 267 268 268 267 267 267 268 268 268 268 268 268 268 268 268 268 268 269 268 269 269 269 269 269 269 269 269 269 269 269 269 269 269 269 269 269 270 270 270 270 270 270 270 270 270 270 270 270 270 271 271 271 271 271 271 271 271 271 271 271 272 272 272 272 272 272 272 272 272 272 272 273 273 273 273 273 273 273 273 273 273 273 273 273 273 273 274 274 274 274 274 274 274 274 274 274 274 274 275 275 275 275 275 275 275 275 275 275 275 275 275 275 275 276 276 276 276 276 276 276 276 276 276 276 276 276 276 276 276 276 276 276 276 276 276 277 277 277 277 277 277 277 277 277 277 277 278 278 278 278 278 278 278 278 279 279 279 279 279 279 279 279 280 280 280 280 280 280 280 280 280 280 280 280 280 280 281 281 281 281 281 281 281 281 281 281 281 281 281 281 281 281 282 282 282 282 282 282 282 281 282 282 282 282 284 284 284 284 284 284 284 284 284 284 284 285 284 284 284 284 284 285 285 285 285 285 285 285 285 285 285 285 285 285 285 285 285 285 284 284 285 285 285 285 286 285 285 285 286 286 286 286 286 286 286 287 287 287 287 287 287 287 287 287 287 287 288 288 287 288 288 288 288 288 288 288 289 289 289 289 289 289 289 289 289 289 289 289 289 289 289 289 289 289 290 290 290 290 290 289 288 289 289 289 289 289 289 289 289 289 290 289 289 289 290 290 290 290 290 290 290 290 290 290 290 290 291 291 291 291 291 291 291 291 291 291 291 291 291 291 291 292 291 291 291 291 291 291 291 291 291 291 291 291 291 291 291 291 292 292 292 292 292 292 292 292 292 292 292 292 292 292 292 292 292 292 263 263 264 264 264 265 265 266 265 266 266 265 265 265 266 266 267 267 267 267 267 267 267 268 267 267 268 268 268 268 268 268 268 267 267 267 268 268 268 268 268 268 268 268 268 268 268 268 269 269 269 269 269 269 269 269 269 269 270 269 269 269 269 269 269 269 269 269 270 270 270 270 270 270 270 270 270 270 271 271 271 271 271 271 271 271 271 271 272 272 272 272 272 272 272 272 272 272 272 272 273 273 273 273 273 273 273 273 273 273 273 273 273 273 273 273 274 274 274 274 274 274 274 274 274 274 274 275 274 274 275 275 275 275 275 275 275 275 275 275 275 275 275 276 276 276 276 276 276 276 276 276 277 277 277 276 276 276 276 276 276 276 276 276 277 277 277 277 277 277 277 277 277 277 277 278 278 278 278 278 278 278 278 279 279 279 279 279 279 279 279 280 280 280 280 280 280 280 280 280 280 280 280 280 280 280 280 280 281 281 281 281 281 281 281 281 281 281 281 281 282 282 282 282 282 282 282 282 282 282 282 282 282 284 284 284 284 284 284 284 284 284 284 285 284 285 284 285 285 285 285 285 285 285 285 285 285 285 285 285 285 285 285 285 286 286 286 285 284 285 285 285 286 286 285 285 286 286 286 286 287 287 287 286 287 287 287 287 287 287 288 287 287 288 288 288 288 288 288 288 288 288 288 289 289 289 289 289 289 289 289 290 289 289 289 289 289 289 289 289 290 289 289 290 290 290 290 290 289 289 289 289 289 289 289 289 289 289 290 290 289 289 290 290 290 291 291 290 290 290 290 290 290 290 291 291 291 291 291 291 291 291 291 291 291 291 291 291 292 292 292 292 291 291 291 291 291 291 291 292 292 291 291 291 291 291 292 292 292 292 292 292 292 292 292 292 292 292 292 293 293 293 293 293 293 264 264 264 265 265 266 266 265 265 265 266 266 267 267 267 267 266 266 267 267 267 266 267 267 268 269 269 269 269 269 268 267 267 268 268 268 268 268 268 268 268 268 268 268 268 269 269 269 269 269 269 269 269 269 269 269 269 269 269 270 269 269 269 269 269 270 270 270 270 270 270 270 270 270 270 271 271 271 271 271 271 271 271 271 271 272 272 272 272 272 272 272 272 272 272 272 272 272 272 273 273 273 273 273 273 273 273 273 273 273 273 273 273 273 274 274 274 274 274 274 274 274 274 274 275 274 275 274 275 275 275 275 275 275 275 275 275 275 275 275 275 276 276 276 276 276 276 276 276 276 276 276 277 276 276 276 276 277 277 277 276 276 277 277 277 277 277 277 277 277 277 277 277 277 278 278 278 278 278 278 278 279 279 279 279 279 279 279 279 279 279 279 279 280 280 280 280 280 280 280 280 280 281 281 281 281 280 281 281 281 281 281 281 281 281 281 281 281 282 282 282 282 282 282 282 282 282 282 282 282 282 284 284 284 284 284 284 284 284 284 284 285 285 285 285 285 285 285 285 285 285 285 285 285 285 285 285 285 285 285 285 285 286 286 285 285 285 285 285 285 286 286 285 285 285 286 286 286 287 287 287 287 287 287 287 287 287 287 287 287 288 288 288 288 288 288 288 288 288 288 289 289 289 289 289 289 289 289 289 290 290 290 290 289 289 289 289 290 290 290 290 290 290 290 290 290 289 289 289 289 289 289 289 290 290 290 290 290 290 290 290 290 290 290 291 291 291 290 290 290 290 290 291 291 291 291 291 291 291 291 291 291 291 291 291 291 291 292 292 292 292 291 291 291 291 291 291 292 292 292 291 291 291 291 292 292 292 292 292 292 292 292 292 292 292 293 293 293 293 293 293 293 293 264 265 266 265 266 265 265 265 266 266 267 267 267 267 267 266 266 266 266 267 267 267 267 268 268 268 269 269 269 268 267 267 268 268 269 268 268 268 268 268 268 268 268 269 269 269 269 269 269 269 268 269 269 269 269 270 269 270 270 270 270 270 270 270 270 270 270 270 270 270 270 270 270 271 271 271 271 271 271 271 271 272 271 271 271 271 271 272 272 272 272 272 272 272 272 272 272 272 273 273 273 273 273 273 273 273 273 273 273 273 273 273 273 274 274 274 274 274 274 274 274 274 275 275 274 274 274 275 274 275 275 275 275 275 275 275 275 275 275 276 275 276 276 276 276 276 276 276 276 276 276 276 276 276 277 277 277 277 277 277 277 277 277 277 277 277 277 277 277 277 277 277 277 277 278 278 278 278 278 279 279 279 279 279 279 279 279 279 279 279 279 279 280 280 280 280 280 280 280 280 280 281 281 281 281 281 281 281 281 281 281 281 281 281 281 282 282 282 282 282 282 282 282 282 282 282 282 282 282 284 284 284 284 284 284 284 284 285 285 285 285 285 285 285 285 285 285 285 285 285 285 285 285 285 285 285 286 286 286 285 286 285 285 285 285 285 285 285 286 286 285 285 285 285 286 286 286 287 287 287 287 287 287 287 287 288 287 288 288 288 288 288 288 288 288 288 288 288 288 288 289 289 289 289 289 289 290 290 290 290 290 290 290 289 289 290 290 290 290 290 290 290 290 290 289 289 289 289 290 290 290 290 290 290 290 290 290 290 290 290 290 290 290 291 291 291 290 290 290 290 290 291 291 291 291 291 291 291 291 291 291 291 291 291 291 291 292 292 292 292 292 292 292 292 292 292 292 292 292 291 291 292 292 292 292 292 292 292 292 292 292 293 293 293 293 293 293 293 293 293 293 265 265 265 265 265 265 266 266 266 267 266 266 267 266 266 266 267 267 268 268 268 267 267 267 268 268 268 269 269 268 268 268 269 269 269 268 268 268 268 268 268 269 269 269 269 269 269 269 269 269 269 269 269 270 270 270 270 270 270 270 270 270 270 269 270 270 270 270 270 270 271 271 271 271 271 271 271 271 271 271 271 271 271 271 271 271 271 272 272 272 272 272 272 272 272 272 272 273 273 273 273 273 273 273 273 273 273 273 273 273 274 274 274 274 274 274 274 274 274 274 274 274 274 274 274 274 274 275 275 275 275 275 275 275 275 275 275 275 275 276 276 276 276 276 276 276 276 276 277 276 277 276 277 277 277 277 277 277 277 277 277 277 277 277 277 277 277 277 277 277 277 277 278 278 278 278 278 278 279 279 279 279 279 279 279 279 280 280 279 279 279 279 280 280 280 280 280 280 280 280 280 280 281 281 281 281 281 281 281 281 281 281 281 282 282 282 282 282 282 282 282 282 282 282 282 282 282 282 284 284 284 284 284 284 284 284 285 285 285 285 285 285 285 285 285 285 285 285 285 285 285 285 285 285 285 286 286 286 286 286 286 285 285 285 286 286 286 285 285 285 286 286 286 286 287 287 287 287 287 287 287 287 287 287 287 288 288 288 288 288 288 288 288 288 288 288 288 288 288 288 289 289 289 289 289 289 290 290 290 290 290 289 290 290 290 290 290 290 290 290 290 290 291 290 289 289 290 290 290 290 290 290 290 290 290 290 290 290 290 290 290 290 291 291 291 290 290 291 290 290 291 291 291 291 291 291 291 291 292 292 292 292 292 292 292 292 292 292 292 292 292 292 292 292 292 292 292 292 291 291 292 292 292 292 292 293 293 293 293 293 293 293 293 293 293 293 293 293 293 265 265 265 266 266 266 266 266 266 266 266 266 266 266 266 267 267 267 268 268 268 268 268 268 268 267 268 269 269 269 269 269 269 269 269 269 268 268 268 269 269 269 269 269 269 269 269 269 269 270 270 270 270 270 270 270 270 270 270 270 270 269 270 270 270 270 270 270 270 270 270 271 271 271 271 271 271 271 271 271 271 271 271 271 271 272 272 272 272 272 272 272 272 272 272 272 272 272 273 273 273 273 273 273 273 273 273 273 273 273 274 274 274 274 274 274 274 274 274 274 274 274 274 275 275 275 275 275 275 275 275 275 275 275 275 275 275 275 276 275 276 276 276 276 276 276 276 276 276 277 277 277 277 277 277 277 277 277 277 277 277 277 277 277 277 277 277 277 277 277 277 278 278 278 278 278 278 278 279 279 279 279 279 279 279 279 280 280 279 279 279 279 280 280 280 280 280 280 280 280 280 280 280 280 281 281 281 281 281 281 281 281 281 282 282 282 282 282 282 282 282 282 282 282 282 282 282 282 284 284 284 284 284 284 284 285 285 285 285 285 285 285 285 285 285 285 285 285 285 285 285 285 286 286 286 286 286 286 286 286 286 286 285 286 286 286 286 285 285 286 286 286 286 287 287 287 287 287 287 287 287 287 287 287 287 288 288 288 288 288 288 288 288 288 288 288 288 288 288 289 289 289 290 289 290 290 290 290 290 289 290 289 290 290 290 290 290 290 290 290 290 291 291 290 289 289 290 290 290 290 290 290 290 290 290 290 290 291 291 291 291 291 291 291 292 292 291 291 291 291 291 291 291 291 292 292 292 291 291 291 292 292 292 292 292 292 292 292 292 292 292 292 292 292 292 292 292 292 291 292 292 292 292 293 293 293 293 293 293 293 293 293 293 293 293 293 293 293 293 264 264 265 266 266 266 265 265 266 265 265 266 266 266 266 267 267 267 267 267 268 268 269 269 269 268 268 268 268 268 268 268 269 268 268 268 268 268 268 268 269 269 268 268 268 268 268 269 269 269 270 270 270 270 270 270 270 270 270 270 270 269 270 270 270 270 270 270 270 270 270 271 271 271 271 271 271 271 271 271 271 272 272 272 272 272 272 272 272 272 272 272 272 272 272 272 272 272 272 272 273 273 273 273 273 273 273 273 273 273 273 273 273 274 274 274 274 274 274 274 275 275 274 275 275 275 275 275 275 275 275 275 275 275 275 275 275 275 276 276 276 276 276 276 276 276 276 276 276 277 277 277 277 277 277 277 276 277 277 277 277 277 277 277 277 277 277 277 277 277 278 278 278 278 278 278 278 278 278 279 279 279 279 279 279 279 279 280 280 279 279 279 280 280 280 280 280 280 280 280 280 280 280 280 280 281 281 281 281 281 281 281 281 282 282 282 282 282 282 282 282 282 282 282 282 282 282 282 282 284 284 284 284 284 284 285 284 284 285 285 285 285 285 285 285 285 285 285 285 285 285 285 286 286 286 286 286 287 286 286 286 286 286 286 286 286 286 286 286 285 285 285 285 286 287 287 287 287 287 287 287 287 287 287 287 287 288 288 288 288 288 288 288 288 288 288 288 289 289 289 289 289 289 290 290 290 290 291 290 290 290 290 290 290 290 291 291 290 290 290 290 290 291 291 290 289 289 289 290 290 290 290 290 290 290 290 290 290 291 291 291 291 291 291 292 292 291 291 291 291 291 291 291 291 291 292 292 292 292 292 292 292 292 292 292 292 292 292 292 292 292 292 292 292 292 292 292 292 292 291 292 292 292 293 293 293 293 293 293 293 293 293 293 293 293 293 293 293 293 293 265 266 266 266 265 265 265 265 266 266 267 266 267 267 266 267 267 267 267 267 267 268 269 269 268 268 268 267 267 268 268 268 269 270 269 269 268 269 269 269 269 268 268 268 269 269 269 269 269 270 270 270 270 270 270 270 270 270 270 269 270 270 270 270 270 270 270 270 271 271 271 271 271 271 271 271 271 271 271 271 272 272 272 272 272 272 272 272 272 272 272 272 272 272 272 272 272 272 272 273 273 273 273 273 273 273 273 273 273 273 274 274 274 274 274 274 274 274 274 274 274 274 275 275 275 275 275 275 275 275 275 275 275 275 275 276 276 276 276 276 276 276 276 276 276 276 276 277 277 277 277 277 277 277 277 276 277 277 277 277 277 277 277 277 277 278 277 278 278 278 278 278 278 278 278 278 278 279 279 279 279 279 279 279 279 279 280 280 280 280 280 280 280 280 280 280 280 280 280 280 280 280 281 281 281 281 281 281 281 281 281 282 282 282 282 282 282 282 282 282 282 282 282 282 282 282 282 284 284 284 284 284 284 284 285 285 285 285 285 285 285 285 285 285 285 286 286 285 285 285 286 286 286 286 287 287 287 287 286 286 286 286 286 286 286 286 286 286 285 285 285 286 287 287 287 287 287 287 287 287 287 287 287 287 287 288 288 288 288 288 288 288 288 288 288 288 289 289 289 289 289 290 290 290 290 290 291 290 290 290 290 290 290 291 291 291 291 290 291 291 291 291 291 290 289 290 290 290 290 290 290 290 290 290 290 290 290 291 291 291 291 291 292 292 291 291 291 291 291 291 291 291 291 292 292 292 292 292 292 292 292 292 292 292 292 292 292 293 293 292 293 293 293 293 292 292 292 292 292 292 292 293 293 293 293 293 293 293 293 293 293 293 293 293 293 294 294 265 265 265 265 265 265 266 266 266 267 266 266 266 267 267 267 267 267 267 267 267 267 268 269 269 269 268 268 267 268 268 268 269 269 270 269 269 268 269 269 269 268 269 269 269 269 269 269 269 269 270 270 270 270 270 270 270 270 270 269 269 270 270 270 270 270 270 270 270 270 271 271 271 271 271 271 271 271 271 272 272 272 272 272 272 272 272 272 272 273 272 272 272 272 272 272 273 273 273 273 273 273 273 273 273 273 273 273 273 273 274 274 274 274 274 274 274 274 274 274 275 274 275 275 275 275 275 275 275 275 275 276 275 275 275 276 276 276 276 276 276 276 276 276 276 276 276 277 277 277 277 277 277 277 277 277 277 277 277 277 277 277 277 277 277 278 278 278 278 278 278 278 278 278 278 278 278 279 279 279 279 279 279 279 279 280 280 280 280 280 280 280 280 280 280 280 280 280 280 280 281 281 281 281 281 281 281 281 281 281 281 282 282 282 282 282 282 282 282 282 282 282 282 282 282 282 282 284 284 284 284 284 284 285 285 285 285 285 285 285 285 285 285 285 286 286 286 286 286 285 286 286 286 287 287 287 287 287 286 287 287 287 286 286 286 286 286 286 285 285 286 286 287 287 287 287 287 288 288 288 288 288 288 287 287 287 287 288 288 288 288 288 288 288 288 288 289 289 289 289 290 289 289 289 289 290 290 290 290 290 290 290 290 290 291 291 291 291 291 291 291 291 292 291 290 290 290 290 290 290 291 290 290 290 290 290 290 291 291 291 291 291 291 292 292 292 292 291 291 291 291 291 292 292 292 292 292 292 292 292 292 292 292 292 292 293 293 293 293 293 293 293 293 293 293 293 293 292 292 292 292 293 293 293 293 293 293 293 293 293 293 293 293 294 294 265 265 265 265 266 266 266 266 266 267 267 267 267 267 267 267 267 268 268 267 267 267 268 270 270 270 269 268 267 268 269 269 269 269 269 269 268 268 268 268 268 269 269 269 269 269 269 269 270 270 269 270 270 270 270 270 270 270 270 269 270 270 270 270 270 270 271 270 270 270 270 271 271 271 271 271 271 272 272 272 272 272 272 272 272 272 272 272 272 272 272 273 272 272 272 272 273 273 273 273 273 273 273 273 273 273 273 273 273 273 273 273 274 274 274 274 274 274 275 275 275 275 275 275 275 275 275 275 275 275 275 276 276 275 275 276 276 276 276 276 276 276 276 276 276 276 276 276 276 277 277 277 277 277 277 277 277 277 277 277 277 277 277 277 277 278 278 278 278 277 278 278 278 278 278 278 278 279 279 279 279 279 279 279 279 280 280 280 280 280 280 280 280 280 280 280 280 280 281 280 281 281 281 281 281 281 281 281 281 281 281 282 282 282 282 282 282 282 282 282 282 282 282 282 282 282 282 284 284 284 284 284 284 285 285 285 285 285 285 285 285 285 285 285 286 286 285 285 285 286 286 286 287 286 287 287 287 287 287 287 287 287 286 286 287 287 286 286 285 285 286 287 287 288 288 288 288 288 288 288 288 288 288 288 288 288 288 288 288 288 288 288 288 288 288 288 289 289 289 289 289 289 289 289 290 290 290 290 290 290 291 291 290 291 291 290 291 291 291 291 291 291 291 292 291 290 290 290 290 290 290 290 291 291 290 290 290 291 291 291 291 291 291 292 292 292 292 292 292 292 292 292 292 292 292 292 292 292 292 292 292 292 293 292 292 292 293 293 292 292 292 292 292 292 292 292 292 292 292 292 292 293 293 293 293 293 293 293 293 293 294 294 294 294 265 265 265 265 265 266 266 266 266 267 267 267 267 266 266 266 267 267 268 268 267 267 268 269 269 270 270 269 268 268 268 268 269 269 270 269 269 269 269 269 268 269 270 269 270 270 270 269 269 270 270 270 270 270 270 270 270 270 269 270 269 269 270 270 270 271 271 270 270 270 270 270 271 271 271 271 271 271 272 272 272 272 272 272 272 272 272 272 272 272 272 272 272 272 273 273 273 273 273 273 273 272 272 272 273 273 274 274 274 274 273 273 273 274 274 274 274 274 274 274 274 274 275 275 275 275 275 275 275 276 275 275 276 276 275 276 276 276 276 276 276 276 276 276 276 276 276 276 276 276 276 277 277 277 277 277 277 277 277 277 277 277 277 277 277 278 278 277 278 278 278 278 278 278 278 278 279 279 279 279 279 280 280 279 280 280 280 280 280 280 280 280 280 280 280 281 280 280 281 281 281 281 281 281 281 281 281 281 281 281 282 282 282 282 282 282 282 282 282 282 282 282 282 282 282 282 282 284 284 284 284 285 285 285 285 285 285 285 285 285 285 285 285 285 286 286 285 286 286 286 286 286 286 286 287 287 287 287 287 287 287 286 286 286 287 287 286 286 286 285 286 287 287 288 288 288 288 288 288 288 288 288 288 288 288 288 288 288 288 288 288 288 288 288 288 289 289 288 289 289 290 290 290 289 290 290 290 290 290 290 291 291 290 291 291 290 290 291 291 291 291 291 291 291 292 291 290 290 290 290 291 291 291 291 291 290 291 291 291 291 291 291 291 292 292 292 292 292 292 292 292 292 292 292 292 292 292 292 292 292 292 293 293 293 293 293 292 292 292 292 292 292 292 292 293 293 293 293 293 293 293 293 293 293 293 293 293 293 294 294 294 294 294 294 265 265 265 265 266 266 267 266 266 266 266 266 267 268 268 268 268 268 268 268 268 268 269 270 269 269 269 268 268 268 269 270 270 270 270 270 269 269 268 269 270 270 270 270 270 270 269 269 270 270 270 270 270 270 270 269 270 269 269 270 270 271 271 271 271 271 271 271 270 270 271 271 271 271 272 272 272 272 272 272 272 272 272 272 272 272 272 273 273 273 273 273 273 272 272 272 272 272 272 273 272 272 273 273 274 274 274 274 274 274 274 274 274 274 274 274 274 274 274 274 274 275 275 275 275 275 275 275 275 275 275 276 276 276 276 276 276 275 276 276 276 276 276 276 276 276 276 276 276 276 277 277 277 277 277 277 277 277 277 277 277 277 278 277 278 278 278 278 278 278 278 278 278 279 279 279 279 279 280 280 280 280 280 280 280 280 280 280 280 280 280 280 280 280 281 281 281 281 281 281 281 281 281 281 281 281 281 282 282 282 282 282 282 282 282 282 282 282 282 282 283 282 282 282 284 284 284 285 285 285 285 285 285 285 285 285 285 285 285 285 285 286 285 285 286 285 285 286 286 286 286 287 287 287 286 286 286 287 286 286 287 287 286 286 286 286 286 286 287 287 288 288 288 288 288 288 288 288 288 288 288 288 288 288 288 288 289 289 288 288 288 289 289 289 289 289 290 290 290 290 290 290 290 290 290 291 291 291 291 290 291 290 291 291 290 291 291 291 291 291 291 291 292 292 291 290 291 291 291 292 292 291 290 291 291 291 291 291 291 292 292 292 292 292 293 292 292 292 292 292 292 292 293 293 293 293 293 293 293 293 293 293 293 293 293 293 293 293 293 293 293 293 293 293 293 293 293 293 293 293 293 293 293 293 293 294 294 294 294 294 265 265 265 266 266 266 266 266 266 267 267 267 268 268 268 269 268 268 268 269 269 270 269 269 269 269 269 269 269 269 270 270 270 269 269 269 269 269 270 270 270 270 270 269 269 270 270 270 270 270 270 270 270 270 270 269 269 270 270 271 271 271 271 271 271 271 271 271 271 271 271 271 272 272 271 271 271 272 272 272 272 272 273 273 273 273 273 273 272 272 272 272 272 272 272 272 273 273 273 273 273 273 273 273 274 274 274 273 273 274 274 274 274 275 275 275 274 274 274 274 275 275 275 275 275 275 276 276 276 276 276 276 276 276 275 276 276 276 276 276 276 277 276 276 276 276 276 276 276 277 277 277 277 277 277 277 277 277 277 278 278 278 278 278 278 278 278 278 278 278 278 278 279 279 279 280 280 280 280 280 280 280 280 280 280 280 280 280 280 280 280 281 281 281 281 281 281 281 281 281 281 281 281 281 281 282 282 282 282 282 282 282 282 282 282 282 282 282 282 283 283 283 284 284 284 285 285 285 285 285 285 285 285 285 285 285 285 285 286 286 286 286 286 286 286 286 286 286 287 287 287 287 286 286 286 287 287 287 287 286 286 286 286 286 286 286 287 288 288 288 288 288 288 288 288 288 288 288 288 288 288 288 288 288 288 289 289 289 289 289 289 290 290 290 290 290 291 290 290 290 290 290 290 291 291 291 291 291 291 290 290 290 291 290 291 291 291 291 291 291 291 292 292 291 291 291 292 292 292 291 290 291 291 291 291 291 292 292 292 292 292 292 293 293 292 292 292 292 292 292 292 293 293 293 293 293 293 293 293 293 293 293 293 293 293 293 293 293 293 293 293 293 293 293 293 293 293 293 293 293 294 293 294 294 294 294 264 264 264 265 265 265 265 266 266 266 266 267 267 268 268 267 267 268 269 269 269 269 269 269 270 270 270 270 270 270 270 270 270 269 269 269 269 269 270 270 270 270 270 270 270 270 270 270 271 271 270 270 271 270 270 270 269 270 271 271 271 272 272 271 272 272 271 271 271 271 271 271 271 271 271 271 271 272 272 271 272 272 272 273 273 273 272 272 272 272 272 272 272 272 272 272 273 273 273 272 272 272 273 273 273 273 273 273 273 273 274 274 274 274 274 274 274 274 274 274 274 275 275 275 275 275 276 276 276 276 276 276 276 276 276 276 276 276 277 277 276 276 276 276 276 277 277 277 277 277 277 277 277 277 277 277 277 277 278 278 278 278 278 278 278 278 278 278 278 278 278 279 279 279 279 279 279 279 279 280 280 280 280 280 280 280 280 280 280 280 280 280 280 280 280 280 280 281 281 281 281 281 281 281 281 281 281 281 281 282 282 282 282 282 282 282 282 282 282 283 282 283 283 283 283 283 283 283 283 283 283 283 283 283 284 284 284 284 284 284 284 284 284 284 284 285 285 285 285 285 285 285 285 285 285 285 286 285 285 285 285 285 284 285 285 286 286 287 287 287 287 288 288 288 288 288 289 289 289 288 289 289 289 289 289 289 290 290 290 290 290 290 290 290 290 291 290 290 291 291 290 290 291 291 291 291 291 290 290 290 290 290 290 290 291 291 291 291 291 291 291 292 293 292 291 292 292 292 292 291 292 292 292 292 292 292 292 293 293 293 293 293 294 293 293 293 293 293 293 293 293 293 293 294 294 294 294 294 294 294 294 294 294 294 294 294 294 294 294 294 294 293 293 294 294 294 294 294 294 294 294 294 294 294 295 264 264 265 265 265 265 265 265 265 266 267 267 268 268 267 267 268 268 269 269 269 269 270 270 270 270 270 270 270 270 270 270 270 270 270 270 270 270 270 270 270 270 270 270 270 270 271 271 271 271 271 271 271 270 270 270 270 270 270 271 271 272 271 271 272 271 271 271 271 271 271 271 271 271 271 271 271 271 271 271 272 272 272 272 273 273 273 272 272 272 272 272 272 272 272 272 272 272 272 272 272 273 273 274 274 273 273 273 273 273 274 274 274 274 275 274 274 274 274 275 275 275 275 275 275 275 275 276 276 276 276 276 276 277 277 276 276 277 277 276 276 276 276 276 277 277 277 277 277 277 277 277 277 277 277 277 277 277 278 278 278 278 278 278 278 278 278 279 279 279 279 279 279 279 279 280 280 279 280 280 280 280 280 280 280 280 280 280 280 280 280 280 280 280 280 280 281 281 281 281 281 281 281 281 281 282 282 281 281 282 282 282 282 282 282 282 282 282 283 283 283 283 283 283 283 283 283 283 283 283 283 284 284 284 284 284 284 284 284 284 284 284 284 285 285 285 285 285 285 285 285 285 285 285 285 285 285 285 285 285 285 285 285 285 286 286 287 287 287 287 289 289 289 289 289 289 289 289 289 289 289 289 289 289 289 289 290 290 290 290 290 290 290 291 291 291 290 291 291 291 291 291 291 291 291 291 290 290 290 291 291 291 291 290 290 291 291 291 291 291 291 292 292 291 291 292 292 293 292 292 292 292 292 292 292 293 293 293 293 293 293 293 294 293 293 293 293 293 293 294 294 293 294 294 294 294 294 294 294 294 294 294 294 294 294 294 294 294 294 294 294 294 294 294 294 294 294 294 294 294 294 294 294 295 295 264 264 265 265 265 265 266 266 266 266 266 267 267 267 268 268 269 269 269 270 270 270 270 270 270 270 270 270 270 270 270 270 271 271 271 271 270 270 270 270 271 271 271 271 271 271 271 271 271 271 270 270 270 271 271 270 270 270 271 271 271 271 271 271 271 272 272 272 272 271 271 272 271 271 271 272 272 272 272 272 272 272 272 273 272 273 272 273 273 273 273 273 273 273 273 273 273 273 273 274 274 274 274 274 274 274 273 273 274 274 274 275 275 274 274 274 275 275 275 275 275 275 275 275 276 276 276 276 276 276 277 277 276 277 277 277 277 276 277 276 277 277 276 276 277 277 277 277 277 277 277 277 277 277 277 278 278 278 278 278 278 278 278 279 279 279 279 279 279 279 280 280 280 280 280 280 280 280 280 280 280 280 280 280 280 280 280 280 280 280 280 281 281 281 281 281 281 281 281 281 281 281 282 282 282 282 282 282 282 282 282 282 282 282 282 282 283 283 283 283 283 283 283 283 283 283 283 284 284 284 284 284 284 284 284 284 284 284 284 284 284 285 285 285 285 285 285 285 285 285 285 285 285 285 285 285 285 285 285 285 285 286 287 287 287 287 288 290 290 290 290 289 289 289 290 289 289 289 289 290 290 290 290 290 290 290 290 290 290 290 290 291 291 291 291 291 291 291 291 291 291 291 291 291 291 291 291 291 292 291 291 291 290 291 291 291 291 291 291 292 291 292 292 292 292 293 292 292 292 292 292 293 293 293 293 293 293 293 293 293 293 293 293 293 293 293 294 294 294 294 294 294 294 294 294 294 294 294 294 294 294 294 294 294 294 294 294 294 294 294 294 294 295 294 294 294 295 295 295 295 295 264 265 265 266 266 266 265 266 267 267 267 267 268 268 268 269 269 269 270 270 270 270 270 270 270 270 271 271 271 271 271 271 271 271 271 270 270 270 271 271 271 271 270 270 270 271 270 270 270 270 271 271 270 271 271 271 271 271 272 272 272 272 272 272 272 273 272 272 272 272 272 272 272 272 272 272 272 272 272 272 272 273 273 273 273 274 274 274 274 274 274 274 274 274 274 274 274 274 274 274 274 274 274 274 273 274 274 274 275 275 274 275 275 275 275 275 275 276 275 275 275 276 276 276 277 277 277 277 278 277 277 278 277 277 277 277 277 277 277 276 277 277 277 277 277 277 277 278 278 278 278 278 278 278 278 278 278 279 279 279 279 279 279 279 279 279 280 280 280 280 280 280 280 280 280 280 280 280 280 280 280 280 280 280 280 280 280 280 281 281 281 281 281 281 281 281 281 281 281 281 282 282 282 282 282 282 282 282 282 282 282 283 283 283 283 283 283 283 283 283 283 283 284 284 284 284 284 284 284 284 284 284 284 284 284 284 284 284 285 285 285 285 285 285 285 285 285 285 285 285 286 286 286 286 286 286 286 286 286 287 287 288 288 288 290 290 290 290 290 290 290 290 290 290 290 290 290 290 290 290 290 290 290 290 290 290 290 290 291 291 291 291 291 291 291 291 291 291 292 292 291 291 291 291 291 292 291 291 291 291 291 291 291 291 291 291 291 292 292 292 292 292 292 293 293 292 292 292 293 293 293 293 294 294 293 293 293 293 293 293 293 293 293 294 294 294 294 294 294 294 294 294 294 294 294 294 294 294 294 294 294 294 294 295 294 294 294 294 295 295 295 295 295 295 295 295 295 295 265 266 266 266 266 266 267 267 268 268 268 268 269 269 269 269 269 269 269 270 270 270 270 270 270 270 270 271 271 271 271 271 272 271 271 270 270 270 271 271 270 271 270 270 270 270 270 271 271 271 271 271 271 271 271 271 271 272 272 272 272 272 273 273 273 273 273 273 273 272 272 272 272 272 272 272 272 272 273 273 273 273 273 274 274 274 274 274 274 274 274 274 274 274 274 274 274 274 274 274 274 274 274 274 274 274 274 274 274 275 275 275 274 275 275 275 275 276 276 276 276 276 276 277 277 278 278 278 278 278 277 277 276 276 277 277 276 277 277 277 277 277 277 277 277 277 278 278 278 278 278 278 278 278 278 278 278 278 279 279 279 279 279 280 280 280 280 280 280 280 280 280 280 280 280 280 280 280 280 280 280 280 280 280 280 280 280 281 281 281 281 281 281 281 281 281 281 281 281 281 282 282 282 282 282 282 282 282 282 283 283 283 283 283 283 283 283 283 283 284 284 284 284 284 284 284 284 284 284 284 284 284 284 284 284 284 285 285 285 285 285 285 285 285 285 285 285 285 285 286 286 286 286 286 286 286 286 287 287 288 288 288 288 290 290 290 290 290 290 290 290 290 290 290 291 291 291 290 290 290 290 290 290 290 290 290 291 290 290 291 291 291 291 291 291 292 292 292 292 291 291 291 291 291 291 291 291 291 291 291 291 292 291 292 291 291 291 292 292 292 293 292 293 293 293 293 293 292 293 293 293 294 294 293 293 293 293 293 293 293 293 293 294 294 294 294 294 294 294 294 294 294 294 294 294 294 294 294 294 294 294 294 294 294 294 294 295 295 294 295 295 295 295 295 295 295 295 265 265 266 266 266 266 266 266 267 267 268 269 269 269 269 269 269 269 269 270 270 270 270 270 270 270 270 270 269 270 271 271 271 271 271 271 271 271 271 270 270 270 270 270 270 270 270 270 271 271 271 272 271 271 272 271 271 271 272 272 273 273 273 273 273 273 273 273 273 273 273 273 273 272 272 272 272 272 272 273 273 274 274 274 274 274 274 274 274 274 274 274 274 274 274 274 274 274 274 274 274 274 274 274 274 274 274 274 274 275 275 275 275 275 275 275 275 275 276 276 276 276 276 276 276 276 277 277 277 277 278 277 276 276 276 276 276 277 277 277 277 277 277 277 277 277 277 278 278 278 278 278 278 278 278 278 278 278 279 279 279 279 279 279 279 280 280 280 280 280 280 280 280 280 280 280 280 280 280 280 280 280 280 280 280 280 280 280 281 281 281 281 281 281 281 281 281 281 282 281 281 282 282 282 282 282 282 282 282 282 283 283 283 283 283 283 283 284 284 284 284 284 284 284 284 284 284 284 284 284 284 284 284 284 284 284 284 285 285 285 285 285 285 285 285 285 285 285 285 286 286 286 286 286 286 286 287 287 287 287 288 288 288 289 290 290 290 291 291 291 291 291 291 291 290 290 290 290 290 290 290 290 291 291 291 291 291 291 291 291 291 291 291 291 291 291 292 292 291 291 291 291 291 291 291 291 291 291 291 291 291 291 292 292 292 292 291 291 291 292 292 293 293 293 293 294 293 293 293 293 293 293 293 294 294 293 293 293 294 294 294 294 293 294 294 294 294 294 294 294 294 294 294 294 294 294 294 294 294 294 294 294 294 294 294 294 294 295 295 294 294 294 294 295 295 295 295 295 265 266 267 267 267 267 267 267 267 267 268 269 270 270 270 270 270 270 270 270 270 270 269 269 270 269 269 270 271 271 271 271 271 271 271 271 272 271 270 270 271 270 271 271 271 271 272 272 272 272 272 272 272 272 272 272 272 272 273 273 273 273 273 273 273 273 273 273 273 274 273 273 273 273 273 273 273 273 274 274 274 274 274 274 274 274 274 274 274 274 274 274 274 274 274 274 274 274 274 274 275 275 274 274 274 274 275 275 275 275 275 275 275 276 276 276 276 277 277 276 276 277 276 276 277 277 278 278 278 277 277 277 277 277 277 278 277 277 277 277 278 278 277 277 278 278 278 278 278 278 278 278 278 278 278 279 279 279 279 279 279 279 280 280 280 280 280 280 280 280 280 280 280 280 280 280 280 280 280 281 281 281 280 281 281 281 281 281 281 281 281 281 281 281 282 282 282 281 281 282 282 282 282 282 282 282 282 283 283 283 283 283 283 284 284 283 284 284 284 284 284 284 284 284 284 284 284 284 284 284 285 284 284 284 285 285 285 285 285 285 286 285 285 285 286 286 286 286 286 286 286 286 286 286 286 287 287 287 287 288 288 290 290 290 291 291 291 291 291 291 291 290 290 290 290 290 291 291 291 291 291 291 291 291 291 291 291 291 291 291 291 291 291 291 291 291 291 291 291 291 291 291 291 291 292 291 291 291 291 291 292 292 292 292 292 292 292 292 292 293 293 293 293 293 293 293 293 293 293 294 294 294 294 293 293 294 294 294 293 293 294 294 294 294 294 294 295 295 295 295 294 294 294 294 294 294 294 294 294 294 294 294 294 295 295 295 295 295 295 295 295 295 295 295 265 265 266 267 267 267 266 266 266 267 268 268 268 269 270 270 270 270 270 270 270 270 270 269 269 269 270 270 271 271 271 271 271 271 271 271 271 271 271 271 271 271 271 271 271 271 271 271 272 272 271 271 271 272 272 272 272 272 273 273 273 273 273 273 273 273 273 273 274 274 274 273 273 274 274 273 273 273 274 274 274 274 274 274 274 274 274 274 274 274 274 274 274 274 274 274 274 274 274 274 275 275 275 275 275 275 275 275 275 275 275 275 276 276 276 276 276 276 277 277 277 277 276 277 277 277 277 277 277 277 278 278 278 278 278 278 278 278 278 278 278 278 278 278 278 278 278 278 278 278 278 278 278 278 278 278 279 279 279 279 279 279 280 280 280 280 280 280 280 280 280 280 280 280 280 280 280 280 280 280 280 281 281 281 281 281 281 281 281 281 281 281 282 282 282 282 282 282 282 282 282 282 282 282 282 282 283 282 283 283 283 283 283 283 283 283 284 284 284 284 284 284 284 284 284 284 284 284 284 284 285 285 285 284 285 285 285 285 286 285 285 285 285 285 285 286 286 285 285 286 286 286 285 285 285 286 286 286 286 286 287 289 289 289 290 290 290 290 290 290 291 290 291 291 291 291 291 292 292 292 292 292 292 292 292 292 292 291 291 291 291 291 290 290 290 291 291 291 291 291 291 291 291 291 292 292 292 292 292 291 291 292 292 292 292 292 292 292 292 292 293 293 293 293 293 293 293 293 294 294 294 294 294 294 294 294 293 294 294 294 294 294 294 294 294 294 294 295 295 295 295 294 294 294 294 294 294 294 294 294 295 294 294 294 295 295 295 295 295 295 295 295 295 295 265 266 266 266 266 266 267 267 268 267 266 267 268 268 268 269 269 270 270 270 269 269 269 269 270 270 270 271 271 271 271 271 271 271 271 271 271 271 271 271 271 271 271 271 271 271 271 271 271 271 271 272 272 272 272 273 273 273 273 273 273 273 273 273 273 273 273 274 273 274 274 273 273 274 273 273 273 274 274 274 274 274 274 274 274 275 274 274 274 274 274 274 274 274 274 274 274 274 274 275 275 275 275 275 275 275 275 275 275 276 276 276 276 276 277 277 276 276 277 277 277 277 277 277 277 277 277 277 277 277 277 278 278 278 278 277 277 278 278 278 278 278 278 278 278 278 278 278 278 278 278 278 278 279 278 278 279 279 279 279 279 280 280 280 280 280 280 280 280 280 280 280 280 280 280 280 280 280 280 280 280 281 281 281 281 281 281 281 281 281 282 282 282 282 282 282 282 282 282 282 282 282 282 282 282 282 282 283 283 283 283 283 283 283 283 284 284 284 284 284 284 284 284 284 284 284 284 284 285 285 285 285 285 285 285 285 285 286 286 285 285 285 285 286 286 285 286 286 286 286 286 287 287 286 286 286 286 286 287 287 289 289 289 290 289 290 290 289 290 291 291 291 290 291 291 291 291 292 292 292 292 292 292 292 292 292 292 292 292 292 291 290 290 290 291 291 291 291 291 291 291 291 291 292 292 292 292 292 292 291 292 292 292 292 292 292 292 292 292 293 293 293 293 293 293 293 293 293 294 294 294 294 294 294 294 294 294 294 294 294 294 294 294 294 294 295 295 295 295 295 295 295 294 294 294 294 294 294 294 295 294 294 294 295 295 295 295 295 295 295 296 295 295 296 265 266 266 266 267 267 267 267 267 266 267 268 267 267 268 268 268 268 269 269 269 269 269 269 270 270 270 270 271 271 271 271 271 271 271 271 270 271 271 271 271 271 271 271 271 271 271 271 271 271 271 272 273 272 272 272 272 273 273 272 272 273 273 273 273 273 273 273 274 274 273 274 274 273 273 274 274 274 274 274 274 274 274 274 274 274 275 275 275 275 274 274 274 274 274 274 274 274 275 275 275 275 275 275 275 276 275 275 276 276 276 276 277 277 276 277 277 277 277 277 277 277 277 277 278 277 277 277 277 278 278 277 277 277 277 277 278 278 278 278 278 278 278 278 278 278 278 278 278 278 278 278 278 278 278 279 279 279 279 279 279 280 280 280 280 280 280 280 280 280 280 280 280 280 280 280 280 280 280 280 281 281 281 281 281 281 281 281 281 282 282 282 282 282 282 282 282 282 282 282 282 282 282 282 282 282 283 283 283 283 283 283 283 284 284 284 284 284 284 284 284 284 284 284 284 284 285 285 285 285 285 285 285 285 285 285 286 285 285 285 285 285 285 285 285 286 286 286 286 286 286 286 287 287 287 286 286 286 286 288 289 289 289 289 289 289 290 290 291 291 291 290 291 291 291 291 291 292 292 292 292 292 293 292 292 292 293 292 292 291 290 290 290 290 291 291 291 291 291 291 291 291 292 292 292 292 292 292 292 292 292 291 292 293 292 292 293 293 293 293 293 293 293 293 293 293 293 294 294 294 294 294 294 294 294 294 294 294 294 294 294 294 294 294 295 295 295 295 295 295 295 294 294 294 294 294 294 294 295 294 294 294 295 295 295 295 295 295 295 296 296 296 296 265 265 265 266 266 267 267 266 266 267 267 268 267 267 267 268 268 269 270 270 269 269 269 269 269 269 270 271 271 271 271 271 271 271 271 271 270 271 271 271 271 271 271 271 271 271 271 271 271 272 272 272 272 271 272 272 273 273 272 272 272 273 273 273 273 273 273 274 274 274 274 274 274 273 273 273 274 274 274 274 274 274 274 274 274 275 275 275 275 275 274 274 274 274 274 274 274 275 275 275 275 275 275 275 276 276 276 276 276 276 276 277 277 277 277 277 277 277 277 277 277 277 277 278 277 277 277 277 278 278 278 278 278 277 277 277 277 278 278 278 278 278 278 278 278 278 278 278 278 278 279 279 279 279 279 279 279 279 279 279 280 280 280 280 280 280 280 280 280 280 280 281 281 281 281 281 281 280 280 280 281 281 281 281 281 281 281 281 282 282 282 282 282 282 282 282 282 282 282 282 282 282 282 282 283 283 283 283 283 283 283 283 284 283 284 283 284 284 284 284 284 284 285 284 285 285 285 285 285 285 285 285 285 285 285 285 286 286 286 286 285 285 285 285 286 286 286 286 286 286 286 287 287 287 287 287 288 288 289 289 289 289 289 289 289 290 290 290 290 290 290 290 290 291 291 292 292 292 292 292 292 292 293 293 293 293 293 293 292 291 290 290 290 291 291 292 292 292 292 291 291 291 292 292 292 292 292 292 292 292 292 292 293 293 293 293 293 293 292 293 293 293 293 293 293 294 294 294 294 294 294 294 294 294 294 294 294 294 294 294 294 294 294 295 295 295 295 295 295 295 294 294 294 294 295 295 295 295 295 294 295 295 295 295 295 295 295 295 296 296 296 296 266 267 266 266 267 267 267 268 268 268 269 270 270 270 269 269 269 269 270 270 271 270 270 271 271 271 271 271 271 271 271 271 271 271 271 272 271 271 271 271 272 271 272 272 272 272 272 272 272 272 273 272 272 272 273 273 273 273 273 273 274 274 274 274 274 274 274 273 274 274 273 274 274 274 274 274 274 274 274 275 275 275 275 275 275 275 274 274 274 275 275 275 275 275 275 275 275 275 276 276 276 276 276 276 276 277 277 276 277 277 276 277 277 277 277 277 277 277 277 277 277 277 277 277 278 278 278 277 277 278 278 278 278 278 278 278 278 278 278 279 278 279 279 279 279 279 279 279 279 279 279 279 279 279 280 280 280 280 280 280 280 280 280 280 280 281 281 281 281 281 281 281 281 281 281 281 281 281 281 282 282 282 282 282 282 282 282 282 282 282 282 282 282 282 282 282 282 282 282 283 283 283 283 283 283 283 283 283 284 284 284 284 284 284 285 285 285 285 285 285 285 285 285 285 285 285 285 285 285 285 286 286 286 285 286 286 286 286 286 286 287 287 287 287 287 286 286 287 287 287 288 290 290 289 289 289 289 290 290 290 290 290 290 291 291 291 291 291 291 292 292 292 292 292 292 292 293 293 293 293 293 292 292 291 290 291 291 291 292 292 292 292 292 292 291 292 292 292 292 292 292 293 292 292 293 293 293 293 293 293 293 293 293 293 293 293 293 294 294 294 294 294 294 294 294 294 294 294 294 294 294 294 294 295 295 295 295 295 295 295 295 295 294 294 294 294 295 295 295 295 295 295 295 295 295 295 295 295 295 295 296 296 296 296 296 297 266 266 266 267 267 268 268 269 268 268 269 270 270 269 269 269 270 270 271 271 270 270 271 271 271 271 271 271 271 271 271 271 271 271 272 272 272 271 271 272 272 272 272 272 272 272 272 272 272 273 272 272 272 273 273 273 273 273 273 274 274 274 274 274 274 274 273 273 273 273 273 274 274 274 274 274 274 274 275 275 275 275 275 275 275 275 274 274 274 274 275 275 275 275 275 275 275 276 276 276 276 276 276 276 276 276 276 277 276 276 277 277 277 277 277 277 277 277 277 277 278 278 277 277 278 278 278 277 278 278 278 278 278 278 278 278 278 278 278 278 278 279 279 279 279 279 279 279 279 279 279 279 279 280 280 280 280 280 280 280 280 281 281 281 281 281 281 281 281 281 281 281 281 281 281 282 281 282 282 282 282 282 282 282 282 282 282 282 282 282 282 282 282 283 282 282 282 282 282 282 283 283 283 283 283 283 283 284 284 284 284 284 284 285 285 285 285 285 285 285 285 285 285 285 285 285 285 285 285 286 286 286 285 286 286 286 287 287 287 287 287 287 287 287 287 287 287 287 288 288 289 289 290 290 291 290 290 291 291 291 291 290 290 291 292 292 292 292 292 292 292 292 292 293 293 293 293 293 293 293 293 292 291 290 291 291 291 291 292 292 292 292 292 292 292 292 292 292 292 292 293 293 293 293 293 293 293 293 293 293 293 293 293 293 293 293 294 294 294 294 294 294 294 294 294 294 294 294 294 294 295 295 295 295 295 295 295 295 294 295 294 294 295 295 295 295 295 295 295 295 295 295 295 295 295 295 295 296 296 296 297 297 297 266 266 266 267 267 267 268 267 268 268 269 270 270 270 269 269 269 270 270 271 271 271 270 271 271 271 271 271 271 271 271 271 271 271 271 271 272 272 272 272 272 272 272 272 272 272 272 272 272 273 273 273 273 273 273 273 273 273 273 274 274 274 274 274 274 274 274 274 273 273 274 274 274 274 274 274 274 274 274 275 275 275 275 275 275 275 275 274 274 274 275 275 275 275 275 275 276 276 276 276 276 276 276 276 276 276 276 277 276 277 277 277 277 277 277 277 277 277 277 277 277 278 277 277 277 278 277 278 278 278 278 278 278 278 278 278 278 278 278 278 278 279 279 279 279 279 279 279 279 279 279 279 279 280 280 280 280 280 280 280 281 281 281 281 281 281 281 281 281 281 281 281 281 281 281 282 281 281 281 281 282 282 282 282 282 282 282 282 282 282 282 282 282 283 282 282 282 282 282 282 283 283 283 283 283 283 284 284 284 284 284 284 284 284 285 285 284 285 285 285 285 285 285 285 285 285 285 285 285 285 285 286 285 286 286 287 286 286 286 287 287 287 287 287 287 288 288 288 288 288 290 290 290 290 290 291 291 291 291 291 291 291 291 291 291 292 292 292 292 292 292 292 292 293 293 293 293 293 293 293 293 292 291 290 290 291 291 292 292 292 292 292 292 292 292 292 292 292 292 292 293 293 293 293 293 293 293 293 293 293 293 293 293 293 293 293 294 294 294 294 294 294 294 294 294 294 294 294 294 294 294 295 295 295 295 295 295 295 294 294 294 295 295 295 295 295 295 295 295 295 295 295 295 296 296 296 296 267 268 267 268 269 269 268 269 270 270 269 269 269 270 270 271 271 271 270 270 271 271 271 271 271 271 271 271 272 271 271 271 272 272 272 272 272 272 272 272 272 272 272 272 273 273 273 273 273 273 273 273 273 273 274 274 273 274 274 274 274 274 274 274 274 274 274 274 274 274 274 274 274 275 275 275 275 275 275 275 275 275 275 275 275 275 275 275 275 275 275 275 275 276 276 276 276 276 276 276 276 276 276 276 276 277 277 277 277 277 277 277 277 277 277 277 277 277 277 277 277 278 278 278 278 278 278 278 278 278 278 279 279 279 278 278 279 279 279 279 279 279 279 279 279 279 280 280 280 280 280 280 280 280 280 280 280 281 281 281 281 281 281 281 281 281 281 281 281 281 281 281 281 282 282 282 282 282 282 282 282 282 282 282 282 282 282 282 283 283 283 283 282 282 283 283 283 283 284 284 284 284 284 284 284 284 284 284 284 284 284 284 285 285 285 285 285 285 285 286 286 286 286 285 285 286 286 286 286 286 286 286 286 286 287 287 287 287 287 287 288 288 288 288 289 291 290 290 290 290 291 291 291 291 291 292 292 292 291 291 292 292 292 292 292 293 293 293 293 293 293 293 293 293 293 293 292 291 291 290 291 291 291 292 292 292 292 293 293 293 293 292 292 292 292 293 293 293 293 293 293 293 293 293 293 293 293 293 293 293 294 294 294 294 294 294 294 294 294 294 294 294 294 294 294 294 294 295 295 295 295 295 294 295 295 295 295 295 295 296 296 296 296 295 296 295 295 295 296 267 267 267 267 267 268 268 268 269 270 270 269 269 270 270 271 271 271 271 271 271 270 271 271 271 271 271 271 271 271 271 271 271 271 272 272 272 272 272 272 272 272 272 272 273 273 273 273 273 273 273 273 273 273 273 273 274 273 274 274 274 274 274 274 274 274 274 274 274 274 274 274 274 274 274 274 275 275 275 275 275 276 275 275 275 275 275 275 275 275 275 275 275 276 276 276 276 276 276 276 276 276 276 276 276 276 276 277 277 277 277 277 277 277 277 277 277 277 277 277 277 277 278 278 278 278 278 278 278 278 278 278 278 279 279 279 279 279 279 279 279 279 279 279 279 279 280 280 280 280 280 280 280 280 280 280 280 280 281 281 281 281 281 281 281 281 281 281 281 282 282 282 282 282 282 282 282 282 282 282 282 282 282 282 282 282 282 282 282 283 283 283 283 282 282 283 283 283 284 284 284 284 284 284 284 284 284 284 284 284 284 284 285 285 285 285 285 285 285 285 286 286 286 286 286 286 286 286 286 286 286 286 286 287 287 286 287 287 287 287 288 288 288 288 289 289 291 291 291 291 291 291 291 291 290 291 291 292 292 292 292 292 293 292 292 292 293 293 293 293 292 293 293 293 293 293 293 293 292 291 291 291 291 292 292 292 292 292 292 293 293 293 293 293 292 292 293 293 293 294 294 293 293 293 293 293 293 293 294 293 293 293 294 294 294 294 294 294 294 294 294 294 294 294 294 294 295 295 295 295 295 295 294 294 295 295 295 296 296 296 296 296 296 296 296 296 295 296 296 296 296 267 268 268 268 267 267 268 268 269 270 269 268 269 270 270 270 271 271 271 271 271 271 271 271 271 271 271 271 271 271 271 271 271 271 272 272 272 272 272 272 272 272 272 272 273 273 273 273 273 273 273 273 273 273 273 273 273 273 273 274 273 273 274 274 274 274 274 274 274 274 274 274 274 274 274 274 274 275 275 275 275 275 275 276 275 275 275 275 275 275 275 276 276 276 276 276 276 276 276 276 276 276 276 277 277 277 277 277 277 277 277 277 277 277 277 277 277 277 277 277 278 278 278 278 278 278 278 278 278 278 278 278 278 279 279 279 279 279 279 279 279 279 279 279 279 279 280 280 280 280 280 280 280 280 280 280 280 281 281 281 281 281 281 281 281 281 281 281 281 281 281 282 282 282 282 282 282 282 282 283 283 283 282 282 282 282 282 282 283 283 283 283 283 282 282 283 283 284 284 284 284 284 284 284 284 284 284 284 284 284 284 284 285 285 285 285 285 285 285 285 285 285 286 286 286 286 286 286 286 286 287 287 287 287 287 287 287 287 287 287 287 288 288 288 288 289 290 290 290 291 291 291 291 291 291 291 291 291 292 293 293 293 293 292 292 292 292 292 293 293 293 293 293 293 293 293 293 292 292 291 291 291 291 292 292 292 292 292 293 292 292 293 293 293 293 293 293 293 293 293 294 294 294 294 293 293 293 293 293 293 293 293 294 294 294 294 294 294 294 294 294 294 294 294 294 294 295 295 295 295 295 295 295 295 295 296 296 296 296 296 296 296 296 296 296 296 296 296 296 296 296 267 268 269 268 268 267 268 269 269 269 269 269 270 269 269 270 270 271 271 271 271 271 271 271 271 271 271 271 271 271 271 271 271 272 272 272 272 272 272 272 273 272 273 273 273 273 273 273 273 273 273 273 273 273 273 273 273 273 273 273 273 274 274 274 274 274 274 274 274 274 274 274 274 274 274 275 275 275 275 275 275 276 276 276 275 275 275 275 275 275 276 276 276 276 276 276 276 276 276 276 276 277 277 277 277 277 277 277 277 277 277 277 277 277 277 277 277 277 277 277 278 278 278 278 278 278 278 278 278 278 278 279 279 279 279 279 279 279 279 279 279 279 279 279 279 280 280 280 280 280 280 280 280 280 280 281 281 281 281 281 281 281 281 281 281 281 282 281 281 282 282 282 282 282 282 282 282 283 282 282 282 282 282 282 283 283 283 283 283 283 283 283 282 283 283 283 284 284 284 284 284 284 284 284 284 284 284 284 284 284 284 285 285 285 285 285 285 285 285 285 285 285 286 286 286 286 286 287 287 287 287 287 287 287 287 287 287 287 287 287 288 288 288 288 289 291 291 291 291 291 291 291 291 291 292 292 291 292 292 292 292 292 292 292 292 293 293 293 293 293 293 293 293 293 292 292 292 291 291 291 291 291 291 292 292 292 292 293 293 292 293 293 293 293 293 293 293 293 293 294 294 294 294 294 294 294 294 294 294 294 294 294 294 294 294 294 294 294 294 294 295 295 295 295 295 295 295 295 295 295 295 296 295 296 296 296 296 296 296 296 296 296 296 297 297 296 296 296 296 263 264 267 268 268 268 268 268 268 268 268 269 269 269 269 269 269 270 270 271 271 271 271 271 271 271 271 270 271 271 271 271 271 271 271 271 271 272 272 272 272 272 272 272 273 273 273 273 273 273 273 273 273 274 274 273 274 273 273 273 273 273 273 273 273 274 274 274 274 274 274 274 274 274 274 274 274 275 275 275 275 275 275 275 276 276 276 276 275 275 275 275 276 275 275 275 276 276 276 276 276 276 276 276 276 277 277 277 277 277 277 277 277 277 277 277 277 277 277 277 277 277 277 278 278 278 278 278 278 278 278 278 278 279 279 279 279 279 279 279 279 279 279 279 279 279 279 279 280 280 280 280 280 280 280 280 280 280 281 281 281 281 281 281 281 281 281 281 282 282 282 282 282 282 282 282 282 283 283 283 283 283 282 282 282 282 282 283 283 283 283 283 283 283 283 282 283 283 284 284 284 284 284 284 284 284 284 284 284 284 284 284 284 285 285 285 285 285 285 285 285 285 285 285 285 286 286 286 286 286 286 287 287 286 287 287 287 288 288 288 288 288 288 288 288 288 288 289 290 291 291 291 291 292 292 292 292 292 292 292 292 293 292 292 292 292 292 292 292 292 292 293 293 293 293 293 292 292 292 292 292 292 292 291 291 291 292 292 292 292 292 293 293 293 293 293 293 293 294 294 293 293 293 294 294 294 294 294 294 294 294 294 294 294 294 295 294 294 294 294 294 294 294 295 295 295 295 295 295 295 295 295 295 295 296 296 296 296 296 296 296 263 265 264 267 267 267 267 268 268 269 269 269 269 268 268 268 268 268 269 269 269 270 270 271 271 271 271 271 271 270 270 271 271 271 271 271 271 271 271 271 271 271 272 272 272 272 272 272 272 272 273 273 273 273 273 273 273 273 274 274 274 274 273 274 274 274 273 274 273 273 273 274 274 274 274 274 274 274 274 274 274 275 275 275 275 275 275 275 276 275 276 276 276 275 275 275 276 276 275 275 275 276 276 276 276 276 276 276 276 276 276 276 276 277 277 277 277 278 278 278 277 278 278 278 278 278 278 278 278 278 278 278 278 278 278 279 278 279 279 279 279 279 279 279 279 279 279 279 279 279 279 279 280 280 280 280 280 280 280 280 280 280 281 281 281 281 281 281 281 281 281 281 282 282 281 282 282 282 282 282 282 282 283 282 283 283 283 282 282 282 282 282 283 283 283 283 283 283 283 283 283 283 284 284 284 284 284 284 284 284 284 284 284 284 284 284 285 285 285 285 285 285 285 285 285 285 285 285 285 285 286 286 286 286 286 286 286 287 287 287 288 288 288 288 288 288 288 288 288 289 289 289 290 291 291 291 291 291 292 292 292 292 292 292 292 293 292 292 292 292 292 292 293 293 293 293 293 293 293 293 293 293 293 293 293 292 291 291 291 291 292 292 292 292 293 293 293 293 293 293 293 293 294 294 294 293 293 294 294 294 294 294 294 294 295 295 295 294 294 295 295 295 294 294 294 294 295 295 295 295 295 295 295 295 295 295 295 296 296 296 296 263 265 267 265 264 263 264 264 263 267 267 267 268 268 267 267 268 269 269 268 268 269 269 268 269 269 269 269 269 269 270 270 271 271 271 271 270 270 271 271 271 271 271 271 271 272 272 272 271 271 271 271 272 272 272 272 272 272 272 272 273 273 273 273 273 273 273 273 274 274 274 274 274 274 274 274 274 274 273 274 273 274 274 274 274 274 274 274 274 274 274 275 275 275 275 275 275 276 275 275 276 276 276 276 275 275 276 276 276 275 276 276 276 276 276 276 276 276 276 276 276 276 277 277 278 278 278 278 278 278 278 278 278 278 278 278 278 278 278 278 278 278 278 278 279 279 279 279 279 279 279 279 279 279 279 279 279 279 279 279 279 280 280 280 280 280 280 280 280 280 280 281 281 281 281 281 281 281 281 281 282 282 282 282 282 282 282 282 282 282 282 282 282 282 283 283 283 282 282 282 282 283 283 283 283 283 283 283 283 283 283 284 284 284 284 284 284 284 284 284 285 284 285 285 285 285 285 285 285 285 285 285 285 285 285 285 285 286 286 286 286 286 286 286 286 287 287 287 288 287 288 288 288 288 288 288 288 288 289 289 289 291 291 291 291 291 291 291 291 292 292 292 292 292 293 293 292 292 292 292 293 293 293 293 293 293 293 293 293 293 294 294 293 293 292 291 291 291 292 292 292 292 292 293 293 293 293 293 293 293 293 294 294 294 294 294 294 294 294 294 294 294 295 295 295 295 295 295 295 295 295 294 294 295 295 295 295 295 295 295 295 295 295 295 295 296 296 296 296 296 263 265 267 267 266 264 266 266 266 265 264 267 267 268 268 268 268 268 269 269 269 269 268 268 268 268 269 269 269 269 269 269 270 270 271 271 271 271 271 271 271 272 272 272 272 272 272 272 272 271 271 271 271 271 271 272 272 272 272 272 272 272 273 272 273 273 273 273 273 273 273 274 273 274 273 273 274 274 274 274 274 274 273 273 274 274 274 274 274 274 275 274 274 274 275 275 275 275 275 275 275 275 275 276 276 276 276 276 276 276 276 276 276 276 276 276 277 277 277 276 276 277 277 277 277 277 278 278 278 277 278 278 278 278 278 278 278 278 278 278 278 278 278 278 278 278 279 279 279 279 279 279 279 279 279 279 279 279 279 279 279 279 280 280 280 280 280 280 280 280 280 281 281 281 281 281 281 281 281 281 281 282 282 282 282 282 282 282 282 282 282 282 282 282 282 282 282 283 283 282 282 282 282 283 283 283 283 283 283 283 283 283 283 284 284 284 284 284 284 284 284 285 285 285 285 285 285 285 285 285 285 285 285 285 285 285 285 285 285 286 286 286 286 286 287 287 287 287 288 288 287 288 288 288 288 287 288 288 288 289 289 289 289 291 291 292 291 292 292 292 292 292 292 292 292 293 293 293 292 292 292 293 293 293 293 293 293 293 293 293 293 293 294 293 293 293 292 292 292 291 292 292 292 292 292 293 293 293 293 293 293 293 293 294 294 294 294 294 294 294 294 294 294 294 295 295 295 295 295 295 295 295 295 294 295 295 295 295 295 295 295 295 295 295 295 295 295 296 296 296 296 297 263 265 266 266 266 265 267 267 267 266 265 265 264 264 267 267 267 267 267 268 268 268 269 268 269 269 269 269 268 268 269 269 269 270 270 269 269 269 269 270 270 271 271 271 271 271 272 272 272 272 272 272 272 272 272 272 272 272 272 271 271 271 272 272 272 272 272 273 273 273 273 273 273 273 273 273 273 273 273 273 274 273 273 273 274 274 274 274 274 274 274 274 274 274 275 275 275 275 275 274 274 275 275 275 275 275 275 275 275 275 276 276 276 276 276 276 276 276 276 276 276 277 277 277 277 277 277 277 277 277 278 278 278 278 277 277 278 277 277 278 278 278 278 278 278 278 278 278 278 278 278 278 279 279 279 279 279 279 279 279 279 279 279 279 279 279 279 279 280 280 280 280 280 280 280 281 281 281 281 281 281 281 281 281 281 281 282 282 282 282 282 283 282 282 282 282 282 282 282 282 282 282 282 282 282 282 282 283 283 283 283 283 283 283 283 283 283 283 284 284 284 284 284 284 284 285 285 285 285 285 285 285 285 285 285 285 285 285 285 285 285 285 285 286 286 286 286 286 286 286 287 287 287 287 287 287 288 288 288 288 287 288 288 288 288 289 289 290 291 291 292 292 292 292 292 292 292 292 292 292 293 293 293 293 293 293 293 293 293 293 293 293 293 293 293 293 293 293 293 293 293 292 292 292 292 292 292 292 292 292 293 293 293 293 293 293 293 293 294 294 294 294 294 294 294 294 294 294 294 295 295 295 295 295 295 295 295 295 295 295 295 295 295 295 295 295 295 295 296 296 296 296 296 296 296 296 297 264 265 266 266 266 267 268 268 267 266 266 266 265 264 266 267 267 267 267 267 267 268 268 268 268 268 268 269 269 269 268 268 269 269 270 270 270 269 269 270 270 270 271 271 271 271 271 271 271 271 271 271 271 271 271 271 271 272 272 272 272 272 272 272 271 272 272 272 273 273 273 273 273 273 273 273 273 273 273 273 273 273 274 274 274 273 273 273 274 274 274 274 274 274 275 275 275 275 275 275 275 275 274 275 275 275 275 275 275 275 276 276 276 276 276 276 276 276 276 276 276 276 276 276 277 277 278 277 277 278 278 278 278 278 277 277 277 278 278 278 277 277 278 278 278 278 278 278 278 278 278 278 279 279 279 279 279 279 279 279 279 279 279 279 280 279 279 279 279 279 280 280 280 280 280 280 280 280 281 281 281 281 281 281 282 282 282 282 282 282 282 282 282 282 282 282 282 282 282 282 282 282 282 282 283 282 282 282 282 282 283 283 283 283 283 283 283 283 283 283 284 284 284 284 284 284 284 285 285 285 285 285 285 285 285 285 285 285 285 285 285 285 285 285 286 286 286 286 286 286 286 286 286 287 287 287 287 288 288 287 288 287 287 288 288 288 288 289 289 290 291 291 291 291 291 292 292 292 292 292 293 293 293 293 293 293 293 293 293 293 293 293 293 293 293 293 293 293 292 293 293 293 292 292 292 292 292 292 292 292 292 292 293 293 293 293 293 293 293 293 294 294 294 294 294 294 294 294 294 294 295 295 295 295 295 295 295 295 295 295 295 295 295 295 295 295 295 295 296 296 296 296 296 295 296 296 296 296 297 297 265 266 266 266 267 267 268 267 267 267 266 265 265 265 265 265 267 267 267 267 267 267 268 268 268 268 268 268 269 269 269 269 268 269 269 270 270 270 270 270 270 271 271 271 270 271 271 271 271 271 270 270 271 271 271 271 271 271 271 271 272 272 272 272 272 272 272 272 272 272 272 272 273 273 273 273 273 273 273 273 273 273 273 273 274 274 274 274 274 273 273 273 273 273 274 274 275 275 275 275 275 275 275 275 275 275 275 275 275 275 276 276 276 276 276 276 276 276 276 276 276 276 276 276 276 277 277 277 277 277 277 277 278 278 278 278 278 278 277 277 277 277 277 277 277 277 278 278 278 278 278 278 278 278 279 279 279 279 279 279 279 279 279 279 279 279 279 280 279 279 279 280 280 280 280 280 280 280 281 281 281 281 281 281 281 281 281 281 281 282 282 282 282 282 282 282 282 282 282 282 282 282 282 282 282 282 283 283 282 282 283 283 283 283 283 283 283 283 283 283 283 283 284 284 284 284 284 284 284 284 285 285 285 285 285 285 285 285 285 285 285 285 285 285 286 286 286 286 286 286 286 286 286 287 287 287 287 287 287 287 288 287 287 287 288 288 288 288 289 289 289 290 291 292 292 292 292 292 292 292 292 292 292 293 293 293 293 293 292 292 293 293 293 293 293 293 293 293 293 293 293 292 292 293 292 292 292 292 292 292 293 293 292 292 293 293 293 293 293 293 293 293 294 294 294 294 294 294 294 295 295 295 295 295 295 295 295 295 295 295 295 295 295 295 295 295 296 296 296 296 296 296 296 296 296 296 296 296 296 297 297 265 266 267 267 267 267 267 268 268 267 266 266 265 266 267 267 266 266 266 266 266 265 265 266 266 266 266 265 265 265 266 266 266 266 267 267 267 268 267 267 267 268 268 268 268 268 269 269 269 269 269 269 269 270 270 270 270 270 270 270 271 271 271 271 271 271 271 271 271 270 270 271 271 271 271 271 271 271 272 272 272 272 273 273 273 273 272 272 272 273 273 273 273 273 273 273 273 273 273 273 273 274 274 274 274 274 274 274 274 274 273 273 273 274 274 274 275 275 275 275 275 275 275 275 275 275 275 275 276 276 276 276 276 276 276 276 276 276 276 276 276 277 277 277 277 277 277 277 277 277 277 278 278 278 278 278 277 277 277 278 278 278 277 278 278 278 278 278 278 278 279 279 279 279 279 279 279 279 279 279 279 279 279 279 279 280 279 280 280 280 281 280 280 280 280 280 281 281 281 281 281 281 281 281 281 281 281 281 282 282 282 282 282 282 282 282 282 282 282 282 282 282 282 282 282 282 282 283 283 283 283 283 283 283 283 283 283 283 283 283 284 284 284 284 284 284 284 284 284 285 285 285 285 285 285 285 285 285 285 285 286 286 286 286 286 286 286 286 286 286 286 287 287 287 287 286 287 287 287 287 287 287 288 288 288 289 289 289 289 290 291 292 292 292 292 292 292 292 292 292 292 293 293 293 293 293 292 292 292 293 293 293 292 292 293 293 293 293 293 293 292 292 292 292 292 292 293 293 293 293 293 293 293 293 293 293 293 293 293 293 294 294 294 294 295 295 294 295 295 294 295 295 295 295 295 295 295 295 295 295 295 295 295 295 296 296 296 296 296 296 296 296 296 296 296 296 296 297 297 266 267 267 267 267 267 267 267 266 265 265 266 267 268 268 268 268 268 268 267 266 267 267 267 267 266 266 266 266 266 266 267 267 267 267 268 268 268 268 268 268 268 268 269 269 269 269 269 269 269 269 269 270 269 269 270 270 270 271 271 271 272 272 271 271 271 271 271 271 271 271 271 271 271 272 272 272 272 272 272 272 273 273 273 272 272 272 273 273 273 273 273 273 273 273 273 273 273 273 274 274 274 274 274 274 274 275 274 274 274 274 273 274 274 274 275 275 275 275 275 275 275 275 275 275 275 276 276 276 276 276 276 276 276 276 276 276 276 277 277 277 277 277 277 277 277 277 277 277 278 278 278 278 278 278 278 278 278 278 278 278 278 278 278 278 278 278 279 279 279 279 279 279 279 279 279 279 279 279 279 279 279 279 280 280 280 280 280 281 280 280 280 280 280 281 281 281 281 281 281 281 281 281 281 281 281 281 281 282 282 282 282 282 282 282 282 282 282 282 282 282 282 282 282 282 283 283 283 283 283 283 283 283 283 283 283 283 284 284 284 284 284 284 284 284 284 284 285 285 285 285 285 285 285 285 285 285 286 286 286 286 286 286 286 286 286 286 286 287 287 287 286 287 287 288 288 287 287 287 287 287 288 288 288 289 289 289 290 291 291 292 292 292 292 292 292 292 292 293 293 293 293 293 292 292 292 292 292 293 293 292 292 292 293 293 293 293 292 292 292 292 292 292 292 293 293 293 293 293 293 293 293 293 293 293 293 293 293 294 294 294 294 295 295 295 294 295 295 295 295 295 295 295 295 295 295 295 295 295 295 295 296 296 296 296 296 296 296 296 296 296 296 297 297 297 297 297 266 267 267 267 267 267 266 266 266 266 266 266 267 268 268 268 268 268 268 268 268 268 268 268 268 268 267 267 267 267 268 267 267 267 267 268 268 268 268 268 268 268 268 268 269 269 269 269 269 269 269 269 269 269 270 270 270 270 271 271 272 272 272 271 271 271 271 271 271 271 271 271 271 272 272 272 272 272 272 272 272 272 273 272 272 272 272 272 273 273 273 273 273 273 273 273 273 274 274 274 274 274 274 274 274 274 274 275 274 274 274 274 274 274 274 275 275 275 275 275 275 275 275 275 275 275 276 276 276 276 276 276 276 276 276 276 276 277 277 277 277 277 277 277 277 277 277 278 278 278 278 278 278 278 278 278 279 279 278 278 278 278 278 278 278 278 279 279 279 279 279 279 279 279 279 279 279 279 279 279 279 279 280 280 280 280 280 281 281 281 280 280 280 281 281 281 282 281 282 282 282 281 281 281 281 281 282 282 282 282 282 282 282 282 282 282 282 282 282 282 282 282 282 282 283 283 283 283 283 283 283 283 283 283 283 284 284 284 284 284 284 284 284 284 284 284 285 285 285 285 285 285 285 285 285 285 285 286 286 286 286 286 286 286 286 286 286 287 287 286 286 287 287 288 288 288 288 288 288 288 288 289 289 289 289 289 289 291 291 291 292 292 292 292 293 293 292 292 292 293 293 292 292 292 292 293 293 293 292 292 292 292 293 293 293 293 292 292 292 292 292 292 293 293 293 293 293 293 293 293 293 293 293 293 294 294 294 294 295 295 294 295 295 295 295 294 295 295 295 295 295 295 295 295 295 295 295 295 296 296 296 296 296 296 296 296 296 296 296 296 296 296 297 297 297 297 266 267 268 268 268 267 266 266 266 266 267 267 269 269 269 269 269 269 269 269 269 268 269 269 269 268 268 268 268 267 267 267 268 267 268 268 268 268 268 268 268 268 269 269 269 269 269 269 269 269 270 270 269 269 270 270 270 271 271 272 272 272 271 271 271 271 271 271 271 271 271 272 271 272 272 272 272 272 273 272 272 272 272 272 272 272 272 273 273 273 273 273 273 273 273 274 274 273 273 274 274 274 274 274 274 274 274 274 274 274 274 274 274 274 275 275 275 275 275 275 275 275 276 275 275 276 276 276 276 276 276 276 276 276 276 276 277 277 277 277 277 277 277 277 277 277 277 277 278 278 278 278 278 278 278 279 279 278 278 278 278 278 278 278 279 279 279 279 279 279 279 279 279 279 279 279 279 279 279 279 279 279 280 280 280 280 281 281 280 280 281 280 280 281 281 281 282 282 282 282 282 281 281 281 282 282 282 282 282 282 282 282 282 282 283 283 282 282 282 282 282 282 282 283 283 283 283 283 283 283 283 283 283 284 284 284 284 284 284 285 285 284 284 284 284 284 285 285 285 285 285 285 285 285 285 285 286 286 286 286 286 286 286 287 287 287 287 287 286 287 287 287 288 288 288 288 288 288 288 288 289 289 289 289 289 289 291 291 291 291 292 292 292 292 292 292 292 292 292 292 291 292 292 293 293 293 293 292 292 292 292 293 293 292 292 292 292 292 292 292 292 293 293 293 293 293 293 293 293 293 293 293 293 294 294 294 294 294 294 294 294 295 295 295 295 295 294 294 295 295 295 295 295 295 295 296 296 296 296 296 296 296 296 296 296 296 296 296 296 297 297 297 297 268 268 269 269 268 268 268 267 267 268 268 269 269 269 269 269 269 270 269 269 269 269 269 269 269 268 268 267 267 267 268 268 268 268 268 268 268 269 269 269 268 268 268 269 269 269 269 269 269 270 270 270 270 270 270 271 271 271 272 272 272 272 271 271 271 271 271 271 271 271 272 272 272 272 272 272 272 272 273 273 272 272 272 272 273 272 273 273 273 273 273 273 273 273 274 274 274 273 273 274 274 273 274 274 274 274 275 275 274 274 274 274 274 275 275 275 275 275 275 275 275 275 275 276 276 276 276 276 276 276 276 276 276 276 276 277 277 277 277 277 277 277 277 277 277 277 277 277 278 277 278 278 278 278 278 278 278 278 278 278 278 278 278 279 279 279 279 279 279 279 279 279 279 279 279 279 279 279 279 279 279 280 280 280 280 281 281 281 281 281 281 281 281 281 281 281 282 282 282 282 281 281 282 282 282 282 282 282 282 282 282 282 283 283 283 282 282 282 282 283 283 283 283 283 283 283 283 283 283 283 283 283 284 283 283 284 284 284 285 285 285 284 284 284 285 285 285 285 285 285 286 286 286 286 286 286 286 286 286 286 286 286 287 287 287 287 287 287 286 287 287 287 288 288 288 288 288 288 288 289 289 289 289 289 290 291 291 292 292 292 292 292 292 292 292 292 292 292 291 292 292 293 293 293 293 292 292 292 292 292 292 292 292 292 292 292 292 292 292 292 293 293 293 293 293 293 293 293 293 293 293 293 294 294 294 294 294 294 294 294 294 294 295 295 295 295 295 295 295 295 295 295 295 295 295 296 296 296 296 296 296 296 296 296 296 296 296 297 297 297 297 297 269 269 269 268 268 268 268 268 268 268 269 269 269 269 269 270 270 270 269 270 270 270 269 269 269 269 269 269 269 269 269 269 269 268 268 268 268 269 269 269 269 269 269 270 270 270 270 270 270 271 270 270 270 271 271 271 271 271 271 271 272 272 271 271 271 271 271 271 272 272 272 272 272 272 272 272 272 272 273 273 273 272 272 272 272 273 273 273 273 273 273 273 274 274 274 274 273 273 273 273 273 274 275 274 274 275 275 275 273 273 274 274 274 275 275 275 275 275 275 275 275 276 276 276 276 276 276 276 276 276 276 276 276 276 277 277 277 277 277 277 277 277 278 277 277 277 277 278 278 278 278 278 278 278 278 278 278 278 279 279 279 279 279 279 279 279 279 279 279 279 279 279 279 279 279 279 279 279 279 279 280 280 280 280 280 281 281 281 281 281 281 281 281 281 281 282 282 282 282 281 281 281 282 282 282 282 282 282 282 282 282 283 283 283 282 283 283 283 283 283 283 283 283 283 283 283 283 283 283 284 284 284 283 283 284 284 284 285 285 285 284 284 284 285 285 285 285 285 286 286 286 286 286 286 286 286 286 286 286 286 287 287 287 287 287 286 286 287 287 287 287 288 288 288 288 288 288 289 289 289 288 289 289 290 292 292 292 292 292 292 292 292 292 292 292 292 291 292 292 292 293 293 293 292 292 292 293 292 293 293 292 293 292 292 292 292 292 292 293 293 293 293 293 293 293 293 293 293 293 293 293 293 294 294 294 295 295 295 295 294 295 295 295 295 295 295 295 295 295 295 295 295 295 295 295 295 296 296 296 296 296 296 296 296 296 296 297 297 297 297 297 269 269 269 269 269 269 269 268 268 268 269 269 269 269 269 270 270 270 270 270 270 270 270 270 269 269 269 270 270 270 270 270 270 270 270 269 268 269 270 270 270 271 270 271 271 271 271 271 271 271 271 271 271 271 271 271 271 271 271 271 272 272 272 272 272 272 272 272 272 272 272 272 272 272 272 272 272 272 273 273 273 273 273 273 273 273 273 273 274 274 274 274 274 274 274 274 274 274 273 273 273 274 274 274 273 273 273 273 274 274 274 274 274 274 274 275 275 275 275 275 275 276 276 276 276 276 276 276 276 276 276 276 276 277 277 277 277 277 277 277 277 277 277 277 277 278 278 278 278 278 278 278 278 278 278 278 278 278 279 279 279 279 279 279 279 279 279 279 279 279 279 279 279 279 279 279 279 279 279 279 279 280 280 280 280 281 281 281 281 281 281 282 281 281 281 282 282 282 282 281 281 281 281 282 282 282 282 282 282 282 282 282 283 283 283 283 283 283 283 283 283 283 283 283 283 283 284 284 284 284 284 284 284 283 284 284 284 285 285 284 284 284 284 285 285 285 285 286 286 286 286 286 286 286 286 286 286 286 286 286 287 287 287 287 287 287 287 287 287 287 288 288 288 288 288 288 288 289 289 289 288 288 289 289 291 291 291 292 292 292 292 293 293 292 292 292 291 291 292 292 293 292 292 292 292 292 292 293 292 293 292 292 292 292 292 292 292 292 293 293 293 293 293 293 293 293 293 293 293 293 293 294 294 294 295 295 295 295 295 295 295 295 295 295 295 295 295 295 295 295 295 295 295 295 295 296 296 296 296 296 296 296 296 296 296 297 297 297 297 297 298 269 269 268 268 269 269 269 269 269 268 269 269 269 269 270 270 270 270 271 270 270 270 270 270 270 270 270 270 270 271 270 270 270 270 270 270 270 270 271 271 271 271 271 271 271 271 271 271 272 272 271 271 271 271 271 271 271 271 271 272 272 272 272 272 272 272 272 272 272 272 272 272 272 272 272 272 272 272 273 273 273 273 273 273 273 273 274 274 274 274 274 274 274 274 273 273 273 273 273 273 273 273 273 274 273 273 274 275 276 276 275 274 274 274 274 275 275 275 275 275 275 276 276 276 276 276 276 276 276 276 276 277 277 277 277 277 277 277 277 277 277 277 277 277 278 278 278 278 278 278 278 278 278 278 278 278 279 279 279 279 279 279 279 279 279 279 279 279 279 279 279 279 279 279 279 279 279 279 279 280 280 280 280 281 281 281 281 281 281 282 282 281 281 281 282 282 282 282 282 282 282 282 282 282 282 282 282 282 282 282 282 283 283 282 282 283 283 283 283 283 283 283 283 283 283 283 284 284 284 284 284 283 284 284 284 284 285 285 285 284 284 284 285 285 285 286 286 286 286 286 286 286 286 286 286 286 286 287 287 287 287 287 287 287 287 287 287 287 287 287 288 288 288 288 288 288 289 289 289 288 288 288 289 291 291 292 292 292 292 292 293 293 293 293 293 292 291 291 292 292 292 291 292 292 292 292 292 292 292 292 292 292 293 292 292 292 293 293 293 293 293 293 293 293 293 293 293 293 294 294 294 294 294 295 295 295 295 295 295 295 295 295 295 295 295 295 295 295 295 295 295 295 296 296 296 296 296 296 296 296 296 296 296 297 297 297 297 297 297 298 269 269 268 268 269 269 269 269 269 269 269 268 269 270 270 270 270 271 271 270 270 270 271 271 270 270 271 271 271 271 271 271 271 271 271 271 271 271 271 271 271 271 271 271 271 271 272 272 272 271 271 271 271 271 271 271 271 272 272 271 271 272 272 272 272 272 272 272 272 272 272 272 272 272 272 272 272 273 273 273 273 273 273 273 273 273 273 274 274 274 274 275 274 274 274 273 273 274 274 274 274 275 275 274 274 274 274 275 275 275 275 274 275 275 275 275 275 275 275 275 275 276 276 276 276 276 276 276 277 277 277 277 277 277 277 277 277 277 277 277 277 277 278 278 278 278 278 278 278 278 278 278 278 278 278 279 279 279 279 279 279 279 279 279 279 279 279 278 279 279 279 279 279 279 279 279 279 279 279 280 280 280 281 281 281 281 281 282 282 281 281 282 282 282 282 282 282 282 282 282 282 282 282 282 282 282 282 282 282 283 282 283 283 283 283 283 283 283 283 283 283 283 283 283 283 283 283 284 283 283 284 284 284 284 285 285 285 285 284 284 284 285 285 285 286 286 286 286 286 286 286 286 286 286 286 287 287 287 287 287 287 287 287 287 287 287 287 287 287 287 287 288 288 288 288 288 289 289 288 289 289 289 291 291 291 291 292 292 292 292 293 293 293 293 293 292 292 291 292 292 292 292 292 292 292 292 292 292 292 293 293 292 292 293 293 293 293 293 293 293 293 293 293 293 293 294 293 294 294 294 294 294 295 295 295 295 295 296 295 295 295 295 295 295 295 295 296 295 295 295 296 296 296 296 296 296 296 296 296 296 296 296 297 297 297 297 297 298 298 269 268 269 269 268 268 268 269 269 269 269 269 270 270 270 270 271 271 270 270 270 270 271 271 271 271 271 271 271 271 271 271 271 271 271 271 271 271 271 271 271 271 271 271 271 272 272 272 272 272 272 272 271 271 271 271 271 272 272 271 271 272 272 272 272 272 272 272 272 272 272 272 272 272 272 272 273 273 273 273 273 273 273 273 273 273 273 274 274 274 274 274 274 274 273 274 274 274 274 274 275 275 275 274 274 274 275 275 275 275 275 275 275 275 275 275 276 275 275 276 276 276 276 276 276 276 276 277 277 277 277 277 277 277 277 277 277 277 278 278 278 278 278 278 278 278 278 278 278 278 278 278 278 279 279 279 279 279 279 279 279 279 279 279 279 279 279 278 278 279 279 279 279 279 279 279 279 279 280 280 280 280 281 281 281 281 282 282 281 281 282 282 282 282 282 282 282 282 282 282 282 282 282 282 283 282 282 282 282 282 282 282 283 283 283 283 283 283 283 283 283 283 283 283 283 283 284 284 283 284 284 284 285 285 285 285 285 284 284 284 285 285 285 286 286 286 286 286 286 286 286 286 286 286 287 287 287 287 287 287 287 287 287 287 287 287 287 287 287 287 287 288 288 288 289 289 288 288 288 289 289 291 291 292 291 291 292 292 292 292 293 293 293 293 292 292 292 291 291 292 292 291 291 292 292 292 292 292 292 293 293 293 293 293 293 293 293 293 293 293 293 293 293 294 294 294 294 294 294 294 294 295 295 295 295 296 296 296 295 295 295 295 295 296 296 296 296 296 296 296 296 296 296 296 296 296 296 296 296 296 296 297 297 297 297 297 298 298 268 268 269 269 269 269 269 269 269 269 269 269 270 270 270 271 271 270 270 270 270 271 271 271 271 270 270 270 270 271 271 271 271 271 271 271 271 271 271 271 271 271 271 271 271 272 272 272 272 272 272 272 272 272 272 271 271 271 271 271 272 271 272 272 272 272 272 272 272 272 272 272 272 272 272 273 273 273 273 273 273 273 273 273 273 273 273 274 274 274 273 273 273 273 274 274 274 274 274 274 274 275 275 274 274 275 275 275 275 275 276 276 276 275 275 275 275 275 276 276 276 276 276 276 276 276 277 277 277 277 277 277 277 277 278 278 278 278 278 278 278 278 278 278 278 278 278 278 278 278 278 279 279 279 279 279 279 279 279 279 279 279 279 279 279 279 279 279 279 279 279 279 279 279 279 279 279 280 280 280 281 281 281 281 282 282 282 282 282 282 282 282 282 282 282 283 282 282 282 282 282 282 282 283 283 283 283 283 282 282 282 283 283 283 283 283 283 283 283 283 283 284 284 283 283 284 284 284 284 284 285 285 285 285 284 284 284 284 285 285 285 285 286 286 286 286 286 286 286 286 286 286 286 286 287 287 287 287 287 287 287 287 287 287 287 287 288 288 288 288 288 288 288 289 289 288 289 289 289 289 291 292 292 292 291 292 292 292 292 293 293 293 293 293 293 293 292 292 292 292 292 291 292 292 292 292 292 292 293 293 292 293 293 293 293 293 293 293 293 293 294 294 294 294 294 294 294 294 294 294 295 295 295 296 296 295 296 296 295 295 295 295 295 295 296 296 296 296 296 296 296 296 296 296 296 296 296 296 296 297 297 297 297 297 298 298 269 269 270 270 270 269 269 269 269 269 269 270 270 271 271 271 270 270 270 270 270 270 270 270 270 270 270 270 270 271 271 271 271 271 271 271 271 270 270 271 271 271 271 271 271 272 271 272 272 272 272 272 272 272 272 271 271 271 271 271 271 271 271 272 272 272 272 272 273 273 272 272 272 272 273 273 273 273 273 273 273 273 273 273 274 273 274 274 274 273 273 273 273 274 274 274 274 274 274 274 274 275 275 275 275 275 275 275 275 275 276 276 276 275 275 275 276 276 276 276 276 276 276 276 276 276 277 277 277 277 277 277 277 278 278 278 278 278 278 278 278 278 278 278 278 278 278 278 279 279 279 279 279 279 279 279 279 280 280 280 280 280 280 279 279 279 279 279 279 279 279 280 279 279 279 279 279 280 280 281 281 282 282 282 282 282 282 283 282 282 282 282 282 282 282 283 283 283 283 283 283 283 283 283 283 282 282 283 282 282 283 283 283 283 283 283 283 283 283 283 283 284 283 284 284 283 284 284 284 285 285 285 285 284 284 285 285 285 285 285 286 286 286 286 286 286 286 286 286 286 286 286 286 287 287 287 287 287 287 287 287 287 287 287 287 287 287 287 288 288 288 288 288 288 288 289 289 289 289 291 291 292 292 291 291 292 292 292 292 292 293 293 293 293 293 293 292 292 292 292 292 291 292 292 292 292 292 292 293 293 293 293 293 293 293 293 293 293 294 294 294 294 294 294 294 294 294 294 294 295 295 295 296 296 296 295 295 295 295 295 295 296 296 296 296 296 296 296 296 296 296 296 296 296 296 296 296 296 297 297 297 297 298 298 298 269 269 269 269 269 269 269 269 270 270 269 270 271 271 271 271 271 270 270 271 270 270 270 270 270 270 270 270 271 271 271 271 271 272 271 271 271 271 270 271 271 271 271 271 271 271 271 272 272 272 272 272 272 272 272 271 271 271 271 271 271 271 272 272 272 272 272 272 273 273 273 273 273 273 273 273 273 273 273 273 273 274 274 274 274 274 274 274 274 274 274 274 274 274 273 274 274 274 274 274 275 275 275 275 275 275 275 275 275 275 276 276 276 275 276 275 276 276 276 276 276 276 276 276 276 277 277 277 277 277 277 277 278 278 278 278 278 278 278 278 278 278 278 278 278 278 279 279 279 279 279 279 279 279 279 279 279 279 280 280 280 280 279 279 279 279 279 279 279 279 279 279 279 279 279 279 280 280 281 281 281 281 281 282 281 282 282 282 282 282 282 282 282 282 283 283 283 283 283 283 283 283 283 283 282 283 282 282 282 283 283 283 283 283 283 283 283 283 283 283 283 284 283 283 284 284 284 284 285 285 285 285 285 285 285 285 285 285 285 286 286 286 286 286 286 286 286 286 286 286 286 286 287 287 287 287 287 287 287 287 287 287 288 287 287 287 287 288 288 288 288 288 288 288 288 288 289 289 291 291 291 291 291 291 292 292 292 292 292 292 292 292 293 293 293 292 292 292 292 292 292 292 292 292 292 292 293 293 293 293 293 293 293 293 293 294 294 294 294 294 294 294 294 295 295 294 294 295 296 296 296 296 296 296 296 296 296 296 296 296 296 296 296 296 296 296 296 296 296 296 296 296 296 296 296 296 297 297 297 297 297 297 298 298 269 269 269 269 269 269 269 270 270 270 270 271 271 271 270 270 271 271 271 271 270 270 270 270 270 270 271 271 271 271 271 271 271 272 272 271 271 271 271 271 271 271 271 271 271 271 271 271 271 271 271 272 272 272 271 272 272 272 271 271 271 272 272 271 271 272 272 273 273 273 273 273 273 273 273 273 273 273 273 273 274 274 274 274 274 274 274 274 274 274 274 275 274 274 274 274 274 274 274 274 274 275 275 275 275 275 275 275 275 276 276 276 276 276 276 276 276 276 276 276 276 276 276 276 277 277 277 277 277 277 277 278 278 278 278 278 278 278 278 278 278 278 278 279 279 279 279 279 279 279 279 279 279 279 279 279 279 280 280 280 280 280 280 279 279 279 279 279 279 279 280 280 280 280 280 280 280 280 281 282 281 281 282 281 281 282 282 282 282 282 282 283 283 283 283 283 283 283 283 283 283 283 283 283 283 283 283 282 283 283 283 283 283 283 283 283 283 283 283 284 283 284 284 284 284 284 284 285 286 285 285 285 285 285 285 285 285 285 286 286 286 286 286 286 286 286 286 286 286 286 287 287 287 287 287 287 287 287 287 287 287 288 288 288 287 287 288 288 288 288 288 288 288 289 288 289 289 291 291 291 291 291 292 292 292 292 292 292 292 292 292 293 293 293 293 292 292 292 292 292 292 292 292 292 293 293 293 293 293 293 293 293 294 294 294 294 294 294 294 294 294 294 295 295 294 294 295 296 296 296 296 296 296 296 296 296 296 296 296 296 296 296 296 296 296 296 296 296 297 297 297 296 296 297 297 297 297 297 297 297 297 297 270 270 270 269 269 269 270 270 270 270 270 271 271 271 271 270 270 270 270 270 270 270 270 270 270 271 271 271 271 272 272 272 272 272 272 271 271 271 271 271 271 271 272 272 272 271 272 272 272 272 272 272 272 272 272 272 272 272 271 271 271 271 271 271 271 271 272 273 273 273 273 273 273 273 273 273 273 273 273 274 274 274 274 274 274 274 274 274 274 274 275 275 274 274 274 274 274 275 275 275 275 275 275 275 275 275 275 275 275 275 276 276 276 276 276 276 276 276 276 276 276 276 276 277 277 277 277 277 277 277 278 278 278 278 278 278 278 278 278 278 279 279 279 279 279 279 279 279 279 279 279 279 279 279 279 279 280 280 280 280 280 280 279 279 279 279 279 279 279 279 280 280 280 280 280 280 281 281 282 282 281 281 281 282 282 282 282 283 282 282 283 283 283 283 283 283 283 283 283 283 283 283 283 283 283 283 283 283 283 283 283 283 283 283 283 283 283 284 284 284 283 284 284 284 285 285 286 286 285 285 285 285 285 285 285 285 285 286 286 286 286 286 286 286 286 286 286 286 287 287 287 287 287 287 287 288 287 288 288 288 288 288 288 288 288 288 288 288 288 289 289 289 289 288 289 289 291 291 292 292 292 291 291 291 292 292 292 292 292 292 292 292 292 292 292 292 292 292 292 292 292 292 293 293 293 293 293 293 293 293 293 293 294 294 294 294 294 294 294 294 294 295 295 295 295 295 296 296 296 296 296 296 296 296 296 296 296 296 296 296 296 296 296 296 296 296 297 297 297 296 296 296 297 297 297 297 297 297 298 298 298 270 269 269 269 270 270 270 270 270 270 271 270 270 270 270 270 270 270 270 270 270 270 270 271 271 271 271 271 271 271 272 272 272 272 272 272 271 272 272 272 272 271 271 271 272 272 272 272 273 273 272 273 273 273 273 272 272 272 272 272 272 272 272 271 271 272 272 273 273 273 273 273 274 274 273 273 274 274 274 274 274 274 274 274 274 274 274 274 274 275 275 275 274 274 274 274 275 275 275 275 275 275 275 275 275 275 275 275 275 276 276 277 276 277 277 277 276 276 276 276 276 276 277 277 277 277 277 277 277 278 278 278 278 278 278 278 278 278 278 279 279 279 279 279 279 279 279 279 279 279 279 279 279 279 279 280 280 280 280 280 280 279 279 279 279 279 279 279 279 279 280 280 280 280 280 281 281 282 282 281 281 282 282 282 282 283 283 283 283 283 283 283 283 283 283 283 283 283 283 283 283 283 283 283 283 283 283 283 283 283 283 283 283 284 284 284 284 284 284 284 284 284 285 284 285 286 286 285 285 285 285 285 285 285 285 286 286 286 286 286 286 286 286 286 286 286 286 287 287 287 287 287 287 288 288 288 288 288 288 288 288 289 288 288 288 288 288 289 289 289 290 289 289 289 289 291 291 292 292 292 292 292 291 291 291 292 292 292 292 292 292 292 292 292 292 292 292 292 292 292 293 293 293 293 293 293 293 293 293 293 293 294 294 294 294 294 294 294 294 295 295 295 295 295 295 296 296 296 296 296 296 296 296 296 296 296 296 296 296 296 296 296 296 296 296 297 297 297 297 296 297 297 297 297 297 297 297 298 298 270 269 269 269 269 269 269 269 269 270 270 270 269 269 270 269 269 270 270 271 271 271 271 271 271 271 271 271 271 272 272 272 272 272 272 272 272 272 272 272 272 272 272 272 272 272 272 272 272 272 272 273 273 273 273 273 273 273 273 273 272 272 272 272 271 271 272 272 273 273 273 273 273 274 274 274 274 274 274 274 274 274 274 274 274 274 274 274 274 274 275 275 275 274 274 274 274 275 275 275 275 275 275 275 275 275 275 275 275 275 276 276 276 277 277 277 277 277 277 276 276 276 277 277 277 277 277 277 277 278 278 278 278 278 278 278 278 278 279 279 279 279 279 279 279 279 279 279 279 279 279 279 279 279 279 279 280 280 280 280 280 280 279 279 279 279 279 279 279 279 279 280 280 280 280 281 281 281 281 281 281 282 282 282 282 283 283 283 283 283 283 283 283 283 283 283 283 283 283 283 283 283 283 283 283 283 283 283 284 283 283 284 284 284 284 284 284 284 284 284 284 285 285 285 285 285 285 285 285 285 285 285 285 285 285 286 286 286 286 286 286 286 286 287 287 286 286 287 287 287 287 287 287 288 288 288 288 288 288 288 288 288 288 289 289 288 288 288 289 289 289 290 290 290 290 291 291 291 292 292 292 292 292 292 291 291 292 292 292 292 292 292 292 292 292 292 292 292 292 293 293 293 293 293 294 293 293 293 293 294 294 294 294 294 294 294 295 295 295 295 295 294 294 294 295 295 296 296 296 296 296 296 296 296 296 296 296 296 296 296 296 296 296 296 296 296 296 297 297 297 297 297 297 297 297 297 298 298 269 269 269 268 269 269 268 269 269 269 270 270 269 269 269 269 269 270 271 271 271 272 272 272 271 271 271 271 272 272 272 272 272 272 272 272 272 272 272 272 272 272 272 272 272 272 272 272 273 273 273 273 273 273 273 273 273 273 273 273 273 273 273 272 272 272 272 273 273 273 273 273 273 273 273 273 274 274 274 274 274 274 274 274 274 274 274 275 275 274 275 275 275 275 274 274 275 275 275 275 275 275 275 275 275 275 275 275 275 275 276 276 276 277 277 277 277 276 277 276 276 276 277 277 277 277 277 278 278 278 278 278 278 278 278 278 278 279 279 279 279 279 279 279 279 279 279 279 279 279 279 279 279 279 280 280 280 280 281 281 280 280 279 279 279 279 279 279 279 280 280 280 280 280 281 281 282 281 281 282 282 282 282 282 283 283 283 282 282 283 283 283 283 283 283 283 283 283 283 283 283 283 284 283 283 283 284 284 284 284 284 284 284 284 284 284 284 284 284 284 284 285 285 286 286 286 285 285 285 285 285 285 285 285 286 286 286 286 286 286 287 287 287 287 287 286 287 287 287 287 287 287 287 287 287 288 288 288 288 288 288 288 288 288 288 289 289 288 289 289 290 290 290 290 291 291 291 292 292 292 291 292 292 291 291 291 292 292 292 292 292 292 292 292 292 292 292 292 292 292 292 293 293 293 293 293 293 293 294 294 294 294 294 294 294 295 295 295 295 295 294 294 294 295 295 295 296 296 296 296 296 296 296 296 296 296 296 296 296 296 296 296 296 296 296 296 296 297 297 297 297 297 297 297 298 298 298 270 269 269 269 269 268 268 269 269 269 270 270 269 269 269 269 270 271 271 270 271 271 272 272 272 272 271 271 271 271 272 272 272 272 272 272 272 272 272 272 272 272 272 272 273 272 273 273 273 273 273 273 273 273 273 273 273 273 273 273 273 273 273 273 272 272 272 272 272 273 273 273 274 273 273 274 274 274 274 274 274 274 274 274 274 274 274 275 275 275 275 275 275 275 274 275 275 274 274 275 275 275 275 275 275 275 275 276 276 276 276 276 277 277 277 277 277 277 277 276 277 277 277 277 277 277 278 278 278 278 278 278 278 278 278 278 279 279 279 279 279 279 279 279 279 279 279 279 279 279 279 279 279 280 280 280 280 280 281 281 280 280 280 280 280 280 279 279 280 280 280 280 280 281 281 282 281 281 282 282 282 282 282 283 283 283 283 282 282 282 282 283 283 283 283 283 283 283 283 283 283 284 284 284 284 284 284 284 284 284 284 284 284 284 284 284 284 285 285 285 285 285 285 286 285 285 285 285 285 285 285 285 286 286 286 286 286 286 286 287 287 287 287 287 287 287 287 287 287 287 287 287 287 288 288 288 288 288 288 288 288 288 288 288 289 289 289 289 289 289 290 290 290 292 291 292 292 292 292 292 291 291 291 291 291 291 292 292 292 292 292 293 292 292 292 292 292 292 293 292 292 293 293 293 293 293 293 293 293 294 294 294 294 294 294 294 295 295 295 295 295 295 295 295 295 295 296 296 296 296 296 296 296 296 296 296 296 296 296 296 296 296 296 296 296 297 297 297 297 297 297 297 297 298 298 298 270 270 268 268 269 270 270 269 270 269 269 269 269 270 270 270 270 271 271 271 272 272 272 272 272 272 272 271 271 272 272 272 272 272 272 272 272 272 272 272 272 273 273 273 273 273 273 273 273 273 273 273 273 273 273 274 274 274 274 273 273 273 272 272 272 273 273 274 274 274 273 274 274 274 274 274 274 274 274 274 274 274 274 274 275 275 275 275 275 275 275 275 276 276 275 275 275 275 275 275 275 276 276 276 276 276 276 276 276 276 277 277 277 277 277 277 277 277 277 277 277 277 277 278 278 278 278 278 278 278 278 278 278 279 279 279 279 279 279 279 279 279 279 279 279 279 279 279 279 279 279 280 280 280 280 280 280 280 280 280 280 280 280 280 279 280 280 280 281 281 281 281 281 281 282 282 282 282 282 282 282 283 283 283 282 282 283 283 283 284 284 283 283 283 283 283 283 283 283 284 284 284 284 284 284 284 284 284 284 284 284 284 284 285 285 285 285 285 285 285 286 285 285 285 285 285 285 285 285 286 286 286 286 286 286 287 287 287 287 287 287 287 287 287 287 287 287 287 287 287 288 288 288 288 288 288 288 288 289 288 288 289 289 289 289 289 289 289 289 290 292 292 292 292 292 292 292 292 292 291 291 291 291 291 292 292 292 292 292 292 292 292 292 292 292 293 292 292 292 293 293 293 293 293 293 293 294 294 294 294 294 294 295 295 295 295 295 295 295 295 295 295 296 296 296 296 296 296 296 296 296 297 297 296 296 296 297 297 297 297 296 297 297 297 297 297 297 297 297 297 298 298 298 298 269 268 268 270 270 269 269 269 269 269 270 270 270 270 270 270 271 271 272 272 272 272 272 272 272 272 271 271 271 271 271 272 272 272 272 272 272 273 272 273 273 273 273 273 273 273 273 273 273 273 273 273 273 273 273 274 274 274 274 274 274 273 273 274 274 274 274 274 274 274 274 274 274 274 274 274 274 274 274 274 274 274 275 275 275 275 275 275 275 275 276 276 276 275 275 275 275 275 275 276 276 276 276 276 276 276 276 276 277 277 277 278 278 277 277 277 277 277 277 277 278 278 278 278 278 278 278 278 278 278 278 279 279 279 279 279 279 279 279 279 279 279 279 279 279 279 279 279 279 280 280 280 280 280 280 280 280 280 280 280 280 280 280 280 280 280 280 281 281 282 281 282 282 282 282 282 282 282 283 283 283 283 283 283 283 284 283 283 284 283 283 283 283 283 283 283 283 283 283 284 284 284 284 284 284 284 284 284 284 284 284 285 285 285 285 285 285 286 286 285 285 285 285 285 285 285 286 286 286 286 286 286 287 287 287 287 287 287 287 287 287 287 287 287 287 287 288 288 288 288 288 288 288 288 288 288 288 288 289 289 289 289 289 289 289 289 289 289 291 292 292 292 292 292 292 293 292 292 292 292 292 292 292 292 292 292 292 292 292 292 292 292 292 293 293 294 293 292 293 293 294 294 294 293 293 294 294 294 294 294 294 295 295 295 295 295 294 295 295 296 296 296 296 296 296 296 296 296 297 296 296 296 296 296 296 297 297 297 297 297 297 297 297 297 297 297 297 297 297 298 298 298 270 269 268 269 270 269 269 269 269 270 270 271 271 271 271 271 271 271 272 272 273 273 273 272 272 272 272 272 272 272 272 272 272 272 272 272 272 272 273 273 273 273 273 273 273 273 273 274 274 273 273 273 274 274 273 273 273 273 273 273 273 274 274 274 274 274 274 274 274 274 274 274 274 274 274 274 274 274 275 275 274 274 275 275 275 275 275 275 275 275 276 276 276 275 275 275 275 275 275 276 276 276 276 276 276 276 276 276 276 277 277 277 277 278 278 278 278 277 278 278 278 278 278 278 278 278 278 278 278 278 278 279 279 279 279 279 279 279 279 279 279 279 279 279 279 279 279 279 279 280 280 280 280 280 280 280 280 280 280 280 280 280 280 280 280 280 280 281 281 281 281 282 282 282 282 283 283 283 282 283 283 283 283 283 283 283 283 283 283 284 284 284 283 283 283 284 284 284 284 284 284 284 284 284 284 284 284 285 285 285 285 285 285 285 285 285 285 285 285 285 285 285 285 285 286 285 286 286 286 286 286 286 287 287 287 287 287 287 287 287 287 287 287 287 287 288 288 288 288 288 288 288 288 288 289 289 288 288 289 289 289 289 289 289 290 290 290 289 291 291 291 292 292 292 292 293 293 293 293 293 292 292 292 292 292 292 293 293 293 293 293 294 295 295 295 296 295 294 293 293 294 295 294 294 294 294 294 294 294 294 294 294 295 295 295 295 295 295 296 296 296 296 296 296 296 296 296 296 296 296 296 296 296 297 297 297 297 297 297 297 297 297 297 297 297 297 297 298 298 298 298 298 298 269 269 269 269 270 270 270 270 270 271 271 272 272 272 272 272 272 273 273 273 273 273 273 272 272 272 272 272 272 272 272 272 272 272 272 273 273 273 273 273 273 273 273 273 273 274 274 274 273 273 274 274 273 273 273 273 273 273 273 273 273 273 273 273 274 274 275 275 274 274 274 275 274 274 274 274 274 274 275 275 275 275 275 275 275 275 275 275 276 276 275 275 275 275 275 276 276 276 276 276 276 277 276 277 277 277 277 277 277 277 278 278 278 278 277 278 278 278 278 278 278 278 278 278 278 278 278 279 279 279 279 279 279 279 279 279 279 279 279 280 280 280 280 280 280 280 280 280 280 280 280 280 280 280 281 281 281 280 280 280 280 280 280 281 281 282 282 281 282 281 282 282 282 283 283 282 283 283 283 283 283 283 283 283 283 283 283 283 284 284 284 284 284 284 284 284 284 284 284 284 284 284 285 285 285 285 285 285 285 285 284 285 285 285 285 285 285 285 285 286 286 286 286 286 286 286 286 286 287 287 287 287 287 287 287 287 287 287 287 287 287 288 288 288 288 288 288 288 288 288 288 288 288 288 289 289 289 289 289 289 289 289 290 290 290 292 292 292 292 292 292 292 293 293 293 293 293 293 293 293 293 293 292 293 293 293 294 295 295 295 295 295 295 295 294 294 293 294 295 294 294 295 295 294 294 295 294 294 294 294 295 295 295 295 295 296 296 296 296 296 296 296 296 296 296 296 296 296 296 296 296 297 297 297 297 297 297 297 297 298 297 297 297 298 298 298 298 299 298 298 298 269 269 270 270 270 270 271 271 271 272 272 272 272 272 273 273 273 273 273 273 273 273 273 273 273 273 273 272 272 272 273 272 272 272 273 273 273 273 273 273 273 273 273 273 274 273 273 274 273 273 274 274 274 274 273 273 274 274 274 273 273 273 273 273 273 274 274 275 275 275 275 275 274 274 274 274 274 275 275 275 275 275 275 275 275 275 275 275 276 276 276 276 275 275 275 276 276 276 276 276 276 276 277 277 277 277 277 277 277 277 278 278 278 277 277 278 278 278 278 278 278 278 278 278 278 279 279 279 279 279 279 279 279 279 279 279 279 279 280 280 280 280 280 280 280 280 280 280 280 280 280 280 280 281 281 281 281 280 280 280 280 280 281 281 282 282 282 282 282 282 282 282 282 282 282 282 282 283 283 283 283 283 283 283 283 283 283 283 283 284 284 284 284 284 284 284 284 284 284 284 284 284 285 285 285 285 285 285 284 284 284 285 285 285 285 285 285 285 286 286 286 286 286 286 286 286 286 287 287 287 287 287 287 287 287 287 287 287 287 287 288 288 288 288 288 288 288 288 288 288 288 289 289 289 289 289 289 289 289 289 289 289 290 290 292 292 292 292 292 292 292 293 293 293 293 293 293 293 293 293 293 293 293 293 293 294 294 294 294 294 294 294 295 295 295 294 294 294 294 295 295 295 294 294 295 295 294 294 294 295 295 296 295 295 296 296 296 296 296 296 296 297 297 296 296 296 296 296 296 297 297 297 298 297 297 297 297 298 298 297 297 297 298 298 298 298 299 299 298 298 299 270 270 270 271 271 271 271 271 271 272 272 272 272 272 273 273 273 273 273 273 273 273 273 273 273 273 273 273 273 273 273 273 273 272 273 273 273 273 273 274 273 273 273 273 273 273 273 273 273 273 273 274 274 274 273 273 273 274 274 274 273 273 273 273 273 273 273 274 274 274 274 274 274 274 274 274 274 274 275 275 275 276 276 276 276 276 275 275 276 276 276 276 276 275 275 275 276 276 276 276 277 277 277 277 277 277 277 277 277 277 278 278 278 278 278 278 278 278 278 278 278 278 278 278 278 279 279 279 279 279 279 279 279 279 279 279 279 279 280 280 280 280 280 280 280 280 280 280 280 280 280 280 280 280 281 280 280 280 280 280 280 281 281 281 282 282 282 282 282 282 282 282 282 282 282 282 283 283 284 284 284 283 283 284 283 283 283 283 283 283 284 284 284 284 284 284 284 284 284 284 284 284 284 285 285 285 285 285 285 284 284 285 285 285 285 285 286 286 286 286 286 286 286 286 286 286 286 287 287 287 287 287 287 287 287 287 287 287 287 287 288 288 288 288 288 288 288 288 288 288 289 289 289 289 289 289 289 289 289 289 289 289 290 290 292 292 291 291 292 292 292 292 293 293 293 293 293 293 293 293 293 294 293 294 294 294 294 294 294 294 294 294 295 295 295 295 294 294 294 295 295 295 295 295 295 295 295 295 295 295 295 296 296 295 296 296 296 296 296 296 296 297 297 296 296 296 297 297 297 297 297 298 298 298 297 297 298 298 297 297 297 297 298 298 298 298 298 299 298 299 299 299 270 270 270 271 271 271 271 272 272 272 272 273 273 273 273 273 273 273 273 273 273 274 274 274 274 274 274 273 273 273 273 273 273 273 273 273 273 273 274 274 274 274 274 274 274 274 273 273 274 273 273 273 273 273 273 274 274 274 274 274 274 274 274 274 274 273 273 274 274 274 274 274 274 274 274 274 275 275 275 276 276 276 276 276 276 276 276 276 276 276 276 276 276 276 276 276 276 277 277 277 277 277 277 277 277 277 277 277 278 278 279 279 278 278 278 278 278 278 278 278 278 278 278 278 278 278 279 279 279 279 279 279 279 279 279 279 279 279 280 279 280 280 280 280 280 280 280 280 280 280 280 280 280 281 281 280 280 280 280 280 281 281 281 282 282 282 282 282 282 282 282 282 283 283 283 283 284 284 283 284 284 284 284 283 283 283 283 283 283 284 284 284 284 284 284 284 284 284 284 284 284 284 284 285 285 285 285 284 285 285 285 285 285 285 285 285 285 285 286 286 286 286 286 286 286 286 286 286 287 287 287 287 287 287 287 287 287 287 287 287 287 287 287 288 288 288 288 288 288 288 288 289 289 289 289 289 289 289 289 290 290 290 290 291 291 291 292 292 292 293 293 293 293 293 293 293 293 293 293 294 294 294 294 294 294 294 294 294 295 295 295 295 295 295 295 295 295 294 295 295 295 296 295 296 296 295 295 295 295 296 296 296 295 296 296 296 296 296 296 296 297 297 297 296 296 297 297 297 297 297 297 298 298 297 297 298 297 297 297 297 297 298 298 298 298 299 299 298 299 299 300 270 270 270 270 271 271 271 272 272 272 273 273 273 273 273 273 273 273 273 273 274 274 274 274 274 274 274 274 274 274 274 274 274 273 273 273 273 273 274 274 274 274 274 274 274 273 273 273 273 274 274 274 274 273 274 274 274 274 275 275 275 275 274 274 274 274 274 274 274 275 275 275 275 275 275 275 275 275 275 276 276 276 276 276 277 277 277 276 276 276 276 276 276 276 276 276 276 277 277 277 277 277 277 278 278 278 278 278 278 278 279 278 278 278 278 278 278 278 278 278 278 278 278 279 279 279 279 279 279 279 279 279 279 279 279 279 280 280 280 280 280 280 280 280 280 280 280 280 280 280 280 280 281 281 281 280 281 281 281 281 281 281 282 282 282 282 282 282 282 282 282 282 283 283 283 283 284 283 283 283 284 283 284 284 283 283 283 283 284 284 284 284 284 284 284 284 284 285 285 285 284 284 284 284 284 284 284 285 285 285 285 285 285 285 285 285 285 286 286 286 286 286 286 286 286 286 286 287 287 287 287 287 287 287 287 287 287 287 287 287 288 288 288 288 288 288 288 288 288 288 288 289 289 289 289 289 289 289 289 289 289 289 291 291 291 292 292 292 293 293 293 293 292 292 293 293 293 293 293 294 294 294 294 294 294 294 294 295 295 295 295 295 295 295 295 295 294 294 295 295 295 296 296 296 296 295 295 295 295 295 295 295 296 296 296 296 296 296 296 297 298 297 297 297 296 296 297 297 297 297 298 298 298 298 298 298 298 297 297 297 298 298 298 298 299 299 299 299 299 300 271 270 270 271 271 271 272 272 272 273 273 273 273 272 273 273 273 273 274 274 274 274 274 274 274 274 274 274 274 275 274 274 274 273 273 273 274 274 274 274 274 274 274 274 274 274 274 273 274 274 275 274 274 273 274 274 275 275 275 275 275 275 275 275 275 275 274 274 275 275 275 275 275 275 275 275 275 275 275 276 276 276 276 276 277 277 277 277 277 276 276 277 276 276 277 276 277 277 277 277 277 277 277 278 278 278 278 278 278 278 279 278 278 278 278 278 278 279 278 278 279 279 279 279 279 279 279 279 279 279 279 279 279 279 280 280 280 280 280 280 280 280 280 280 280 280 280 280 280 280 280 280 280 280 281 281 281 281 281 281 281 282 282 282 282 282 282 282 282 282 283 283 283 283 283 283 283 283 283 284 284 283 283 284 283 283 283 283 284 284 284 284 284 284 285 285 285 285 285 284 284 284 284 284 284 285 285 285 286 286 285 285 285 285 285 285 286 286 286 286 286 286 286 286 286 287 287 287 287 287 287 287 287 287 287 287 287 287 288 288 288 288 288 288 288 288 288 289 289 289 289 289 289 289 289 289 289 289 289 289 290 292 292 292 292 292 293 293 293 293 293 293 293 292 293 293 293 293 294 294 294 294 294 294 294 294 294 294 294 295 295 295 295 295 295 295 294 295 295 295 295 295 295 296 296 296 296 295 295 296 295 296 296 296 296 296 296 296 297 298 298 298 297 297 297 297 297 297 297 297 297 297 298 298 298 298 297 298 298 298 298 298 298 298 299 299 299 300 271 271 271 271 271 272 273 273 273 272 272 272 272 273 273 273 274 273 274 274 274 274 274 274 274 274 274 274 274 274 274 274 274 274 274 274 274 274 274 274 274 274 274 274 274 274 274 274 274 275 275 274 273 274 275 275 275 275 275 276 276 275 275 274 275 275 275 275 275 275 275 275 275 275 275 275 275 276 276 276 276 276 276 276 276 276 277 277 276 277 277 277 277 277 277 277 277 277 277 277 277 278 278 278 278 278 278 278 279 279 279 279 279 278 278 278 279 279 279 279 279 279 279 279 279 279 279 279 279 279 279 280 280 280 280 280 280 280 280 280 280 280 280 280 280 280 280 280 280 280 280 280 281 281 281 281 281 281 281 282 282 282 282 282 282 282 282 283 283 283 283 283 282 283 282 283 283 284 283 283 283 283 284 283 284 284 284 284 284 284 284 284 284 285 284 284 284 285 285 285 285 285 285 285 285 286 286 286 285 285 285 286 286 286 286 286 286 286 286 286 286 286 287 287 287 287 287 287 287 287 287 287 287 287 287 287 288 288 288 288 288 288 288 288 289 289 289 289 289 289 289 289 289 289 289 289 289 289 289 292 292 293 293 293 293 293 293 293 293 293 293 293 293 293 293 293 294 294 294 294 294 294 294 294 294 294 294 294 294 294 295 295 295 295 295 295 295 295 295 296 296 296 296 296 296 296 296 296 296 296 296 296 296 296 296 296 297 298 298 298 298 298 297 297 297 298 297 297 297 297 298 298 298 298 298 298 298 298 298 298 298 298 299 299 299 299 300 272 272 271 271 272 272 272 272 271 272 272 273 273 273 273 274 274 274 274 274 274 274 274 274 274 274 274 274 274 274 275 274 274 274 274 274 274 274 274 274 274 274 274 274 274 274 274 274 274 274 274 274 274 275 275 275 275 275 275 275 275 275 275 275 275 275 275 275 275 275 275 275 275 275 275 275 275 276 276 276 276 276 276 276 276 276 276 276 277 277 277 277 277 277 277 277 277 277 277 277 278 278 278 278 278 278 278 278 279 279 278 278 278 278 278 278 279 279 279 279 279 279 279 279 279 279 279 279 280 279 279 279 279 279 280 280 280 280 280 280 280 280 280 280 280 281 281 281 281 281 281 281 281 281 281 281 281 281 282 282 282 282 282 282 282 282 283 283 283 283 283 282 282 283 284 284 284 284 283 283 284 284 284 284 284 284 284 284 284 284 284 284 284 284 284 285 285 285 285 285 285 285 285 286 286 286 286 286 286 286 286 286 286 286 286 286 286 286 286 286 286 287 287 287 287 287 287 287 287 287 287 287 287 287 288 288 288 288 289 289 289 289 289 289 289 289 289 289 289 289 289 289 289 289 290 290 290 290 292 292 293 293 293 293 293 293 293 293 293 293 293 293 293 293 293 293 293 294 294 294 294 294 294 294 294 294 294 295 295 295 295 295 296 296 295 295 296 296 296 296 296 296 296 296 296 297 296 296 296 297 296 296 296 296 296 297 298 298 298 298 298 297 298 297 297 297 297 297 297 298 298 298 298 298 298 298 298 298 298 299 299 299 299 299 299 300 271 272 272 272 272 272 272 272 272 272 273 273 274 274 274 274 274 274 274 274 274 275 274 274 274 274 274 274 274 274 275 275 275 275 275 275 274 274 274 274 274 274 274 274 274 274 274 274 274 273 274 275 275 275 275 275 275 275 276 276 275 275 275 275 275 275 276 275 275 275 275 275 275 275 275 275 276 276 276 276 276 276 277 276 276 276 276 277 277 277 277 277 277 277 277 277 277 277 277 277 278 278 278 278 278 278 279 278 278 278 279 279 279 278 279 279 279 279 279 279 279 279 279 279 279 279 279 279 279 279 279 279 279 280 280 280 280 280 280 280 280 280 280 280 280 281 281 281 281 281 281 281 281 281 281 281 281 281 282 282 282 282 282 282 282 282 283 283 283 284 283 283 282 283 283 283 283 284 283 283 284 284 284 284 284 284 284 284 284 284 284 284 284 284 284 285 285 285 285 285 285 285 285 286 285 285 285 286 286 286 286 286 286 286 286 286 286 286 286 286 286 287 287 287 287 287 287 287 287 287 287 287 287 288 288 288 288 288 288 289 289 289 289 289 289 289 289 289 289 289 289 290 290 290 290 291 291 291 292 292 292 293 293 293 293 293 293 293 293 293 293 293 293 293 293 293 294 294 293 294 294 294 294 294 294 295 295 295 295 295 295 295 295 295 295 295 296 296 296 296 296 296 296 296 296 296 296 296 296 296 297 297 297 296 297 297 298 298 298 298 298 297 297 297 297 297 297 298 298 298 298 298 298 298 298 298 298 298 299 299 299 299 299 299 299 300 301 272 272 272 272 272 272 272 273 272 272 272 273 273 274 274 274 274 274 274 274 274 275 275 275 274 274 274 274 274 274 274 275 275 275 275 275 275 274 274 274 274 274 274 274 274 275 275 274 274 274 274 274 275 275 275 275 275 275 275 275 276 275 275 275 275 275 276 275 275 275 275 275 275 275 276 276 276 276 276 276 277 277 277 276 276 276 277 277 277 277 277 277 277 278 278 278 278 278 277 277 278 278 278 278 278 278 279 279 278 278 278 279 279 279 279 279 279 279 279 279 279 279 279 279 279 279 279 279 279 279 279 279 279 279 280 280 280 280 280 280 280 280 280 281 281 281 281 281 281 281 281 281 281 281 281 281 281 281 282 282 282 282 282 282 282 282 282 282 283 284 284 283 282 283 283 283 284 284 283 283 284 284 284 284 284 284 284 284 284 284 284 284 284 285 285 285 285 285 285 285 285 285 285 285 285 285 285 286 286 286 286 286 286 286 286 286 286 286 286 286 286 287 287 287 287 287 287 287 287 287 287 287 287 288 288 288 288 288 288 289 289 289 289 289 289 289 290 290 290 290 290 290 290 291 291 291 291 290 292 292 293 293 293 293 293 293 293 293 293 293 293 293 293 293 293 293 293 293 294 294 294 294 294 294 294 295 295 295 295 295 295 295 295 295 295 295 295 296 296 296 296 297 297 297 297 297 296 296 297 297 296 297 297 297 297 298 299 298 298 297 297 297 297 297 297 297 298 298 298 298 298 298 298 298 298 298 298 298 299 299 299 299 300 300 300 300 301 272 273 273 273 272 272 272 272 272 273 273 273 273 274 274 274 274 274 274 274 275 275 275 275 275 275 274 274 274 274 274 274 274 275 275 275 275 275 275 275 274 274 275 275 275 275 275 274 274 274 274 275 275 275 275 275 275 275 275 275 275 275 276 275 275 275 276 276 275 275 275 275 275 275 275 276 276 276 276 276 276 277 277 277 276 276 276 277 277 277 277 277 277 277 278 278 278 278 278 277 278 278 278 278 278 278 279 279 278 278 278 278 278 278 278 279 279 279 279 279 279 279 279 279 279 279 279 279 279 279 279 279 279 279 280 280 280 280 280 280 280 280 280 280 281 281 281 281 281 281 281 281 281 281 281 281 281 282 282 282 282 282 282 282 282 282 282 283 283 283 283 283 282 283 283 283 284 284 283 284 284 284 284 284 284 284 284 284 284 284 284 284 284 285 285 285 285 285 285 285 286 286 286 286 286 286 286 286 286 286 286 286 286 286 286 286 286 286 286 286 286 287 287 287 287 287 287 287 287 287 287 288 288 288 288 288 288 288 288 288 289 289 289 289 289 289 290 290 290 290 290 290 290 291 291 291 291 290 292 292 293 293 293 293 293 293 293 293 293 293 293 293 293 293 293 294 294 294 294 294 294 294 294 294 294 295 295 294 295 295 295 295 296 295 295 295 296 296 296 296 296 296 296 297 297 297 297 296 297 297 297 297 297 297 297 298 298 298 298 297 297 297 297 297 297 298 298 298 298 298 298 298 298 298 298 298 298 299 299 299 299 299 299 300 300 300 300 300 273 273 273 272 272 272 272 273 273 274 273 274 273 274 274 274 274 274 274 274 274 274 275 275 275 275 275 274 274 274 274 274 274 274 274 274 275 275 275 275 275 275 275 275 275 275 274 274 274 274 275 275 275 275 275 275 275 276 275 275 276 276 276 276 276 276 276 276 276 276 276 275 275 275 276 276 276 277 277 277 276 277 277 276 276 276 276 277 277 277 278 277 278 278 278 278 278 278 278 278 278 278 278 278 278 279 279 279 279 278 278 278 278 278 278 278 278 278 279 279 279 279 279 279 279 279 279 279 279 279 279 280 279 280 280 280 280 280 280 280 280 280 281 280 281 281 281 281 281 281 281 281 281 281 281 281 282 282 282 282 282 282 282 282 282 282 282 282 283 283 283 283 283 283 283 284 283 283 284 284 284 284 284 284 284 284 284 284 284 284 284 284 285 285 285 285 285 285 285 285 286 286 286 286 286 286 286 286 286 286 286 286 286 286 286 286 286 286 286 287 287 287 287 287 287 287 287 287 287 287 288 288 288 287 287 288 288 289 289 289 289 289 289 289 290 290 290 290 290 290 290 290 290 290 290 290 290 292 292 292 293 293 293 293 293 293 293 293 293 293 293 293 293 293 294 294 294 294 294 294 294 294 294 295 295 295 294 295 295 295 295 296 296 295 295 296 296 296 296 296 296 296 296 296 297 296 296 296 297 297 297 297 297 297 297 298 298 298 298 298 297 297 297 297 298 298 298 298 298 298 298 298 298 298 299 299 299 299 299 299 299 299 299 299 299 300 300 301 273 273 273 273 273 272 272 272 273 274 274 274 274 274 274 274 274 274 274 274 274 274 274 275 275 275 275 275 274 274 274 275 274 274 274 274 274 274 275 275 275 275 275 275 275 275 275 274 274 274 275 275 275 276 276 276 276 275 275 275 276 276 275 276 276 276 276 276 275 275 275 275 275 275 276 276 276 276 277 277 277 277 277 276 277 277 277 277 277 277 278 278 278 278 278 278 278 278 278 279 279 278 278 278 279 279 279 279 279 278 278 279 279 279 278 279 278 278 279 278 278 279 279 280 279 279 279 279 279 279 279 280 279 279 280 280 280 280 280 280 280 281 281 281 280 281 281 281 281 281 281 281 281 281 281 281 281 282 282 282 282 283 283 283 282 282 282 283 283 283 283 283 283 283 283 283 283 283 284 284 284 284 284 284 284 284 285 285 285 285 284 284 285 285 285 285 285 285 285 285 286 286 286 286 286 286 286 286 286 286 286 286 286 286 286 286 286 286 286 286 287 287 287 287 287 287 287 287 287 288 288 288 288 287 287 288 288 288 289 289 289 289 289 289 290 290 290 290 290 290 290 290 290 290 290 290 290 293 293 292 293 293 293 293 293 293 294 293 293 293 293 293 293 294 294 294 294 294 294 294 294 294 294 295 295 295 295 295 295 295 295 295 296 296 295 295 296 296 295 296 296 296 297 297 297 296 296 296 296 297 297 297 297 297 297 297 297 298 298 297 297 298 298 298 298 298 298 298 298 298 298 298 298 299 298 299 299 299 299 299 299 299 299 299 300 300 300 300 300 301 273 273 273 273 272 272 272 273 274 274 274 274 274 274 275 274 274 274 274 275 275 275 275 275 275 276 276 275 274 275 275 274 275 275 274 274 274 274 275 275 275 275 275 275 275 274 274 274 275 275 275 275 276 276 276 275 276 276 276 276 276 275 275 275 275 275 275 275 275 275 275 275 276 276 276 276 276 277 277 277 277 277 277 277 277 277 277 277 277 277 278 278 278 278 278 278 278 279 279 279 278 278 279 279 279 279 278 278 278 279 279 280 280 279 278 279 279 278 278 278 278 279 279 279 279 279 279 279 279 280 280 280 280 279 280 280 280 280 280 280 281 281 281 280 280 281 281 281 281 281 281 281 281 281 281 282 282 282 282 282 283 283 283 283 283 283 282 283 283 283 283 283 283 284 283 283 284 284 284 284 284 284 284 284 284 285 285 285 285 285 285 285 285 285 285 285 285 285 285 286 286 286 286 286 286 286 286 286 286 286 286 286 286 287 287 287 287 287 287 287 287 287 287 287 287 287 287 288 288 288 288 288 287 287 288 288 288 289 289 289 289 289 289 290 290 290 290 290 290 290 290 290 290 290 290 290 293 293 293 293 293 293 293 293 294 293 293 293 293 293 293 293 294 294 294 294 294 294 294 294 294 294 294 295 295 295 295 295 295 295 295 296 296 296 295 296 296 296 296 296 297 297 298 297 297 296 296 296 297 297 297 297 297 297 297 297 297 298 298 298 298 298 298 298 298 298 298 298 298 298 298 298 299 299 299 299 299 299 299 299 299 299 300 300 299 300 300 300 300 301 272 272 272 273 274 273 272 272 272 273 273 273 274 275 275 275 275 275 275 274 275 274 275 275 275 275 275 276 276 275 275 275 275 275 275 274 274 274 274 274 275 275 275 275 275 275 274 275 275 276 276 275 275 276 276 276 276 276 276 276 276 275 276 276 275 275 276 276 276 276 275 275 275 276 276 276 276 277 277 277 277 277 277 278 278 278 278 278 277 277 277 278 278 278 278 278 278 278 279 279 279 279 279 279 279 279 279 279 279 278 278 279 279 280 279 279 279 278 279 278 279 279 278 279 278 279 279 279 279 279 280 280 281 280 280 280 280 281 281 280 280 280 281 281 281 281 281 281 281 281 281 281 281 281 281 281 282 282 282 282 282 283 283 283 283 283 283 283 283 283 283 284 284 283 283 284 283 284 284 284 284 284 284 284 284 284 285 285 285 285 285 285 285 285 285 285 285 285 285 286 286 286 286 286 286 286 286 286 286 286 287 287 287 287 287 287 287 287 287 287 287 287 287 287 287 287 287 287 287 287 287 288 287 288 288 288 288 289 289 289 289 289 289 289 290 290 290 290 290 290 290 290 290 290 290 290 290 293 293 293 293 293 293 293 293 293 293 293 293 293 293 293 293 294 294 294 294 294 294 294 294 294 294 294 295 294 295 295 295 295 295 295 296 296 296 296 296 296 296 296 296 296 297 297 297 296 296 297 297 297 297 297 297 297 297 298 298 298 297 298 298 298 298 298 298 298 298 298 298 298 298 298 299 299 299 299 299 299 299 299 299 299 299 300 300 299 300 300 300 300 300 301 301 301 301 272 272 272 272 273 273 273 273 272 273 273 273 273 274 274 274 274 274 275 275 275 275 275 275 275 275 275 275 275 276 276 276 275 275 275 275 275 275 275 274 274 274 274 275 275 275 275 274 275 275 276 276 276 276 276 276 276 276 276 276 276 276 276 277 277 276 275 275 276 277 277 276 275 275 275 276 276 276 276 277 277 277 277 277 277 277 278 278 278 278 278 278 279 279 279 278 278 278 278 279 279 279 279 280 280 279 279 280 280 279 278 279 279 279 280 280 280 279 279 279 279 279 279 279 278 279 279 279 279 280 279 280 280 281 280 280 280 280 281 281 281 281 280 281 281 281 281 281 281 281 281 281 281 281 281 281 281 282 283 283 282 283 283 283 283 283 283 283 283 283 283 283 283 283 283 283 284 283 284 284 284 284 284 284 284 284 284 285 285 285 285 285 285 285 285 285 285 285 285 285 286 286 286 286 286 286 286 286 286 286 287 287 287 287 287 287 287 287 287 287 287 287 287 287 287 287 288 287 287 287 287 287 287 287 288 288 288 288 289 289 289 289 289 289 289 290 290 290 290 290 290 290 290 290 291 290 291 291 293 293 293 293 293 293 293 294 294 293 294 294 293 293 293 293 294 294 294 294 294 294 294 294 294 294 294 294 294 294 294 295 295 295 295 295 296 296 296 296 296 296 296 296 296 296 297 297 297 297 297 297 298 297 298 298 298 297 297 298 298 298 298 298 298 298 298 298 298 298 298 298 298 298 298 299 299 299 299 299 299 299 300 300 300 299 299 299 299 299 300 300 300 300 300 301 301 301 270 271 271 272 273 273 273 273 274 273 273 273 274 274 274 274 274 274 274 274 274 274 275 275 275 275 275 275 275 276 276 276 276 276 276 276 276 276 276 276 275 275 275 275 275 275 275 275 275 275 275 275 276 275 276 276 276 277 277 276 276 276 276 275 276 276 275 275 275 276 276 276 276 276 275 275 275 276 276 276 277 277 277 277 277 277 278 278 278 278 278 278 278 278 279 278 278 279 279 279 279 279 279 279 280 280 280 280 280 279 279 279 280 280 280 280 280 281 280 279 279 279 278 279 278 278 279 280 279 279 279 280 280 281 281 281 281 281 281 281 281 281 281 281 281 281 281 282 282 282 281 281 281 281 281 281 281 281 282 282 282 283 283 283 283 283 283 283 283 283 283 283 283 283 283 283 283 284 283 284 284 284 284 284 284 284 284 284 285 285 285 285 285 285 285 285 285 285 285 285 285 286 285 286 286 286 286 286 286 286 286 286 286 287 287 287 287 287 287 287 287 287 287 287 287 287 288 288 288 288 288 288 288 288 288 288 288 288 288 289 289 289 289 289 289 289 290 290 290 290 290 290 290 290 291 291 291 291 291 293 293 293 293 293 293 293 293 294 294 294 294 294 294 294 293 294 294 294 293 294 294 294 294 294 294 294 294 294 294 294 295 295 295 295 295 295 295 295 295 295 296 296 296 296 296 296 296 297 297 298 297 298 298 298 298 298 298 297 297 298 298 298 298 298 298 298 298 298 298 298 298 298 298 298 298 299 299 299 300 299 299 299 300 300 300 300 300 300 300 300 300 300 300 300 300 301 301 302 271 271 271 271 271 272 272 272 272 272 273 273 273 273 273 273 274 274 274 275 274 274 273 274 274 274 275 275 275 275 275 275 275 276 276 275 275 275 275 275 276 276 276 276 276 276 276 276 276 276 276 275 276 276 276 276 275 276 276 277 277 277 277 277 277 276 276 276 276 276 276 276 275 275 275 275 276 276 276 276 276 276 277 277 277 277 277 278 278 278 278 278 278 278 279 278 278 278 279 279 279 279 279 280 279 279 279 280 281 280 280 279 279 279 280 280 281 281 281 280 280 280 279 279 279 278 278 279 280 280 280 280 281 281 281 280 280 280 281 282 281 281 281 281 281 281 281 281 281 282 282 282 282 281 281 281 281 281 281 281 282 283 283 283 283 283 283 283 283 283 283 283 283 283 283 283 283 283 283 283 283 283 283 284 284 284 284 284 284 284 284 285 285 285 285 285 285 285 285 285 285 285 286 286 285 286 286 286 286 286 286 287 286 286 286 287 287 287 287 287 287 287 287 287 287 287 287 288 288 288 288 288 288 288 288 289 288 288 288 288 288 289 289 289 289 289 289 289 290 290 290 290 290 290 290 290 291 291 291 291 291 293 293 293 293 293 293 293 293 293 294 294 294 294 294 294 293 294 294 294 294 294 294 294 294 294 295 295 294 294 294 294 294 294 294 295 295 295 295 295 295 296 295 296 296 296 296 296 296 297 297 298 297 297 298 298 298 298 298 298 298 298 298 298 298 298 298 298 299 298 298 298 298 298 298 299 299 299 299 299 299 299 299 299 299 300 300 300 301 301 301 301 300 300 300 300 300 301 301 270 271 272 272 271 271 271 271 271 271 272 272 272 272 272 273 273 274 274 274 274 274 274 274 274 274 275 275 275 275 275 276 276 276 276 276 275 275 275 275 275 275 275 275 275 276 276 276 276 276 276 275 276 276 276 276 276 275 275 276 276 276 277 277 276 276 276 277 277 277 276 275 275 275 276 276 276 276 276 276 276 276 276 277 277 277 278 278 277 277 277 277 278 279 278 278 278 279 279 279 279 279 280 280 280 280 280 280 281 281 280 279 279 279 279 280 281 281 280 280 279 279 279 280 279 279 278 278 279 279 280 280 281 281 282 281 281 281 280 280 281 281 281 281 281 281 281 281 282 282 282 282 282 281 281 282 282 281 281 281 282 282 282 283 283 283 283 283 283 283 283 283 283 283 283 283 284 284 283 283 283 283 284 284 284 284 284 284 284 285 285 285 285 285 285 285 285 285 285 285 286 286 286 286 286 286 286 286 286 286 287 287 287 287 287 287 287 287 287 287 287 287 287 287 287 287 287 288 288 288 288 289 289 289 289 289 288 288 288 288 288 288 289 289 289 289 289 290 290 290 290 290 290 290 290 290 291 291 291 291 291 293 293 293 293 293 293 294 293 293 293 294 294 294 294 294 293 294 294 295 294 294 294 294 294 294 295 295 295 295 295 295 295 295 295 295 295 295 296 296 296 296 296 296 296 296 296 296 297 297 297 298 297 297 297 298 298 298 298 298 298 298 298 298 298 298 298 298 299 299 298 298 298 298 298 299 299 299 299 299 299 300 300 300 300 300 300 300 301 301 301 301 301 301 300 300 300 300 301 271 271 272 272 272 272 272 272 271 271 271 271 271 272 273 273 274 274 274 274 274 274 274 274 274 274 275 275 275 276 276 276 276 276 276 275 275 275 276 276 276 275 275 275 275 275 275 275 275 275 275 275 276 276 276 276 276 276 276 276 276 277 277 276 276 276 276 277 276 276 275 276 276 276 276 276 276 277 276 276 276 276 276 277 277 277 278 277 277 277 277 278 279 278 278 279 279 279 279 279 279 279 279 279 280 280 281 280 280 280 279 279 279 279 279 280 281 281 280 280 279 279 279 279 279 278 278 279 280 280 280 280 281 282 281 281 280 280 280 280 281 281 281 281 281 282 282 282 282 282 282 282 282 282 282 281 281 281 282 282 282 282 283 283 283 283 283 283 283 283 283 283 283 284 283 284 284 284 283 283 283 284 284 284 284 284 285 285 285 285 285 285 285 285 285 285 286 286 286 286 286 286 286 286 286 286 286 286 286 286 287 287 287 287 287 287 287 287 287 287 287 287 287 287 287 288 288 288 288 288 289 289 289 289 289 288 288 288 288 288 289 289 289 289 289 289 290 290 290 290 290 290 290 290 290 291 291 291 291 291 293 293 293 293 293 293 294 294 293 293 294 294 294 294 294 294 294 294 295 295 294 295 295 294 294 295 296 296 296 296 296 296 296 296 296 296 296 297 297 297 297 297 296 296 296 296 296 296 297 297 298 298 297 297 297 297 298 298 298 298 298 298 298 298 298 298 298 299 299 299 298 298 298 299 299 299 299 299 299 300 300 300 301 301 300 300 301 301 301 301 301 302 302 301 301 301 301 301 301 271 270 269 271 271 272 272 272 272 272 273 273 273 272 272 272 272 271 272 273 274 274 274 274 274 274 274 274 275 275 275 275 275 276 276 276 276 276 276 276 276 276 276 276 276 276 276 277 276 276 276 276 276 277 276 276 276 276 277 277 277 277 277 277 276 277 278 278 277 277 276 277 276 276 276 276 277 277 277 277 277 277 276 276 277 277 277 277 276 277 277 277 277 277 278 278 279 278 279 279 279 279 279 279 279 279 280 279 280 280 281 280 280 280 280 280 280 280 279 280 280 281 280 279 280 279 279 279 279 279 279 279 280 280 280 280 282 282 282 282 281 281 280 281 281 281 281 281 281 281 281 281 281 282 282 282 282 282 281 281 281 282 282 282 282 283 283 283 283 283 283 283 283 283 283 283 283 283 283 284 284 284 284 284 284 284 284 284 284 284 284 285 285 285 285 285 285 285 285 286 286 286 286 286 286 286 286 286 286 286 286 286 286 286 286 286 286 287 287 287 287 287 287 288 288 288 288 288 288 288 288 288 288 288 289 288 289 289 289 288 288 288 288 289 289 289 289 289 289 289 290 290 290 290 290 290 290 290 291 291 291 291 291 291 293 293 293 293 293 293 294 294 294 294 294 294 295 294 295 294 294 294 295 295 295 295 295 295 295 295 295 296 296 297 297 297 297 297 297 297 297 297 297 297 297 297 296 296 296 296 297 297 297 298 298 298 298 297 297 297 297 298 298 298 298 298 298 298 298 298 298 299 299 299 299 298 299 299 299 299 299 299 300 300 300 300 301 301 300 300 301 301 301 301 302 302 302 302 302 301 302 302 302 272 272 271 271 270 270 270 271 271 272 272 272 272 273 273 273 273 273 273 273 272 272 272 273 273 274 274 274 274 274 274 275 275 275 275 275 275 275 275 276 276 276 276 276 276 276 276 276 276 276 277 277 277 277 277 277 277 277 277 277 276 277 277 278 277 277 277 277 276 277 278 278 277 277 277 277 277 277 277 277 276 276 277 276 276 276 277 277 277 277 277 277 277 277 277 277 278 278 279 278 278 279 279 279 278 278 279 279 280 279 280 280 281 281 281 281 281 281 281 281 281 280 280 281 281 280 280 280 280 279 279 279 279 279 279 279 279 280 281 282 281 281 281 282 282 282 282 282 281 281 281 281 281 281 282 282 282 282 282 283 282 282 282 282 282 282 282 282 282 283 283 283 283 283 283 283 284 284 284 283 283 283 284 284 284 284 284 284 284 284 284 284 284 284 285 285 285 285 285 285 285 285 286 286 286 286 286 286 286 286 286 286 286 286 286 286 286 286 286 287 287 287 287 287 287 287 288 288 288 288 288 288 288 288 288 288 288 288 288 289 289 289 289 289 289 289 289 289 289 290 290 290 289 289 290 290 290 290 291 291 291 291 291 291 291 291 291 293 293 293 293 293 293 294 294 294 295 295 295 295 295 295 295 295 294 295 296 296 296 296 296 296 296 296 296 296 297 297 297 297 297 297 297 298 297 297 297 297 297 297 297 296 297 297 297 297 297 298 298 297 297 297 297 298 298 298 298 298 298 298 298 299 299 299 299 299 299 299 299 299 299 299 299 299 299 299 300 300 300 301 301 301 301 301 301 301 301 301 301 302 302 302 303 302 303 303 271 271 271 272 272 272 272 272 272 272 272 271 271 270 270 270 270 270 271 271 271 272 272 272 273 273 273 273 274 274 273 273 273 272 273 274 274 274 274 274 274 275 275 275 275 275 275 275 275 275 276 277 277 276 276 276 276 276 276 276 276 276 276 276 277 277 277 277 277 277 276 276 276 277 278 278 278 277 277 277 277 277 277 278 278 277 277 277 276 276 276 276 276 276 277 278 277 277 277 277 278 278 278 277 277 278 278 278 279 279 278 279 279 279 279 279 279 279 279 279 280 281 280 281 282 282 282 282 282 282 281 281 281 282 281 280 281 281 280 280 279 279 279 280 280 280 279 280 281 281 281 281 281 281 281 281 282 282 281 281 281 282 281 281 282 282 282 282 282 283 283 283 283 283 282 282 282 282 282 283 283 283 283 283 283 283 283 284 284 283 283 284 284 284 284 284 284 284 284 284 284 284 284 284 285 285 285 285 285 285 285 285 286 286 286 286 286 286 286 286 286 286 286 286 286 286 286 287 287 287 287 287 287 287 287 287 288 288 288 288 288 288 288 288 288 288 288 289 289 289 289 289 289 289 289 289 289 289 289 289 290 290 290 290 290 290 290 290 291 291 291 291 291 291 291 291 291 293 293 293 293 293 293 294 294 294 295 295 294 294 295 295 295 295 295 295 295 296 296 296 296 297 297 296 296 296 296 297 297 297 297 297 297 298 298 298 297 297 297 298 297 297 297 297 297 297 297 298 298 298 298 297 297 298 298 298 298 298 298 298 298 298 299 299 299 299 299 299 299 299 299 299 299 299 299 300 300 300 300 301 301 301 301 301 301 301 301 301 302 302 302 302 302 302 302 303 271 271 271 272 272 272 272 271 271 271 271 271 270 270 271 271 270 271 272 273 272 271 271 271 271 272 272 272 272 273 273 274 274 274 273 273 273 273 273 273 273 275 274 274 275 275 275 275 275 275 275 275 276 276 276 277 277 277 277 276 276 277 277 277 277 276 276 276 276 276 276 276 276 276 277 277 276 277 278 278 278 278 278 277 277 277 277 278 278 278 277 277 277 276 276 277 277 278 277 277 278 278 277 277 277 277 277 277 277 278 278 279 279 278 278 279 279 280 280 280 280 280 280 280 281 280 281 281 281 282 282 282 282 282 282 282 282 281 281 281 281 280 280 280 280 280 279 279 279 280 279 280 280 280 280 280 280 281 281 282 282 282 282 281 282 282 282 281 282 282 283 283 283 283 284 284 283 282 283 282 283 282 283 284 283 283 283 283 283 283 284 283 283 283 283 284 284 284 285 285 284 284 284 284 284 284 285 285 285 285 285 285 285 285 285 286 286 286 286 286 286 286 286 286 286 286 286 286 287 287 287 287 287 287 287 287 287 287 288 288 288 288 288 288 288 288 288 288 288 289 289 289 289 289 289 289 289 289 289 289 289 289 289 290 290 290 290 290 290 290 290 290 291 291 291 291 291 291 291 291 293 293 294 293 293 293 294 294 294 294 295 295 294 295 295 295 295 295 295 295 296 296 296 296 296 296 296 296 296 296 296 296 297 297 297 297 297 297 297 298 298 298 298 298 297 297 297 298 298 298 298 298 298 297 297 297 297 298 298 298 299 299 299 299 299 299 299 299 299 299 299 299 299 299 299 299 299 299 300 300 300 300 301 301 301 302 302 302 302 301 301 301 301 301 302 302 302 302 303 272 271 272 271 272 273 272 271 271 271 271 271 271 271 272 272 271 271 271 270 271 271 272 272 272 273 273 274 273 272 272 271 271 272 272 272 272 272 273 272 274 274 274 274 274 274 274 273 273 274 275 275 274 274 274 275 275 275 275 275 276 276 276 277 277 277 277 277 277 277 277 277 277 277 277 277 276 276 277 276 277 277 277 277 277 277 277 278 278 278 278 279 278 278 278 277 278 278 277 277 277 277 276 277 277 278 278 277 277 278 278 278 278 278 278 278 278 277 277 278 278 278 278 278 278 279 279 279 280 280 280 281 281 281 281 281 281 281 282 282 281 282 281 281 282 282 282 282 282 282 281 280 279 279 280 279 279 280 279 279 279 279 279 280 281 280 281 281 282 282 282 281 281 282 282 282 282 282 282 282 282 283 283 283 284 284 283 284 283 284 283 284 284 284 283 283 283 283 284 283 284 284 284 283 283 284 284 284 284 284 284 284 284 285 285 285 285 285 285 285 285 285 285 285 285 286 286 286 286 286 286 286 286 286 286 286 286 287 287 287 287 287 287 287 287 287 287 288 288 288 288 288 288 288 288 288 288 288 288 289 289 289 289 289 289 289 289 289 289 289 289 289 290 290 290 290 290 290 290 290 290 291 291 291 291 291 291 291 291 293 293 294 293 293 293 294 294 294 294 294 295 294 294 295 295 295 295 295 295 295 295 295 296 296 296 296 296 296 296 296 297 297 297 297 297 297 297 297 297 298 298 298 298 297 297 297 297 298 298 298 298 298 298 298 298 298 298 298 298 298 298 299 299 299 299 299 299 299 299 299 299 299 299 299 300 300 300 300 300 300 300 300 301 301 301 301 302 302 302 302 301 302 302 302 302 303 303 304 272 272 272 272 273 273 272 271 271 271 271 272 272 272 272 272 271 271 271 271 271 272 271 271 272 273 273 273 272 272 272 271 271 272 272 272 272 272 273 273 274 273 274 274 274 274 274 274 275 275 275 275 274 275 275 275 276 276 276 276 276 276 276 276 276 276 277 277 277 277 277 277 278 277 277 277 277 278 278 278 278 278 278 277 277 277 277 277 278 278 278 278 278 277 277 277 277 278 277 277 277 277 278 278 278 277 277 278 278 279 279 278 278 278 279 278 278 278 278 278 278 278 279 279 280 279 279 279 280 280 281 281 281 281 281 281 281 281 281 281 281 281 281 281 282 282 282 283 282 281 280 280 280 280 280 280 280 280 280 280 279 279 279 280 280 281 281 281 281 282 282 282 282 282 283 282 283 283 283 283 283 283 283 283 284 284 284 284 285 285 285 285 285 285 284 284 284 284 284 284 284 284 284 284 284 284 284 284 284 284 285 285 285 285 285 285 285 285 285 285 285 285 285 286 286 286 286 286 286 286 286 286 286 286 286 287 287 287 287 287 287 287 287 287 287 288 288 288 288 288 288 288 288 288 288 289 289 289 289 289 289 289 289 289 289 289 289 289 289 289 289 290 290 290 290 290 290 290 290 290 290 291 291 291 291 291 292 292 293 293 294 294 293 293 293 294 294 294 294 294 295 295 294 295 295 295 295 294 295 295 296 296 296 296 296 297 297 296 296 297 297 297 297 297 298 298 298 297 297 297 298 298 298 298 297 297 298 298 298 299 299 298 298 298 298 298 298 298 298 298 299 299 299 299 299 299 299 299 299 299 299 299 299 300 300 300 300 300 300 300 300 301 301 301 301 301 301 302 302 302 302 302 302 302 302 303 303 273 272 273 272 273 273 273 273 272 272 272 272 273 273 273 272 271 271 271 271 271 271 271 272 272 272 272 272 272 272 272 272 272 272 272 272 272 273 273 273 273 273 273 274 274 275 275 275 275 275 275 274 275 275 275 276 276 276 276 276 276 276 276 276 276 276 277 277 277 278 277 277 277 278 278 278 278 278 278 278 278 278 277 278 278 278 278 278 278 278 278 277 277 276 277 277 277 277 277 277 278 278 279 278 277 277 278 278 278 278 278 278 278 278 278 279 278 278 278 279 279 279 279 280 280 279 280 280 281 281 281 281 281 281 281 281 281 282 281 281 281 281 280 281 281 282 282 282 282 281 281 281 281 280 280 281 281 280 280 280 279 279 280 280 281 282 282 281 281 282 282 282 282 282 283 283 283 283 283 283 284 284 284 284 284 284 284 285 285 285 286 285 285 285 285 285 284 285 285 284 284 284 284 284 284 284 285 284 285 285 285 285 285 285 285 285 285 285 285 285 285 286 286 286 286 286 286 286 286 286 286 286 287 287 287 287 287 287 287 287 287 287 288 288 288 288 288 288 288 288 288 288 288 288 288 289 289 289 289 289 289 289 289 289 289 289 289 289 289 290 290 290 290 290 290 290 290 291 291 291 291 291 291 291 292 292 292 294 294 294 294 294 294 293 294 294 294 294 294 295 295 294 295 295 295 295 295 295 296 296 296 296 296 296 297 297 296 296 297 297 297 297 297 297 298 298 297 297 297 298 298 298 298 298 298 298 298 298 299 299 299 299 298 298 298 298 298 298 298 298 298 298 298 299 299 299 299 299 299 299 299 299 299 300 300 300 300 300 300 301 301 301 301 301 301 301 302 302 302 302 303 303 302 302 303 303 273 272 272 273 273 274 274 273 273 273 272 273 273 273 273 272 272 271 271 271 272 272 272 272 272 272 272 273 272 272 272 272 272 272 272 272 273 273 273 274 273 273 273 273 274 274 275 275 275 275 275 275 274 274 275 275 276 276 276 276 276 276 276 276 276 276 277 277 277 277 277 277 277 277 277 278 278 278 278 277 277 277 277 277 278 279 279 279 279 279 279 279 279 278 277 277 277 277 277 278 278 278 279 278 278 278 278 278 278 278 278 279 279 278 278 278 279 278 278 278 279 279 280 280 280 281 280 280 281 280 281 280 281 280 280 280 281 282 282 282 281 281 281 281 280 280 281 281 281 282 282 282 282 281 281 281 281 281 281 280 280 279 280 281 281 282 282 282 282 282 282 283 283 283 283 283 283 283 283 283 284 284 284 284 284 284 284 284 285 285 285 285 285 285 285 285 286 285 285 285 285 284 284 284 284 284 284 285 285 285 285 285 285 285 285 285 285 285 285 285 285 286 286 286 286 286 286 286 286 286 286 286 287 287 287 287 287 287 287 287 287 287 288 288 288 288 288 288 288 288 288 288 288 288 288 289 289 289 289 289 289 289 289 289 289 289 289 289 289 290 290 290 290 290 291 290 291 291 291 291 291 291 291 291 291 291 292 292 294 294 294 294 294 294 294 294 294 294 294 294 294 295 295 295 295 295 295 295 295 296 296 296 296 296 296 296 296 296 297 297 297 297 297 297 297 297 297 297 298 298 298 298 298 298 298 298 298 298 299 299 299 299 299 299 298 298 298 298 298 298 298 298 298 298 298 299 299 299 299 299 300 299 299 299 300 300 300 300 301 301 301 300 301 301 301 301 301 302 302 302 302 302 302 302 302 303 303 304 273 272 273 273 274 274 273 273 272 272 272 273 273 273 273 272 272 271 271 272 273 272 272 273 272 272 273 273 273 273 272 272 272 272 272 272 271 272 272 272 273 274 274 273 273 273 274 274 275 274 275 275 275 275 275 275 275 275 276 276 276 276 276 276 276 276 276 277 277 277 277 277 277 277 277 278 277 278 278 278 278 278 278 277 277 277 277 278 278 278 278 279 279 279 278 278 277 277 278 278 277 278 278 279 279 279 279 279 279 279 279 278 278 278 279 278 278 278 278 278 278 278 278 278 279 279 279 280 281 281 281 281 281 281 282 281 281 280 280 281 281 282 282 281 281 281 281 280 280 281 281 281 281 282 283 282 282 282 281 281 280 280 279 279 280 280 280 281 282 282 282 283 283 283 283 283 284 284 283 284 284 284 284 284 285 285 284 284 284 285 286 286 286 285 285 285 286 285 286 286 285 285 285 284 285 285 285 284 284 285 285 285 285 285 285 285 285 285 285 285 285 285 285 286 286 286 286 286 286 286 286 286 287 287 287 287 287 287 287 287 287 287 287 287 288 288 288 288 288 288 288 288 288 288 288 288 288 288 289 289 289 289 289 289 289 290 289 289 289 289 289 290 290 290 290 291 291 291 291 291 291 291 291 291 291 291 291 291 292 292 294 294 294 294 294 294 294 294 294 294 294 294 295 295 295 295 295 295 295 295 295 295 296 296 296 296 296 296 296 296 297 297 297 297 297 297 297 297 297 297 298 298 298 298 298 298 298 298 298 297 298 299 299 299 299 299 298 298 298 298 298 298 298 298 299 299 299 299 299 299 300 300 299 299 299 300 300 300 300 300 300 300 300 301 301 301 301 301 301 301 301 302 302 302 302 302 302 303 303 303 273 273 273 273 273 273 274 273 272 272 272 272 272 273 273 272 272 272 271 272 273 273 272 272 273 273 273 272 273 273 274 273 272 273 273 272 272 272 272 272 272 273 273 273 273 273 273 273 273 274 274 274 275 275 275 275 275 275 275 276 276 276 276 276 276 277 276 277 277 277 277 277 277 277 278 278 278 278 278 278 278 278 278 278 279 278 278 278 278 278 279 278 278 278 278 278 277 278 278 278 278 278 278 279 279 279 278 279 279 278 278 278 278 277 278 278 278 278 278 278 279 279 279 279 278 278 278 279 280 281 281 281 281 281 282 282 281 281 280 280 280 280 281 281 281 280 281 281 281 280 281 281 280 281 281 282 282 282 282 281 281 280 280 279 279 280 281 281 281 281 282 283 284 284 283 283 283 284 284 283 284 284 285 285 285 285 284 284 284 284 284 285 286 286 285 285 285 286 285 286 286 286 286 286 286 286 285 285 285 285 285 285 286 285 285 285 285 285 285 285 285 285 285 286 286 286 286 286 286 286 286 286 286 286 286 286 286 287 287 287 287 287 287 287 288 288 288 288 288 288 288 288 288 288 288 289 289 289 289 289 289 289 289 289 289 289 290 290 289 289 289 290 290 290 290 290 291 291 291 291 291 291 291 291 291 291 291 291 291 291 292 294 294 294 294 294 294 294 294 294 294 294 295 295 295 295 295 295 295 295 295 295 295 295 295 296 296 296 296 296 296 297 297 296 296 296 297 297 297 297 298 298 298 297 297 298 298 297 297 297 297 298 298 298 299 299 299 299 299 298 298 298 299 298 298 299 299 299 299 299 299 300 300 300 299 299 299 299 300 300 300 301 301 301 301 300 300 301 301 301 301 301 301 302 302 302 302 302 302 303 303 274 274 274 274 273 273 273 274 273 273 273 273 272 272 272 272 272 271 271 271 272 273 273 272 272 273 274 274 274 273 274 274 274 274 274 273 273 273 272 272 272 272 272 272 272 273 274 275 274 275 274 274 274 274 274 274 275 275 275 275 275 275 276 276 277 277 276 276 276 276 277 277 277 277 278 277 277 277 277 277 278 278 278 278 278 279 279 278 279 279 279 279 279 279 279 278 278 278 278 278 278 278 278 279 279 279 279 278 278 278 278 278 277 278 278 278 278 278 278 278 278 279 279 280 279 279 279 279 279 280 281 280 280 280 281 281 281 281 281 281 281 280 280 280 281 281 280 280 280 280 280 280 281 280 280 281 281 281 282 282 282 282 281 280 280 279 280 281 281 282 282 283 283 284 283 282 282 283 284 283 283 284 284 284 285 285 285 284 284 284 284 284 285 285 285 285 285 285 285 286 286 286 286 286 286 286 285 286 286 286 285 285 286 286 286 286 286 286 286 285 285 285 286 286 286 286 286 286 286 286 286 286 286 286 286 286 286 286 287 287 287 287 287 287 287 288 288 288 288 288 288 288 288 288 288 288 289 289 289 289 289 289 289 289 289 290 290 290 289 289 289 290 290 290 290 290 290 290 291 291 291 291 291 291 291 291 291 292 291 291 291 292 294 294 294 294 294 294 294 294 294 294 295 294 295 295 295 295 295 295 295 295 295 295 295 295 296 296 296 296 297 297 297 297 296 297 297 297 298 298 298 298 297 297 297 298 297 297 297 297 297 298 298 298 299 299 299 299 299 298 298 298 299 299 299 298 299 299 299 299 299 299 299 300 300 300 299 299 300 300 300 300 300 300 300 300 300 301 301 301 301 302 302 302 302 302 302 302 303 303 303 303 304 274 273 273 274 274 274 273 272 273 273 272 272 273 272 272 271 271 271 271 272 272 273 273 273 272 272 273 273 274 274 275 275 275 274 275 274 274 274 273 273 273 273 273 272 272 273 273 274 274 275 275 275 274 274 274 274 274 274 275 275 275 275 275 275 276 276 277 276 276 276 276 276 277 277 277 277 276 277 277 277 277 277 277 278 278 279 278 279 279 279 279 279 279 279 279 279 279 278 278 278 278 278 278 278 279 279 279 278 278 278 278 278 278 278 278 279 279 279 278 278 278 279 279 280 280 280 280 280 280 280 280 281 280 281 280 281 281 282 282 282 281 281 281 280 280 280 280 280 280 281 280 280 280 280 280 280 281 282 281 282 282 282 282 282 281 280 280 280 281 281 282 282 283 283 283 283 282 282 283 283 282 283 283 283 284 284 284 284 284 284 284 284 284 285 285 285 285 285 285 286 286 286 286 286 286 286 286 285 286 286 286 286 286 286 286 286 286 286 286 286 286 286 286 286 286 286 286 286 286 286 286 286 286 286 287 287 287 287 287 287 287 287 287 287 287 287 288 288 288 288 288 288 288 288 288 288 289 289 289 289 289 289 289 289 289 289 290 290 290 289 290 289 290 290 290 290 290 290 291 291 291 291 291 291 291 291 291 291 292 292 291 292 292 294 294 294 294 294 294 294 294 294 294 294 295 295 295 295 295 295 295 295 295 295 295 296 296 296 296 296 296 297 297 297 297 296 296 297 297 297 297 297 297 298 297 297 297 297 297 298 297 297 298 298 299 299 299 299 299 299 299 298 298 299 299 299 299 299 300 299 300 299 299 299 299 300 300 300 299 299 299 300 300 301 301 301 301 301 301 301 301 301 302 302 303 303 303 303 302 303 303 303 303 304 273 273 273 274 274 274 273 272 273 273 273 272 272 272 271 271 272 272 272 273 273 273 272 272 272 273 272 273 273 274 274 274 274 274 274 275 275 275 275 274 274 273 273 272 272 272 273 273 273 274 274 275 275 275 275 275 275 275 275 275 276 276 276 276 276 276 276 276 276 277 277 277 277 277 277 277 277 277 278 277 277 278 278 278 278 278 279 279 279 279 279 279 280 280 280 280 279 279 278 278 278 278 278 278 278 279 279 279 279 279 278 278 278 279 278 279 279 279 279 279 278 278 279 279 280 280 280 281 281 281 281 280 280 280 280 281 281 281 281 281 281 281 281 280 280 280 281 281 281 281 281 281 281 280 280 280 281 281 281 281 281 281 281 281 281 280 280 280 281 282 282 282 282 282 282 282 282 282 283 283 282 283 283 283 283 283 284 285 285 285 284 284 284 285 285 285 285 285 285 285 285 286 286 286 286 286 286 285 286 286 286 286 286 286 286 286 286 286 286 286 286 286 286 286 286 286 286 286 286 286 286 286 286 287 287 287 287 287 287 287 287 287 287 287 288 288 288 288 288 288 288 288 288 288 288 288 289 289 289 289 289 289 289 289 289 290 290 290 290 290 290 290 290 290 290 290 290 290 291 291 291 291 291 291 291 291 291 292 292 292 292 292 292 294 294 294 294 294 294 295 295 295 294 294 295 295 295 295 295 295 295 295 296 295 296 296 296 296 296 296 296 297 297 297 297 296 296 297 297 297 297 297 297 297 297 297 297 297 297 297 298 298 298 298 299 299 299 298 299 298 298 298 298 299 299 300 300 299 300 300 300 299 299 299 299 300 300 300 300 300 299 299 300 300 301 301 301 301 301 301 301 301 302 302 302 303 303 303 303 302 302 303 303 304 304 273 272 273 273 273 273 274 273 272 273 273 273 272 272 272 272 273 273 274 274 274 274 273 272 273 273 273 272 273 274 273 273 274 274 274 274 275 275 275 275 274 273 273 273 273 272 272 272 273 273 273 274 274 275 276 276 276 277 276 276 276 276 277 277 277 277 277 277 277 277 277 277 277 278 278 278 277 277 277 278 278 277 278 278 278 278 279 279 279 279 279 279 279 279 279 279 279 280 279 279 278 278 279 279 279 279 279 279 279 279 278 278 279 279 279 279 279 279 278 279 279 278 279 279 279 280 281 281 281 281 281 281 281 281 281 281 280 281 281 281 281 281 280 280 281 281 281 281 281 282 282 281 280 280 280 280 280 281 281 282 282 282 281 281 280 280 280 281 281 281 281 281 281 282 283 282 282 282 282 282 283 283 283 284 284 284 285 285 285 285 284 284 285 285 285 285 285 285 285 285 285 285 285 286 286 286 286 286 285 286 286 286 286 286 286 286 286 286 286 286 286 286 286 286 286 286 286 286 286 286 286 286 286 286 287 287 287 287 287 287 287 287 287 287 288 288 288 288 288 288 288 288 288 288 288 289 289 289 289 289 289 289 289 289 289 289 290 290 289 290 290 290 290 290 290 290 291 290 291 291 291 291 291 291 291 291 291 292 292 292 292 292 292 294 294 294 294 294 294 295 295 295 295 295 295 295 295 295 295 295 295 295 295 296 296 296 296 296 296 296 296 296 297 296 297 296 296 296 297 297 297 297 297 297 297 297 297 298 298 298 298 298 298 298 298 298 298 298 298 298 298 299 299 299 299 299 299 300 300 300 300 300 300 300 300 300 300 300 300 300 300 299 300 300 301 301 301 301 301 301 302 302 302 302 302 303 303 302 302 302 303 303 303 304 305 305 274 273 273 272 272 273 273 273 273 272 273 272 272 273 273 273 274 274 274 274 274 275 273 274 274 274 274 273 273 273 273 274 275 275 275 275 275 276 276 275 274 274 274 274 273 273 273 273 273 272 273 273 274 275 275 276 276 276 277 277 276 277 277 277 277 277 277 277 277 278 278 277 277 278 278 278 278 277 278 277 278 278 278 278 278 278 279 279 279 279 279 279 280 280 280 280 279 280 280 280 279 279 278 278 278 279 279 280 279 279 278 278 279 279 280 280 279 279 279 279 279 279 279 280 280 280 280 281 281 282 282 282 282 282 282 281 281 281 281 281 280 280 280 281 281 281 282 282 282 283 282 281 281 281 281 280 280 280 281 281 282 283 282 281 281 280 280 281 281 281 282 282 282 283 283 283 282 282 282 283 283 283 283 284 284 285 285 285 286 286 285 285 285 285 285 286 286 286 286 285 285 285 285 285 286 286 286 286 286 286 286 286 286 286 285 286 286 286 286 286 286 286 286 286 286 286 286 286 286 287 287 287 287 287 287 287 287 287 287 287 287 287 287 287 288 288 287 288 288 288 288 288 288 288 288 289 289 289 289 289 289 289 289 289 289 289 289 289 290 290 290 290 290 290 290 290 291 291 291 291 291 291 291 291 291 291 291 292 292 292 292 292 292 294 294 294 294 294 294 295 295 295 295 295 295 295 295 295 295 295 295 295 296 296 296 296 296 296 296 296 296 296 297 296 296 297 296 296 296 296 297 297 297 297 297 297 297 298 298 298 298 298 298 298 298 298 298 298 298 298 299 299 299 299 299 299 300 300 300 300 301 301 300 300 300 300 301 301 301 300 300 300 300 300 301 300 300 301 301 301 301 302 302 302 302 302 302 302 302 303 303 303 303 303 304 305 275 274 274 273 273 272 272 272 273 272 272 273 273 273 273 273 274 275 274 274 274 274 273 273 275 275 275 275 274 273 273 274 275 275 275 275 276 276 276 276 276 275 275 275 274 274 274 274 274 273 273 273 274 274 275 275 275 275 276 276 276 276 277 277 277 277 277 277 278 278 278 278 277 278 278 278 278 278 278 278 277 278 278 279 279 279 279 279 279 279 279 279 280 280 279 279 280 280 280 280 280 279 278 278 278 278 278 279 279 279 278 278 279 279 280 280 279 279 280 280 279 279 279 280 280 280 280 281 281 282 282 282 281 282 282 281 281 281 281 280 280 281 281 281 281 281 282 283 283 284 283 282 282 281 281 281 281 280 281 282 282 282 282 281 281 280 280 281 281 282 282 283 283 283 282 282 282 282 283 283 283 283 283 284 285 285 286 286 286 287 287 286 285 285 286 286 286 286 285 285 285 285 285 285 285 286 286 286 286 286 286 286 286 286 286 286 286 286 286 286 286 286 286 286 286 286 286 286 287 287 287 287 287 287 287 287 287 287 287 287 288 288 287 287 287 287 288 288 288 288 288 288 288 289 289 288 289 289 289 289 289 289 289 289 289 290 290 290 290 290 290 290 290 290 290 291 291 291 291 291 291 291 291 291 291 291 292 292 292 292 292 292 292 294 294 294 294 294 294 294 295 295 295 295 295 295 295 295 295 296 295 296 296 296 296 296 296 296 296 296 296 296 296 296 296 296 296 296 296 296 297 297 297 297 297 297 297 297 297 298 298 297 298 298 298 298 299 299 299 299 299 299 299 299 300 300 300 301 301 301 301 301 301 301 301 301 301 301 301 300 300 300 300 300 300 300 301 301 301 301 301 301 302 302 302 302 302 302 303 303 303 302 303 304 304 305 306 275 274 274 273 273 273 273 272 273 273 273 273 273 273 274 275 275 275 274 274 274 274 274 275 275 275 275 274 274 274 274 275 275 275 275 276 276 276 275 276 276 275 275 274 274 274 274 274 273 273 273 274 274 274 274 274 275 275 276 276 276 276 277 277 277 278 278 278 278 278 278 278 278 278 279 279 279 278 278 277 278 278 279 279 279 279 279 280 280 280 279 279 279 280 280 280 280 280 280 279 279 279 278 279 279 279 279 279 279 278 279 279 279 280 280 280 280 280 279 279 279 280 281 281 281 282 281 281 281 282 281 281 281 281 281 281 281 281 282 281 282 281 281 282 283 283 284 284 283 283 282 282 282 281 281 281 281 281 281 281 282 281 280 280 280 281 281 281 281 282 282 282 282 281 282 282 283 283 283 284 284 284 285 285 286 286 287 287 286 286 285 286 286 287 286 286 286 286 285 285 286 285 285 285 286 286 286 286 286 286 286 286 286 286 286 286 286 286 286 286 286 286 286 287 287 286 286 287 287 287 287 287 287 287 287 287 287 288 287 287 287 287 287 288 288 288 288 288 288 288 288 288 288 288 289 289 289 289 289 289 289 289 289 289 290 290 290 290 290 290 290 290 290 291 291 291 291 291 291 291 291 291 291 291 292 292 292 292 292 292 292 294 294 295 295 294 294 294 295 295 295 295 295 295 295 295 295 295 295 296 296 296 296 296 296 296 296 296 296 296 296 296 296 296 296 296 296 296 297 297 297 297 297 297 297 297 297 298 298 298 298 298 298 299 299 299 299 299 299 300 300 300 300 300 300 300 300 301 301 301 301 301 301 301 301 301 301 301 300 300 301 300 300 300 300 300 301 301 301 301 302 302 302 303 303 303 303 303 302 303 303 303 304 305 306 275 274 273 274 273 273 273 273 273 273 273 274 275 275 275 275 274 274 275 274 274 274 275 275 276 275 274 274 275 275 275 275 275 276 276 275 275 275 275 275 276 275 274 274 274 274 273 274 274 274 274 274 275 275 275 275 275 275 275 276 276 276 276 277 277 277 278 278 278 278 279 278 278 279 279 278 278 278 278 278 279 279 279 279 280 280 280 280 280 280 280 280 280 280 280 280 280 279 279 278 279 279 279 279 279 280 279 278 278 279 279 280 280 280 279 279 279 280 279 280 280 281 282 282 281 282 281 281 281 281 282 282 281 281 282 282 283 282 283 283 282 282 283 283 283 283 283 282 282 281 281 281 281 281 281 281 281 281 281 281 281 280 281 281 281 281 281 281 281 281 281 282 283 283 284 284 284 284 285 285 285 285 285 286 286 286 286 286 286 286 286 287 287 287 287 286 286 286 286 286 285 285 285 286 286 286 286 286 286 286 286 286 286 286 286 286 286 286 286 286 287 287 287 287 287 287 287 287 287 287 287 287 287 287 288 287 287 287 287 287 287 288 288 288 288 288 288 288 288 288 289 289 288 289 289 289 290 289 289 289 289 289 289 290 290 290 290 290 290 290 291 291 291 291 291 291 291 291 291 292 291 291 292 292 292 292 292 293 292 294 295 295 295 295 295 294 295 295 295 295 295 295 295 295 295 295 296 296 296 296 296 296 296 296 296 296 296 296 296 296 295 296 296 296 296 296 297 297 297 297 297 298 298 298 298 298 298 298 298 299 298 298 298 298 299 299 299 300 300 300 300 300 300 300 300 301 301 301 301 301 301 301 301 301 301 301 301 300 300 301 300 301 301 300 300 300 301 301 301 302 302 302 302 302 302 303 303 303 303 304 304 305 305 306 307 307 307 275 274 274 273 273 274 273 273 274 274 275 275 274 275 275 274 274 274 275 276 276 276 276 276 275 275 275 276 276 276 276 276 276 275 274 274 275 275 276 275 274 274 274 273 274 275 275 275 275 276 276 276 276 276 276 276 276 276 276 276 276 277 277 278 278 278 278 278 278 278 279 279 278 278 278 278 278 278 279 279 279 279 280 280 280 280 280 280 280 280 281 280 280 280 280 280 279 279 279 279 279 279 280 279 279 279 278 279 280 280 280 280 279 279 280 280 281 281 280 281 282 282 282 281 281 281 281 282 282 281 281 281 282 282 283 283 283 283 283 283 283 283 283 283 283 283 282 281 281 281 281 282 282 281 281 280 280 281 281 281 281 281 282 281 281 282 281 281 281 282 282 283 283 284 284 284 285 285 285 285 286 286 287 287 286 287 286 287 287 286 287 287 287 287 286 286 285 285 285 286 286 286 285 285 286 286 286 286 286 286 286 286 286 286 286 286 286 286 286 287 287 287 287 287 287 287 287 287 287 287 287 287 287 287 287 287 287 287 288 288 288 288 288 288 288 288 288 289 289 289 289 289 289 290 290 289 289 290 290 290 290 290 290 291 291 290 290 291 291 291 291 291 291 291 291 291 291 292 291 292 292 292 292 292 292 293 293 294 294 294 295 295 295 295 295 295 295 295 295 295 295 295 295 295 296 296 296 296 296 296 296 296 296 296 296 296 296 295 296 297 296 297 297 297 297 297 297 297 297 298 298 298 298 298 298 298 298 298 298 298 298 298 299 299 299 299 300 300 300 300 300 300 300 301 301 301 301 301 301 301 301 302 302 302 301 301 301 301 301 301 301 301 301 301 301 301 302 302 302 302 302 303 303 303 303 304 304 304 304 304 305 306 306 306 305 305 306 275 275 274 275 274 274 274 274 274 274 274 274 274 275 274 274 276 276 276 277 277 276 276 275 275 275 276 276 276 276 276 275 275 275 274 275 275 276 275 274 273 273 274 274 275 275 276 277 277 276 276 277 277 277 277 277 277 277 277 277 277 278 278 278 278 278 278 278 279 279 279 279 279 279 279 279 279 279 279 279 280 280 280 280 280 280 280 281 281 281 281 281 281 281 280 280 280 280 280 280 280 280 280 279 279 279 280 280 280 279 279 280 280 280 280 281 281 281 283 283 282 282 282 282 281 281 282 282 281 281 281 282 282 282 283 283 283 283 283 283 283 283 283 283 282 281 282 282 282 282 281 281 281 281 281 281 282 282 281 282 282 283 282 282 282 281 282 282 282 283 283 284 284 284 284 284 285 285 285 286 286 286 285 286 286 287 287 287 287 287 287 287 287 286 286 286 286 286 286 286 286 286 286 286 287 286 286 286 286 286 286 286 286 286 286 287 287 287 287 287 287 287 287 287 287 287 287 287 288 287 287 287 287 287 287 288 288 288 288 288 288 288 288 289 289 289 289 289 289 289 290 290 291 290 291 291 290 290 290 290 290 290 290 290 291 291 291 291 291 291 291 291 291 291 291 291 292 292 292 292 292 292 292 292 292 294 294 295 294 295 295 295 295 295 295 295 295 296 295 295 295 296 296 296 296 296 296 296 296 296 296 297 297 297 297 297 297 297 297 297 297 297 297 297 297 297 297 297 297 297 297 297 297 297 298 298 298 298 299 299 299 299 299 299 300 300 300 300 300 300 300 301 301 301 301 301 301 301 301 301 302 302 302 302 302 302 301 302 302 302 302 301 301 301 301 302 301 302 302 302 303 303 303 303 303 304 304 304 304 305 305 304 304 304 305 306 275 274 275 275 275 274 275 275 275 275 275 276 276 276 277 277 277 277 276 276 276 276 276 277 276 276 276 276 275 275 274 275 275 275 275 274 274 274 274 275 275 275 276 276 277 276 277 278 277 277 278 278 278 277 277 278 278 278 278 279 278 278 278 279 279 279 279 279 279 279 279 278 279 279 279 280 280 280 280 280 280 280 281 281 281 281 281 281 281 281 281 281 280 280 280 280 280 280 279 279 279 280 280 280 279 280 280 280 280 281 281 281 282 283 282 282 283 283 283 282 282 283 282 281 281 281 282 282 282 283 283 283 283 283 283 283 284 284 284 283 282 282 283 282 282 281 282 282 282 282 282 282 282 282 281 282 282 282 281 281 282 282 283 283 284 284 284 284 284 284 284 284 284 284 285 285 285 285 286 286 286 287 287 287 287 288 288 288 288 287 286 286 286 286 286 286 286 286 286 286 287 286 286 286 286 286 286 286 286 286 286 287 287 287 287 287 287 287 287 287 287 287 288 287 287 287 287 287 287 287 288 288 288 288 288 288 289 288 289 289 289 290 289 289 289 289 290 290 291 291 291 291 290 290 290 290 290 290 291 291 291 291 291 291 291 291 291 291 291 291 292 292 292 292 292 292 292 292 292 292 294 294 294 294 294 295 295 295 295 295 295 295 296 296 296 295 296 296 296 296 296 296 296 296 296 296 297 297 297 297 297 297 298 298 298 298 298 297 297 297 297 297 297 297 297 297 297 297 298 298 298 299 299 299 299 299 299 299 300 300 300 300 300 300 300 301 301 301 301 301 301 301 301 301 302 302 302 302 302 302 302 302 302 302 302 302 302 302 301 301 301 302 302 303 303 303 303 303 303 303 304 304 304 304 305 304 304 304 305 306 306 276 276 276 275 275 275 275 276 276 276 276 277 277 277 277 277 277 277 277 277 277 277 277 277 276 276 276 276 275 274 274 274 274 274 274 275 275 275 275 275 275 275 276 276 277 277 277 277 277 278 278 278 278 278 278 278 278 278 278 279 278 279 279 279 279 279 279 279 279 279 279 279 279 280 280 280 280 280 280 281 281 281 281 281 281 281 281 282 281 282 282 281 280 280 280 280 280 279 280 280 280 280 280 280 281 280 280 280 281 282 282 283 283 283 282 283 283 283 283 283 283 282 282 281 281 282 282 282 283 283 283 283 283 283 283 284 284 284 283 282 283 283 282 282 282 282 283 282 282 282 282 282 282 282 282 282 281 281 282 282 282 283 283 283 283 284 284 283 284 284 284 284 285 285 285 285 285 285 286 287 287 287 287 288 288 288 288 288 287 286 286 286 286 286 286 286 286 286 286 287 286 286 286 287 286 287 286 286 286 286 287 287 287 287 287 287 287 287 287 288 287 287 287 287 287 287 287 287 287 288 288 288 288 288 288 289 289 288 289 290 290 290 289 289 289 289 290 291 291 291 290 291 291 291 291 291 291 290 291 291 291 291 291 291 291 291 291 291 292 292 292 292 292 292 292 292 292 292 292 294 294 294 294 295 295 295 295 295 295 295 295 296 296 296 296 296 296 296 296 296 296 296 296 296 296 296 296 297 297 297 297 297 297 298 298 298 298 298 297 297 297 297 297 297 298 298 298 298 298 299 299 299 299 299 299 299 299 299 300 300 300 300 300 300 300 301 301 301 301 301 301 301 302 302 302 302 302 302 302 302 302 303 303 303 302 302 302 301 301 302 302 302 302 302 302 302 303 303 304 305 304 304 304 304 304 304 305 305 305 306 306 307 308 309 309 276 276 276 276 275 276 276 276 276 277 277 277 277 277 278 277 277 277 277 277 278 278 278 277 277 277 276 275 275 275 274 274 274 274 275 275 275 275 275 276 276 276 277 277 277 277 276 277 278 278 278 278 279 279 279 278 278 278 278 279 278 279 279 279 279 279 279 280 279 279 279 280 280 280 280 280 281 281 281 281 281 281 281 281 281 281 281 282 282 282 281 280 280 280 280 280 280 281 281 281 281 280 280 281 281 280 281 281 282 282 283 283 283 283 284 284 283 283 283 282 283 282 282 281 282 282 282 282 283 283 283 284 284 284 284 284 284 284 283 283 283 282 283 283 283 282 282 282 282 282 282 282 282 282 282 282 282 282 282 283 283 283 283 283 284 284 284 283 283 284 284 285 285 285 285 285 286 286 287 287 287 287 288 288 288 288 288 287 286 286 286 286 286 286 286 286 286 286 287 287 287 287 286 287 287 287 287 287 287 287 287 287 287 287 287 287 287 287 287 287 287 287 287 287 287 287 287 288 288 288 288 288 289 289 289 289 289 289 289 290 290 289 289 289 289 290 290 291 292 292 292 292 291 291 291 290 291 291 291 291 291 291 291 291 291 291 291 292 292 292 292 292 292 291 292 292 292 292 294 294 294 294 294 295 295 295 295 295 295 295 296 296 296 296 296 296 296 296 296 296 296 296 296 297 297 297 297 297 297 298 298 298 298 298 298 298 298 298 298 297 297 297 297 298 298 298 298 298 299 299 299 299 299 299 299 300 300 300 300 300 300 300 300 300 300 301 301 301 301 301 301 302 302 302 302 302 302 302 302 303 302 302 303 303 302 302 301 302 301 302 302 302 303 303 303 303 304 304 304 304 304 304 304 304 305 305 305 305 305 306 306 307 307 307 307 308 309 277 276 276 277 277 277 277 277 277 277 278 278 278 278 277 277 278 278 278 278 278 278 277 277 276 276 275 275 275 274 274 275 276 276 276 276 276 276 276 277 277 277 276 276 277 277 278 279 279 279 279 279 279 279 279 279 279 279 279 279 279 279 279 279 280 279 279 279 279 280 280 280 281 281 281 281 281 281 281 281 281 281 282 281 282 282 282 281 281 280 280 280 280 280 281 282 282 281 280 280 281 281 281 281 281 281 282 283 283 283 283 283 283 283 283 282 282 282 282 282 282 282 282 283 284 283 283 283 284 284 284 284 284 284 284 283 283 283 283 283 283 283 282 282 282 282 282 282 283 283 283 283 282 282 282 282 283 282 282 283 283 284 284 284 283 284 285 285 286 286 285 285 286 285 286 286 286 287 287 287 288 288 288 288 287 287 287 286 286 286 286 286 286 286 286 287 287 287 287 287 287 287 287 287 287 287 287 287 287 287 288 287 287 287 287 287 287 287 287 287 287 288 288 288 288 288 288 288 288 289 289 289 289 289 289 289 290 291 290 290 289 290 290 290 291 292 292 292 291 291 290 291 291 291 291 291 291 291 291 291 291 291 291 292 292 292 292 292 292 292 292 292 292 292 292 294 294 294 294 294 295 295 295 295 295 295 295 295 296 296 296 296 296 296 296 296 296 296 297 297 297 297 297 297 298 297 298 298 298 298 298 298 298 298 298 298 298 298 297 297 298 298 298 298 298 299 299 299 299 299 299 299 299 299 300 300 300 300 300 300 301 301 301 301 301 302 301 301 302 302 302 302 302 302 302 302 302 302 303 303 303 302 302 302 302 302 302 302 302 302 302 303 303 304 303 305 304 304 304 305 305 305 305 305 305 305 306 306 306 306 306 307 307 308 309 277 277 277 277 277 277 277 278 278 278 277 278 278 278 278 278 278 278 278 277 277 277 276 276 276 275 275 274 274 274 275 275 276 275 275 275 276 276 277 277 276 276 277 277 278 279 279 280 280 280 280 280 280 280 280 279 279 279 279 279 279 279 279 279 280 280 280 280 280 280 280 280 281 281 281 281 281 281 281 281 281 282 282 282 282 281 281 280 281 280 280 280 281 281 281 282 280 280 281 282 281 281 281 282 283 282 282 283 283 283 282 283 282 282 283 283 282 283 283 282 282 283 284 284 284 284 284 284 283 284 284 284 283 283 282 282 282 283 283 283 283 282 282 282 283 282 282 282 282 282 282 282 282 282 282 282 282 282 282 283 283 283 284 285 285 285 285 286 285 286 286 286 286 286 286 287 287 287 287 288 288 288 287 286 286 286 286 286 286 287 287 286 286 286 287 287 287 287 287 287 287 287 287 287 287 287 287 287 287 287 287 287 287 287 288 288 288 288 288 288 288 288 288 288 289 289 288 289 289 289 289 290 290 290 291 291 291 291 290 290 290 291 292 292 292 292 291 292 291 292 292 292 291 291 291 291 291 291 291 291 292 292 292 292 292 292 292 293 292 293 293 293 293 294 295 295 295 295 295 295 295 295 295 295 295 295 296 296 296 296 296 296 296 296 296 296 297 297 297 297 297 297 298 298 298 298 298 298 298 298 298 298 298 298 298 298 298 298 298 298 298 298 298 299 299 299 299 299 299 299 299 299 299 300 300 300 300 301 301 301 301 301 301 302 302 302 302 302 302 302 302 302 303 302 302 302 302 303 302 302 302 302 302 302 302 302 302 302 302 302 303 303 303 304 304 304 304 305 305 305 306 306 305 305 305 306 306 307 307 308 309 309 310 277 277 277 278 278 277 278 278 278 278 278 278 278 278 278 278 278 277 277 277 276 276 276 276 276 275 275 274 274 275 275 275 275 275 276 276 277 277 276 276 277 277 278 279 279 279 279 280 280 280 280 280 280 280 279 279 279 279 279 279 279 280 280 280 280 280 281 281 281 281 281 281 281 281 281 281 281 282 282 282 282 282 282 282 281 281 281 281 280 281 281 281 282 281 280 281 281 282 282 281 281 282 282 283 282 283 283 283 283 283 282 283 284 283 283 284 283 282 283 283 284 284 284 284 284 284 284 284 284 284 284 283 282 282 282 282 283 283 283 283 283 283 282 282 282 282 282 282 282 282 282 282 282 283 283 283 283 284 284 283 283 284 285 285 285 284 285 285 286 286 287 287 287 288 287 288 287 288 288 288 288 288 287 286 287 287 287 286 287 286 286 286 287 287 287 287 288 288 287 287 287 286 287 287 287 287 287 287 287 287 287 287 287 288 288 288 288 288 288 288 288 288 288 289 289 289 289 290 290 290 290 290 291 291 291 291 291 291 291 292 292 292 292 293 293 292 291 292 293 292 292 291 292 292 292 292 291 291 291 291 292 292 292 292 292 293 294 293 293 293 293 295 295 295 295 295 295 295 295 296 295 295 295 295 296 296 296 296 296 296 296 297 297 297 297 297 297 297 297 297 298 298 298 298 298 298 298 298 298 299 298 298 298 298 298 298 298 298 298 298 298 299 299 299 299 299 299 299 299 299 299 299 299 300 300 300 301 301 301 301 302 302 301 302 302 302 302 302 302 302 302 302 302 302 302 302 302 302 302 302 302 302 302 303 302 302 302 302 302 302 302 304 304 304 304 304 305 305 305 305 306 307 306 306 306 307 308 309 309 309 309 310 278 278 278 278 278 278 278 278 278 278 278 278 277 276 276 276 275 276 277 276 276 275 275 274 275 275 275 275 276 276 276 277 276 276 277 278 278 279 279 279 279 279 280 280 280 280 280 280 280 280 280 280 280 280 279 279 280 279 280 280 280 281 281 281 281 281 281 281 282 282 282 282 282 282 282 282 282 282 282 281 281 281 280 281 281 281 282 282 281 281 281 281 282 282 282 281 282 282 283 283 282 282 283 283 283 283 284 284 283 283 284 283 283 283 283 284 284 284 284 284 284 284 284 284 284 283 283 283 282 282 282 283 283 283 283 283 283 282 282 282 282 282 282 282 282 283 283 283 283 284 283 284 285 284 283 283 284 284 284 284 284 285 285 286 287 287 288 287 288 288 288 288 288 288 288 288 288 287 287 286 286 286 286 287 287 287 287 287 287 287 287 287 288 288 287 287 287 287 287 287 287 287 287 288 287 287 287 287 287 288 288 288 288 289 289 288 288 289 289 290 290 290 290 290 290 290 290 290 291 291 291 291 291 291 292 292 291 292 293 293 293 293 293 293 293 292 292 292 292 292 292 291 291 291 291 292 292 292 293 293 293 294 294 294 293 293 295 295 295 296 296 296 296 296 296 295 295 295 295 296 296 296 296 296 296 296 296 297 297 297 297 297 297 297 297 297 297 297 298 297 298 298 298 298 299 299 299 299 299 299 299 298 298 298 298 299 299 299 299 299 299 299 299 299 299 299 299 300 300 300 300 300 301 301 301 302 302 301 301 302 302 302 302 302 302 302 303 303 303 303 302 302 302 302 302 302 302 302 303 303 302 303 303 302 302 303 303 304 305 305 305 305 305 306 305 305 306 306 306 306 307 308 309 308 307 308 309 310 310 310 310 309 309 310 310 278 278 278 278 278 278 278 278 278 278 278 278 277 276 275 275 275 276 276 276 276 275 275 275 276 276 275 275 275 276 276 276 276 277 278 279 279 279 280 280 279 279 279 280 280 280 280 280 280 280 280 281 280 280 280 280 280 280 280 280 281 281 281 281 281 282 282 282 282 282 282 282 282 282 282 282 282 282 282 282 282 282 280 281 281 281 281 282 281 281 281 281 282 283 283 282 282 283 283 283 283 283 283 283 283 283 284 283 283 284 284 284 283 283 283 283 283 284 284 284 284 284 284 284 284 283 283 283 283 282 282 282 282 283 283 283 283 283 282 282 282 282 282 282 282 283 282 283 283 284 285 285 284 284 284 284 284 284 285 285 285 285 285 286 287 287 288 288 288 288 288 288 288 288 288 288 288 287 287 286 287 287 287 287 287 287 287 287 287 287 287 287 287 288 288 287 287 287 287 287 288 288 288 287 287 287 287 287 287 288 288 289 289 289 289 289 289 289 290 290 290 290 290 290 290 291 290 291 291 291 290 291 291 292 292 292 291 292 292 292 292 293 293 293 293 292 292 292 292 292 292 292 292 291 291 292 293 293 293 294 293 293 293 294 293 293 296 295 296 296 296 296 296 295 295 295 295 295 295 296 296 296 296 296 296 296 296 296 297 297 297 297 297 297 297 297 297 297 297 297 298 298 298 298 298 298 298 298 298 298 298 298 298 299 299 299 300 300 299 300 300 300 299 299 299 300 300 300 300 300 300 300 300 301 301 301 301 301 301 302 302 302 302 302 302 302 302 303 303 303 303 302 303 303 302 302 302 302 302 304 303 303 303 304 303 303 304 304 304 305 305 305 305 306 306 306 306 306 307 307 307 308 307 307 307 307 307 309 309 309 309 308 308 309 309 309 310 278 278 278 278 278 278 278 278 278 278 278 278 277 277 276 276 275 275 275 275 275 275 275 276 277 277 277 276 276 276 276 276 276 277 278 278 279 279 279 280 280 279 280 280 280 280 281 281 281 281 281 281 281 280 280 280 281 281 281 280 281 281 281 281 281 281 281 282 282 282 282 282 282 282 282 282 282 282 282 282 282 282 281 280 281 281 282 282 281 281 281 281 282 282 283 283 283 283 283 283 283 283 283 283 283 284 284 283 283 284 284 284 283 283 284 284 284 284 284 284 284 284 283 283 283 283 282 283 283 282 282 282 282 283 283 283 283 283 283 283 283 283 282 282 282 282 283 283 283 284 285 285 284 284 284 284 285 285 285 286 285 286 286 285 286 287 288 288 288 288 288 288 288 288 288 289 288 287 287 287 287 287 287 288 287 287 287 287 288 287 287 287 287 287 288 288 287 287 287 288 288 288 288 288 287 287 287 287 288 288 288 288 289 289 289 290 289 290 290 290 290 291 290 290 290 291 290 290 291 290 291 291 292 292 292 291 291 292 292 291 292 292 292 292 293 293 293 293 293 293 293 292 292 292 292 292 292 293 293 293 293 293 293 294 294 294 295 295 295 295 295 295 295 295 295 295 295 295 296 296 296 296 296 296 296 296 296 296 297 297 297 297 297 297 297 297 297 297 297 297 297 297 298 298 298 298 298 298 298 298 298 298 298 298 298 299 300 300 300 300 300 300 299 299 300 300 300 299 300 300 300 301 301 301 301 301 301 301 301 301 301 301 301 301 302 302 302 302 302 303 303 303 303 303 303 302 302 302 302 303 304 303 303 304 304 304 304 304 304 304 305 305 305 305 306 306 306 307 308 308 308 307 307 306 306 306 307 307 308 308 309 308 307 307 308 308 309 310 279 279 278 278 278 278 278 278 278 278 277 277 276 275 275 276 276 276 275 275 275 275 276 276 277 277 277 277 277 277 277 276 276 277 278 278 278 279 280 280 279 280 280 280 280 280 280 280 280 280 280 280 280 280 281 281 281 281 281 280 281 281 281 281 281 282 282 282 282 282 282 282 282 282 282 282 282 282 282 283 282 281 281 281 281 282 282 281 282 281 282 282 282 283 284 283 284 284 284 283 283 283 283 284 284 284 283 283 284 284 284 283 283 284 284 284 284 284 284 284 284 283 283 282 282 282 282 282 282 282 282 282 282 283 283 283 283 283 283 283 283 283 282 282 282 283 283 284 284 285 285 284 284 284 285 285 286 286 286 286 286 286 286 286 287 288 289 289 288 288 288 288 288 289 289 288 288 287 287 287 287 287 287 287 287 288 287 288 288 288 287 287 287 287 288 288 288 288 288 288 288 288 288 288 288 287 287 288 288 288 289 289 289 289 290 290 289 290 290 290 290 290 290 290 290 291 290 291 290 291 291 291 291 291 291 291 292 292 291 291 292 292 292 292 292 293 293 293 293 293 293 293 293 293 292 293 293 293 293 293 293 293 293 293 293 295 295 295 295 295 295 295 295 295 295 295 296 296 296 296 296 296 296 296 297 297 297 297 297 297 297 297 297 297 297 298 297 297 297 297 297 297 298 298 298 298 298 298 298 298 298 298 298 299 299 300 300 300 300 300 300 300 300 301 301 301 300 300 301 301 301 300 301 301 301 301 301 301 301 301 301 302 302 302 302 302 302 302 302 303 303 303 303 303 303 302 302 302 303 304 304 303 304 304 304 304 304 304 304 304 305 305 306 306 307 307 308 308 308 308 308 307 306 306 306 306 307 308 307 308 309 308 307 308 308 309 310 310 279 278 278 278 279 279 279 278 278 277 276 276 275 276 276 277 276 276 276 275 275 275 275 276 276 277 276 277 277 277 278 277 277 278 278 278 278 279 279 280 279 280 280 280 280 280 280 281 281 281 280 280 280 281 280 281 281 281 281 281 281 281 281 281 281 282 282 282 282 282 282 282 282 282 282 282 282 282 282 283 282 281 281 282 281 282 282 282 283 282 282 283 283 284 284 283 284 284 283 283 284 284 283 284 284 284 284 283 283 284 284 284 283 284 284 284 284 285 285 284 284 283 283 282 282 282 282 283 284 283 283 282 282 282 283 282 282 282 283 283 283 282 282 282 283 283 283 283 284 284 285 285 285 285 285 286 286 287 287 287 287 287 287 286 287 288 289 289 289 288 288 288 289 289 288 288 288 287 287 288 287 287 288 287 287 288 287 288 288 287 287 288 288 287 287 288 288 288 288 288 288 288 288 288 288 287 287 288 288 288 289 289 289 289 289 290 290 290 290 290 290 290 290 290 290 290 290 290 290 290 291 291 291 291 291 291 292 291 291 292 292 292 293 292 292 292 292 292 292 293 293 293 293 293 293 293 293 293 293 293 293 293 293 293 293 295 295 295 295 295 295 295 295 295 295 296 296 296 296 296 297 297 297 297 297 297 297 297 297 297 297 297 297 297 298 298 298 297 297 297 298 298 298 298 298 298 298 298 298 298 298 298 298 299 299 300 300 301 300 300 300 301 301 301 302 302 301 301 302 302 301 301 301 300 300 301 301 302 302 302 303 303 302 302 303 302 302 302 302 302 303 303 304 303 303 303 303 302 302 303 303 303 303 304 304 305 304 304 304 304 304 305 305 306 307 307 308 308 307 307 307 308 308 307 306 306 307 307 307 308 308 308 307 307 308 309 309 309 310 279 279 279 279 279 279 278 277 276 276 276 276 276 277 277 277 277 276 276 275 275 276 276 276 276 276 276 276 277 278 278 278 279 279 279 278 279 279 279 279 279 279 279 280 280 280 281 281 281 281 281 281 281 281 281 281 281 281 281 281 281 281 282 282 282 282 282 282 282 282 283 283 282 282 283 283 283 283 283 282 282 281 282 282 283 282 282 283 283 283 283 284 284 284 284 284 285 284 284 284 284 284 284 284 283 283 284 284 284 284 284 284 284 285 285 284 285 285 284 284 283 283 283 282 283 283 284 284 283 283 283 282 282 282 282 283 283 283 283 283 283 282 282 283 283 283 283 283 284 285 285 286 286 286 286 287 287 288 288 288 288 288 287 287 288 288 289 289 289 289 288 289 289 288 287 287 287 287 288 288 287 287 287 287 288 288 288 287 288 287 288 287 287 287 287 287 287 287 287 287 287 288 288 287 287 287 287 288 288 288 289 289 289 289 290 290 290 290 290 290 290 290 290 290 290 290 290 290 290 291 291 291 291 291 292 291 291 291 292 292 292 292 292 292 292 292 292 292 292 292 292 293 293 293 293 293 293 293 293 293 293 293 293 293 295 295 295 295 295 296 296 296 296 296 296 296 296 296 296 297 297 297 297 297 297 297 297 297 297 297 297 297 297 297 297 297 297 297 298 298 298 298 298 298 298 299 298 298 298 298 298 299 299 298 299 299 300 299 299 299 300 301 301 300 300 300 301 301 301 302 302 302 301 301 301 302 302 303 303 303 303 303 303 303 302 302 302 302 302 303 303 303 303 304 303 303 302 302 302 303 303 303 303 304 305 305 305 304 304 305 305 305 306 307 307 307 307 307 306 307 308 307 307 307 306 307 307 307 307 307 307 307 308 308 308 308 309 309 310 279 279 279 279 279 279 277 277 277 277 277 277 278 277 278 277 277 276 276 276 276 276 276 276 277 277 277 277 277 277 278 278 279 279 279 279 279 279 280 280 280 279 280 280 280 280 281 281 281 281 281 281 281 281 281 281 281 281 282 282 281 281 282 282 282 282 282 282 282 282 282 283 283 283 283 283 283 283 282 282 282 282 283 283 282 282 282 283 283 284 284 284 284 284 284 285 285 284 284 284 284 284 284 284 284 284 284 284 284 284 284 284 284 285 285 285 284 284 283 283 282 282 283 283 283 284 284 284 283 283 283 283 283 283 283 283 283 283 283 282 283 283 283 284 283 284 284 285 285 286 286 287 287 287 287 287 288 288 288 288 288 288 288 289 289 289 289 289 288 288 288 288 287 287 287 287 287 287 287 287 287 288 288 288 289 288 288 288 288 288 287 287 287 288 288 288 287 287 288 288 288 288 288 288 287 288 288 288 288 289 289 289 289 290 290 290 290 290 290 290 290 290 290 290 290 290 291 291 291 291 291 291 291 291 291 291 291 292 292 292 292 292 292 292 292 292 292 292 292 292 292 292 293 293 293 293 293 293 293 293 293 293 293 295 295 296 296 296 296 296 296 296 296 296 296 296 296 296 297 297 297 297 297 297 297 297 297 297 297 297 297 297 297 297 297 298 298 298 298 298 298 298 298 299 299 298 298 298 299 299 299 298 298 298 299 299 298 298 298 298 299 299 299 299 299 299 300 301 302 302 302 302 302 303 303 302 303 303 303 303 303 303 303 303 303 302 302 303 303 303 303 303 304 304 303 302 303 303 303 303 303 304 304 305 305 305 305 305 305 305 305 306 307 306 306 307 307 306 307 307 307 307 306 306 306 307 307 307 307 307 308 308 309 309 309 309 309 310 311 311 279 279 279 279 279 278 278 277 277 277 277 277 278 278 277 277 276 277 276 276 276 276 276 277 278 278 278 278 278 278 278 278 279 280 280 280 279 280 281 281 281 281 281 281 281 281 281 281 281 281 282 282 282 282 281 281 281 282 282 282 282 282 281 282 282 282 282 282 282 282 283 283 283 283 283 283 283 283 283 282 282 282 283 282 282 283 283 283 283 284 284 283 283 284 284 284 285 285 285 285 284 284 284 285 285 284 284 285 285 285 285 284 285 285 285 284 284 284 284 283 283 283 284 283 284 284 283 284 283 283 283 283 283 283 283 283 283 282 282 283 283 283 283 284 284 284 284 285 285 286 287 288 288 288 288 288 289 289 289 289 289 289 289 289 289 289 288 288 287 287 287 287 287 287 287 287 287 287 287 287 287 288 288 288 288 287 287 287 287 287 287 287 287 288 288 287 287 287 288 287 287 287 288 288 288 288 288 288 288 288 289 289 290 290 290 290 290 290 291 291 291 290 291 291 291 291 291 291 291 292 292 292 292 292 292 292 292 292 292 292 292 292 292 292 293 293 293 293 293 293 293 293 293 294 294 294 294 294 294 294 294 294 294 294 295 295 295 295 295 295 295 295 295 295 295 295 295 296 296 296 296 296 296 296 296 296 296 296 297 297 297 297 297 297 297 297 297 297 297 297 297 297 298 298 298 298 298 298 298 297 297 298 299 299 298 298 298 299 299 299 299 299 299 299 300 300 300 301 301 302 302 303 303 303 303 303 303 304 304 304 304 304 303 303 302 302 303 303 303 303 303 304 304 304 303 303 303 303 303 304 304 304 305 305 306 306 305 305 305 306 306 307 307 306 306 306 307 307 308 307 307 307 308 308 308 308 308 308 308 309 310 310 310 311 311 311 311 311 311 311 312 279 279 279 278 278 277 277 278 278 278 277 277 276 277 277 276 276 277 277 276 276 277 277 278 278 279 279 279 279 279 280 281 280 279 279 280 281 281 281 281 281 281 281 281 281 281 282 282 282 282 282 281 281 281 282 282 282 282 282 282 282 282 282 282 282 282 282 282 282 282 283 283 283 283 283 283 283 282 283 283 283 283 283 283 283 284 283 284 283 283 283 283 284 284 284 284 284 285 284 285 285 285 284 285 285 285 285 285 285 284 284 284 284 284 284 283 283 283 283 284 284 284 284 284 284 284 284 284 283 283 282 282 282 282 283 283 283 283 283 283 284 284 285 285 285 285 285 286 288 288 288 288 289 289 289 289 289 290 289 289 289 288 288 288 288 288 288 288 287 287 287 288 288 287 287 288 287 287 287 287 287 287 287 287 287 287 287 287 288 287 288 288 288 288 288 287 287 288 288 288 289 289 288 288 288 288 288 289 289 290 290 290 290 290 291 291 291 291 291 291 291 291 291 291 292 292 292 292 292 292 292 292 292 292 292 292 292 292 292 293 292 293 293 293 293 293 294 294 294 294 294 294 294 294 294 294 294 294 294 295 294 295 295 295 295 295 295 295 295 295 295 295 295 295 296 296 296 296 296 296 296 296 296 296 296 296 297 297 297 297 297 297 297 297 297 297 297 297 297 297 297 298 298 298 298 297 298 298 299 300 300 299 299 299 299 300 301 300 299 299 300 300 299 300 301 301 301 301 302 302 302 303 303 303 303 304 304 304 303 303 303 303 302 303 303 303 303 303 303 304 304 304 304 304 303 303 303 304 304 305 306 305 305 305 305 305 306 306 307 307 307 307 307 306 307 307 307 307 307 307 308 309 310 309 309 309 310 310 311 311 312 312 311 311 311 310 311 311 279 278 278 278 278 278 278 278 277 277 278 277 277 277 278 278 277 276 276 276 277 278 278 278 279 279 280 280 281 280 280 280 279 280 280 280 281 281 281 281 281 282 282 282 282 282 282 282 282 282 282 282 282 282 282 282 282 282 282 282 282 282 282 282 282 282 283 283 283 283 283 283 283 283 283 283 283 283 283 284 284 283 283 283 283 282 283 283 283 283 284 285 285 285 284 285 285 286 285 285 285 285 286 286 285 284 284 284 284 284 285 284 284 283 283 283 283 283 283 283 283 283 283 284 284 283 283 283 283 283 283 283 283 283 283 284 284 285 285 284 285 284 285 285 286 287 288 288 288 289 289 289 289 289 290 290 289 289 288 288 288 288 288 288 287 287 287 288 288 288 288 288 288 288 287 287 287 287 287 288 287 287 287 287 287 287 288 288 288 288 287 287 288 287 288 288 289 289 288 288 288 288 288 289 289 289 290 290 291 291 291 291 291 291 291 291 291 291 291 292 291 292 292 292 292 292 292 292 292 292 292 292 292 292 292 292 293 293 293 293 293 293 293 293 294 294 294 294 294 294 294 294 294 294 294 294 295 294 295 295 295 295 295 295 295 295 296 296 295 295 295 296 296 296 296 296 296 296 296 296 296 296 296 296 296 297 297 297 297 297 297 297 297 297 297 297 297 297 298 298 298 297 297 298 299 299 300 300 299 299 299 299 300 300 300 300 300 299 300 299 300 300 301 301 301 301 302 302 302 302 302 302 303 303 303 303 303 303 302 303 303 303 303 303 303 303 303 303 304 304 304 304 304 304 303 303 304 305 306 305 305 305 305 306 306 306 306 306 307 307 307 307 306 307 307 307 308 308 309 309 310 310 310 310 311 311 310 310 311 310 310 310 311 312 312 312 279 278 278 278 278 278 277 277 277 277 278 278 278 278 277 277 277 277 276 276 276 277 278 278 279 280 281 281 281 281 281 280 280 280 281 281 281 282 282 281 282 282 282 282 282 282 282 282 282 282 282 282 282 282 282 282 282 282 282 282 282 282 282 283 282 283 283 283 283 283 283 283 283 283 283 283 283 284 283 283 284 284 283 283 283 283 283 283 283 284 284 285 285 284 285 286 286 285 285 285 286 286 286 285 284 283 283 283 284 285 284 284 284 284 283 283 283 283 283 283 283 283 283 283 283 283 283 283 283 283 283 283 283 284 284 284 284 284 284 284 284 285 285 286 287 288 288 289 289 289 289 289 289 290 290 289 288 288 287 287 287 287 288 288 287 288 289 289 288 288 288 288 288 288 288 288 287 288 288 287 287 287 287 288 287 287 288 288 288 288 287 287 287 288 288 289 288 288 288 288 288 288 289 289 289 290 290 290 291 291 291 291 291 291 291 291 291 291 292 291 292 292 292 292 292 292 292 292 292 292 292 292 292 292 293 293 293 293 293 293 293 293 294 294 294 294 294 294 294 294 294 294 294 294 294 294 294 295 295 295 295 295 295 295 295 295 296 296 296 296 296 296 296 296 296 296 296 296 296 297 297 297 297 297 297 297 297 297 297 297 297 297 297 297 297 297 297 297 297 297 297 298 298 298 298 300 300 300 300 300 300 300 300 300 300 300 300 299 299 299 300 300 301 301 302 302 302 301 302 303 303 303 303 303 303 304 304 303 303 303 303 303 303 303 303 303 303 303 304 304 304 304 304 304 303 304 304 305 305 305 305 306 306 306 306 306 306 306 306 306 306 307 307 308 307 308 309 309 309 309 309 310 310 310 310 310 310 310 310 310 310 311 312 312 312 312 280 280 279 278 278 278 278 277 277 278 278 278 278 278 278 278 278 278 278 278 277 276 277 277 278 279 280 281 281 281 282 282 281 281 281 281 281 281 282 282 282 282 282 281 282 282 282 282 282 282 283 282 282 282 282 282 282 282 282 282 282 283 283 283 283 283 283 283 283 283 283 283 283 283 283 283 283 283 283 283 284 284 284 283 282 283 282 283 283 283 283 284 284 285 285 285 286 286 286 285 285 286 286 286 285 285 284 283 284 284 284 284 284 284 283 283 283 283 283 283 283 283 283 283 283 283 283 284 284 283 283 284 284 284 284 284 284 284 284 284 285 285 285 286 286 287 287 288 288 288 289 289 289 289 290 290 290 290 288 288 288 288 288 288 288 288 288 288 289 289 288 287 287 288 288 288 288 288 288 288 288 288 287 287 288 288 287 288 288 288 288 288 288 288 288 289 288 289 288 288 288 289 289 289 289 289 290 290 290 291 291 291 291 291 291 291 291 291 291 291 292 292 292 292 292 292 292 292 292 292 292 292 292 293 293 293 293 293 293 293 293 293 293 294 294 294 294 294 294 294 294 294 294 294 294 294 294 295 295 295 295 295 295 295 295 296 295 296 296 296 296 296 296 296 296 296 296 296 296 296 297 297 297 297 297 297 297 297 298 297 297 297 297 297 297 297 297 297 297 297 297 297 297 298 298 298 300 300 300 301 301 300 300 300 301 301 301 300 300 300 300 300 300 300 301 301 302 301 302 303 303 303 303 303 303 304 304 304 303 303 303 302 303 303 303 303 303 303 303 304 304 304 304 304 304 304 304 304 305 305 305 305 306 306 306 305 305 305 306 306 307 307 308 308 308 308 308 309 309 308 308 309 309 310 310 310 310 310 309 310 310 311 312 312 312 311 311 280 280 280 280 279 279 278 278 277 278 278 278 279 279 279 278 279 279 279 278 278 278 277 277 278 279 279 280 281 281 281 282 282 282 281 282 282 282 281 281 281 281 281 281 282 282 282 282 282 282 282 282 282 282 282 282 283 282 282 282 283 282 282 283 283 283 283 283 283 283 283 283 283 283 283 283 283 283 283 283 283 284 284 284 284 283 282 283 284 284 284 284 283 284 284 285 285 285 286 286 285 285 286 286 285 284 284 283 283 283 284 284 285 284 284 283 283 283 283 283 283 283 283 283 283 283 283 283 283 283 283 283 283 284 284 284 284 284 284 285 285 285 285 285 285 286 287 287 288 288 288 289 289 289 289 290 290 290 289 288 289 288 288 288 288 288 288 288 288 288 288 288 288 287 287 287 288 288 288 288 289 289 288 287 288 288 288 288 288 288 288 289 289 288 288 289 289 289 289 289 289 289 289 289 289 289 290 290 290 291 291 291 291 291 291 291 291 291 291 291 291 292 292 292 292 292 292 292 292 292 292 292 293 293 293 293 293 293 293 293 293 293 293 293 294 294 294 294 294 294 294 294 294 294 294 294 294 294 295 295 295 295 295 295 295 295 296 296 296 296 296 296 296 296 296 296 296 297 297 296 296 297 297 297 297 297 297 297 297 297 298 297 297 297 297 297 297 298 298 298 297 298 298 297 298 298 299 300 300 300 300 300 301 301 301 301 301 301 301 301 301 300 300 300 300 301 301 301 302 302 302 302 302 302 302 303 303 303 303 303 303 303 303 303 303 303 303 303 303 303 304 304 304 304 304 304 304 305 304 304 305 305 305 306 305 305 305 305 306 307 306 306 307 307 307 307 308 309 309 309 308 308 309 310 310 310 311 310 309 309 310 310 311 312 311 311 310 310 280 280 280 280 280 279 279 278 278 279 279 279 279 279 278 279 279 279 279 279 279 278 277 277 278 279 279 280 281 281 281 282 282 282 282 282 283 282 282 282 281 281 281 281 282 282 282 283 282 282 282 282 282 282 282 283 283 282 283 283 283 283 283 283 283 283 283 283 283 283 283 283 283 283 283 283 283 283 284 283 283 284 284 284 283 283 282 283 283 283 284 284 283 283 284 285 285 285 285 286 285 285 285 285 284 284 284 284 283 283 284 284 284 285 285 284 284 283 283 283 283 283 284 284 284 284 283 283 284 283 283 283 284 283 284 284 284 285 285 285 285 285 285 285 285 286 287 287 287 288 288 288 289 289 290 290 290 289 289 288 288 287 288 288 288 288 288 288 288 288 288 288 288 288 288 288 288 288 288 288 288 289 288 288 288 288 289 288 288 288 288 289 290 289 289 289 289 290 289 289 289 289 289 289 289 289 289 290 290 291 291 291 291 291 291 291 291 291 291 291 291 292 292 292 292 292 292 292 292 292 292 292 293 293 293 293 293 293 293 293 293 293 293 293 294 294 294 294 294 294 294 294 294 294 295 295 295 295 295 295 295 295 295 295 295 295 295 296 296 296 296 296 296 296 296 296 296 297 297 297 296 297 297 297 297 297 297 297 297 297 297 298 298 297 297 297 297 298 299 298 298 298 298 298 298 298 299 300 300 301 300 300 301 301 301 301 301 301 301 301 301 301 301 301 300 301 301 301 301 302 302 302 302 303 302 302 303 303 303 303 303 302 303 303 303 303 303 303 303 303 304 304 304 304 304 304 305 305 305 305 305 305 305 305 305 305 305 306 307 307 306 306 306 306 307 307 308 308 308 308 307 308 309 309 310 310 311 310 309 309 310 310 311 311 311 310 310 310 311 280 280 280 280 280 280 279 279 279 279 279 279 278 279 279 280 279 279 279 278 277 277 278 279 279 280 280 280 280 281 281 282 282 282 282 283 283 282 281 281 281 281 281 282 283 283 283 283 282 282 282 282 283 282 282 283 282 283 283 283 283 283 283 283 283 283 283 283 283 283 283 283 283 283 283 283 283 283 283 284 284 284 284 283 283 282 283 283 283 284 284 283 283 284 284 285 285 285 285 285 285 284 284 284 284 284 284 284 284 283 284 284 284 285 285 284 284 284 283 283 283 284 284 284 284 284 283 283 283 283 284 284 284 284 284 284 284 285 285 285 285 285 285 285 286 287 287 287 288 288 288 288 289 290 290 290 289 289 288 288 287 287 288 288 288 288 288 288 288 288 287 287 288 288 288 288 288 288 288 288 288 288 289 289 289 289 288 288 288 289 289 290 289 289 289 289 289 289 289 289 289 289 290 290 290 290 290 291 291 291 291 291 291 291 291 291 291 291 292 292 292 292 292 292 292 292 292 292 292 292 293 293 293 293 293 293 293 293 293 293 293 293 293 294 294 294 294 294 294 294 294 294 294 294 295 295 295 295 295 295 295 295 295 295 295 296 296 296 296 296 296 296 296 296 296 296 297 297 297 297 297 297 297 297 297 297 297 297 297 297 297 297 297 297 297 297 297 298 299 299 299 299 298 298 298 298 300 300 301 301 301 301 301 301 302 301 301 301 301 301 301 301 301 301 301 301 301 301 301 301 301 302 302 302 302 303 302 302 303 303 302 303 303 303 303 303 303 303 303 303 304 304 304 304 304 304 305 305 305 305 305 305 305 305 305 306 306 307 307 307 307 306 306 307 307 307 307 308 308 307 308 308 309 309 310 310 310 310 309 310 310 311 311 311 310 310 310 311 310 311 280 280 280 280 280 280 279 279 279 279 279 279 279 279 279 279 279 279 278 277 278 279 279 279 279 279 280 280 280 281 281 282 282 282 283 283 282 282 282 282 282 282 282 283 283 283 283 283 283 283 283 283 283 283 283 282 283 283 283 283 283 283 283 283 283 283 283 283 283 283 283 283 284 284 284 284 284 284 284 284 284 284 284 283 282 282 283 283 283 283 283 284 284 284 284 284 285 284 284 284 284 283 283 284 284 284 284 284 284 284 284 284 284 284 284 284 283 283 284 283 283 283 283 283 283 283 283 284 284 284 284 284 284 284 284 284 284 285 285 284 285 285 285 286 286 287 287 287 288 288 288 288 289 289 290 289 288 288 287 287 288 288 287 288 288 288 288 288 288 288 287 287 288 288 288 288 288 288 288 288 288 288 289 289 289 289 289 289 289 290 289 289 289 289 289 289 289 289 289 289 289 290 290 290 290 291 291 291 291 291 291 291 291 291 292 292 292 292 292 292 292 292 292 292 292 292 292 292 293 293 293 293 293 293 293 293 293 293 293 293 293 293 293 294 294 294 294 294 294 294 294 294 294 294 295 295 295 295 295 295 296 296 296 296 296 296 296 296 296 296 296 296 296 296 296 297 297 297 297 297 297 297 297 297 297 297 297 298 297 297 298 298 298 297 297 297 297 298 298 299 299 299 299 298 298 299 300 300 301 301 301 301 301 301 301 302 301 301 301 301 301 301 301 301 301 301 301 301 301 301 301 301 302 302 302 302 302 302 302 302 303 303 302 303 303 304 304 303 303 303 304 304 304 304 304 305 305 305 305 305 305 305 305 305 305 306 306 306 307 307 306 306 306 307 307 307 308 308 307 308 308 308 309 310 310 310 310 309 309 310 311 311 311 310 310 310 310 310 311 281 281 281 281 280 280 280 279 279 280 280 280 279 278 278 278 278 279 279 278 278 278 279 279 279 280 280 280 280 281 281 282 282 282 282 282 282 283 282 282 282 282 283 283 283 283 283 283 283 283 283 283 283 283 283 282 283 283 283 283 283 283 283 283 283 283 283 283 283 283 284 284 284 284 284 284 284 284 284 284 284 284 284 283 283 283 283 283 284 284 284 284 284 284 284 284 285 284 284 283 283 283 283 283 283 284 284 284 284 284 285 284 284 284 284 283 283 284 284 284 284 283 283 283 283 283 283 284 284 285 284 284 284 284 284 284 285 285 284 285 285 285 285 285 285 286 286 287 288 288 287 287 288 289 289 289 289 288 288 288 288 288 288 287 288 288 288 288 287 287 288 287 287 287 287 287 287 287 287 288 288 288 289 289 288 289 289 289 290 290 290 290 290 289 289 289 289 289 289 289 289 289 290 290 290 291 291 291 291 291 291 291 291 291 292 292 292 292 292 292 292 292 292 292 292 292 292 292 293 293 293 293 293 293 293 293 293 293 293 293 293 293 293 294 294 294 294 294 294 294 294 295 295 295 295 295 295 295 295 295 296 296 296 296 296 296 296 296 296 296 296 296 296 296 296 297 297 297 297 297 297 297 297 297 297 297 297 297 298 298 298 298 298 298 297 297 297 298 298 298 299 299 299 299 299 300 300 300 300 301 301 301 301 301 301 301 301 301 301 301 301 302 302 301 301 301 301 301 301 301 301 302 302 302 302 302 302 302 302 303 303 303 303 302 303 303 303 304 303 303 304 304 304 304 304 305 305 305 305 305 305 305 306 306 306 306 306 307 307 307 306 306 306 306 307 307 308 307 307 307 308 308 309 309 309 310 310 310 309 310 310 311 311 311 310 310 310 310 311 311 281 281 281 280 280 280 280 280 279 278 278 278 278 278 278 279 279 279 278 279 279 279 279 280 281 280 281 281 282 281 281 282 282 283 283 283 282 282 282 283 283 283 283 283 283 283 283 283 283 283 283 283 283 283 283 283 283 283 283 283 284 283 283 283 283 283 284 284 284 284 284 284 284 284 284 284 284 284 284 284 284 284 283 283 283 283 284 284 284 284 284 284 284 284 284 284 284 283 283 283 283 283 284 284 284 284 284 285 285 284 284 284 284 283 284 284 284 284 284 283 283 283 283 284 284 284 285 284 284 284 284 284 284 285 285 284 285 285 286 286 285 286 286 287 287 286 287 287 287 288 288 288 288 288 289 288 288 288 288 288 288 288 288 289 288 288 288 288 288 288 287 288 288 288 288 288 288 288 288 288 288 289 289 289 289 290 290 290 289 290 289 289 289 289 289 289 289 289 289 290 290 290 291 291 291 291 291 291 291 291 291 292 292 292 292 292 292 292 292 292 292 292 292 292 292 293 293 293 293 293 293 293 293 293 294 293 293 293 293 294 294 294 294 294 294 294 294 294 294 295 295 295 295 295 295 295 296 296 296 296 296 296 296 296 296 296 296 296 296 296 296 297 297 297 297 296 297 297 297 297 297 297 297 298 298 298 298 299 298 298 298 297 297 297 298 298 298 298 298 299 299 300 300 300 300 300 300 301 301 301 301 301 301 301 301 301 302 302 302 302 301 301 301 301 301 301 301 302 302 302 302 302 302 302 302 302 303 303 302 303 302 303 303 303 303 303 303 304 303 304 304 304 305 305 305 305 305 305 305 305 306 306 307 307 307 307 307 306 307 307 307 307 307 307 307 307 308 308 308 308 308 308 309 310 310 309 310 310 311 311 311 311 310 310 310 311 312 311 281 281 281 281 280 279 278 278 278 279 279 279 279 279 279 279 279 279 279 279 280 280 280 281 281 281 281 281 282 282 283 282 282 282 282 282 283 283 283 283 283 283 283 283 283 283 283 283 283 283 283 283 283 283 284 284 283 284 283 283 283 283 283 284 284 284 284 284 284 284 284 284 284 284 285 285 285 284 284 284 283 283 283 283 283 283 284 284 284 284 284 284 284 283 283 283 283 283 284 284 284 284 284 284 284 284 285 284 284 284 283 283 284 284 284 284 284 283 283 284 284 284 285 285 284 284 284 284 284 284 284 284 285 285 286 285 285 286 286 286 286 286 286 287 287 287 288 287 287 288 288 288 289 289 288 288 288 288 288 288 289 289 288 288 289 289 288 288 288 288 288 289 289 289 288 288 288 288 288 289 289 289 289 289 289 289 289 289 290 289 289 289 289 289 289 289 290 290 290 291 291 291 291 291 291 292 291 291 292 292 292 292 292 292 292 292 292 292 292 292 292 292 293 293 293 293 293 293 293 293 293 293 293 293 293 293 294 294 294 294 294 294 294 294 294 294 295 295 295 295 295 295 295 296 296 296 296 296 296 296 296 296 296 296 296 297 297 296 297 297 297 297 296 297 297 297 297 298 298 298 298 298 298 298 299 299 299 298 298 298 297 298 298 298 298 298 298 299 300 301 300 300 300 301 301 301 301 301 301 301 301 301 301 301 302 302 302 301 301 301 301 301 301 301 302 302 302 302 302 302 302 302 302 302 302 302 302 302 303 303 303 303 303 303 303 303 304 304 304 305 305 305 305 305 305 306 305 306 306 306 307 307 307 307 307 307 307 307 307 307 307 307 308 308 308 307 308 307 308 310 310 310 309 310 310 311 311 311 311 310 310 311 311 311 311 281 280 279 278 279 279 279 279 279 279 279 279 279 279 279 279 280 280 280 280 280 281 281 281 281 282 283 283 283 282 282 282 283 283 283 283 283 283 283 283 283 283 283 283 283 283 283 283 283 283 283 283 283 283 283 284 284 283 283 284 284 284 284 284 284 284 284 284 284 284 285 285 285 285 284 284 283 283 283 283 283 283 283 284 284 284 284 284 284 284 284 284 284 283 283 283 284 284 284 284 284 284 284 284 285 285 284 284 284 283 283 284 284 284 284 283 284 284 285 285 284 284 284 285 285 285 284 284 284 284 285 285 285 285 285 285 286 286 286 286 287 287 287 288 287 287 287 287 287 288 289 289 289 288 288 288 288 288 288 288 288 289 289 288 288 289 289 289 289 289 289 288 288 289 289 288 288 288 289 289 288 289 289 289 289 289 290 289 290 289 289 289 289 290 290 290 291 291 291 291 291 291 291 291 291 291 291 292 292 292 292 292 292 292 292 292 292 292 292 293 293 293 293 293 293 293 293 293 293 293 293 293 293 293 293 293 293 293 294 294 294 294 294 294 295 295 295 295 296 296 296 296 296 296 296 296 296 296 296 296 296 297 297 297 297 297 297 297 297 297 297 297 298 298 298 298 298 298 299 299 299 299 299 299 298 298 298 298 298 298 298 298 299 299 299 299 301 301 300 300 301 301 301 301 301 301 301 301 301 301 301 301 302 303 302 301 301 301 301 301 301 301 302 302 302 302 302 302 302 302 302 302 302 302 302 303 303 303 303 303 303 303 303 303 304 304 305 305 305 305 305 305 305 305 306 306 306 307 307 307 308 308 308 308 308 307 307 307 307 307 307 307 307 308 308 309 310 310 310 309 309 310 310 310 311 311 310 310 310 310 310 311 312 312 281 280 279 279 280 279 279 280 280 280 279 279 279 279 279 279 279 280 280 280 280 281 282 282 282 282 283 282 282 282 283 283 283 283 283 283 283 283 283 283 284 284 284 284 284 283 283 283 283 283 283 283 283 283 284 284 284 284 284 284 284 284 284 284 284 284 285 285 285 285 285 285 284 284 284 284 284 284 283 283 283 283 284 284 284 284 284 285 285 284 285 284 284 283 283 284 284 284 284 284 284 284 284 284 285 284 284 284 284 284 283 283 283 284 283 284 284 284 285 285 285 285 285 285 285 285 285 284 284 285 285 285 286 286 286 286 286 287 287 287 287 287 287 287 287 287 287 288 288 288 289 289 289 288 288 288 288 288 288 289 289 289 289 289 289 289 289 289 289 289 288 289 289 289 289 288 288 288 288 288 289 289 289 289 289 289 290 289 289 289 290 290 290 290 290 291 291 291 291 291 291 291 291 292 291 291 291 291 292 292 292 292 292 292 292 292 292 293 293 293 293 293 293 293 293 293 293 293 293 293 293 293 293 293 293 294 294 294 294 294 294 294 294 294 295 295 295 296 296 296 296 296 296 296 296 296 296 297 297 297 297 297 297 297 297 297 297 297 297 297 298 298 298 298 298 299 299 299 299 298 298 298 298 298 298 298 298 298 298 298 299 299 299 299 299 301 302 302 301 301 301 301 301 301 301 301 301 301 301 301 301 302 302 303 302 301 301 301 301 301 302 302 302 302 302 302 302 302 302 302 302 303 302 302 302 303 303 303 303 303 303 303 303 303 303 305 305 305 305 305 305 305 306 306 306 306 307 307 307 307 307 307 307 308 308 308 308 307 307 307 307 307 308 308 308 309 310 310 310 309 309 310 310 311 310 310 310 310 311 311 312 312 312 312 312 280 280 280 280 279 279 279 279 279 279 280 280 281 281 280 279 280 280 280 281 281 282 282 282 282 282 282 283 283 283 283 283 283 283 283 283 284 284 284 284 284 284 284 284 283 283 283 283 283 283 283 283 283 284 284 284 284 284 284 284 284 284 284 285 285 285 285 285 285 285 285 285 285 285 285 284 283 283 284 283 283 284 284 284 284 285 285 285 285 284 284 284 284 283 284 284 284 284 284 284 284 284 284 285 285 285 285 284 284 283 284 284 284 284 284 284 284 285 285 285 285 286 286 285 285 285 284 284 285 285 286 286 286 286 287 287 287 287 287 287 287 287 287 287 287 288 288 288 288 288 288 288 288 288 288 288 288 288 289 289 290 290 289 289 289 289 289 290 289 289 289 290 290 289 288 288 288 288 288 289 289 289 289 289 289 289 289 290 290 290 290 290 290 290 291 291 292 292 291 291 291 291 292 292 292 291 292 292 292 292 292 292 292 292 292 292 293 293 293 293 293 293 293 293 293 293 293 293 294 293 293 293 293 294 294 294 294 294 294 294 294 294 294 295 295 295 296 296 296 296 296 296 296 296 296 296 296 296 297 297 297 297 297 297 297 297 297 297 297 298 298 298 298 298 298 299 299 298 298 298 298 298 298 298 298 298 298 299 299 299 299 299 299 299 301 301 302 303 302 302 302 301 301 301 301 301 301 301 301 301 302 302 303 303 302 302 302 301 301 302 302 302 302 302 302 302 302 302 302 302 303 303 303 303 303 304 304 304 304 304 304 304 304 303 304 304 305 305 306 305 305 306 306 306 306 307 307 307 307 307 307 307 307 308 309 309 309 309 308 307 307 307 307 308 308 309 309 311 311 310 309 310 311 310 310 311 311 312 312 312 311 312 312 312 312 281 280 280 279 279 279 279 279 279 279 280 281 281 280 279 279 280 281 281 282 282 282 282 281 282 282 282 283 283 283 284 284 284 283 283 284 284 284 284 284 284 284 284 284 283 284 283 283 283 284 284 284 284 284 284 284 284 284 284 284 284 284 285 285 285 284 285 285 285 285 285 285 285 285 284 284 283 283 283 283 283 283 284 284 285 285 285 285 285 285 284 285 285 284 284 284 284 285 285 284 284 284 284 284 285 285 285 285 284 284 284 285 285 284 284 284 285 285 286 285 286 285 285 285 285 285 285 284 284 285 285 286 286 285 286 287 287 287 287 287 287 287 287 287 287 287 287 288 288 288 289 289 289 288 288 288 288 289 289 289 290 289 289 289 289 289 288 289 289 289 289 289 290 289 289 288 288 289 289 288 288 288 288 289 289 289 289 290 290 290 290 290 290 290 291 291 291 291 291 292 292 292 292 292 292 292 291 291 292 292 292 292 292 292 292 293 293 293 293 293 293 293 293 293 293 294 294 294 294 294 293 293 294 294 294 294 294 294 294 294 294 294 294 294 295 295 295 296 296 296 296 296 296 296 296 296 296 296 297 297 297 297 297 297 297 297 297 297 297 297 297 297 297 298 298 298 298 298 298 298 298 298 299 299 299 299 298 299 299 299 299 299 299 299 301 301 301 302 303 303 303 302 301 301 301 301 301 301 301 301 302 302 303 304 303 302 302 301 301 301 302 302 302 302 302 302 302 302 302 303 303 303 303 303 304 304 304 305 305 305 305 305 304 304 304 304 305 305 305 306 306 306 306 306 307 307 307 307 307 307 307 307 307 307 308 308 308 309 309 309 308 308 307 307 308 308 309 310 310 310 309 310 311 310 310 311 311 312 311 311 311 312 312 312 311 312 312 312 312 312 312 281 281 280 280 280 279 280 279 279 279 280 280 280 279 279 279 280 281 281 281 281 281 281 281 281 282 282 282 282 283 284 284 283 283 284 284 285 284 284 284 284 284 284 284 284 284 284 284 284 284 284 284 284 284 284 284 284 284 284 284 285 285 285 285 284 285 285 285 285 285 285 285 285 285 285 284 284 284 284 283 283 283 283 284 284 285 285 285 285 284 284 285 285 285 285 285 284 284 284 285 285 284 284 284 285 285 284 284 284 284 284 284 284 285 284 284 285 285 285 285 285 285 285 285 285 285 285 284 284 284 285 286 285 285 286 287 287 287 286 287 287 286 286 287 288 288 288 288 289 289 289 289 288 288 288 288 288 289 289 289 290 291 290 290 290 289 289 289 288 289 290 290 289 289 289 289 288 289 289 289 289 289 288 288 289 289 289 290 290 290 290 290 290 290 291 291 291 291 292 292 292 292 292 292 292 292 291 291 292 292 293 292 292 292 292 293 293 293 292 293 293 294 293 293 293 294 294 294 294 294 294 294 294 294 294 294 294 294 295 294 294 294 294 295 295 295 295 295 296 296 296 296 296 296 296 296 296 297 297 297 297 297 297 297 297 297 297 297 297 297 297 297 298 298 298 298 298 298 298 298 298 299 299 299 299 299 299 299 299 299 299 299 299 299 301 301 301 301 301 302 302 303 303 302 302 302 302 301 301 302 302 302 303 304 303 302 302 301 301 301 302 302 303 303 303 302 302 303 303 303 303 304 304 304 305 304 304 305 305 305 306 306 305 305 306 306 305 305 305 306 306 306 306 307 307 307 307 307 308 308 308 307 307 308 308 308 308 308 309 309 309 309 309 309 308 308 309 310 310 310 310 310 311 310 310 311 311 311 311 311 311 312 312 312 311 311 312 312 312 312 312 312 313 281 281 281 281 280 280 280 280 279 279 279 279 279 279 279 280 280 280 281 281 281 281 281 282 282 282 282 283 283 283 284 284 284 285 284 284 284 284 284 284 284 284 284 284 284 284 285 285 285 285 284 284 284 284 284 284 284 284 285 285 285 285 285 285 285 285 285 285 285 285 285 285 285 285 285 285 285 284 284 283 283 283 284 284 285 284 284 284 284 284 285 285 285 284 284 285 285 285 284 285 284 285 285 285 285 284 284 284 284 285 284 285 285 285 285 285 286 285 285 285 285 285 285 285 285 285 284 284 285 285 285 285 286 286 287 287 286 286 286 286 287 287 288 288 289 288 288 289 289 289 289 288 288 288 289 289 289 290 290 290 289 290 290 290 290 289 289 289 290 290 290 289 290 289 289 290 290 290 289 289 289 289 289 289 289 289 290 290 290 290 290 290 291 291 292 292 292 292 292 292 292 292 292 292 291 291 292 292 292 293 293 292 292 292 293 293 293 293 293 293 294 293 294 294 294 295 294 294 294 294 294 294 294 294 294 294 295 294 295 295 295 295 295 295 295 296 296 296 296 296 296 296 296 296 297 297 297 297 297 297 297 297 297 297 297 297 297 297 297 298 298 298 298 298 298 298 298 298 299 299 299 299 299 299 298 299 299 299 299 299 300 300 301 301 301 301 301 302 302 302 303 304 304 303 302 302 301 301 301 302 303 304 304 303 302 301 301 302 302 302 302 303 303 303 303 303 303 303 303 304 304 305 305 305 306 306 305 305 305 305 305 305 306 307 307 306 306 306 306 306 306 307 307 306 307 307 307 308 308 308 309 308 308 308 308 308 308 309 309 309 309 309 308 308 309 310 310 310 310 310 310 310 310 311 311 312 311 311 311 312 312 311 311 311 311 312 311 312 313 313 313 313 314 281 281 280 280 280 280 280 280 280 280 280 281 281 281 282 282 282 282 282 283 282 282 283 283 283 284 284 285 285 284 284 284 284 284 284 285 285 285 284 284 284 284 284 285 285 285 284 284 284 284 284 284 284 285 285 285 285 285 285 285 285 285 285 285 285 285 285 285 285 285 285 285 285 285 285 285 284 283 283 283 284 284 284 284 283 284 284 284 285 284 284 284 285 285 284 285 284 284 285 285 285 285 284 284 284 285 285 285 285 285 286 286 285 285 285 285 285 285 285 285 285 285 285 285 285 285 285 286 286 286 287 287 286 286 287 287 288 288 288 288 288 288 288 288 289 289 289 289 289 288 289 289 290 290 289 290 289 289 290 291 290 289 289 289 290 290 290 289 289 289 289 290 290 290 290 290 289 289 289 290 289 289 289 289 290 290 290 290 292 292 292 292 292 292 292 292 292 292 292 291 291 292 292 292 292 293 293 293 293 293 293 293 293 293 293 293 293 293 294 294 295 294 294 294 294 294 294 294 294 294 294 294 295 295 295 295 295 295 295 295 295 296 296 296 296 296 296 296 296 297 297 297 297 297 297 297 297 297 297 297 298 298 298 298 298 298 298 298 298 298 298 298 299 298 299 299 299 299 299 299 299 299 299 299 299 299 299 299 301 301 301 301 301 302 302 302 302 304 305 305 304 303 303 302 302 302 303 305 305 304 303 302 302 302 302 302 303 303 303 304 304 304 304 304 304 304 304 304 305 305 305 305 305 305 305 305 305 305 306 306 307 307 307 307 306 306 306 306 307 307 307 307 307 307 308 308 309 309 308 309 309 308 309 309 309 308 308 309 308 308 308 309 309 310 310 311 310 310 310 311 311 311 311 311 312 312 312 311 310 310 311 311 311 312 312 312 313 313 282 282 281 281 280 280 280 280 280 280 281 281 281 282 281 282 282 282 282 282 283 283 283 283 284 285 285 285 285 285 284 284 284 285 285 285 285 284 284 284 285 285 285 285 285 284 284 284 284 284 284 285 285 285 285 285 285 285 285 285 285 285 286 286 285 285 285 285 285 285 286 285 285 285 285 284 283 283 283 283 283 284 283 283 283 284 284 284 284 284 285 285 285 285 285 285 284 284 285 285 284 284 285 285 285 285 285 285 286 286 286 285 285 285 285 285 285 285 285 285 286 285 285 285 285 285 285 286 286 287 286 287 288 288 287 287 287 288 288 288 288 289 289 289 289 289 289 289 289 289 289 289 289 289 289 289 289 290 290 290 289 289 289 290 291 290 289 289 289 289 290 290 290 290 289 289 289 290 290 289 289 289 289 290 290 290 291 291 292 292 292 292 292 292 292 292 292 291 292 292 292 292 292 292 293 293 293 293 294 293 293 293 293 293 293 293 294 294 295 295 294 294 294 294 295 294 294 294 295 295 295 295 296 295 295 295 295 295 295 296 296 296 296 296 296 296 297 297 297 297 297 297 297 297 297 297 297 297 298 298 298 298 298 298 298 298 298 298 298 299 298 298 299 299 299 299 299 299 300 299 299 299 299 299 299 299 301 301 301 301 301 301 302 302 302 303 304 305 305 305 305 304 303 303 304 305 305 305 304 303 302 302 302 302 303 303 303 304 305 305 304 304 305 305 305 305 305 305 305 305 305 305 305 305 305 305 306 306 306 306 306 307 307 307 307 307 307 307 307 307 307 307 307 307 308 308 308 309 309 309 309 310 309 309 308 308 308 308 309 308 309 309 310 310 310 310 311 312 311 310 310 311 311 312 312 312 311 310 310 311 311 311 312 312 313 281 281 281 281 281 280 281 281 281 281 282 282 283 283 283 283 283 284 284 285 285 285 284 284 285 285 285 285 285 285 285 284 285 285 285 285 285 285 285 284 284 284 285 285 285 285 285 285 285 285 285 285 285 285 285 285 285 285 285 285 285 286 286 285 285 286 286 285 285 285 284 284 283 283 283 283 283 283 283 283 284 284 284 284 285 285 285 285 285 285 285 284 284 284 285 285 285 285 286 286 285 285 285 286 286 286 285 285 285 286 285 286 286 286 285 285 285 285 285 286 286 287 286 286 287 287 287 287 287 287 288 288 288 289 289 289 290 289 289 289 289 290 289 289 289 289 290 290 290 289 289 289 289 289 289 290 290 291 290 290 289 289 289 290 291 291 290 290 289 289 290 290 290 290 289 290 289 289 290 291 291 291 291 291 291 292 292 292 292 292 291 292 292 292 292 292 293 293 293 293 293 293 293 293 293 293 293 293 294 294 294 294 294 295 295 295 294 295 295 294 294 294 295 296 296 296 295 295 296 296 295 295 296 296 296 296 296 297 297 297 297 297 297 297 297 297 297 297 297 297 298 298 298 298 298 298 298 298 298 298 298 299 299 299 299 299 299 299 299 299 299 299 299 299 299 299 300 299 299 301 301 301 301 301 301 301 302 302 302 302 304 305 305 306 306 305 305 305 306 305 305 305 305 303 303 302 302 302 303 303 304 305 305 305 305 305 305 305 305 305 305 305 305 305 305 305 305 305 305 306 306 306 306 306 306 307 307 307 307 307 307 307 307 307 307 307 307 307 308 308 308 308 309 310 310 310 310 309 308 308 308 308 309 308 308 309 309 309 310 310 311 311 310 311 311 312 312 312 312 311 310 311 311 311 312 312 312 313 281 281 281 281 282 281 282 283 283 283 284 284 283 283 284 284 285 284 284 284 285 285 285 285 285 285 285 285 285 285 285 285 285 285 285 285 284 284 285 285 285 285 285 285 285 285 285 285 285 285 285 285 285 285 286 285 285 285 285 285 285 285 286 286 285 286 286 285 285 284 284 284 285 285 284 283 283 283 284 284 284 284 285 285 285 285 285 285 284 284 285 285 285 285 285 285 286 286 286 286 286 286 286 285 286 286 285 285 286 286 285 285 285 285 285 285 285 286 286 286 286 287 287 287 287 287 288 288 288 288 288 289 289 290 290 290 290 290 289 289 290 289 290 290 290 289 289 289 290 290 290 289 289 290 290 290 290 290 289 289 290 291 291 291 290 290 290 290 290 290 289 290 290 290 289 289 291 291 291 291 291 291 291 291 291 291 291 291 292 292 292 293 293 292 293 293 293 293 293 293 293 293 293 294 294 294 294 294 294 294 295 295 295 295 295 295 295 295 294 295 296 296 295 296 296 296 296 295 296 296 296 296 296 297 297 297 297 297 297 297 297 297 297 297 297 297 298 298 298 298 298 298 298 298 298 298 298 298 298 299 299 299 299 299 300 299 300 300 300 300 300 299 299 299 299 300 301 301 301 301 302 302 302 302 302 302 302 302 304 305 306 306 306 306 306 306 306 306 306 306 305 304 303 302 302 303 303 303 304 305 305 305 305 306 306 305 305 305 305 305 305 305 305 305 305 305 306 306 306 307 307 307 307 307 307 307 307 307 307 307 307 307 307 307 308 308 308 308 308 309 309 309 310 310 310 309 309 309 309 309 309 309 309 309 309 309 309 310 310 310 311 311 311 312 312 311 310 310 311 311 311 311 311 311 312 313 280 281 282 282 282 282 282 283 284 284 284 284 283 283 284 285 284 284 284 285 285 285 285 285 285 285 285 285 285 285 285 285 285 285 285 285 285 285 285 285 285 285 285 285 285 285 285 285 285 285 285 285 285 285 285 285 285 285 285 285 285 285 286 286 286 286 286 286 286 285 285 285 285 285 285 284 284 284 284 284 284 284 285 285 285 285 285 285 285 285 285 285 285 285 286 285 285 286 286 286 286 286 286 286 286 286 286 286 286 286 286 285 285 285 286 286 285 286 286 286 287 287 287 287 287 287 288 288 288 288 288 289 289 289 290 290 290 291 290 290 289 289 290 290 290 290 290 290 291 290 290 289 289 290 290 290 291 291 290 290 291 291 291 291 290 290 290 290 290 290 290 290 290 290 290 289 291 291 291 291 291 291 291 291 291 292 292 292 292 292 293 293 293 293 293 293 294 293 293 293 293 293 294 294 294 294 294 294 294 294 294 295 296 296 295 295 295 295 295 295 296 296 296 296 296 296 296 296 296 296 296 296 296 297 297 297 297 297 297 297 297 297 297 297 297 298 298 298 298 298 298 298 298 298 298 298 298 298 298 298 299 299 299 299 300 300 300 300 300 301 300 300 300 299 300 300 301 301 301 301 301 302 302 302 302 302 302 302 303 305 305 306 306 306 306 306 306 306 306 305 305 304 304 303 302 302 303 303 304 304 304 305 305 305 305 305 305 305 305 305 305 305 305 305 305 305 306 306 307 307 307 307 307 307 307 307 308 308 308 308 308 307 307 308 308 308 308 308 308 309 309 309 309 309 310 310 310 310 310 310 310 311 310 310 310 309 309 309 310 310 310 311 311 311 311 311 310 310 311 311 311 311 311 312 312 280 281 282 282 282 283 283 283 283 283 284 284 284 283 283 284 284 284 284 285 285 285 285 285 285 285 285 285 285 285 285 285 285 285 285 285 285 286 285 285 285 285 285 286 286 286 286 286 285 285 285 285 285 285 285 285 285 285 285 285 286 286 286 286 286 286 286 286 286 286 286 286 285 285 285 284 284 284 284 284 284 284 284 284 284 284 285 285 285 285 285 285 285 285 285 286 286 286 286 286 286 286 287 287 287 287 287 286 286 286 287 286 286 286 286 286 285 285 286 286 286 287 286 287 287 287 287 287 288 287 288 288 288 289 289 289 289 290 291 291 291 290 290 291 291 291 291 291 291 291 291 290 289 289 290 290 291 291 291 291 290 290 291 292 291 291 290 290 290 290 290 290 290 290 290 290 290 291 291 291 291 291 291 292 291 292 292 292 292 292 292 292 292 293 293 293 293 294 294 294 294 293 293 294 293 293 293 294 294 294 294 294 295 296 295 295 295 295 295 296 296 296 296 296 296 296 296 296 296 296 296 296 296 297 297 297 297 297 297 297 297 297 297 297 297 297 298 298 298 298 298 298 298 298 298 298 299 299 298 299 299 299 299 299 299 299 300 300 300 300 300 301 301 300 300 300 300 302 302 301 301 301 302 302 302 302 302 302 302 303 304 305 306 306 306 306 306 306 306 305 305 305 304 304 304 304 303 303 304 304 304 304 305 305 305 305 305 305 305 305 306 306 305 305 305 305 305 306 306 306 307 307 307 307 307 307 307 308 308 308 308 308 308 308 308 308 308 308 308 308 309 309 309 309 309 309 310 310 310 310 310 310 310 311 311 311 311 310 309 309 310 310 311 311 311 311 311 311 311 311 311 311 311 312 312 312 281 282 282 282 282 283 283 283 284 284 284 284 283 283 284 284 285 285 285 285 285 285 285 285 285 285 285 285 285 285 285 285 285 285 285 285 285 285 285 285 285 285 286 286 286 286 286 285 285 285 285 285 285 285 285 285 285 285 285 286 286 286 286 286 286 286 286 286 286 286 285 284 284 284 284 284 284 284 284 284 284 285 285 285 285 285 285 285 285 285 285 285 285 285 285 286 286 286 286 287 286 287 287 287 287 287 287 287 287 287 287 286 286 286 286 286 285 285 286 286 286 287 287 287 287 287 288 288 288 288 288 289 289 289 289 290 290 291 291 291 291 291 292 291 291 291 291 291 291 291 290 290 290 290 290 291 291 292 291 291 291 291 291 291 291 291 291 290 290 290 290 290 290 290 290 290 291 291 291 291 291 291 292 292 292 292 292 292 292 292 292 292 292 293 293 294 294 294 294 293 293 293 293 294 294 294 294 295 295 295 294 295 295 295 295 295 295 295 295 296 296 296 296 296 296 296 296 296 296 296 296 296 296 297 297 297 297 297 297 297 297 297 298 297 298 298 298 298 298 298 298 298 298 298 298 299 299 299 299 299 299 299 299 299 299 299 300 299 300 300 301 301 301 301 301 301 302 301 302 301 302 302 302 302 302 302 302 302 302 303 304 305 305 305 305 306 306 306 306 306 305 305 304 304 303 303 303 304 304 304 304 305 305 305 305 305 305 305 306 306 306 306 305 305 306 306 306 306 306 307 307 307 307 307 307 307 307 308 308 308 308 308 308 308 308 308 308 308 308 308 309 309 309 309 309 309 310 310 310 310 310 310 310 310 311 311 311 311 310 310 310 311 311 311 311 311 311 311 311 312 312 312 311 312 312 281 282 282 282 283 284 284 284 284 284 284 283 284 284 285 284 284 285 285 285 285 285 285 285 285 285 285 285 285 285 285 285 285 285 285 285 285 285 286 286 286 286 286 286 286 286 285 285 285 285 285 285 285 285 285 286 286 286 286 286 286 286 286 286 286 286 286 285 285 284 284 284 284 284 284 285 285 285 284 285 285 285 285 285 285 285 285 285 285 285 285 285 286 286 286 286 286 286 287 287 287 287 287 287 287 287 287 288 288 287 287 287 287 287 286 286 286 286 286 286 286 287 288 288 288 288 288 288 288 288 288 288 289 290 291 291 291 290 291 291 292 291 291 291 291 291 290 291 291 291 291 291 291 292 291 291 292 292 291 291 292 291 291 290 290 290 290 290 290 290 290 290 290 290 291 291 292 292 291 291 291 292 292 292 293 292 292 292 292 292 293 293 293 293 294 294 293 293 293 294 294 294 294 294 294 294 295 295 295 295 295 295 295 295 295 295 295 296 296 295 296 296 296 296 296 296 296 296 296 296 297 297 297 297 297 297 297 297 298 298 298 298 298 298 298 298 298 298 298 298 298 298 298 299 299 299 299 299 299 299 299 299 299 299 299 299 300 300 300 301 301 301 301 301 302 302 302 302 302 302 302 302 302 302 302 302 302 303 303 303 303 304 305 306 306 306 306 306 306 305 305 304 303 303 303 304 304 305 305 305 305 305 305 305 305 305 306 306 306 306 306 305 306 306 307 307 307 306 307 307 307 307 307 307 307 307 308 308 308 308 308 308 308 308 308 308 308 308 308 309 309 309 309 310 310 310 310 310 310 310 310 310 310 311 311 311 311 310 310 310 311 311 311 311 310 311 311 311 311 311 311 312 283 283 284 284 284 284 284 284 284 284 284 284 285 285 285 285 285 286 285 286 285 285 285 285 285 285 285 285 285 285 285 285 286 286 286 286 286 286 286 286 286 286 286 286 286 285 285 285 285 285 285 285 286 286 286 286 286 286 286 286 286 286 286 286 285 284 284 284 285 285 284 285 286 285 285 285 285 285 285 285 285 286 286 286 285 285 285 285 286 286 286 286 286 286 286 287 287 287 287 287 288 287 287 287 288 288 288 288 288 287 287 286 286 286 286 286 287 287 287 288 288 288 288 289 289 288 289 289 290 290 291 291 291 290 291 292 292 292 292 292 291 291 291 291 291 292 292 292 292 291 291 291 292 292 292 292 292 292 291 291 291 290 290 290 290 290 290 290 290 290 291 291 292 292 291 291 291 292 292 292 293 293 293 293 293 293 292 293 293 293 293 294 294 293 294 294 294 294 294 294 294 294 295 295 295 295 295 295 295 295 295 295 295 296 295 295 296 296 296 296 296 296 296 296 296 297 297 297 297 297 297 297 297 298 298 298 298 297 298 298 298 298 298 298 298 298 298 298 298 299 299 299 299 299 299 299 299 299 299 299 299 300 300 300 300 300 300 301 301 301 302 302 302 302 302 302 302 302 302 302 302 303 303 302 303 303 303 303 305 305 306 306 306 306 306 306 305 304 304 304 304 304 304 304 305 305 305 305 305 305 305 306 306 306 306 306 306 306 306 306 307 307 307 307 307 307 307 307 307 307 307 307 308 308 308 308 308 308 308 308 308 308 308 308 308 309 309 309 309 310 310 309 309 310 309 309 309 310 310 310 310 311 311 311 311 311 311 311 311 311 311 311 311 311 311 311 311 312 282 283 284 284 284 284 284 284 284 285 285 285 285 286 286 286 285 285 285 285 285 285 285 286 286 286 286 286 286 286 286 286 286 286 286 286 286 286 286 286 286 286 286 285 285 285 285 286 286 286 286 286 286 286 286 286 286 286 286 286 286 285 284 285 285 285 285 285 286 285 285 285 285 285 285 285 285 285 286 286 286 285 285 285 285 285 286 286 286 287 286 286 287 287 287 287 287 287 287 287 287 287 287 287 288 288 287 287 286 286 286 286 286 287 288 287 288 288 288 288 288 289 289 290 290 290 290 290 290 290 291 292 292 292 292 292 292 291 291 291 291 292 292 292 292 291 291 291 291 292 292 292 292 292 292 291 291 291 291 290 291 291 291 291 290 290 291 291 292 292 292 292 291 292 293 293 293 293 293 293 293 293 293 292 293 293 294 294 294 294 294 294 294 294 294 294 294 295 295 295 295 295 295 295 295 295 295 295 295 295 295 295 296 296 296 296 296 296 296 296 296 297 297 297 297 297 297 297 297 297 297 297 297 297 297 297 297 297 298 298 298 298 298 298 298 298 299 299 299 299 299 299 299 299 299 299 300 300 300 300 300 300 300 301 301 301 303 303 302 302 302 302 302 302 302 303 303 303 303 303 303 303 303 303 303 303 304 305 306 306 306 306 305 305 304 304 304 304 304 305 305 305 305 305 305 305 305 305 305 306 306 306 306 306 307 307 307 307 307 307 307 307 307 308 308 307 307 307 307 308 308 308 308 308 308 308 308 308 308 308 308 309 309 309 309 310 310 310 310 310 310 310 309 309 309 309 310 310 311 311 312 312 311 311 311 311 310 311 311 311 311 311 283 284 284 284 285 285 285 285 286 286 285 285 285 285 286 286 286 286 286 286 286 286 286 286 286 286 286 286 286 286 286 286 286 286 286 286 286 286 285 286 286 286 286 286 286 286 286 286 286 286 286 286 286 286 285 285 285 285 286 285 285 285 285 285 285 285 285 286 286 285 285 285 286 286 286 286 286 286 286 286 286 286 287 287 287 287 288 288 288 287 287 287 288 287 287 286 286 287 288 288 287 287 287 287 286 287 287 287 287 288 288 288 288 289 289 290 290 289 290 289 290 290 290 291 292 291 292 291 292 292 291 291 291 291 292 292 291 292 292 291 291 291 291 292 291 292 292 292 291 291 290 290 291 291 291 291 291 290 290 291 291 292 293 292 292 291 292 293 293 293 293 293 293 293 293 293 293 293 293 293 293 293 294 294 294 294 294 294 295 295 295 295 295 295 295 295 295 295 295 295 295 295 295 295 295 296 296 296 296 296 296 296 297 297 297 297 297 297 297 297 297 297 297 297 297 297 297 297 298 298 298 298 298 298 298 298 299 299 299 299 299 299 299 299 299 299 299 299 300 300 300 300 300 300 300 300 300 301 301 302 303 303 303 303 303 303 302 303 303 303 303 303 303 303 303 303 303 303 303 304 304 304 305 306 306 305 305 304 304 305 304 304 305 305 305 305 305 305 305 305 306 305 306 306 306 306 306 306 307 308 307 307 307 307 307 308 308 308 308 307 307 307 308 308 308 308 308 308 308 308 308 308 308 308 309 309 309 310 310 310 310 310 310 310 310 310 310 310 310 310 310 310 310 311 312 312 312 311 311 310 311 311 311 311 286 286 286 286 286 285 285 285 286 286 286 286 286 286 286 286 286 286 286 286 286 286 286 287 286 286 286 286 286 286 286 286 286 286 286 286 286 286 286 286 286 286 286 286 286 286 286 285 285 285 285 286 285 285 285 285 285 285 285 285 285 285 286 286 285 285 286 286 287 286 286 286 286 286 286 287 287 287 287 287 287 287 287 287 287 288 288 288 287 287 287 287 287 287 287 287 287 287 287 287 287 287 287 288 288 288 288 289 289 289 289 289 289 290 290 291 291 291 291 291 292 291 292 292 291 291 291 290 291 292 291 292 292 292 292 292 291 291 292 292 292 292 291 291 291 291 291 292 291 291 291 291 291 292 292 292 293 292 292 292 292 292 292 292 293 293 293 293 294 294 293 293 293 293 293 293 294 294 294 294 294 294 294 294 295 295 295 295 295 295 295 295 295 295 295 295 295 295 295 296 296 296 296 297 297 297 297 297 297 297 297 297 297 297 297 297 297 297 297 297 298 298 298 298 298 299 299 298 298 299 299 299 299 299 299 299 299 299 299 299 299 300 300 300 300 300 300 300 300 300 300 301 301 302 302 303 303 303 303 303 303 303 303 303 303 303 303 303 303 303 303 303 304 304 303 304 304 304 305 305 305 305 305 305 304 304 304 304 304 305 305 305 305 305 306 306 306 306 306 306 306 306 306 307 307 307 307 307 307 307 308 308 308 308 307 307 308 308 308 308 308 308 308 308 308 309 309 309 309 309 310 310 310 310 310 310 310 310 310 310 310 310 310 310 310 310 310 310 310 311 311 312 311 310 311 286 286 285 285 286 286 285 286 286 286 286 286 286 286 286 286 286 286 286 286 286 286 286 286 286 286 286 286 286 287 286 286 286 286 286 286 286 286 286 286 286 286 286 286 286 286 286 286 286 286 285 285 285 286 286 286 286 285 285 285 285 286 286 286 286 286 286 286 286 286 286 286 286 287 287 287 287 288 288 288 288 288 288 288 288 288 288 287 287 287 287 287 287 287 287 287 287 287 287 287 287 287 288 288 288 288 288 288 289 289 290 290 291 291 291 291 292 291 291 291 292 292 292 292 291 291 291 291 291 291 291 291 292 292 292 292 292 292 292 292 292 291 291 291 290 291 291 291 291 292 291 291 292 292 293 293 292 292 292 292 292 293 293 293 293 294 294 294 294 294 293 294 293 293 293 293 294 294 294 294 294 294 294 294 294 294 295 295 295 295 296 295 295 295 295 295 296 296 296 296 296 296 296 297 297 297 297 297 297 297 297 297 297 297 297 297 297 297 298 298 298 298 298 299 299 299 299 299 299 299 299 299 299 299 299 299 299 299 299 300 300 300 300 300 300 300 300 300 300 300 300 300 302 302 302 303 303 303 304 303 303 303 303 303 303 303 303 303 303 303 304 304 303 303 303 304 304 304 305 305 305 305 305 305 304 304 305 305 305 305 305 305 305 305 305 306 306 306 306 306 306 306 307 307 307 307 307 307 307 307 308 308 308 308 308 308 308 308 308 308 308 309 309 308 308 309 309 309 309 310 310 310 310 310 310 310 310 310 310 310 310 310 310 310 310 310 310 310 310 311 311 312 286 286 286 286 286 286 286 286 286 286 286 286 286 286 286 286 286 286 286 287 287 287 287 286 286 286 286 286 286 286 286 286 286 286 287 287 287 287 287 286 287 287 286 286 286 286 286 286 286 285 285 285 286 286 286 286 286 286 285 285 285 286 286 287 287 286 286 286 287 287 287 287 287 287 287 288 288 288 288 289 289 289 288 288 288 288 287 287 287 287 287 287 287 287 287 287 288 288 287 287 288 288 288 288 288 289 289 289 290 290 290 290 291 291 291 291 291 291 291 291 292 292 292 292 292 291 291 291 292 291 291 291 292 292 292 292 292 292 292 292 292 291 291 291 291 291 291 291 291 291 291 291 292 292 293 293 293 292 292 292 292 293 293 293 294 294 294 294 294 295 294 294 294 294 294 294 294 294 294 294 294 294 294 294 294 294 295 295 295 295 295 296 296 296 295 296 296 296 296 296 296 296 296 297 297 297 297 297 297 297 297 297 297 297 297 297 297 297 298 298 298 298 298 299 299 299 299 298 299 299 299 299 299 299 299 299 299 300 300 300 300 300 300 300 300 300 300 300 300 300 300 301 302 302 303 303 303 303 304 304 303 303 303 303 303 303 303 303 303 303 304 303 304 304 304 304 304 304 304 305 305 305 306 306 305 305 305 305 305 305 305 305 305 305 305 306 306 306 306 307 307 307 308 308 308 308 307 307 307 307 308 308 308 308 308 308 308 308 308 308 308 309 309 309 309 309 309 309 309 309 309 310 310 310 310 310 310 310 310 310 310 310 310 310 310 310 310 310 310 310 310 311 286 286 286 286 286 286 286 286 286 286 286 286 286 286 286 286 286 286 286 287 287 287 287 287 287 286 286 286 286 286 287 287 286 286 287 287 287 287 287 286 287 287 286 286 286 286 286 286 285 285 285 286 286 286 286 285 286 286 285 285 286 286 286 286 287 287 287 287 288 288 287 288 288 288 288 288 288 288 288 288 288 288 288 288 288 288 288 288 288 287 287 287 288 288 288 288 287 287 287 287 287 288 288 288 289 290 290 290 290 290 290 291 291 291 291 291 291 291 292 292 292 292 292 292 291 291 292 292 292 292 291 291 292 292 292 292 292 292 292 292 292 291 291 291 292 291 291 291 290 291 291 292 292 293 293 292 292 293 292 292 293 293 293 294 294 294 294 294 295 295 295 294 294 294 295 295 295 295 294 294 294 295 295 295 295 295 295 295 295 295 295 296 296 296 296 296 296 296 296 296 296 296 296 297 297 297 297 297 297 297 297 297 297 297 297 297 297 298 298 298 298 298 299 299 299 299 299 299 299 299 299 299 299 299 299 300 300 300 300 300 300 300 300 300 300 300 300 300 301 301 301 302 303 303 303 303 303 304 304 303 303 303 303 303 303 303 303 303 303 303 304 304 305 305 304 304 304 304 304 304 305 305 305 305 305 305 305 305 305 305 305 305 305 305 306 306 306 307 307 307 307 308 308 308 308 308 308 307 307 307 308 309 308 308 308 308 308 308 308 308 309 309 309 309 309 309 309 309 309 309 310 310 310 310 310 310 310 311 310 310 310 310 310 311 311 311 310 310 311 311 286 286 286 286 286 286 286 286 286 286 286 286 286 286 286 286 286 286 286 286 287 287 287 287 287 286 286 286 286 286 286 286 287 286 286 287 286 287 287 287 287 287 287 287 286 286 285 285 286 286 286 286 287 286 286 285 285 285 285 286 286 286 287 287 287 287 287 288 287 288 288 288 288 288 288 288 288 288 289 289 289 288 288 288 288 288 288 288 288 288 287 287 287 287 287 287 287 287 287 287 288 288 288 288 289 290 290 289 290 290 291 291 291 291 292 291 291 291 292 291 291 292 292 292 292 292 291 291 291 291 291 291 291 291 292 292 292 292 292 292 292 292 291 291 292 292 292 291 291 291 291 292 293 293 293 293 293 294 293 292 293 293 293 293 293 294 294 294 294 294 294 295 295 295 295 295 295 295 295 295 294 295 295 295 295 295 295 295 295 295 295 295 295 296 296 296 296 296 296 296 296 296 296 297 297 297 297 297 297 297 297 297 297 297 297 297 298 298 298 298 298 299 299 299 299 299 299 299 299 299 299 299 299 299 300 300 300 300 300 300 300 300 300 300 300 300 300 301 301 301 301 302 303 303 303 303 303 303 304 304 303 303 303 303 303 303 303 303 303 303 304 304 304 304 304 304 304 304 304 304 305 304 305 305 305 305 305 305 305 305 305 305 306 306 306 306 306 306 307 307 307 308 308 308 308 308 308 308 307 307 308 309 309 308 308 308 308 308 308 308 308 308 309 309 309 309 309 309 309 309 309 310 310 310 310 310 310 311 310 310 310 310 311 311 311 311 311 311 311 311 287 287 286 286 286 286 286 286 286 286 286 286 286 286 286 286 286 287 287 287 287 287 287 287 287 286 286 286 286 286 286 286 286 286 286 286 287 287 287 287 287 286 286 286 286 285 286 286 286 287 286 286 285 285 285 286 285 286 287 287 287 287 287 287 287 287 287 287 288 288 288 288 288 288 288 288 288 289 288 289 289 289 289 288 288 288 288 288 288 288 288 288 287 287 287 287 287 287 288 288 288 289 289 289 289 289 290 290 290 290 291 291 292 291 291 292 291 291 292 292 292 292 292 292 291 291 291 292 292 292 292 292 292 292 292 292 292 292 292 292 292 291 292 292 292 292 292 291 291 292 293 293 293 293 293 293 293 293 293 293 293 293 293 293 293 293 293 294 294 294 295 295 295 295 295 295 295 295 295 295 295 295 295 295 295 295 295 295 295 295 295 295 295 296 296 296 296 296 296 297 297 297 297 297 297 297 297 297 297 297 297 297 297 298 298 298 298 298 298 299 299 299 299 299 299 299 299 299 299 299 299 299 300 300 300 300 300 300 300 300 300 300 300 300 300 301 301 301 301 302 303 303 303 303 304 304 304 304 304 304 304 303 303 303 303 303 304 304 304 304 304 304 304 304 304 304 304 304 304 304 304 304 305 305 305 305 305 305 305 306 306 306 306 306 306 306 306 307 307 308 308 309 308 308 308 308 308 308 308 308 309 309 309 308 308 308 308 308 308 309 309 309 309 309 309 309 309 309 309 310 310 310 310 310 310 310 310 310 310 310 311 311 311 311 311 311 311 287 286 286 286 286 287 287 287 287 287 286 286 286 286 287 287 287 287 287 287 287 287 287 286 286 286 286 286 286 286 286 287 287 286 286 287 287 287 287 287 287 287 287 286 286 286 286 286 286 286 286 286 286 286 286 286 286 286 287 287 286 287 287 287 287 287 287 287 287 288 288 288 289 289 289 288 288 288 288 288 289 288 288 289 288 288 288 288 288 288 288 287 287 287 287 287 287 288 288 288 288 288 289 289 289 289 289 290 290 291 291 291 291 291 292 291 291 292 292 293 292 292 292 291 291 292 292 292 292 292 292 292 292 292 292 292 292 292 292 292 292 292 292 293 293 293 292 291 293 293 293 293 293 293 293 293 293 294 293 293 293 293 293 293 294 294 294 294 294 294 294 295 295 295 295 296 295 295 295 295 295 295 295 295 295 295 295 295 295 296 296 296 296 296 296 296 296 296 296 296 297 297 297 297 297 297 297 297 297 297 298 298 298 298 298 298 298 299 299 299 299 299 299 299 299 299 299 299 299 299 300 300 300 300 300 300 300 300 300 300 300 300 300 301 301 301 301 301 303 303 303 303 304 304 303 304 304 304 304 304 304 303 303 303 303 303 304 304 304 304 304 304 304 304 304 304 304 304 305 305 304 304 305 305 305 305 305 305 305 306 306 306 306 306 306 306 306 307 308 308 308 308 308 308 308 309 309 308 308 308 309 309 309 308 308 308 309 308 309 309 309 309 309 309 309 309 310 310 310 310 310 310 310 310 310 310 310 310 310 311 311 311 311 311 311 311 287 287 287 287 287 287 287 287 286 286 286 287 287 287 287 287 287 287 287 287 287 286 286 286 287 287 287 287 287 287 287 287 286 287 287 287 287 287 287 287 286 286 286 286 286 287 287 287 286 286 286 286 286 286 286 286 287 287 287 287 287 287 288 287 288 288 288 288 288 288 289 289 288 288 288 288 287 288 288 288 289 289 289 288 288 288 288 288 288 288 288 287 287 287 287 288 288 288 289 289 289 289 289 289 290 291 291 290 292 292 291 291 292 291 292 292 293 293 292 292 292 292 292 292 292 292 292 292 292 292 292 292 292 292 292 292 292 292 293 292 293 293 293 292 292 293 293 293 293 293 293 293 292 293 293 294 293 294 294 294 294 294 294 294 295 294 294 294 295 295 295 296 296 296 295 295 295 295 295 295 295 295 295 295 295 295 295 296 296 296 296 296 296 296 296 296 296 297 297 297 297 297 297 297 297 297 298 298 298 298 298 298 298 298 299 299 299 299 299 299 299 299 299 299 299 299 300 300 300 300 300 300 300 300 300 300 300 300 300 300 300 301 301 301 301 303 303 303 303 303 303 303 304 304 304 304 304 304 303 303 303 303 303 303 303 303 304 304 304 304 304 304 304 304 304 304 304 304 304 305 305 305 305 305 306 306 306 306 306 306 306 306 306 307 308 308 309 309 309 308 309 308 309 309 309 308 308 308 309 309 309 308 308 309 308 309 309 309 309 309 309 309 309 310 310 310 310 309 309 309 309 310 310 310 310 310 310 311 311 311 311 287 287 287 287 287 287 287 287 287 287 287 287 287 287 287 287 287 287 287 287 287 287 287 287 287 287 287 287 287 287 287 287 286 287 287 287 287 287 287 287 287 287 287 287 287 287 287 286 286 286 286 287 287 287 287 288 288 287 287 287 287 288 288 288 288 288 289 289 289 289 289 288 288 288 287 288 288 288 288 288 288 288 288 288 288 288 288 288 287 288 287 288 287 287 288 289 289 289 289 289 289 290 289 290 290 290 291 291 291 291 292 292 292 292 293 293 293 293 292 293 293 292 292 291 291 291 292 292 292 292 292 292 292 293 292 292 293 293 293 293 293 293 293 293 294 293 293 293 293 293 293 292 293 293 294 294 294 294 295 294 294 295 295 295 295 295 295 295 296 296 296 296 296 295 296 296 296 296 295 295 295 295 295 295 295 296 296 296 296 296 296 296 296 296 296 297 297 297 297 297 297 297 297 297 298 298 298 298 298 298 298 298 299 299 299 299 299 299 299 299 299 299 299 299 300 300 300 300 300 300 300 300 300 300 300 300 300 300 300 301 301 301 301 301 303 303 303 303 303 303 303 303 303 304 304 304 304 303 303 303 303 304 304 303 303 303 303 304 304 304 304 304 304 304 304 304 304 304 304 304 305 306 306 306 306 306 306 306 306 306 306 306 307 307 308 309 309 309 309 309 309 309 309 309 308 308 308 308 309 309 309 309 308 308 309 309 309 309 309 309 309 309 309 309 309 310 309 309 309 309 309 309 310 310 310 310 311 287 287 287 287 287 287 287 287 287 287 287 287 287 287 287 287 287 287 287 288 287 287 287 287 287 287 287 287 287 286 287 286 286 287 287 286 287 287 287 287 287 287 286 287 287 287 287 287 287 286 287 287 287 287 288 288 288 288 288 288 288 288 289 289 288 288 288 289 289 289 288 288 289 288 288 289 288 288 288 288 287 288 288 289 289 288 288 288 288 288 287 287 288 288 289 289 289 289 289 289 290 290 290 290 290 291 291 290 290 291 291 291 292 292 292 293 293 293 292 292 293 293 292 292 292 291 291 292 292 292 292 292 292 293 293 293 293 293 293 293 293 293 293 293 294 293 293 294 294 293 293 293 293 293 293 294 294 294 294 295 295 295 295 295 295 296 295 295 295 295 296 296 296 296 296 297 296 296 296 295 295 296 296 296 296 296 296 296 296 296 296 296 296 296 297 297 297 297 297 297 297 297 297 297 298 298 298 298 298 298 298 299 299 299 299 299 299 299 299 299 299 299 299 299 300 300 300 300 300 300 300 300 300 300 301 301 301 300 301 301 301 301 301 301 303 303 303 303 303 303 303 303 303 304 304 304 304 304 304 304 303 304 304 304 303 303 303 303 304 304 304 304 304 304 304 304 305 305 305 305 305 305 305 305 306 306 306 306 306 306 306 307 307 307 308 309 309 309 309 309 309 309 310 309 309 308 308 308 309 309 308 308 308 309 309 309 309 309 309 309 309 309 309 309 309 309 309 309 309 309 309 309 309 309 310 310 310 287 287 287 288 288 287 287 287 287 287 287 287 287 288 287 287 287 287 287 287 287 286 286 287 287 287 287 286 286 287 287 287 287 287 286 287 287 287 287 287 287 286 286 286 286 286 287 287 287 287 287 287 287 287 288 288 287 288 288 288 288 288 289 288 287 288 289 288 288 288 287 288 288 289 289 288 288 289 288 288 287 287 288 289 289 289 288 288 287 287 288 288 288 289 289 289 289 289 289 290 290 291 291 290 290 290 291 291 291 291 292 292 292 292 292 293 293 293 292 292 293 293 292 292 291 291 292 292 292 292 292 292 293 293 293 293 293 293 293 293 293 293 293 294 293 294 294 294 293 293 293 293 293 294 294 294 294 294 294 294 294 295 295 295 295 295 295 296 296 296 297 297 297 297 297 296 296 296 295 295 296 296 296 296 296 296 296 296 297 297 297 297 297 297 297 297 297 297 297 297 297 297 297 298 298 298 298 298 298 299 299 299 299 299 299 299 299 299 299 299 299 300 300 300 300 300 300 300 300 300 300 300 301 301 301 301 301 301 301 301 301 301 301 303 303 303 303 303 303 303 303 303 303 303 304 303 304 304 304 303 303 304 305 304 304 304 303 304 304 304 304 304 305 305 305 305 306 305 305 306 306 305 305 305 306 306 307 307 307 307 306 307 307 308 309 309 309 309 309 309 309 310 310 309 308 308 307 308 308 308 308 308 309 309 309 309 309 309 309 309 309 309 309 309 309 309 310 310 309 309 309 309 309 309 310 287 288 288 288 288 288 288 287 287 286 287 287 288 287 287 287 287 287 287 287 287 287 287 287 287 287 287 287 287 287 287 287 286 287 287 287 287 287 287 288 288 287 288 287 286 286 287 287 288 287 287 287 287 288 288 288 287 287 288 288 288 288 288 288 287 288 288 288 288 288 288 287 288 288 289 289 289 290 289 289 288 288 287 288 288 288 288 288 288 288 288 288 289 288 288 289 289 289 289 289 290 290 291 291 291 291 291 291 291 291 291 292 292 292 293 293 293 293 293 292 293 293 292 292 291 291 292 292 292 292 292 292 293 293 293 293 293 293 293 293 293 293 293 295 294 294 294 294 293 293 293 293 294 294 294 294 294 294 294 295 295 295 295 295 295 296 296 296 296 296 296 297 297 297 297 297 297 296 296 296 296 296 296 296 296 296 296 297 297 297 297 297 297 297 297 297 297 297 297 297 297 298 298 298 298 298 298 298 299 299 299 299 299 299 299 299 299 299 299 299 300 300 300 300 300 300 300 300 300 300 300 301 301 301 301 301 301 301 301 301 301 301 301 303 303 303 303 303 303 303 303 303 303 303 303 303 303 304 304 304 303 304 304 305 304 304 304 304 304 304 304 304 305 305 305 305 305 305 305 306 306 306 306 306 306 306 306 306 307 307 307 307 307 308 309 309 309 309 308 309 309 309 309 310 309 308 308 307 308 308 308 309 309 309 310 310 309 309 309 309 309 309 309 309 309 309 309 310 310 309 309 309 310 288 288 288 288 287 287 287 288 287 286 286 287 287 286 287 287 287 287 287 287 287 287 287 287 287 287 287 287 287 287 287 287 287 287 287 287 288 288 288 288 287 286 286 287 287 287 287 287 287 287 288 287 287 288 288 288 289 288 287 287 287 288 288 288 288 289 288 288 288 288 289 289 289 289 289 289 289 288 288 287 288 288 288 288 288 289 288 288 288 288 289 289 290 290 290 290 289 290 291 291 291 291 291 291 291 292 292 292 292 293 293 293 293 293 292 293 292 293 293 292 292 292 292 292 292 292 292 292 293 293 293 293 293 293 293 293 293 293 294 294 294 294 294 294 293 293 293 293 293 293 293 293 294 294 294 294 294 295 295 295 295 296 297 297 296 296 296 296 296 297 297 297 297 296 296 296 296 296 296 296 296 296 297 297 297 297 297 297 297 297 297 297 297 297 297 297 298 298 298 298 298 298 298 299 299 299 299 299 299 299 299 299 299 299 299 300 300 300 300 300 300 300 300 300 300 300 300 301 301 301 301 301 301 301 301 301 301 301 301 303 303 303 303 303 303 303 303 303 303 303 303 303 303 303 304 304 304 304 304 304 304 304 304 305 305 305 305 305 305 305 305 306 306 305 306 306 306 306 306 306 306 306 306 306 306 306 307 307 307 308 308 309 309 309 309 308 309 309 309 310 310 309 308 308 308 308 309 309 310 309 310 310 310 310 309 309 309 310 310 309 309 309 309 309 310 288 288 288 287 287 287 287 286 286 286 286 286 287 287 287 287 287 287 287 287 287 287 287 287 287 287 287 287 287 287 287 287 287 288 288 288 288 287 287 286 287 287 287 287 287 287 287 287 287 288 287 288 288 288 288 288 287 288 288 288 288 288 289 289 288 288 288 289 288 289 289 289 289 289 289 288 288 288 288 288 288 288 288 289 288 288 289 289 289 290 290 290 291 290 290 290 291 291 292 291 292 291 292 292 292 293 293 294 293 293 293 293 293 292 293 293 292 292 292 292 292 292 293 293 292 293 293 293 293 293 293 293 293 293 293 293 294 294 294 294 294 293 294 294 294 294 293 294 294 294 294 294 294 294 295 295 296 296 296 296 297 296 296 295 295 296 296 296 296 297 297 296 296 296 296 296 296 296 297 297 297 297 297 297 297 297 297 297 297 297 297 297 297 298 298 298 298 298 298 299 299 299 299 299 299 299 299 299 299 299 299 300 300 300 300 300 300 300 300 300 300 300 300 300 301 301 301 301 301 301 301 301 301 301 301 301 303 303 303 303 303 303 303 303 304 303 303 304 303 303 303 303 304 303 304 304 304 304 304 305 305 305 305 305 305 305 305 306 306 306 306 306 307 307 306 306 306 306 306 306 306 306 307 307 307 307 308 308 308 309 309 309 308 308 309 309 310 310 310 309 309 308 308 308 308 309 309 310 310 310 310 310 310 310 310 310 310 310 310 309 288 288 288 287 287 287 287 286 286 286 287 287 287 287 287 287 287 287 287 287 287 287 287 287 287 287 287 287 288 288 289 288 288 288 287 286 286 286 287 286 287 287 287 287 287 287 287 288 288 288 288 288 287 288 288 288 288 288 289 289 288 288 289 289 288 288 289 289 289 288 288 289 288 288 288 288 288 288 288 288 288 289 289 289 290 290 290 290 290 290 290 290 291 291 291 292 292 292 292 292 292 292 292 293 293 293 293 293 293 293 292 293 293 292 292 292 292 292 293 293 293 293 293 293 293 293 293 293 293 293 293 293 294 294 294 294 294 294 294 294 294 294 294 294 294 294 294 294 295 295 295 295 295 295 295 296 297 297 296 296 295 295 295 296 296 296 296 297 296 296 296 296 296 296 297 297 297 297 297 297 297 297 297 298 298 298 298 298 298 298 298 298 298 298 299 299 299 299 299 299 299 299 299 299 299 299 300 300 300 300 300 300 300 300 300 300 300 300 300 300 300 301 301 301 301 301 301 301 301 301 301 301 303 303 303 303 303 303 303 303 303 303 303 303 304 304 304 304 303 304 304 304 304 304 304 304 304 304 304 304 305 305 305 305 306 306 306 306 306 307 307 307 307 307 307 306 306 306 306 307 307 307 308 308 308 308 309 310 309 309 308 309 309 310 310 309 308 309 308 308 309 308 309 309 309 310 310 310 311 311 310 310 310 311 310 310 288 287 287 287 287 287 287 287 287 287 287 287 287 287 287 287 287 287 287 287 287 287 287 288 288 288 288 288 287 286 286 287 287 286 287 287 287 288 288 288 287 287 288 287 288 287 287 287 288 288 288 288 288 288 288 289 288 288 288 288 288 289 289 289 289 289 289 288 289 289 289 288 288 288 288 288 288 288 289 289 289 289 289 290 290 290 290 290 291 291 291 292 292 292 292 292 292 292 292 293 292 292 292 293 293 293 292 293 293 292 292 292 292 292 293 293 293 293 293 293 293 293 293 293 293 293 294 293 294 294 294 294 294 294 294 294 294 294 294 294 295 295 295 294 295 295 295 295 296 296 296 296 296 297 296 296 296 296 296 296 296 296 296 297 297 296 296 296 296 296 296 297 297 297 297 297 297 297 297 298 298 298 298 298 298 298 298 299 298 298 298 299 299 299 299 299 299 299 299 299 299 300 300 300 299 300 300 300 300 300 300 300 300 300 300 300 300 301 301 301 301 301 301 301 301 301 301 302 303 303 303 303 303 303 303 303 303 303 303 304 303 304 304 304 304 304 304 305 305 305 304 304 304 304 304 305 305 306 305 305 306 305 306 306 306 306 307 307 308 307 307 307 307 306 306 307 307 307 308 308 308 308 309 309 309 310 309 308 308 309 308 308 308 310 309 309 309 309 309 309 310 310 310 311 311 311 311 310 310 310 310 310 288 288 287 287 287 287 287 287 287 287 287 287 287 288 288 287 287 287 288 288 288 288 288 288 286 287 288 288 288 287 287 287 287 288 288 287 288 287 288 288 288 288 288 287 287 287 288 288 288 288 288 288 288 288 288 289 289 289 289 289 289 289 289 288 288 289 289 289 289 288 288 289 289 289 288 289 289 289 289 290 291 291 291 291 291 291 291 292 292 292 292 292 292 292 292 293 293 293 293 292 292 293 292 293 293 293 293 292 292 292 293 293 293 293 293 293 293 293 293 293 293 294 294 294 294 295 295 294 294 294 294 294 294 295 294 294 295 295 295 295 295 296 296 296 296 296 297 296 296 296 296 296 296 296 296 296 296 296 296 296 297 297 296 296 296 297 297 297 297 297 297 297 297 297 297 298 298 298 298 298 298 298 298 299 298 298 298 299 299 299 299 299 299 299 299 299 299 299 299 299 300 300 300 300 300 300 300 300 300 300 301 301 300 301 301 301 301 301 301 301 301 301 301 301 303 303 303 303 303 303 304 304 303 303 304 304 304 304 304 304 304 304 304 304 304 305 305 305 305 304 305 305 305 305 306 306 305 305 305 306 306 306 306 307 307 308 308 308 307 307 306 307 308 308 308 308 308 308 309 309 309 309 310 310 309 308 309 308 308 310 310 309 309 309 309 309 309 310 310 310 311 311 310 311 310 310 310 310 288 288 288 288 287 287 287 287 287 287 287 287 288 288 287 287 288 288 288 288 288 288 288 287 287 288 289 288 288 288 288 288 289 288 287 288 288 288 288 289 289 289 288 287 287 287 288 288 288 288 288 288 288 288 288 289 289 289 288 289 289 289 289 289 288 289 289 289 289 289 289 289 289 289 289 289 289 290 290 291 291 291 291 291 291 291 291 291 292 292 292 292 292 292 292 293 293 293 293 292 292 293 293 293 292 292 292 292 292 293 293 293 293 293 293 293 293 293 293 294 294 294 294 294 294 295 294 294 294 295 295 295 295 295 295 295 295 295 295 295 295 295 295 296 296 296 296 296 296 297 297 296 296 296 296 296 296 296 296 297 297 296 296 296 297 297 297 297 297 297 297 297 297 298 298 298 298 298 298 298 298 298 298 298 298 298 299 299 299 299 299 299 299 299 299 299 299 300 300 300 300 300 300 300 300 300 300 300 300 301 301 301 301 301 301 301 301 301 301 301 301 301 301 303 303 303 304 304 304 304 304 304 304 304 304 305 304 304 305 305 305 305 304 305 305 305 304 304 304 304 305 305 305 306 306 306 305 306 306 306 306 307 307 307 308 308 308 308 308 307 307 308 308 309 308 309 309 309 309 309 309 310 310 310 309 308 308 309 309 310 310 309 309 309 309 310 310 310 310 311 311 310 310 310 310 288 288 288 288 287 287 287 287 288 288 288 287 288 288 288 288 287 287 288 287 287 288 289 289 289 289 288 289 289 288 288 288 288 288 288 288 288 289 289 288 288 287 287 287 288 288 288 288 288 287 288 288 289 289 289 288 288 288 289 289 289 288 289 288 289 289 289 289 288 289 289 289 289 290 290 290 290 290 290 290 291 291 291 291 292 293 293 292 292 292 292 292 293 293 293 293 292 292 293 293 292 292 292 292 292 293 293 293 293 293 293 293 294 294 294 294 294 294 294 295 295 295 295 294 295 295 295 295 296 296 295 295 295 295 295 295 295 296 296 296 296 296 296 296 296 297 296 296 296 296 296 296 296 296 296 297 297 296 296 296 297 297 297 297 297 297 297 297 297 298 298 298 298 298 298 298 298 298 298 298 298 299 299 299 299 299 299 299 299 299 299 299 300 300 300 300 300 300 300 300 300 300 300 300 300 301 301 301 301 301 301 301 301 301 301 301 301 301 302 303 303 303 303 304 304 304 304 304 304 304 305 305 304 304 305 305 305 304 305 305 305 305 305 305 305 304 305 305 305 305 305 305 305 305 306 306 307 306 307 307 307 307 308 308 308 307 307 308 308 309 309 309 309 309 309 309 309 309 310 310 310 309 308 308 308 309 310 310 310 310 309 310 310 311 311 311 311 311 310 310 311 310 288 288 288 288 288 287 287 287 287 287 287 287 287 288 287 288 288 287 288 289 289 289 289 289 289 289 289 289 289 289 288 288 288 288 288 288 289 289 288 288 288 289 288 288 288 289 288 288 287 288 288 288 289 289 288 288 288 289 289 289 289 289 288 288 288 288 288 289 289 290 290 290 289 290 290 290 290 291 291 291 291 291 292 292 292 292 292 292 292 292 293 293 293 293 292 292 292 293 293 292 292 292 293 293 293 293 293 293 293 294 294 294 294 294 294 294 294 295 295 295 294 295 294 295 295 295 296 296 296 295 296 296 295 295 295 295 296 296 296 296 296 297 297 296 296 296 296 296 296 296 296 297 296 297 297 297 297 297 297 297 297 297 297 297 297 297 298 298 298 298 298 298 298 298 298 298 298 298 298 298 299 299 299 299 299 299 299 299 300 300 300 300 300 300 300 300 300 300 300 300 300 300 300 301 301 301 301 301 301 301 301 301 301 301 302 302 302 304 303 303 304 303 304 304 304 304 304 305 305 304 304 305 305 305 305 305 305 306 306 305 306 306 305 304 304 305 306 306 306 306 306 305 306 306 306 306 306 307 307 307 308 308 308 308 308 309 309 309 310 310 309 309 309 309 310 309 309 309 309 309 309 309 308 308 309 310 310 310 310 310 310 311 311 311 310 310 310 310 310 310 288 288 288 288 288 287 287 287 288 288 288 288 289 289 288 288 288 288 289 289 289 289 290 289 289 289 289 289 289 288 288 288 288 289 289 289 288 288 289 288 288 288 289 289 288 288 288 288 288 288 289 289 289 288 288 288 289 289 289 289 289 289 289 289 289 290 290 290 290 290 290 290 290 291 291 291 291 291 291 291 291 292 292 292 292 291 292 293 292 293 293 293 292 292 293 293 293 292 292 293 293 293 293 293 293 293 294 294 294 294 294 294 294 294 295 295 295 295 295 295 295 295 295 296 296 296 296 296 296 295 295 295 295 295 295 296 296 296 297 296 296 296 296 296 296 296 296 296 297 297 297 297 297 297 297 297 297 297 297 298 298 297 298 298 298 298 298 298 298 298 298 298 298 298 299 299 299 299 299 299 299 299 299 299 300 300 300 300 300 300 300 300 300 300 300 300 300 300 300 301 301 301 301 301 301 301 301 301 301 301 302 302 302 302 303 304 304 304 303 304 304 304 304 304 304 305 305 305 305 306 306 306 306 306 307 306 306 306 306 305 306 305 304 305 306 306 307 307 306 306 306 306 306 306 306 306 307 307 307 308 309 308 309 309 310 310 309 309 309 310 310 310 309 310 310 309 310 310 309 309 308 309 310 311 310 311 310 310 311 311 311 311 311 310 311 311 311 288 287 288 288 289 289 289 289 289 289 288 288 289 289 289 289 289 289 290 290 290 290 289 290 290 290 289 289 289 289 289 288 288 288 288 288 289 288 289 289 289 288 288 288 288 288 288 288 289 289 288 289 289 289 289 290 289 289 289 289 289 290 290 290 290 290 291 291 290 291 291 291 292 291 292 292 292 292 292 292 292 292 292 293 293 293 293 293 293 292 293 294 293 293 293 293 293 294 294 294 294 294 294 294 294 294 294 294 294 294 295 295 295 295 295 295 295 296 296 296 296 296 296 296 296 296 295 295 295 296 296 296 296 297 297 296 296 296 296 296 296 296 296 296 297 297 297 297 297 297 297 298 298 298 298 298 298 298 298 298 298 299 299 299 299 298 299 299 299 299 299 299 299 299 299 300 300 300 300 300 300 300 300 300 300 301 300 300 300 301 301 301 301 301 301 301 301 302 301 302 302 302 302 302 302 302 302 302 302 302 302 303 303 303 303 303 303 303 302 303 303 304 304 304 305 305 306 305 305 306 306 306 306 305 305 305 306 305 304 304 304 304 305 306 306 306 307 307 306 305 305 306 306 306 306 307 307 307 308 308 310 310 310 309 310 309 309 309 310 310 310 309 310 311 310 310 309 309 309 310 311 311 311 311 311 311 311 311 311 311 311 288 289 289 289 289 289 289 289 288 288 289 289 289 290 290 290 290 290 291 291 291 290 290 291 291 290 291 290 289 288 288 289 289 289 290 289 289 289 289 288 288 288 288 288 288 288 288 288 288 288 288 289 289 290 289 289 289 289 290 290 290 290 290 290 291 290 290 291 291 291 291 291 292 292 292 291 292 292 292 292 292 292 293 293 293 293 292 293 294 294 293 293 293 293 293 294 294 294 294 294 294 294 295 295 294 294 294 295 295 295 296 295 296 296 296 296 296 296 297 297 296 296 296 296 295 296 296 296 296 296 296 297 297 297 296 296 296 297 297 297 297 297 296 297 297 296 297 297 297 298 298 298 297 298 298 297 298 297 298 298 298 298 298 298 299 299 299 299 299 299 299 300 300 300 300 300 300 300 300 300 300 300 300 300 300 300 301 301 301 301 301 301 301 301 301 302 302 302 302 302 302 302 302 302 302 302 302 302 302 302 302 303 303 303 303 304 303 303 303 303 304 304 305 305 306 305 305 305 306 307 307 306 306 306 306 306 305 305 305 304 305 306 306 306 307 307 307 306 306 306 307 306 306 306 306 307 308 308 310 310 310 310 310 310 310 310 310 311 310 310 310 311 311 310 310 310 309 310 311 311 311 311 311 311 311 311 311 311 311 288 289 289 289 289 289 289 290 289 289 289 289 290 290 290 290 290 290 290 291 291 291 290 291 291 291 291 291 290 290 289 289 289 289 289 289 289 289 289 289 289 289 289 289 289 289 289 289 289 288 288 288 289 289 290 290 290 290 290 290 291 290 290 290 291 290 291 291 291 291 291 291 292 292 292 292 291 292 292 292 292 292 292 293 293 293 293 293 293 294 294 293 293 293 293 294 294 294 294 294 294 294 294 295 295 295 294 295 295 295 296 296 296 296 296 296 296 296 297 297 296 296 296 296 296 296 296 296 296 296 297 297 296 296 296 296 297 296 297 297 297 297 297 296 296 297 297 297 297 297 297 297 297 297 297 297 297 297 298 298 298 299 298 298 299 299 299 299 299 299 300 300 300 300 300 300 300 300 300 300 300 300 300 300 300 301 301 301 301 301 301 301 301 301 301 302 302 302 302 302 302 302 302 302 302 302 302 302 302 302 303 303 303 303 303 304 304 303 303 304 304 304 304 305 305 306 306 306 307 306 307 306 306 306 305 305 305 304 305 305 305 305 305 306 306 307 307 307 307 307 307 307 307 307 306 307 307 308 310 310 310 311 311 311 311 310 310 311 311 311 311 311 311 311 310 310 310 309 310 311 311 312 312 312 311 311 311 311 289 289 289 289 289 290 289 290 289 289 290 290 290 290 290 290 291 291 291 291 291 291 292 291 291 291 291 292 291 291 290 290 290 289 289 289 289 289 290 290 290 290 289 289 290 290 289 289 289 289 289 289 289 289 290 290 290 290 290 290 290 290 291 291 291 291 291 292 292 291 291 291 291 292 292 292 292 292 292 292 292 292 292 293 292 293 293 293 293 294 294 294 293 293 293 294 294 294 294 294 294 295 295 295 295 295 294 295 295 296 296 296 296 296 296 296 296 296 296 296 296 296 296 296 296 296 296 296 296 296 297 296 296 296 296 296 297 297 297 297 297 297 297 297 297 297 297 297 297 297 297 297 297 297 297 297 298 298 299 298 298 299 299 299 299 299 299 299 299 299 300 300 300 300 300 300 300 300 300 300 300 300 300 300 301 301 301 301 301 301 301 301 301 301 301 302 302 302 302 302 302 302 302 302 302 302 302 302 302 303 303 303 303 303 303 303 304 304 303 303 303 304 304 305 305 306 306 306 307 306 305 305 305 305 304 305 305 305 306 305 306 305 306 306 306 306 307 307 308 308 308 308 308 308 308 307 307 308 310 310 310 311 311 311 310 311 311 311 311 311 310 310 310 310 311 311 312 312 312 312 312 312 289 289 289 290 290 290 290 290 290 290 290 290 290 290 290 291 291 291 291 292 292 292 292 292 291 291 291 291 291 291 291 291 291 290 289 289 289 289 290 290 290 290 290 289 290 290 289 289 289 289 289 289 289 289 289 290 290 290 290 290 291 291 291 291 291 291 291 291 292 291 291 291 291 291 292 292 292 292 292 292 292 293 292 292 292 293 293 293 293 293 294 294 294 294 294 294 294 294 294 294 294 295 295 295 295 295 295 295 295 296 296 296 296 296 296 297 297 296 296 296 297 297 297 296 297 297 297 297 297 297 297 297 296 296 296 296 297 297 297 297 297 297 297 297 297 297 297 297 297 297 297 297 297 297 297 298 298 298 299 299 299 299 299 299 299 300 299 299 299 299 300 300 300 300 300 300 300 300 300 300 300 300 300 301 301 301 301 301 301 301 301 301 301 301 301 301 301 302 302 302 302 302 302 302 302 302 302 302 302 302 302 302 303 303 303 303 304 304 303 304 304 304 304 305 306 306 307 307 307 306 306 305 305 304 305 306 306 306 305 306 306 306 307 307 306 306 307 307 308 308 307 308 308 308 308 308 308 308 310 311 311 311 311 311 311 311 310 310 311 289 290 289 289 290 290 291 290 290 290 291 291 291 291 291 290 290 291 291 292 292 292 292 292 292 291 290 290 290 291 291 290 291 291 290 289 289 289 289 290 290 290 290 290 290 289 290 290 290 290 290 289 289 289 289 289 289 289 290 290 291 291 291 291 291 291 291 291 291 291 291 291 291 292 292 292 292 292 292 292 293 293 293 293 292 292 293 293 294 293 293 294 294 294 294 294 294 294 294 294 294 294 295 295 295 295 295 295 295 295 296 296 296 296 296 296 297 296 296 296 296 297 297 297 297 297 297 297 297 297 297 297 297 296 296 296 296 297 297 296 296 297 296 297 297 297 297 297 297 297 297 297 297 298 298 298 298 298 298 299 299 299 299 299 299 300 300 299 299 299 299 300 300 300 300 300 300 300 300 300 300 300 300 301 301 301 300 300 300 300 301 301 301 301 301 301 301 301 302 302 302 302 302 302 302 302 302 302 302 302 302 302 302 303 302 303 303 303 304 304 304 304 304 305 306 306 306 306 306 307 307 306 305 305 305 306 307 307 306 306 306 307 307 308 307 307 306 306 307 307 307 307 307 307 307 307 308 308 308 310 311 311 312 311 289 290 290 290 291 291 290 290 291 290 291 291 291 291 291 291 291 291 291 291 292 292 292 292 292 291 290 290 290 291 290 290 290 290 290 290 289 289 290 290 290 290 290 291 290 290 290 290 290 290 290 289 289 289 290 290 290 290 290 291 291 291 291 291 291 291 291 291 291 291 291 291 292 292 292 292 292 292 292 292 292 293 293 292 293 292 293 293 294 293 293 294 294 294 294 294 294 294 294 294 294 295 295 295 295 295 295 295 295 295 296 296 296 296 296 296 296 296 296 296 296 296 297 297 297 297 297 297 297 297 297 297 297 297 297 296 297 297 297 297 297 297 297 297 297 297 297 297 297 297 297 297 298 298 298 298 298 298 298 299 299 299 299 300 299 300 300 299 299 299 299 300 300 300 300 300 300 300 300 300 300 300 300 300 300 300 300 300 300 300 301 301 301 301 301 301 302 302 302 302 302 302 302 302 303 302 302 302 302 302 303 302 302 302 302 302 302 303 303 304 304 304 304 305 306 305 305 305 306 307 307 306 305 305 306 306 307 307 307 306 306 307 308 307 307 306 306 306 307 307 307 307 307 307 308 308 307 308 308 310 310 290 290 291 291 291 291 291 292 291 291 291 291 292 292 292 292 291 291 291 292 292 292 291 291 290 290 290 291 291 290 290 290 290 290 290 290 289 290 290 291 290 290 291 291 290 290 290 290 290 290 290 290 290 290 290 290 290 290 290 291 291 291 291 291 291 291 291 291 291 292 292 292 292 292 292 292 292 292 292 292 293 293 292 293 293 293 293 294 293 293 294 294 294 294 294 294 294 294 294 294 295 295 295 295 295 295 295 295 296 296 296 296 296 296 296 296 296 296 296 296 296 296 297 297 297 297 297 297 297 298 298 297 297 297 297 297 298 297 297 297 297 297 297 297 297 297 297 297 297 297 297 297 298 298 298 298 298 298 299 299 299 299 300 300 300 299 299 299 299 299 300 300 300 300 300 300 300 300 300 300 300 300 300 300 300 300 301 300 301 301 302 302 301 301 302 302 302 302 302 302 302 302 303 303 302 302 303 302 302 302 303 303 302 302 302 303 303 303 303 304 305 305 305 305 305 305 305 306 306 306 306 305 305 306 307 307 307 307 307 307 307 307 307 307 307 307 307 308 308 308 308 307 307 308 308 307 308 309 311 292 291 292 292 292 292 292 292 292 292 291 291 292 292 292 292 292 292 291 291 291 291 290 290 290 290 290 290 290 289 289 289 289 290 290 289 289 290 290 291 290 290 291 291 290 290 290 290 290 291 290 290 290 290 290 290 290 290 291 291 291 291 291 292 291 291 291 291 292 292 292 292 292 292 292 292 292 292 293 293 293 292 293 293 293 293 293 294 294 293 294 294 294 294 294 294 294 294 294 294 295 295 295 295 295 295 295 295 296 296 296 296 297 297 296 297 296 296 296 296 296 297 297 297 297 297 297 297 298 298 297 297 297 297 297 297 298 298 297 297 297 297 297 297 297 297 297 297 297 297 297 298 297 298 298 298 298 299 299 299 299 300 300 300 300 300 299 299 299 299 300 300 300 300 300 300 300 300 300 300 300 300 300 300 300 301 301 301 301 302 302 302 302 301 302 302 303 303 303 302 302 303 303 303 303 303 303 302 302 302 302 303 303 302 302 302 303 303 304 304 305 305 305 305 305 305 305 306 306 307 306 306 306 306 306 307 307 308 308 308 308 308 307 308 308 307 307 308 308 308 308 308 308 308 309 308 309 292 292 292 292 292 292 292 292 292 292 292 292 292 292 292 292 291 292 291 291 290 289 289 290 289 289 289 289 289 289 289 289 289 290 290 289 290 291 290 290 290 290 291 291 291 291 291 290 290 290 290 290 290 290 290 291 291 291 291 291 291 291 291 292 292 292 292 292 292 292 292 292 292 292 292 292 292 292 293 293 292 293 293 293 293 293 294 294 294 294 294 294 294 294 294 294 294 294 294 295 295 295 295 295 295 295 295 296 296 296 296 297 296 296 297 297 296 296 296 297 297 297 297 297 297 297 297 298 298 298 297 297 297 297 297 298 297 297 298 297 297 297 297 297 297 297 297 297 297 297 298 298 298 298 299 299 299 300 300 300 300 300 299 300 300 300 299 299 299 300 300 300 300 300 300 300 300 300 300 300 300 301 301 301 301 301 301 301 301 302 303 302 301 302 303 303 303 303 302 302 303 303 303 303 303 303 302 303 303 303 303 303 302 302 303 303 304 303 304 305 304 305 305 305 305 306 306 307 307 307 306 306 306 306 307 307 308 309 309 309 308 307 308 308 308 308 308 308 308 308 309 308 308 309 308 291 291 291 292 293 292 292 293 293 293 292 292 292 292 293 292 291 292 292 291 291 292 291 291 291 291 291 290 290 289 289 290 289 289 289 289 289 289 289 289 289 290 290 289 290 291 290 290 290 290 291 291 291 291 291 291 290 291 291 291 290 291 290 290 291 291 291 291 291 291 291 292 292 292 292 292 292 292 292 292 292 292 292 292 292 292 292 292 293 293 293 293 293 294 294 294 294 294 294 294 294 294 294 294 294 294 295 295 295 295 295 295 295 295 295 296 296 296 296 296 296 296 296 297 297 296 296 297 297 297 297 297 297 297 297 297 297 298 297 297 297 297 297 297 298 297 298 298 298 298 298 298 298 297 297 297 297 298 298 298 298 298 298 299 299 300 300 299 299 299 299 299 300 300 300 299 299 300 300 300 300 300 300 300 300 301 300 301 300 301 301 301 302 302 302 301 301 302 303 302 302 302 303 302 302 302 302 302 303 304 303 303 303 303 302 303 303 302 302 302 302 302 302 302 303 303 303 304 304 305 306 306 305 306 306 306 307 307 307 306 307 307 308 308 309 309 309 309 309 308 309 308 308 308 308 308 309 309 309 309 292 292 292 292 293 293 293 292 292 292 293 292 292 291 292 293 293 291 291 291 291 291 291 291 291 291 290 291 291 289 289 289 289 289 289 289 289 289 289 289 289 289 289 289 289 289 290 290 290 290 290 291 291 291 291 291 291 291 290 291 291 291 291 291 291 290 291 292 292 291 291 291 291 291 292 292 292 292 292 292 292 292 292 292 292 292 293 293 293 293 293 293 293 293 293 293 294 294 294 294 294 294 294 294 294 294 294 294 295 295 295 295 295 295 295 295 295 296 296 296 296 296 296 296 296 296 296 297 297 297 297 297 297 297 297 297 297 297 297 297 297 297 297 297 297 297 297 297 297 298 298 298 298 298 298 297 297 297 297 298 298 298 298 298 299 299 299 299 299 299 300 300 300 300 300 300 300 300 299 300 300 300 300 301 300 300 301 301 300 301 301 301 301 301 302 302 302 301 302 302 303 302 302 303 303 302 302 302 302 302 303 304 303 303 303 302 302 303 303 302 302 301 302 302 303 303 303 303 303 303 304 305 306 306 306 305 306 306 307 307 307 307 307 308 308 308 309 309 309 309 309 309 309 308 308 307 308 309 309 309 292 292 292 292 292 292 292 292 292 292 292 292 292 292 292 292 291 292 292 292 291 290 290 290 290 290 290 290 290 290 290 290 289 289 289 289 289 289 289 289 289 289 289 290 290 289 289 289 290 290 290 290 290 290 291 291 291 291 291 291 291 291 290 291 291 291 291 291 291 291 292 292 292 291 291 291 292 292 292 292 292 292 292 292 292 292 292 293 293 293 293 293 293 293 293 293 293 293 293 293 294 294 294 294 294 294 294 294 294 294 295 295 295 295 295 295 295 295 295 296 296 296 296 297 297 297 297 296 296 296 297 297 297 297 297 297 297 297 297 297 297 297 297 297 297 297 298 297 298 297 297 297 297 297 298 298 298 298 298 297 297 297 298 298 298 298 299 299 299 299 299 299 299 299 300 300 300 300 300 300 300 300 299 300 300 300 300 300 300 301 301 301 300 301 301 301 302 302 302 302 302 303 303 303 302 302 303 303 303 303 303 302 302 303 304 303 303 303 302 302 302 302 302 302 302 302 302 303 304 304 304 304 304 305 306 306 306 306 306 306 307 307 308 307 307 307 307 307 308 308 308 309 309 309 309 309 309 308 308 307 308 308 308 291 291 292 292 292 292 292 292 291 291 291 291 292 292 292 291 291 291 291 290 290 290 290 290 290 290 290 290 290 289 289 289 289 289 289 289 289 289 289 289 290 290 290 290 290 290 290 290 290 290 290 290 290 291 291 291 291 291 291 291 291 291 290 291 291 291 291 291 291 292 292 292 292 292 292 292 292 292 292 292 292 292 292 292 292 292 293 293 293 293 293 293 293 293 293 293 293 293 293 294 294 294 294 295 294 294 294 294 294 295 295 295 295 295 295 295 295 295 296 296 296 296 297 297 297 297 297 296 297 297 297 297 297 297 297 297 297 298 298 297 297 296 296 296 297 297 297 298 298 298 298 298 298 298 298 298 298 298 297 298 298 298 298 298 299 299 299 299 299 300 299 299 299 300 300 300 300 300 300 300 300 300 300 300 300 300 300 300 300 301 301 301 301 302 302 302 302 303 302 302 303 304 303 302 302 303 303 303 303 303 303 302 303 304 304 303 303 302 302 301 301 301 302 302 303 303 303 304 304 304 305 305 305 306 306 306 307 307 306 307 307 308 308 307 307 307 308 308 308 308 308 308 309 309 309 309 308 308 308 308 308 308 291 292 292 292 291 292 291 290 291 291 291 292 291 291 290 290 290 290 289 289 288 289 289 289 289 289 289 289 288 288 288 289 289 289 289 289 289 290 290 290 290 290 290 290 290 290 290 290 290 290 290 290 291 291 291 291 291 291 291 291 291 291 291 291 291 291 291 291 292 292 292 292 292 292 292 292 292 292 292 292 292 292 292 292 293 293 293 293 293 293 293 293 293 293 293 293 293 294 294 294 294 294 294 294 294 294 294 294 295 295 295 295 295 295 295 295 296 295 296 296 297 297 297 297 297 297 296 296 297 297 297 297 297 297 297 297 298 298 298 297 297 297 297 296 297 297 297 297 297 297 297 298 298 298 297 297 297 297 298 299 298 299 299 299 299 299 299 300 300 299 300 300 300 300 300 300 300 300 300 299 300 300 300 300 300 300 300 301 301 301 302 302 302 302 303 303 302 302 302 303 304 304 303 303 303 303 303 302 303 303 303 304 304 304 303 303 302 301 301 301 302 302 303 304 304 304 304 304 305 305 305 305 305 306 307 307 307 307 307 308 308 308 307 307 308 309 308 308 308 308 309 309 310 309 308 308 308 308 308 308 308 308 291 290 291 291 291 290 290 290 290 290 290 290 290 290 289 289 289 289 288 288 288 288 288 288 288 288 288 288 288 288 289 289 289 289 289 290 290 290 290 290 290 290 290 290 290 290 290 290 290 290 290 290 291 291 291 291 291 291 291 291 291 291 291 291 291 291 291 291 292 292 292 292 292 292 292 292 292 292 292 292 292 292 292 292 293 293 293 293 293 293 293 293 293 293 293 294 294 294 294 294 294 294 294 295 294 294 294 295 295 295 295 295 295 295 295 295 296 296 296 296 297 297 297 297 297 297 296 297 297 297 297 298 297 297 297 297 298 298 297 297 297 297 297 297 297 297 297 297 298 298 298 297 297 297 297 298 298 298 297 298 298 298 298 299 298 299 300 300 300 300 300 300 300 300 299 300 300 300 300 300 300 301 301 301 301 300 300 300 300 301 301 302 302 303 303 303 303 302 302 303 303 304 304 304 303 303 303 302 302 303 303 303 303 303 303 302 302 302 301 302 303 303 304 304 304 304 304 305 305 305 306 306 306 306 306 307 307 307 307 308 308 308 308 308 309 309 308 308 309 309 309 310 310 309 309 308 308 308 308 308 308 308 309 291 291 289 290 289 289 288 289 289 289 289 289 289 288 288 288 288 288 288 288 288 288 288 288 288 288 288 289 289 289 289 289 289 289 290 290 290 290 290 290 290 290 290 290 290 290 290 290 291 291 291 291 291 291 291 291 291 291 291 291 291 291 291 291 291 291 291 291 292 292 292 292 292 292 292 292 292 292 292 292 292 292 292 292 293 293 293 293 293 293 293 293 293 293 294 294 294 294 294 294 294 294 294 294 294 294 295 295 295 295 295 295 295 295 295 295 296 296 297 296 297 297 297 297 297 297 297 297 297 297 297 297 298 298 297 297 298 298 298 297 297 297 297 297 298 298 298 298 298 298 298 297 298 298 298 298 298 298 298 298 298 298 298 299 298 299 299 299 300 300 301 300 300 300 299 300 300 300 300 300 300 301 301 301 301 300 300 301 301 301 302 302 303 302 303 303 303 303 303 303 303 304 304 304 303 303 303 303 302 302 302 303 303 303 302 302 303 302 302 302 303 304 304 303 303 304 304 305 305 306 305 306 306 306 306 307 307 307 308 308 308 308 308 308 309 309 309 309 309 310 310 309 309 309 308 308 308 308 308 308 308 309 309 292 292 292 291 291 292 292 292 292 291 290 289 288 288 288 288 288 288 288 288 288 288 288 288 288 288 288 288 288 288 288 289 289 289 289 289 289 289 289 289 290 290 290 290 290 290 290 290 290 290 290 290 290 290 290 290 290 291 291 291 291 291 291 291 291 291 291 291 291 291 291 291 291 291 291 291 291 292 292 292 292 292 292 292 292 292 292 292 292 292 292 292 292 293 293 293 293 293 293 293 293 293 293 294 294 294 294 294 294 294 294 294 294 294 294 295 295 295 295 295 295 295 295 295 295 296 296 297 297 297 297 297 297 297 297 297 297 297 297 298 298 298 298 298 297 298 298 297 297 297 297 297 297 297 298 298 297 297 297 297 297 298 298 298 299 298 298 298 298 298 298 298 298 298 299 299 299 300 301 301 300 300 300 300 301 300 300 300 300 300 301 301 301 300 300 300 301 301 302 302 302 303 302 303 303 304 303 303 303 303 304 304 304 304 303 303 303 303 302 302 303 303 303 302 302 303 303 302 302 303 303 303 303 304 305 305 305 305 306 306 306 306 306 307 307 307 307 308 308 308 308 308 308 309 309 309 309 309 309 309 309 309 308 308 308 308 308 308 308 308 309 309 309 292 292 291 291 291 291 291 292 292 292 293 293 292 292 294 293 291 290 289 289 288 288 288 288 288 289 289 289 288 289 289 289 289 289 289 289 289 289 289 289 289 289 289 289 290 290 290 290 290 290 290 290 290 290 290 290 290 290 290 290 290 290 290 290 291 291 291 291 291 291 291 291 291 291 291 291 291 291 291 291 291 291 291 291 292 292 292 292 292 292 292 292 292 293 292 292 292 292 292 292 293 293 293 293 293 293 293 293 293 293 293 294 294 294 294 294 294 294 294 294 294 294 295 295 295 295 295 295 296 296 296 295 296 296 297 297 297 297 297 297 297 297 297 297 297 297 297 297 298 298 298 298 298 298 298 297 297 297 297 297 297 297 297 297 297 298 298 297 298 298 299 298 298 299 299 299 298 298 298 299 299 299 299 299 300 300 300 300 300 300 301 301 301 300 300 301 301 301 301 301 301 301 300 301 301 302 302 302 303 302 302 303 303 304 304 304 304 304 304 304 304 303 303 303 303 303 302 302 303 303 303 302 303 303 302 302 302 303 303 303 304 304 305 305 305 305 306 306 306 306 307 307 307 308 308 308 309 308 308 309 309 308 308 309 309 309 309 309 309 308 308 308 308 308 309 309 309 309 309 309 309 291 292 292 291 291 292 291 291 291 291 292 292 292 293 293 293 292 293 293 294 294 294 293 292 291 289 289 288 288 288 289 289 289 289 289 289 289 289 289 289 289 289 289 289 289 289 289 289 290 290 290 290 290 290 290 290 290 290 290 290 290 290 290 290 290 290 290 290 290 291 291 291 291 291 291 291 291 291 291 291 291 291 291 291 291 291 291 291 291 291 292 292 292 293 292 292 292 292 292 292 293 293 293 292 292 292 292 293 293 293 293 293 293 293 293 293 293 294 294 294 294 294 294 294 294 294 294 294 294 295 295 295 295 295 295 296 296 296 296 296 296 297 297 297 297 297 297 297 297 297 297 297 298 298 298 298 298 298 298 298 298 298 297 297 298 298 297 298 298 297 297 297 298 297 297 298 298 299 299 299 299 299 298 298 298 298 298 298 299 299 299 300 300 300 301 300 301 301 301 301 300 301 301 301 301 301 301 301 301 301 301 302 302 302 302 302 302 302 302 303 303 304 304 304 304 304 304 304 303 303 303 303 303 303 303 302 302 303 302 303 302 303 303 304 304 304 304 304 304 305 305 305 305 305 306 306 306 307 307 307 308 308 308 309 309 308 309 308 308 308 308 309 309 309 309 309 308 308 308 308 309 309 309 309 309 309 309 309 310 292 291 291 291 291 291 292 291 291 291 291 291 292 292 292 292 292 291 292 292 293 293 293 292 293 293 294 294 294 293 292 291 290 288 288 288 288 289 289 289 289 289 289 289 289 289 289 289 289 289 289 289 289 290 290 290 290 290 290 290 290 290 290 290 290 290 290 290 290 290 290 290 290 290 290 291 291 291 291 291 291 291 291 291 291 291 292 291 291 291 291 291 291 291 291 291 292 292 292 292 293 293 293 293 292 292 293 293 293 293 293 292 292 292 293 293 293 293 293 293 293 293 294 294 294 294 294 294 294 294 294 294 294 294 294 294 294 295 295 295 295 296 296 296 296 296 296 296 297 297 297 297 297 297 297 297 298 297 297 297 297 298 298 298 299 299 298 298 298 298 298 298 298 298 298 299 298 298 298 298 297 298 298 298 299 299 299 298 298 298 298 299 299 299 299 299 299 299 300 300 300 301 301 301 301 301 300 301 301 301 301 301 301 301 301 301 301 301 302 302 302 302 302 302 302 303 303 304 304 304 304 303 303 304 304 304 303 303 304 303 303 302 302 302 303 302 303 303 303 304 304 304 305 305 305 305 305 305 306 306 306 305 306 306 306 306 306 307 307 308 309 309 309 309 309 308 308 308 309 309 309 309 309 309 308 309 308 309 309 309 309 309 309 309 309 310 310 310 292 291 291 291 291 292 292 291 291 291 291 291 291 292 292 291 291 290 291 291 292 293 293 292 293 293 294 294 293 293 292 291 290 289 288 288 288 289 289 289 289 289 289 289 290 290 290 290 289 289 289 289 290 290 290 290 290 290 290 290 290 290 290 290 290 290 290 290 290 290 290 290 290 291 291 291 291 291 291 291 291 291 291 291 291 291 292 292 291 291 291 291 291 291 291 292 292 292 292 293 293 293 293 293 293 293 293 293 293 294 293 293 293 293 292 293 293 293 293 293 293 294 294 294 294 294 294 294 294 294 294 294 294 294 294 294 295 295 295 295 296 296 296 296 296 296 296 296 297 297 298 298 298 297 297 297 297 297 297 297 297 298 298 298 298 298 298 298 298 298 298 298 298 298 298 298 299 299 299 298 298 298 299 299 299 300 299 299 299 299 299 299 299 299 299 299 299 299 300 300 300 301 301 301 301 301 301 301 302 302 301 301 301 301 301 301 301 301 301 302 302 302 302 303 302 303 303 303 303 304 304 303 303 304 304 304 304 303 303 303 303 303 303 303 303 303 304 304 303 304 304 304 304 304 304 305 305 305 305 305 306 306 306 306 306 306 306 307 307 308 309 309 309 309 309 309 309 308 308 309 309 309 309 309 309 309 309 309 309 309 309 309 309 309 309 309 310 310 292 291 291 291 291 292 292 292 291 291 291 291 291 291 291 291 290 290 291 292 292 293 293 292 293 293 293 293 293 292 291 290 289 289 288 288 288 289 289 289 289 289 290 290 290 290 290 290 289 289 290 290 290 290 290 290 290 290 290 290 290 290 290 290 290 290 290 290 290 290 290 290 291 291 291 291 291 291 291 291 291 291 291 291 291 291 292 292 292 292 291 291 292 291 291 292 292 292 292 293 293 293 293 293 293 293 293 293 293 293 294 293 293 293 293 293 293 293 293 293 293 294 294 294 294 294 294 294 294 294 294 294 294 294 294 294 295 295 295 295 296 296 296 296 296 296 297 296 297 297 298 298 297 297 297 297 297 298 298 297 297 297 298 298 298 299 298 298 298 298 298 298 298 298 298 298 298 299 299 299 299 299 299 300 300 300 300 300 300 299 299 299 299 299 299 300 299 299 300 300 301 301 301 301 301 301 301 302 302 301 301 301 301 302 302 302 302 301 301 302 302 302 302 303 302 302 303 303 303 303 303 303 303 304 304 304 303 303 303 303 303 303 303 303 303 303 303 304 304 304 304 304 304 304 304 304 304 305 305 305 306 306 306 306 306 306 306 307 307 308 308 309 309 309 309 309 309 308 308 309 309 309 309 309 309 309 309 308 309 310 309 309 309 309 309 310 310 310 292 291 291 291 292 292 291 291 291 291 291 291 291 291 290 290 290 291 292 292 293 292 291 292 292 292 292 292 292 291 290 290 289 288 288 289 289 289 289 289 289 290 290 290 290 290 290 289 290 290 290 290 290 290 290 290 290 290 290 290 290 290 290 290 290 290 290 290 290 291 291 291 291 291 291 291 291 291 291 291 291 291 291 291 292 292 292 292 291 291 292 292 292 292 292 292 292 292 293 293 293 293 293 293 293 293 293 293 293 293 294 293 293 293 293 293 293 293 293 293 294 294 294 294 294 294 294 294 294 294 294 294 294 294 295 295 295 295 295 296 296 296 296 296 296 296 297 297 297 297 298 298 297 297 297 298 298 298 297 298 298 298 298 298 298 298 298 299 298 298 298 298 298 298 298 298 299 299 299 299 299 300 300 300 300 300 300 300 300 300 300 300 300 300 300 300 300 300 300 300 301 301 301 301 301 301 302 302 302 302 302 301 302 302 302 302 302 302 302 302 302 302 302 303 303 303 303 303 303 303 303 303 303 303 304 304 304 303 303 303 303 303 303 303 303 303 304 304 304 304 304 304 304 304 304 304 305 305 305 305 306 306 307 307 307 307 308 308 308 308 309 309 309 309 309 309 308 308 309 309 309 310 310 309 309 309 309 309 309 310 309 309 309 309 310 291 291 291 291 291 292 292 292 292 292 291 291 290 291 291 290 290 291 291 291 292 292 292 291 291 291 291 293 292 291 290 290 290 289 288 288 289 289 290 290 290 290 290 290 290 290 290 290 290 290 290 290 290 290 290 290 290 290 290 290 290 290 290 290 290 290 290 290 291 291 291 291 291 291 291 291 291 291 291 291 291 291 291 291 291 292 292 292 291 291 292 292 292 292 292 292 292 292 293 293 293 293 293 293 293 293 293 293 293 293 293 294 294 293 293 293 293 293 293 293 293 294 294 294 294 294 294 294 294 294 294 294 294 295 295 295 295 295 295 295 296 296 295 295 296 296 296 296 297 297 297 297 297 297 297 297 297 298 298 298 298 298 298 298 298 299 299 298 298 298 299 298 298 298 299 299 298 299 299 299 299 300 299 300 300 300 300 300 300 300 300 300 299 300 300 300 300 299 300 300 300 301 301 301 301 301 301 302 302 302 302 302 302 302 302 302 302 302 301 302 302 302 302 303 303 302 303 303 304 304 303 303 303 303 303 303 303 303 303 303 303 303 303 303 303 303 303 304 304 304 304 304 304 304 304 304 304 305 305 305 305 305 306 306 306 306 307 307 307 307 308 308 308 308 309 309 309 309 309 309 309 310 310 310 309 310 309 309 309 309 310 310 309 309 310 291 291 291 291 290 292 292 292 291 291 290 290 290 290 291 290 290 291 291 292 292 292 291 290 290 292 292 291 290 289 289 288 288 289 289 290 290 290 290 290 290 290 290 290 290 290 290 290 290 290 290 290 290 290 290 290 290 290 290 290 290 290 290 290 290 291 291 291 291 291 291 291 291 291 291 291 291 291 291 291 291 291 292 292 292 292 292 292 292 292 292 292 292 292 292 292 293 293 293 293 293 293 293 293 293 293 293 293 293 294 294 294 293 293 293 293 293 293 293 294 294 294 294 294 294 294 294 294 294 294 295 295 295 295 295 295 295 295 295 295 296 295 295 295 296 296 297 297 297 297 297 297 297 298 298 298 298 298 298 298 298 298 298 298 299 298 298 298 298 298 298 298 298 299 299 299 299 299 299 300 299 300 300 300 300 300 300 300 300 300 300 300 300 300 300 300 300 300 301 301 301 301 301 301 301 302 302 302 302 302 302 302 303 302 302 301 302 302 302 302 302 302 302 303 303 303 304 304 303 304 303 303 303 303 303 303 303 303 304 304 303 303 303 303 304 304 304 304 304 304 304 304 304 304 304 304 305 305 305 306 306 306 306 306 307 306 306 307 308 308 308 308 309 309 309 309 309 309 309 310 310 310 310 310 310 310 310 310 311 311 311 311 310 292 292 292 290 290 291 290 290 290 290 290 290 290 289 289 289 290 291 291 292 292 292 293 291 290 290 289 289 289 289 289 289 289 289 290 290 290 290 290 290 290 290 290 290 290 290 290 290 290 290 290 290 290 290 290 290 290 290 290 290 290 290 290 290 291 291 291 291 291 291 291 291 291 291 291 291 291 291 291 291 291 292 292 291 291 292 292 292 292 292 292 292 292 292 292 293 293 293 293 293 293 293 293 293 293 293 293 293 293 293 293 294 293 293 293 293 294 294 294 294 294 294 294 294 294 294 294 295 295 295 295 295 295 295 295 295 295 295 296 296 296 296 296 295 296 296 296 297 297 297 297 297 298 298 298 298 298 298 298 297 298 297 298 298 298 298 298 298 298 298 298 298 298 298 299 299 299 299 300 299 299 300 300 300 300 300 300 300 300 300 300 300 300 300 300 300 301 302 301 301 301 302 302 302 302 302 302 302 302 302 302 302 302 302 302 302 302 302 302 302 302 302 303 303 303 304 303 304 304 303 303 303 303 303 304 304 304 304 304 304 304 304 303 304 304 304 304 304 304 304 304 304 304 304 304 305 305 305 305 305 305 305 306 306 306 307 307 308 308 308 308 309 309 309 309 309 309 310 310 310 310 310 310 311 311 311 311 311 311 311 311 311 291 291 290 290 290 290 290 291 291 291 291 291 290 290 289 289 290 290 291 292 293 293 291 291 290 290 290 289 290 289 289 289 289 290 290 290 290 290 290 290 290 290 290 290 290 290 290 290 290 290 290 290 290 290 290 290 290 290 290 290 291 291 290 291 291 291 291 291 291 291 291 291 291 291 291 291 291 291 291 292 292 292 291 291 292 292 292 292 292 292 292 292 292 292 293 293 293 293 293 293 293 293 293 293 293 293 293 293 293 293 294 294 293 293 293 293 294 294 294 294 294 294 294 294 294 295 295 295 295 295 295 295 295 295 295 295 295 295 295 296 296 296 296 296 297 297 297 297 297 297 297 298 298 298 299 298 298 298 297 298 297 297 298 298 298 298 298 298 298 298 298 298 298 298 299 299 299 299 299 299 300 300 300 300 300 299 300 300 300 300 300 300 300 300 301 301 302 302 302 302 302 302 302 302 302 302 302 302 302 302 302 302 302 302 302 302 302 302 302 302 303 303 303 303 304 303 303 303 303 304 303 303 303 303 303 304 304 304 304 304 303 304 304 304 304 304 304 304 304 304 305 305 305 305 305 304 304 305 305 305 306 306 306 306 306 306 307 308 308 308 309 309 309 309 309 309 309 310 310 311 310 311 311 311 311 311 311 311 312 291 291 291 292 293 292 293 293 291 291 291 289 289 291 290 291 292 291 291 291 290 290 289 289 289 289 289 289 289 290 290 290 290 290 290 290 290 290 290 290 290 290 290 290 290 290 290 290 290 290 290 290 290 290 291 291 291 290 291 291 291 291 291 291 291 291 291 291 291 291 291 291 291 291 292 291 291 291 292 292 292 292 292 292 292 292 292 292 292 292 293 293 293 293 293 293 293 293 293 293 293 293 293 293 294 293 293 294 294 294 294 294 294 294 294 294 294 294 294 294 294 295 295 295 295 295 295 295 295 295 295 295 295 295 295 296 296 296 297 297 297 297 297 297 297 297 297 297 297 298 298 298 298 298 297 297 297 297 297 297 298 298 299 299 298 298 298 299 299 298 299 300 299 299 299 300 300 299 300 300 300 300 300 300 300 300 300 300 300 301 302 302 301 301 302 302 302 302 302 302 302 302 302 302 302 302 302 302 302 302 302 302 302 302 303 302 303 303 303 303 303 303 303 303 304 304 303 304 303 303 303 303 304 304 304 304 304 304 304 304 304 304 305 305 305 305 305 305 305 305 305 305 305 305 305 306 306 306 307 307 307 307 307 307 308 308 309 309 309 309 309 309 310 310 310 311 311 311 311 311 311 311 311 312 312 312 312 293 293 293 293 294 294 294 294 292 293 293 293 288 289 289 290 290 289 290 290 289 289 289 289 289 289 289 289 290 290 290 290 290 290 290 290 290 290 290 290 290 290 290 290 290 290 290 290 290 290 290 290 290 290 290 291 290 291 291 291 291 291 291 291 291 291 291 291 291 291 291 291 291 291 292 292 291 292 292 292 292 292 292 292 292 292 292 292 292 292 293 293 293 293 293 293 294 293 293 293 293 293 293 293 293 294 293 293 294 294 294 294 294 294 294 294 294 294 294 294 295 295 295 295 295 295 295 295 295 295 295 295 295 295 295 296 296 296 297 296 297 297 297 297 297 297 297 297 297 298 298 298 298 298 298 298 298 298 298 298 298 298 298 298 298 298 298 298 299 298 299 299 299 299 299 299 299 300 300 300 300 300 300 300 300 300 300 300 301 301 302 302 301 301 302 301 302 302 302 302 302 302 302 302 302 302 302 302 302 302 302 302 302 302 303 302 303 303 303 303 303 303 303 303 303 304 303 303 304 304 303 303 303 303 304 304 304 304 304 304 304 304 305 305 305 305 304 304 304 304 305 305 305 305 306 306 307 307 307 308 308 307 307 308 307 308 309 309 309 309 309 309 310 310 311 311 311 311 311 311 311 311 312 312 312 311 312 294 295 295 295 295 295 294 294 294 293 292 291 289 289 289 288 288 288 288 288 289 289 289 289 290 290 290 290 290 290 290 290 290 290 290 290 290 290 290 290 290 290 290 290 290 290 290 290 290 290 290 290 290 290 291 291 291 291 291 291 291 291 291 291 291 291 291 291 291 291 291 291 292 292 291 292 292 292 292 292 292 292 292 292 292 292 292 292 293 293 293 293 293 293 294 293 293 293 293 293 293 293 294 294 294 293 293 294 294 294 294 294 294 294 294 294 294 295 295 295 295 295 295 295 295 295 295 295 295 295 295 296 296 296 296 296 297 297 297 297 297 297 297 297 297 297 298 298 298 298 298 298 299 299 299 298 298 299 298 298 299 298 298 298 298 298 298 298 299 300 299 299 299 299 299 299 300 300 300 301 300 300 300 300 300 300 301 301 302 302 302 301 301 301 301 301 301 302 302 302 302 302 303 303 303 302 302 302 303 303 303 303 303 302 303 303 303 303 303 303 303 303 303 303 303 304 304 304 304 304 304 304 304 304 304 304 304 304 304 305 305 305 305 305 305 305 304 305 305 306 306 307 306 306 307 307 308 308 309 308 308 309 308 308 308 309 309 309 309 310 310 310 311 310 311 311 311 311 311 312 312 311 311 312 295 295 295 295 294 294 294 294 293 292 292 291 290 290 290 291 289 289 289 289 289 289 289 290 290 290 290 290 290 290 290 290 290 291 291 291 291 290 290 290 290 290 290 291 291 291 291 290 290 290 290 291 291 291 291 291 291 291 291 291 291 291 291 291 291 291 291 291 291 291 292 292 291 291 292 292 292 292 293 292 292 292 292 292 292 292 292 293 293 293 293 293 293 293 293 293 293 294 293 293 293 294 294 294 294 293 293 294 294 294 294 294 294 294 294 295 295 295 295 295 295 295 295 295 295 295 295 295 295 296 296 296 296 296 296 296 297 297 297 297 297 297 297 297 297 297 298 298 298 298 298 298 299 298 299 299 298 298 298 298 298 298 298 298 298 298 298 299 299 299 299 299 299 299 300 300 300 300 300 300 301 301 300 300 300 301 301 301 301 301 301 301 302 302 301 302 302 302 302 303 303 303 303 303 303 303 303 303 303 303 303 303 303 303 303 304 304 304 303 303 303 303 303 303 303 303 304 304 304 304 304 304 304 304 304 304 304 304 304 304 305 305 305 305 305 305 306 306 305 306 307 307 308 308 307 307 308 309 309 309 308 308 308 309 309 310 310 310 310 310 311 311 310 311 310 311 311 311 312 311 311 312 294 294 293 294 294 294 294 294 293 293 292 291 291 291 292 293 292 290 289 290 290 289 289 289 290 290 290 290 290 290 290 291 291 291 291 291 291 291 290 290 290 290 290 291 291 291 291 291 291 291 290 290 290 291 291 291 291 291 291 291 291 291 291 291 291 291 291 291 291 291 291 292 292 291 292 292 292 292 292 293 292 292 292 293 293 293 292 292 293 293 293 293 293 293 293 293 294 294 294 294 294 294 294 294 294 294 294 293 293 293 294 294 294 294 294 294 295 295 295 295 295 295 295 295 295 295 295 295 295 295 296 296 296 296 296 296 296 296 297 297 297 297 297 297 298 297 298 298 298 298 298 298 298 298 298 298 299 298 298 298 298 298 298 299 299 298 298 298 299 299 299 299 299 299 299 300 300 300 300 300 300 301 301 300 300 300 301 301 301 301 301 301 302 302 302 302 302 302 302 302 303 303 303 304 304 304 304 304 303 303 303 303 302 303 303 303 303 304 304 303 303 303 303 303 303 303 303 303 303 304 304 304 303 304 304 304 304 304 304 304 304 305 305 305 305 306 306 307 307 306 306 306 307 308 308 308 308 308 309 310 309 309 309 308 309 309 310 310 310 310 311 310 310 310 310 310 311 311 311 311 311 312 312 294 293 293 293 293 293 293 293 293 293 293 293 293 293 294 294 293 292 291 290 290 289 289 289 290 290 290 290 290 290 290 291 291 291 291 291 291 291 291 290 290 290 290 290 290 290 291 291 291 291 291 291 291 290 291 291 291 291 291 291 291 291 291 291 291 291 291 291 291 292 291 291 292 292 292 292 292 292 292 292 292 292 292 293 293 293 293 293 292 293 293 293 293 293 294 294 294 294 294 294 294 294 294 294 294 294 294 294 294 294 294 294 294 294 295 295 294 295 295 295 295 295 295 295 295 295 295 295 295 296 296 296 296 296 296 296 296 296 296 297 297 297 297 297 297 298 298 298 298 298 298 299 298 298 298 298 298 298 298 298 298 298 298 298 299 299 298 298 298 299 299 299 299 299 298 299 299 299 300 300 300 300 300 300 300 300 300 300 301 301 301 301 302 302 302 302 302 302 302 302 303 303 303 303 303 304 304 304 304 304 303 303 303 303 303 303 304 304 304 304 304 304 304 304 304 303 303 303 303 304 304 304 304 304 304 304 304 304 305 304 304 304 304 305 306 306 307 307 307 308 307 306 307 307 308 309 309 309 309 309 310 310 309 309 308 308 309 309 310 311 311 311 310 310 310 310 310 310 311 311 311 311 311 312 312 294 293 294 293 293 292 293 294 294 294 295 295 295 294 295 294 293 292 291 290 290 289 289 289 290 290 290 290 290 290 291 291 291 291 291 291 291 291 291 290 290 290 290 290 290 291 291 291 291 291 291 291 291 291 291 291 291 291 291 291 291 291 291 291 291 291 291 291 291 292 291 291 292 292 291 292 292 292 292 292 292 292 293 293 292 292 292 292 292 293 293 293 293 293 294 294 294 294 294 294 294 294 294 294 294 294 294 294 294 294 294 294 294 294 295 295 295 295 295 295 295 295 295 295 295 295 296 296 296 296 296 296 296 296 296 296 296 296 296 296 297 297 297 297 298 298 298 298 298 298 298 298 298 298 298 298 298 298 298 298 298 298 298 299 299 299 299 299 299 299 299 299 299 299 298 299 299 299 299 300 300 300 300 300 300 300 300 300 300 301 301 301 301 301 302 302 302 302 302 302 303 303 303 304 303 303 304 304 304 304 303 303 303 302 303 303 303 304 305 305 304 304 304 304 304 304 304 304 304 304 304 304 303 304 304 304 304 304 305 304 304 305 305 305 305 305 306 307 307 308 308 307 306 308 308 308 309 309 309 309 310 310 310 309 308 308 309 310 311 311 311 311 311 311 310 310 310 310 311 311 311 311 312 312 295 294 294 295 295 294 294 293 292 293 294 294 294 294 294 295 295 294 293 292 293 292 290 289 289 289 290 290 290 290 290 291 291 291 291 291 291 291 291 291 291 290 290 290 290 290 291 291 291 291 291 291 291 291 291 291 291 291 291 291 291 291 291 291 291 291 291 292 291 291 291 291 291 291 291 291 291 292 292 292 292 292 292 292 292 292 292 292 293 293 293 293 293 293 293 293 294 294 294 294 294 294 294 294 294 294 294 294 295 295 294 294 294 294 294 294 295 295 295 295 295 295 295 295 295 295 295 296 296 296 296 296 296 296 296 296 296 296 296 296 296 297 297 297 297 297 298 298 298 298 298 298 298 298 298 298 298 298 299 299 298 299 299 299 300 300 299 299 299 299 299 299 300 299 299 299 298 299 299 299 299 299 300 300 300 300 300 300 300 300 300 301 301 301 301 301 302 302 302 302 302 303 303 303 303 303 303 303 303 303 304 304 304 304 303 303 303 303 304 304 304 304 303 303 304 303 303 304 304 304 304 303 303 303 303 304 304 304 304 304 305 304 304 305 306 306 306 305 305 306 306 307 308 308 307 307 307 308 308 308 309 309 310 310 310 309 309 309 310 310 310 310 310 311 311 311 311 311 311 311 311 311 311 311 312 312 295 295 296 296 294 294 294 293 292 292 293 294 293 293 293 294 295 294 293 294 294 293 291 290 289 289 290 290 290 290 291 291 291 291 291 291 291 291 291 291 291 291 291 291 291 291 291 291 291 291 291 291 291 291 291 291 291 291 291 291 291 291 291 291 291 292 292 292 292 291 291 292 292 291 291 291 292 292 292 292 292 292 292 292 292 292 292 293 293 293 293 294 293 293 293 293 294 294 294 294 294 294 294 294 294 294 295 295 295 294 294 294 294 294 294 295 295 295 295 295 295 295 295 295 295 296 296 296 296 296 296 296 296 296 296 296 296 296 296 296 297 298 297 297 298 298 297 298 298 298 298 298 298 298 298 298 298 298 299 299 299 299 299 299 299 299 299 299 299 299 299 299 300 300 300 299 299 298 299 299 299 299 299 300 300 300 300 300 300 300 300 301 301 301 302 302 302 302 302 303 303 303 303 303 303 303 303 303 303 303 304 304 304 304 303 303 304 304 304 304 304 303 303 303 303 303 303 303 304 304 303 303 303 303 303 304 304 304 304 304 304 305 305 305 306 307 307 307 306 306 307 308 308 308 308 308 308 308 308 308 309 309 309 310 311 310 310 310 311 311 310 311 310 310 311 311 311 311 311 311 311 311 312 312 312 295 295 295 294 293 293 294 294 292 292 292 292 292 292 292 294 295 295 295 294 293 292 291 290 289 289 290 290 290 291 291 291 291 291 291 291 291 291 291 291 291 291 291 291 291 291 291 291 291 291 291 291 291 291 291 291 291 291 291 291 291 291 291 291 291 292 292 292 292 292 292 292 292 292 292 292 292 292 292 292 292 292 292 292 292 293 292 293 293 293 293 294 293 293 293 293 294 294 294 294 294 294 294 294 294 294 294 295 295 295 294 294 294 294 294 295 295 295 295 295 295 295 295 295 296 296 296 296 296 296 296 296 296 296 296 296 296 296 296 296 297 298 298 297 298 298 298 298 298 298 298 298 298 299 299 298 298 298 299 299 299 299 299 299 299 299 299 299 299 299 299 300 300 299 299 299 299 298 299 299 299 299 299 300 300 300 300 300 300 300 300 300 301 301 302 302 302 303 303 303 303 303 303 303 303 302 302 303 303 303 303 304 304 304 304 303 304 304 304 304 304 303 303 303 302 303 303 303 304 304 304 303 303 303 304 304 304 304 305 304 305 305 305 306 306 306 307 307 306 306 307 307 308 308 309 309 309 309 308 308 309 309 310 310 310 310 311 311 311 311 311 311 311 310 310 311 311 311 311 311 311 311 311 311 312 295 294 293 294 293 293 292 292 293 292 292 292 292 292 293 294 294 295 294 293 292 291 291 290 289 290 290 290 291 291 291 291 291 291 291 291 291 291 291 291 291 291 291 291 291 291 291 291 291 291 291 291 291 291 291 291 291 291 291 291 291 291 291 291 292 292 292 292 292 292 292 292 292 292 292 292 292 293 292 292 293 293 293 293 293 293 293 293 293 293 294 293 293 293 293 294 294 294 294 294 294 294 294 294 295 294 294 294 294 294 294 294 294 295 295 295 295 295 295 295 295 295 295 296 296 296 296 296 296 296 296 296 296 296 296 296 296 296 296 297 298 298 298 298 298 298 299 298 298 298 298 298 299 299 298 298 298 299 299 299 299 299 299 299 299 299 299 299 299 300 300 300 299 299 299 299 299 299 299 299 300 300 300 300 300 300 300 300 300 300 300 301 302 302 302 302 302 302 303 302 303 302 302 302 303 303 303 304 304 304 304 305 304 304 304 303 304 304 304 304 304 303 303 303 303 303 303 303 303 303 303 303 304 304 304 304 304 304 305 305 305 305 306 306 307 307 308 307 307 307 307 308 308 308 309 309 309 309 308 309 309 310 310 310 310 311 311 311 311 311 311 311 311 311 311 311 311 311 311 311 311 311 312 312 296 295 295 295 294 294 293 293 294 293 292 291 291 292 292 292 293 294 293 292 292 291 291 290 290 290 290 291 291 291 291 291 291 291 291 291 291 291 291 291 291 291 291 291 291 291 291 291 291 291 291 291 291 291 291 291 291 291 291 291 291 291 291 291 292 292 292 292 292 292 292 292 293 293 292 293 293 293 293 293 293 293 293 293 293 293 293 293 293 293 294 294 293 293 294 294 294 294 294 294 294 294 294 294 294 294 294 294 294 294 294 294 294 295 295 295 295 295 295 295 295 296 296 296 296 296 296 296 296 296 296 296 296 296 296 296 296 297 297 297 298 298 298 298 298 298 298 298 298 298 298 298 298 298 298 298 298 299 299 299 299 299 299 299 299 299 299 299 299 300 300 300 299 299 299 299 299 299 299 299 300 300 300 300 300 300 300 300 300 300 301 301 301 302 301 302 302 302 302 302 302 302 302 303 303 303 304 304 304 304 304 304 304 304 304 304 303 304 304 304 304 303 303 303 303 303 303 303 303 303 303 304 304 304 304 304 304 304 305 305 305 306 306 307 307 307 308 308 308 307 307 308 308 308 308 308 309 309 309 309 310 311 310 310 310 310 310 310 310 310 310 310 310 311 311 311 311 311 311 310 311 311 312 296 296 296 295 294 293 292 292 292 293 293 292 291 291 292 292 293 294 292 291 290 290 290 290 290 290 291 291 291 291 291 291 291 291 291 291 291 291 291 291 291 291 291 291 291 291 291 291 291 291 291 291 291 291 291 291 291 291 291 291 291 292 292 292 292 292 292 292 292 292 293 293 293 293 293 293 293 293 293 293 293 293 293 293 293 293 293 293 293 294 293 293 293 293 294 294 294 294 294 294 294 294 294 294 294 295 295 295 294 294 294 294 295 295 295 295 295 295 296 296 296 296 296 296 296 296 296 296 296 296 296 296 296 296 296 296 297 297 297 298 298 298 298 299 298 298 299 298 298 298 298 298 299 299 299 299 299 299 299 299 299 299 299 299 299 299 299 299 300 300 300 299 299 299 299 299 299 299 299 299 300 300 300 300 300 300 300 300 300 301 301 301 301 301 302 302 301 302 302 302 302 303 303 303 304 304 304 304 304 303 304 304 303 303 304 303 304 304 303 303 303 303 303 303 303 303 303 303 303 303 304 304 304 304 304 304 304 304 304 305 305 305 306 307 307 308 308 308 308 308 308 308 308 308 309 309 309 309 310 311 311 310 310 310 310 310 310 310 310 309 309 310 310 311 312 311 311 310 310 311 311 312 295 295 295 296 294 293 293 294 294 294 294 293 293 292 291 291 292 293 294 293 291 291 291 290 290 290 291 291 291 291 291 291 291 291 291 291 291 291 291 291 291 291 291 291 291 291 291 291 291 291 291 291 292 292 291 291 291 291 291 291 291 292 292 292 292 292 292 292 292 292 292 292 293 293 293 293 293 293 293 293 293 293 293 293 293 293 293 293 293 293 293 293 293 293 294 294 294 294 294 294 294 294 294 294 295 295 295 295 295 295 294 294 294 295 295 295 295 295 295 296 296 296 296 296 296 296 296 296 296 296 296 296 296 296 296 297 297 297 297 297 298 298 298 298 298 298 298 298 299 299 298 298 298 299 299 299 299 299 299 299 299 299 299 299 299 299 300 299 299 300 300 300 300 299 299 299 299 299 299 299 299 300 300 300 300 300 300 300 300 301 301 301 301 301 301 301 301 301 302 302 302 302 303 303 303 304 304 304 304 303 303 303 303 303 302 303 303 303 303 303 303 303 303 303 303 303 303 303 303 304 304 304 304 304 304 305 305 305 305 304 304 304 305 306 306 307 307 307 308 308 308 308 308 308 309 309 309 310 310 310 310 310 310 310 310 310 310 311 310 310 310 310 309 310 310 311 310 310 310 311 311 311 312 295 295 294 294 293 294 295 296 296 295 295 294 293 292 291 291 291 291 291 292 291 291 291 290 290 290 291 291 291 291 291 291 291 291 291 291 291 291 291 291 291 291 291 291 291 291 291 291 291 291 291 291 292 292 292 291 291 291 291 291 291 292 292 292 292 292 292 292 292 292 292 292 292 293 293 293 293 293 293 293 293 293 293 293 293 293 293 293 293 293 293 294 294 294 294 294 294 294 294 294 294 295 294 294 294 295 295 295 295 295 294 294 294 295 295 295 295 296 296 296 296 296 296 296 296 296 296 296 296 296 296 296 296 296 296 297 297 296 297 297 298 298 298 298 298 298 298 298 299 299 299 299 298 299 299 299 299 299 299 299 300 299 299 299 299 299 299 299 299 299 300 300 300 300 300 300 299 299 299 300 299 300 300 300 300 300 300 300 300 301 301 301 301 301 301 301 301 302 302 302 302 302 302 303 303 303 304 304 303 303 302 302 302 303 303 303 303 302 303 303 303 303 303 303 303 303 303 303 303 304 304 304 304 304 304 305 305 305 306 306 305 305 305 305 306 306 306 307 307 308 308 309 308 308 308 309 309 310 310 310 311 311 310 310 310 310 310 311 311 311 310 310 309 309 310 311 310 310 311 311 312 312 312 312 312 311 296 296 295 294 294 295 295 295 294 294 294 294 293 292 292 292 292 291 290 290 290 291 290 290 290 291 291 291 291 291 291 291 291 291 291 291 291 291 291 291 291 291 291 291 291 291 291 291 291 291 291 291 292 292 292 292 291 291 291 291 292 292 292 292 292 292 292 292 292 292 292 292 292 293 293 293 293 293 293 293 293 293 293 293 293 293 293 293 293 293 294 294 294 294 294 294 294 294 294 294 294 294 294 294 294 294 294 295 295 294 294 294 295 295 295 295 295 296 296 296 296 296 296 296 296 296 296 296 296 296 296 296 296 296 296 297 297 297 297 297 298 298 298 298 298 298 298 299 299 299 299 299 299 298 299 299 299 299 299 299 300 300 300 299 300 300 300 300 299 299 299 300 300 300 300 300 300 299 300 300 300 300 300 300 300 300 301 301 301 301 301 301 301 301 302 301 301 302 302 302 302 302 303 303 303 303 303 303 303 302 302 302 302 302 303 303 303 303 303 303 303 303 303 303 303 303 304 304 303 303 304 304 305 305 305 305 305 306 306 306 305 305 306 306 307 306 307 308 308 308 309 309 309 308 309 309 309 310 310 310 310 310 311 310 311 311 311 311 311 311 310 310 310 309 309 310 309 310 311 311 312 311 312 312 312 311 311 296 295 294 295 295 296 295 295 294 293 293 292 292 292 292 291 291 292 291 291 290 290 291 291 291 291 291 291 291 291 291 291 291 291 291 292 292 292 292 291 291 291 291 291 291 291 291 291 291 291 291 291 292 292 292 291 291 291 292 292 292 292 292 292 292 292 292 292 292 292 292 292 293 293 293 293 293 293 293 293 293 293 293 293 293 293 293 293 293 294 294 294 294 294 294 294 294 294 294 294 294 294 294 295 295 295 295 295 295 294 295 295 295 295 295 296 296 296 296 296 296 296 296 296 296 296 296 296 296 296 296 297 297 297 297 297 297 297 297 298 298 298 298 298 299 299 298 299 299 299 299 299 298 299 299 299 300 300 300 300 300 300 299 300 300 300 300 300 300 300 300 300 300 300 300 300 300 300 300 300 300 300 300 300 301 301 301 301 301 301 301 301 301 301 301 302 302 302 302 302 302 302 303 303 303 303 303 302 302 302 302 302 303 303 303 303 303 303 303 303 303 303 303 303 304 304 304 304 304 304 304 304 304 305 305 305 306 306 307 306 306 306 307 307 307 306 307 308 308 309 309 309 309 309 309 310 310 310 310 310 310 310 310 310 311 312 312 312 311 310 310 310 310 310 310 310 309 309 310 310 311 312 311 311 311 311 311 311 296 296 296 296 297 296 295 294 294 293 293 293 293 293 293 292 291 291 291 290 291 291 291 291 291 291 291 291 291 292 292 292 292 292 292 292 292 292 291 291 292 291 291 291 291 291 291 291 291 291 291 291 292 292 292 291 292 292 292 292 292 292 292 292 292 292 292 292 292 292 292 293 293 293 293 293 293 293 293 293 293 293 293 293 293 293 293 293 294 294 295 294 294 294 294 294 294 294 294 294 295 295 295 295 295 295 295 295 295 295 295 295 295 295 296 296 296 296 296 296 296 296 296 296 296 296 296 296 297 297 297 297 297 297 297 297 297 297 298 298 298 298 298 298 298 298 298 299 299 299 299 298 299 299 299 300 300 300 300 300 299 299 299 300 300 300 300 300 300 300 300 300 300 300 300 300 300 300 300 300 300 300 300 301 301 301 301 301 301 301 301 301 302 302 302 302 302 303 303 303 302 302 302 303 303 302 302 302 302 302 303 303 303 303 303 303 303 303 303 303 303 303 304 304 304 304 304 304 304 305 304 304 305 305 305 306 306 307 306 306 306 307 308 307 307 307 307 308 308 308 309 309 309 309 310 311 311 310 310 310 309 310 310 311 311 311 311 311 310 310 310 311 311 311 310 310 309 309 309 310 310 311 311 311 311 311 311 311 297 297 297 297 297 296 295 294 294 294 293 294 294 293 292 292 291 291 290 291 291 291 291 291 291 291 292 292 292 292 292 292 292 292 292 292 292 292 292 292 291 291 291 291 291 291 292 292 292 291 291 291 292 292 291 292 292 292 292 292 292 292 292 292 292 292 292 292 292 292 292 293 293 293 293 293 293 293 293 293 293 293 293 293 293 293 293 294 294 295 295 295 294 294 294 294 294 294 294 295 295 295 295 295 295 295 295 295 295 295 295 295 295 296 296 296 296 296 296 296 296 296 296 296 296 296 297 297 297 297 297 297 297 297 297 297 297 298 298 298 298 298 298 298 298 299 299 299 299 299 299 298 299 299 299 300 300 300 299 299 300 299 300 300 300 300 300 300 299 300 300 300 300 300 300 300 300 300 300 300 300 300 300 301 301 301 301 301 301 301 302 302 302 302 302 302 302 303 303 303 302 302 303 302 302 302 302 303 303 303 303 303 303 303 303 303 304 304 304 304 304 304 304 304 304 304 305 305 305 305 305 304 305 305 306 306 306 306 306 306 307 308 308 308 308 308 308 309 309 309 310 310 310 311 311 311 310 311 310 310 310 310 311 311 310 310 311 311 311 310 311 312 312 312 311 311 310 310 309 309 310 311 311 311 311 311 311 314 297 296 296 295 294 294 294 294 293 293 292 292 293 292 291 291 290 291 291 291 291 291 291 291 292 292 292 292 292 292 292 292 292 292 292 292 292 292 292 292 292 292 292 292 292 292 292 292 291 291 291 291 291 291 292 292 292 292 292 292 292 292 292 292 292 292 292 292 293 293 293 293 293 293 293 293 293 293 293 293 293 293 293 293 293 294 294 295 295 295 295 294 294 294 294 294 294 294 295 295 295 295 295 295 295 295 295 295 295 295 295 296 296 296 296 296 296 296 296 296 296 296 296 297 297 297 297 297 297 297 297 297 297 297 297 298 298 298 298 298 298 298 298 298 299 299 299 299 299 298 299 299 299 300 300 299 300 299 300 299 300 300 300 300 300 300 300 300 300 300 300 300 300 300 300 300 300 300 300 300 300 300 300 301 301 301 302 302 302 302 302 302 302 302 303 303 303 303 303 302 302 302 302 302 302 303 303 303 303 303 303 303 303 304 304 304 304 304 304 304 304 304 304 304 304 305 305 305 305 305 304 305 305 306 306 305 306 307 307 307 308 308 308 308 308 309 309 309 310 310 311 310 310 310 309 310 310 310 310 311 311 311 310 310 310 311 311 310 310 311 312 311 311 311 311 311 311 310 310 311 311 310 311 311 311 313 313 314 296 295 295 295 295 294 293 292 291 292 292 292 291 290 291 291 291 291 291 291 291 292 292 292 292 292 292 292 292 292 292 292 292 292 292 292 292 292 292 292 292 291 291 292 291 291 291 291 291 291 292 292 292 292 292 292 292 292 292 292 292 292 292 292 292 293 293 293 293 293 293 293 293 293 293 293 293 293 293 293 293 293 294 294 295 295 295 295 295 294 294 294 294 294 294 295 295 295 295 295 295 295 295 295 295 295 295 295 296 296 296 296 296 296 296 296 296 296 297 297 297 297 297 297 297 297 297 297 297 297 297 297 298 298 298 298 299 299 299 298 298 299 299 299 299 299 299 299 299 299 299 299 299 300 300 300 299 300 300 300 300 300 300 300 300 300 300 300 300 300 300 300 300 300 300 300 300 300 300 301 301 301 302 302 302 302 302 302 302 302 302 302 303 302 302 302 302 302 302 302 303 303 303 303 303 303 303 303 303 303 304 304 304 304 304 304 304 304 304 304 304 304 304 305 305 305 305 305 305 305 305 305 306 306 307 307 307 307 307 307 308 309 309 309 308 309 309 310 310 310 310 310 309 310 310 310 311 310 310 310 310 310 310 310 310 310 311 311 311 310 311 311 311 311 311 311 310 311 311 311 311 311 313 313 314 314 315 296 296 295 294 294 293 292 291 291 291 291 291 291 291 291 291 291 291 291 292 292 292 292 292 292 292 292 292 292 292 292 292 292 292 292 292 292 292 292 292 292 291 291 291 291 292 292 292 292 292 292 292 292 292 292 292 292 292 292 292 292 292 292 293 293 293 293 293 293 293 293 293 293 293 293 293 293 293 293 293 294 294 295 295 295 295 295 295 295 294 294 294 294 295 295 295 295 295 295 296 295 295 295 295 295 295 296 296 296 296 296 296 296 296 296 296 297 297 297 297 297 297 297 297 297 297 297 297 297 297 298 298 298 299 299 299 299 299 299 299 299 299 299 299 299 299 299 299 299 299 300 300 300 300 300 300 300 300 300 300 300 300 300 300 300 301 300 300 300 300 300 300 300 300 300 300 300 300 301 301 302 302 302 302 302 302 302 302 302 302 302 302 302 302 302 302 302 303 303 303 303 303 303 303 303 303 303 304 304 304 304 304 304 304 304 304 304 305 305 305 305 305 305 306 306 306 306 306 306 306 305 306 306 306 306 307 307 307 308 308 308 308 308 309 310 310 311 311 311 311 310 310 310 310 310 310 310 310 310 310 310 310 310 311 312 311 311 310 310 311 310 310 310 310 310 311 311 311 311 311 313 313 314 314 314 315 296 296 295 295 294 293 292 292 291 291 290 291 291 291 291 291 291 291 292 292 292 292 292 292 292 292 292 292 292 292 292 292 292 292 292 292 292 292 292 292 291 291 291 292 292 292 292 292 292 292 292 292 292 292 292 292 292 292 292 293 293 293 293 293 293 293 293 293 293 293 293 293 293 294 294 294 294 294 293 293 294 295 295 295 295 295 295 295 295 295 295 294 294 295 295 296 296 296 296 296 296 296 296 296 296 296 296 296 296 297 297 297 297 297 297 297 297 297 297 297 297 297 297 297 298 298 298 298 298 298 298 298 299 299 299 299 299 300 299 300 300 299 299 299 299 299 299 299 299 300 300 300 300 300 300 300 300 300 300 300 300 300 300 300 300 301 300 300 300 300 300 300 300 300 300 301 301 301 301 301 301 301 301 301 302 302 302 302 302 302 301 301 302 302 302 302 302 303 303 303 303 303 303 303 303 303 303 303 303 304 304 304 304 304 304 304 304 304 305 305 305 305 306 305 306 306 306 306 306 306 306 306 307 306 306 306 307 308 308 307 308 308 308 308 309 310 311 310 310 310 310 310 310 310 310 310 310 311 310 310 310 310 310 310 311 311 311 310 310 310 310 310 310 310 310 310 310 310 310 311 311 312 312 312 312 312 295 295 294 294 293 292 292 291 291 291 290 291 291 291 291 291 291 292 292 292 292 292 292 292 292 292 292 292 292 292 292 292 292 292 292 292 291 291 291 291 291 291 291 291 292 292 292 292 292 293 293 292 292 292 292 292 292 292 293 293 292 293 293 293 293 293 293 293 293 293 293 293 294 294 294 294 294 293 293 294 295 295 295 295 295 295 295 295 295 295 294 294 295 295 295 296 296 296 296 296 296 296 296 296 296 296 296 296 297 297 297 297 297 297 297 297 297 297 297 297 297 297 297 298 298 298 298 298 298 298 298 298 299 299 299 299 299 299 299 300 299 299 299 299 299 299 299 300 300 300 300 300 300 300 300 300 300 300 300 300 300 300 301 300 301 301 301 300 300 300 300 300 301 301 301 301 301 301 301 301 301 301 301 302 302 302 301 302 301 302 302 302 302 302 302 303 303 303 303 303 303 303 303 303 303 303 303 303 304 304 304 304 304 304 304 304 304 304 305 305 305 306 306 306 306 307 307 307 307 306 306 307 307 308 307 307 307 307 308 308 308 308 309 309 310 310 310 310 309 309 310 311 310 310 310 311 311 311 311 310 311 310 310 310 311 310 310 310 310 310 311 311 311 311 311 310 310 310 311 311 312 312 312 312 312 312 295 295 294 294 293 292 292 291 291 291 291 291 291 291 291 292 292 292 292 292 292 292 292 292 292 292 292 292 292 292 292 292 292 292 292 291 291 291 291 291 291 291 292 292 292 292 292 292 292 293 293 293 293 293 292 292 293 293 293 292 292 293 293 293 293 293 293 293 293 293 293 293 294 294 294 294 294 293 294 295 295 295 295 295 295 295 295 295 295 295 295 295 295 295 296 296 296 296 296 296 296 296 296 296 296 296 297 297 297 297 297 297 297 297 297 297 297 297 297 297 297 297 297 298 298 298 298 298 298 298 298 298 299 299 299 299 299 299 300 299 299 299 300 299 299 299 300 300 300 300 300 300 300 300 300 300 300 300 300 301 301 301 301 300 301 301 300 300 300 300 300 301 301 301 301 301 301 301 301 301 301 301 302 302 302 302 301 302 302 302 302 302 302 303 303 303 303 303 303 303 303 303 303 303 303 303 304 304 304 304 304 304 304 304 304 305 305 305 305 305 306 306 307 307 308 308 307 307 307 307 307 307 308 307 307 307 308 308 308 308 308 309 309 310 311 311 310 310 310 310 311 311 310 311 311 312 311 311 311 311 311 311 311 310 310 311 312 311 311 311 311 311 311 311 310 310 310 311 311 312 311 312 312 312 312 294 294 294 293 292 292 291 291 291 291 291 291 291 291 291 292 292 292 292 292 292 292 292 292 292 292 292 292 292 292 292 292 292 292 292 292 291 291 291 291 291 291 291 292 292 292 292 292 292 292 292 293 293 293 293 292 293 293 293 293 292 293 293 293 293 293 293 293 293 293 293 293 294 294 294 294 294 294 294 295 295 295 295 295 295 295 295 295 295 295 295 295 295 295 296 296 296 296 296 296 296 296 296 296 296 297 297 297 297 297 297 297 297 297 297 297 297 297 298 298 298 297 298 298 298 298 298 298 298 299 299 298 299 299 299 299 299 299 300 299 299 299 299 299 300 300 300 300 300 300 300 300 300 300 300 300 300 300 301 301 301 301 301 300 300 300 300 300 300 300 301 301 301 301 301 301 301 301 301 301 301 301 301 302 302 302 302 302 302 302 302 303 303 303 303 303 303 303 303 303 303 303 303 303 303 304 304 304 304 304 304 304 304 304 304 304 305 305 305 306 306 307 307 307 307 307 308 308 308 308 308 308 308 308 308 308 308 308 308 308 308 309 310 310 311 311 311 311 311 311 311 311 310 311 311 311 311 311 311 310 311 311 311 311 311 312 312 312 312 311 311 311 311 311 310 310 310 311 311 311 311 312 312 312 293 293 292 292 291 291 290 291 291 291 291 291 292 292 292 292 292 292 292 292 292 292 292 292 292 292 292 291 291 292 292 292 292 292 291 291 291 291 291 291 292 291 291 292 292 292 292 292 292 293 293 293 293 293 293 294 294 293 293 293 293 293 293 293 293 294 294 293 293 293 293 293 294 294 294 294 295 294 295 295 295 295 296 296 296 296 296 296 296 296 296 295 296 296 296 296 296 296 296 296 296 296 296 297 297 297 297 297 297 297 297 297 297 297 298 298 298 298 298 298 298 298 298 298 298 298 299 299 299 299 299 299 299 299 299 300 300 300 300 299 299 299 300 300 300 300 300 300 300 300 300 300 300 300 300 300 301 301 301 301 301 301 301 301 300 300 300 300 301 301 301 301 301 301 301 301 301 301 301 301 301 302 302 302 302 302 302 302 303 303 303 303 303 303 303 303 303 303 303 303 303 303 304 304 304 304 304 304 304 304 305 305 304 305 305 305 305 306 306 307 307 307 307 307 308 308 308 308 309 309 308 309 308 308 308 308 309 309 309 310 310 310 310 311 311 311 311 311 311 311 311 311 312 312 311 311 311 311 311 311 311 311 311 311 312 312 312 312 312 311 310 310 311 311 311 311 312 312 312 312 312 292 292 292 291 291 291 290 290 290 291 291 291 291 292 292 292 292 292 292 292 292 292 292 292 292 292 292 292 292 291 292 292 292 292 292 292 292 291 291 292 292 292 292 292 292 292 292 292 292 292 292 293 293 293 293 293 293 293 293 293 293 293 293 293 293 293 294 294 294 294 294 294 294 294 294 294 294 295 295 294 295 295 295 295 296 296 296 296 296 296 296 295 295 295 296 296 296 296 296 296 296 296 296 296 297 297 297 297 297 297 297 297 297 297 297 298 298 298 298 298 298 298 298 298 298 298 298 299 299 299 300 299 299 299 299 300 300 300 300 300 300 300 300 300 300 300 300 300 300 300 300 300 301 301 300 301 301 301 300 301 301 301 301 301 301 301 300 300 301 301 301 302 302 301 302 301 301 302 301 302 301 301 302 302 302 302 302 302 303 303 303 303 303 303 303 303 303 303 303 303 303 303 303 304 304 304 304 304 304 304 304 305 305 305 305 305 305 305 306 307 307 307 307 307 308 309 309 308 308 309 309 309 309 309 308 309 309 309 310 310 310 311 311 310 311 311 311 311 311 311 311 311 311 312 312 311 311 311 311 312 311 311 311 312 312 312 312 312 311 311 311 311 311 311 311 311 311 311 312 312 312 313 292 291 291 291 292 291 291 291 291 291 292 292 292 292 292 292 292 292 292 292 292 292 292 292 292 292 292 292 292 292 292 292 292 292 292 292 292 292 292 292 292 292 292 292 292 292 292 292 292 293 293 293 293 292 293 293 293 293 293 293 293 293 293 293 293 294 294 294 294 294 294 294 294 294 294 295 295 295 295 295 295 296 296 296 296 296 296 295 295 295 295 295 296 296 296 296 296 296 296 296 296 297 297 297 297 297 297 297 297 297 297 298 298 298 298 298 298 298 298 298 298 298 298 298 298 299 299 299 299 300 299 299 299 300 300 300 300 300 299 300 300 300 300 300 300 300 300 300 300 300 301 301 301 301 301 301 301 301 301 301 301 301 301 301 300 300 301 301 301 301 302 302 302 302 302 302 302 302 302 301 301 302 302 302 302 302 303 302 303 303 303 303 303 303 303 303 303 303 303 303 304 304 304 304 304 304 305 304 304 304 305 305 305 305 305 306 306 307 308 307 307 307 308 308 308 309 309 310 309 309 309 309 310 310 310 311 310 310 310 311 311 310 311 311 310 311 311 311 311 312 312 312 311 311 311 311 311 312 312 311 311 312 312 312 311 311 311 311 311 311 311 311 312 312 311 311 312 312 312 313 292 292 291 291 291 291 291 291 291 291 292 292 292 292 292 292 292 292 292 292 292 292 292 292 292 292 292 292 292 292 292 292 292 292 292 292 292 292 292 292 292 292 292 292 292 292 292 292 292 292 293 292 292 292 293 293 293 293 293 293 293 293 293 293 293 293 294 294 294 294 294 294 294 294 294 295 295 295 295 295 296 296 296 296 296 295 296 296 296 296 296 296 296 296 296 296 296 296 296 296 296 297 297 297 297 297 297 297 297 297 298 298 298 298 298 298 298 298 298 298 298 298 298 298 298 299 299 299 299 299 299 300 300 300 300 300 300 300 300 300 300 300 300 300 300 300 300 300 300 300 300 301 301 301 301 301 301 301 301 301 301 301 301 301 300 300 301 301 301 301 302 302 302 302 302 302 302 302 302 302 302 302 302 302 302 302 302 303 303 303 303 303 303 303 303 303 303 303 303 303 304 304 304 304 304 304 305 305 305 305 305 306 305 306 306 306 306 307 308 307 307 307 307 307 307 308 309 309 309 309 309 309 310 310 310 310 310 310 310 310 310 310 311 311 310 310 311 311 311 312 312 311 311 311 311 311 311 312 312 312 312 312 312 312 312 312 311 311 311 311 311 311 311 312 311 311 311 312 312 313 291 291 291 291 291 291 291 292 292 292 292 292 292 292 292 292 292 292 292 292 292 292 292 292 292 292 292 292 292 292 292 292 292 292 292 292 292 292 292 292 292 292 292 292 292 292 292 292 292 292 292 292 293 293 293 294 294 293 293 293 293 293 293 293 293 294 293 293 294 294 294 294 294 295 295 295 295 295 295 296 296 296 296 296 296 296 297 297 296 296 296 296 296 296 296 296 296 296 297 297 297 297 297 297 297 297 297 297 298 298 298 298 298 298 298 298 298 298 298 298 298 298 298 299 299 299 299 299 299 300 300 300 300 300 300 300 300 300 300 300 300 300 300 300 300 300 300 300 300 301 301 301 301 301 301 301 301 300 300 300 300 300 300 301 301 301 301 301 302 302 302 302 302 302 302 302 302 302 302 302 302 302 302 303 303 303 303 303 303 303 303 303 303 303 303 303 303 303 304 304 304 304 304 304 304 305 305 305 305 305 306 306 306 306 306 307 307 307 306 307 307 307 307 308 308 309 309 309 309 309 310 310 310 309 310 310 310 310 310 310 311 310 310 310 311 311 311 312 312 312 311 311 311 312 312 313 313 312 313 314 313 313 312 311 311 311 311 311 311 312 312 312 312 312 312 311 312 291 291 291 291 291 291 292 292 292 292 292 292 292 292 292 292 292 292 292 292 292 292 292 292 292 292 292 292 292 292 292 292 292 292 292 292 292 292 292 292 292 292 292 292 292 292 292 292 292 292 292 292 293 293 293 293 293 293 293 293 293 293 293 293 293 293 293 293 293 293 294 294 294 295 295 295 295 295 295 295 296 296 296 296 295 296 296 296 297 296 296 296 296 296 296 296 296 296 297 297 297 297 297 297 297 297 297 297 298 298 298 298 298 298 298 298 298 298 298 298 298 298 299 299 299 299 299 299 299 299 300 300 300 300 300 300 300 300 300 300 300 300 300 300 300 300 300 300 301 301 301 301 301 301 301 301 301 301 301 301 301 301 301 301 301 301 301 301 302 302 302 302 302 302 302 302 302 302 302 302 302 302 303 303 303 303 303 303 303 303 303 303 303 304 304 304 303 303 304 304 304 304 304 304 305 305 305 305 305 305 305 306 306 306 306 306 307 306 307 307 308 308 308 309 309 309 310 310 309 309 309 310 310 309 310 310 310 310 310 310 310 310 310 310 310 311 311 312 311 312 312 312 312 312 313 313 313 313 313 313 313 313 312 311 311 312 311 311 311 311 312 312 312 312 312 311 312 291 291 291 291 291 291 292 292 292 292 292 292 292 292 292 292 292 292 292 292 292 292 292 292 292 292 292 292 292 292 292 292 292 292 292 292 292 292 292 292 292 292 292 292 292 292 292 293 292 292 292 292 293 293 293 293 293 294 294 294 294 293 293 293 293 293 293 293 293 294 294 294 294 295 295 295 295 295 295 295 295 295 295 295 295 296 296 297 297 297 297 297 296 296 296 296 296 296 297 297 297 297 297 297 297 297 297 297 298 298 298 298 298 298 298 298 298 298 298 298 299 299 299 299 299 299 299 299 299 299 300 300 300 300 300 300 300 300 300 300 300 300 300 300 300 300 300 301 301 301 301 301 301 301 301 301 301 302 302 301 301 301 301 301 301 301 301 301 302 302 302 302 302 302 302 302 302 302 302 302 302 303 303 303 303 303 303 303 303 303 303 303 303 304 304 304 304 304 304 304 304 305 305 305 305 305 305 306 306 305 306 306 306 306 306 306 306 306 307 307 308 307 307 308 309 309 309 309 309 309 309 309 309 309 310 310 310 310 310 310 310 310 311 311 311 311 311 311 311 312 313 312 312 312 313 313 312 313 313 313 313 313 312 312 312 311 311 311 311 311 311 311 312 312 312 312 291 291 291 291 291 291 291 291 291 291 291 292 292 292 292 292 292 292 292 292 292 292 292 292 292 292 292 292 292 292 292 292 292 292 292 292 292 292 292 292 292 292 292 292 293 292 292 293 293 293 293 292 292 292 292 292 293 293 293 293 294 294 294 294 293 294 294 294 294 293 293 293 294 294 294 295 295 295 295 295 295 295 295 295 295 295 295 296 296 297 297 297 296 296 296 296 296 296 296 296 296 297 297 297 297 297 297 297 297 297 298 298 298 298 298 298 298 298 298 298 298 299 299 299 299 299 299 299 299 299 299 299 300 300 300 300 300 300 300 300 300 300 300 300 300 300 300 300 301 301 301 301 301 301 301 301 301 301 301 302 302 302 301 301 301 301 301 301 302 302 302 302 302 302 302 302 302 302 302 302 302 303 303 303 303 303 303 303 303 303 303 303 303 303 303 304 304 304 304 304 304 304 304 305 305 305 305 305 305 306 306 306 306 306 306 306 306 306 306 306 307 307 307 307 307 308 309 308 308 308 309 309 309 309 309 309 310 310 310 310 310 311 311 310 310 311 311 312 311 311 312 312 313 312 312 312 312 312 312 313 313 312 312 312 313 313 312 311 311 311 311 311 312 312 312 312 312 313 292 291 291 291 291 291 291 291 291 291 291 292 292 292 292 292 292 292 292 292 292 292 292 292 292 292 292 292 292 292 292 292 292 292 292 292 292 292 292 292 292 293 293 292 292 293 293 293 293 293 293 292 292 292 292 292 293 293 294 294 294 294 293 293 293 294 294 294 293 293 293 293 294 294 295 295 295 295 295 295 295 295 295 295 295 295 296 296 296 296 296 296 296 297 297 297 297 296 296 296 297 297 297 297 297 297 297 297 298 298 298 298 298 298 298 298 298 299 299 299 299 299 299 299 299 299 299 299 299 299 299 299 300 299 300 300 300 300 300 300 300 300 300 301 300 300 300 301 301 301 301 301 301 301 301 301 301 301 301 302 302 301 301 301 301 301 301 302 302 302 302 302 302 302 302 302 302 302 302 302 303 303 303 303 303 303 303 303 303 303 304 303 304 304 304 304 304 304 304 304 304 304 304 305 305 305 305 305 306 305 306 305 306 306 306 306 306 306 307 307 306 307 307 307 308 308 308 308 308 308 308 308 309 309 310 310 310 310 310 311 311 311 311 311 310 311 312 312 311 311 312 313 313 312 312 312 312 312 312 312 312 312 312 312 312 313 312 311 311 311 312 312 312 313 292 292 292 291 291 291 291 291 291 291 292 292 292 292 292 292 292 292 292 292 292 292 292 292 292 292 292 292 292 292 292 292 292 292 292 292 292 292 292 292 293 293 292 292 293 292 293 293 293 293 293 293 293 293 293 293 293 293 293 294 294 293 293 293 294 294 293 293 293 293 293 293 294 295 295 295 295 295 295 295 295 295 295 295 295 296 296 296 296 297 297 297 297 297 297 296 296 296 297 297 297 297 297 297 297 298 298 298 298 298 298 298 298 298 298 299 299 299 299 299 299 299 299 299 299 299 299 299 299 299 299 300 300 300 300 300 300 300 300 300 300 300 300 300 300 301 301 301 301 301 301 301 301 301 301 301 301 301 302 302 301 302 301 301 301 301 302 302 302 302 302 302 302 302 302 302 302 303 303 303 303 303 303 303 304 304 303 304 304 304 304 304 304 304 304 304 304 304 304 304 304 305 305 305 305 305 305 306 305 305 305 305 305 305 306 306 306 306 306 306 306 307 307 308 308 307 307 307 308 309 309 309 309 309 310 311 311 310 311 311 311 311 311 311 310 311 312 312 312 312 313 313 312 312 313 313 312 312 312 312 312 312 311 312 312 312 311 311 312 312 312 292 292 292 291 291 291 291 291 291 292 292 292 292 292 292 292 292 292 292 292 292 292 292 292 292 292 292 292 292 292 292 292 292 292 292 292 292 292 293 293 293 292 293 293 293 293 293 293 293 293 293 293 293 293 293 293 293 293 293 293 293 293 294 294 293 294 294 293 293 293 294 295 295 295 295 295 295 295 295 296 295 295 296 296 296 296 296 297 297 298 297 297 297 297 297 297 297 297 297 297 297 297 297 298 298 298 298 298 298 298 298 298 299 299 299 299 299 299 299 299 299 299 299 299 299 299 299 299 300 300 300 300 300 300 300 300 300 300 300 300 300 301 301 301 301 301 301 301 301 301 301 301 301 301 301 301 302 302 302 302 302 301 301 301 302 303 302 302 302 302 302 302 302 302 303 303 303 303 303 303 303 303 303 304 304 304 304 304 305 305 304 304 304 304 304 304 304 304 304 304 305 305 305 306 306 306 305 305 305 305 306 306 306 306 306 306 306 306 306 306 307 308 307 307 308 308 308 309 310 310 310 309 310 311 311 311 311 311 311 311 311 311 311 311 312 312 312 312 313 313 313 313 313 313 313 313 313 313 313 313 312 312 312 312 312 312 313 313 293 293 292 291 291 291 291 291 291 291 292 292 292 292 292 292 292 292 292 292 292 292 292 292 292 292 292 292 292 292 292 292 292 292 292 292 292 293 293 293 293 293 292 293 293 293 293 293 293 293 293 293 293 293 293 293 293 293 293 293 293 293 293 293 293 294 294 294 294 294 294 295 295 295 295 295 295 295 295 295 295 296 296 296 296 297 296 297 297 298 297 297 297 297 297 297 297 297 297 297 297 297 297 297 298 298 298 298 298 298 298 298 299 299 299 299 299 299 299 299 299 299 299 299 299 299 300 300 300 300 300 300 300 300 300 300 300 300 301 301 301 301 301 301 301 301 301 301 301 301 301 301 302 302 301 302 302 303 302 302 302 302 302 302 302 303 302 302 302 302 302 302 303 303 303 303 303 303 303 303 303 303 304 304 304 304 304 305 305 305 304 304 304 304 304 304 304 304 305 305 305 305 305 306 306 305 305 305 305 306 306 306 306 306 306 307 307 307 307 306 306 307 307 308 309 309 308 309 310 310 310 310 310 311 311 311 312 311 311 312 312 311 311 311 312 313 313 313 312 312 313 313 313 312 312 312 312 312 312 312 312 312 312 313 314 293 292 292 292 292 292 291 291 291 292 292 292 292 292 292 292 292 292 292 292 292 292 292 292 292 292 292 292 292 292 292 292 292 292 293 293 293 293 293 292 292 293 293 293 293 293 293 293 293 293 293 293 293 293 293 293 293 293 294 293 293 293 294 293 293 293 294 294 294 294 294 295 295 295 295 295 295 295 295 295 296 296 296 296 297 297 297 297 298 297 297 297 297 297 297 297 297 297 298 298 297 297 297 297 297 298 298 298 298 298 298 298 298 299 299 299 299 299 299 299 299 300 300 299 299 299 300 300 300 300 300 300 300 300 300 300 301 301 301 301 301 301 301 301 301 301 301 301 301 301 301 301 301 302 302 302 303 303 303 303 302 302 302 302 303 302 302 302 303 303 303 303 303 303 303 303 303 303 303 303 303 303 304 304 304 304 305 305 305 305 304 304 304 304 304 304 304 305 305 305 305 306 306 306 305 305 305 306 306 306 307 306 306 307 306 307 307 307 307 307 307 307 308 308 309 309 309 309 309 310 310 311 311 311 311 311 311 311 311 312 312 312 311 312 312 313 313 312 312 312 312 312 311 311 311 312 312 312 312 312 312 313 293 292 291 292 292 292 291 291 292 292 292 292 292 292 292 292 292 292 292 292 292 292 292 292 292 292 292 292 292 292 292 292 293 293 293 293 293 293 293 293 293 293 293 293 293 293 293 293 293 293 293 293 293 294 293 293 294 294 294 293 293 293 293 294 294 294 294 294 294 294 294 295 295 295 295 295 295 295 295 296 296 296 296 296 297 297 297 298 298 297 297 297 297 297 298 298 298 297 298 298 298 298 297 297 297 298 298 298 298 298 298 298 298 299 299 299 299 299 299 299 299 299 299 299 299 300 300 300 300 300 300 300 300 300 301 301 301 301 301 301 301 301 301 301 301 301 301 301 301 301 301 301 302 302 302 302 303 302 302 302 302 302 302 302 302 302 302 302 303 303 303 303 302 303 303 303 303 303 303 303 303 303 303 304 304 304 305 305 304 304 304 304 304 304 304 305 305 305 305 306 306 305 305 305 305 306 306 306 307 306 307 307 307 307 307 307 307 307 307 307 307 307 307 308 308 308 308 309 310 310 310 311 311 311 311 311 311 311 312 312 312 312 312 312 312 313 312 312 312 312 312 312 312 312 312 312 312 312 312 313 313 292 292 291 291 291 292 292 292 291 291 292 292 291 292 292 292 292 292 292 292 292 292 293 293 293 292 292 292 292 293 293 293 293 293 293 293 293 293 293 293 293 293 293 293 293 293 293 293 293 293 293 293 293 294 294 293 294 294 294 293 294 294 294 294 294 294 294 294 294 294 294 295 295 295 295 295 295 295 295 295 296 296 296 296 296 296 296 298 298 297 297 297 297 297 298 298 297 297 298 297 297 297 297 297 297 297 297 298 298 298 298 298 298 299 299 299 299 299 299 299 299 299 299 299 300 300 300 300 300 300 300 300 300 301 301 301 301 301 301 301 301 301 301 301 301 301 301 301 301 301 301 301 301 302 302 303 303 302 302 302 302 302 303 302 302 302 302 302 303 303 303 303 303 303 303 303 303 303 303 303 304 304 304 304 304 304 304 304 304 304 304 304 304 304 305 305 305 305 305 305 305 305 305 305 305 306 306 307 307 307 307 308 307 307 308 307 308 308 308 308 308 308 307 308 309 309 308 309 309 310 311 311 311 311 311 311 311 311 311 312 312 312 312 312 312 312 312 312 312 312 312 312 312 313 312 312 312 313 313 292 292 292 292 292 292 292 291 291 292 292 292 292 291 292 292 292 292 292 292 292 293 293 293 293 292 292 292 292 293 293 293 293 293 293 293 293 293 293 293 293 293 293 293 293 293 293 293 293 293 293 293 293 294 294 293 294 294 294 294 294 294 294 294 294 294 294 294 294 294 294 295 295 295 296 296 296 296 296 296 295 295 296 296 297 297 297 298 298 298 297 297 297 297 298 298 297 298 298 297 297 297 297 297 297 298 298 297 298 298 298 298 298 299 299 299 299 299 299 299 299 299 299 300 300 300 300 300 300 300 300 300 301 301 301 301 301 301 301 301 301 301 301 301 301 301 301 301 302 302 301 301 301 301 302 302 303 303 302 302 303 303 303 303 303 302 302 302 303 303 303 302 302 303 303 303 303 304 304 304 304 304 304 304 304 304 305 305 304 304 304 304 305 305 305 305 305 305 305 305 305 305 305 306 306 307 307 308 308 308 308 308 308 308 308 308 308 308 308 308 308 309 309 309 309 309 310 310 311 311 311 311 311 312 312 312 312 312 312 312 312 312 312 312 313 313 312 313 313 313 314 293 293 292 292 292 292 292 292 292 293 293 293 292 292 292 292 292 292 292 292 293 293 293 293 292 292 292 292 293 293 293 293 293 293 293 293 293 293 293 293 293 293 293 293 293 293 293 293 293 293 293 293 293 294 294 293 294 294 294 294 294 294 294 294 294 294 294 294 294 294 294 295 295 296 296 296 296 296 296 296 296 296 296 296 297 297 298 299 299 298 297 297 297 297 298 298 297 298 298 298 298 297 297 297 297 298 298 298 298 298 298 298 299 299 299 299 299 299 299 299 299 299 300 300 300 300 300 300 300 300 300 300 301 301 301 301 301 301 301 301 301 301 301 301 301 301 302 302 302 302 301 301 301 301 302 302 302 302 302 303 303 303 303 303 303 302 302 302 302 302 302 302 303 303 303 303 304 304 304 304 304 304 304 304 304 304 305 304 304 304 304 304 304 305 305 305 305 305 304 305 305 305 306 306 307 307 308 308 308 309 309 308 308 308 308 308 308 308 308 308 309 309 309 309 309 310 310 311 312 312 313 313 313 313 313 313 313 313 313 293 293 293 292 293 293 292 292 292 292 292 293 293 293 293 293 293 292 292 292 292 293 293 293 293 293 293 293 293 293 293 293 293 293 293 293 293 293 293 293 293 293 293 293 293 294 294 294 294 294 294 294 294 294 294 294 294 294 294 294 294 295 295 295 295 296 296 296 296 296 296 296 295 296 296 296 296 297 298 298 299 298 298 298 298 298 298 298 297 298 298 299 299 298 298 298 298 298 298 298 298 298 298 298 299 299 299 299 299 299 299 299 299 299 300 300 300 300 300 300 300 300 300 300 301 301 301 301 301 301 301 301 301 301 301 301 301 301 301 302 302 302 302 302 301 301 301 302 302 302 303 303 303 303 303 303 303 303 302 303 303 302 302 303 303 303 303 304 304 304 304 304 304 304 304 304 304 305 305 304 304 304 304 305 305 305 305 304 305 305 306 307 307 308 308 309 309 309 308 308 309 308 308 308 308 308 308 309 309 309 310 310 312 313 313 313 293 292 292 292 292 292 292 293 293 293 293 292 292 292 292 292 293 293 293 293 293 293 293 293 293 293 293 293 293 293 293 293 293 293 293 293 293 293 293 294 294 294 294 294 294 294 294 294 294 294 294 294 294 294 294 295 295 295 295 296 296 296 296 296 296 295 296 296 296 297 297 297 298 299 299 299 299 299 299 299 299 298 298 299 299 299 299 299 298 298 298 298 298 298 298 298 298 298 299 299 299 299 299 299 299 299 299 300 300 300 300 300 300 300 300 300 300 300 300 300 301 301 301 301 301 301 301 301 301 301 301 301 301 302 302 302 302 302 302 301 301 302 302 303 303 303 303 303 303 303 303 303 302 302 302 302 303 303 303 303 304 304 304 304 304 304 304 304 304 304 304 305 305 305 305 304 304 304 304 304 305 305 306 307 307 307 308 309 309 308 309 309 308 308 308 308 308 308 309 310 293 293 293 292 292 293 293 293 293 293 293 293 292 292 292 292 293 293 293 293 293 293 293 293 293 293 293 293 293 293 293 293 293 293 293 293 293 294 293 294 294 294 294 294 294 294 294 294 294 294 294 294 294 294 295 295 295 295 295 295 295 295 296 296 296 296 296 297 297 298 298 298 299 299 299 298 299 300 300 299 299 299 299 299 299 299 298 298 298 298 298 298 298 298 298 298 299 299 299 299 299 299 299 299 299 300 300 300 300 300 300 300 300 300 300 300 300 300 300 301 301 301 301 301 301 301 302 302 301 301 301 302 302 302 302 302 302 301 301 301 302 303 303 303 303 303 303 303 303 303 303 303 302 302 303 303 303 303 304 304 304 304 304 304 304 304 304 304 304 305 305 305 305 304 305 306 307 308 308 309 309 309 309 293 293 293 293 293 293 293 294 293 292 292 292 292 292 293 293 293 293 293 293 293 293 293 292 293 292 293 292 293 293 293 293 293 293 293 294 294 294 294 294 294 294 294 294 294 294 294 294 294 294 294 294 295 295 295 295 295 295 295 295 296 296 297 297 297 297 297 297 298 299 299 298 298 298 299 299 300 300 299 298 298 298 298 298 298 298 298 298 298 298 298 298 298 299 299 299 299 299 299 299 299 299 300 300 300 300 300 300 300 300 300 300 300 300 300 300 301 301 301 301 301 301 301 301 301 301 301 301 301 302 302 302 302 302 301 301 301 302 302 303 303 303 303 303 303 303 303 303 302 302 303 303 303 303 304 304 304 304 304 304 304 304 304 304 305 305 304 304 304 294 293 293 293 293 293 293 293 293 293 292 292 292 292 292 292 292 293 293 293 293 293 293 293 293 293 293 293 293 293 293 293 293 293 293 294 294 294 294 294 294 294 294 294 294 294 294 294 294 294 294 294 295 295 295 295 295 295 295 296 296 296 296 297 298 298 297 297 298 299 299 298 298 297 298 298 299 300 299 299 298 298 298 298 298 298 298 298 298 298 298 298 298 299 299 299 299 299 299 299 299 299 300 300 300 300 300 300 300 300 300 300 300 300 300 300 301 301 301 301 301 301 301 301 301 301 301 301 302 302 302 302 303 303 302 301 301 302 302 302 303 304 303 303 303 303 303 303 303 302 303 303 303 303 304 304 304 304 304 304 304 304 304 305 305 305 304 293 293 293 293 293 293 293 293 292 292 292 292 292 292 293 293 293 293 293 293 293 293 293 294 294 293 293 293 293 293 293 294 294 294 294 294 294 294 294 294 294 294 294 294 294 294 294 294 294 295 295 295 295 295 296 296 297 296 297 296 297 298 299 298 298 299 300 300 299 299 298 298 298 298 299 300 299 298 298 299 299 298 298 298 299 299 298 298 299 299 299 299 299 299 299 299 299 299 299 300 300 300 300 300 300 300 300 300 301 301 301 300 301 301 301 301 301 301 301 302 302 301 301 301 302 302 302 302 303 302 302 302 302 302 302 303 303 304 303 303 302 303 303 303 303 303 303 303 304 304 304 304 304 304 304 304 304 304 305 305 305 294 294 294 293 293 293 293 293 292 292 292 292 292 292 292 293 293 293 293 294 294 293 293 293 293 293 294 294 294 294 294 294 294 294 294 294 294 294 294 294 294 294 295 294 295 296 296 297 296 296 297 297 296 297 298 297 297 298 299 299 299 299 299 299 298 299 299 298 298 298 299 299 299 298 298 298 298 298 298 298 298 298 298 298 298 298 298 298 299 299 299 299 299 299 299 299 300 300 300 300 300 300 301 301 301 301 301 301 301 301 301 301 301 301 302 302 302 302 303 303 303 302 302 302 302 303 303 303 303 303 303 303 303 303 303 303 303 303 303 303 304 304 304 304 304 304 304 304 304 305 305 295 295 294 294 293 293 293 292 291 292 293 293 292 292 293 293 293 293 293 293 293 293 293 293 293 294 294 294 294 294 294 294 294 294 294 294 294 294 294 294 294 295 295 296 297 298 298 298 298 299 298 297 298 298 298 298 299 299 299 299 299 300 299 298 298 298 298 298 298 299 299 298 298 298 298 298 298 298 298 298 298 298 298 298 298 298 298 299 299 299 299 299 299 299 299 300 300 300 300 301 301 301 301 301 301 300 301 301 301 301 302 302 301 301 302 303 303 303 303 302 302 302 303 303 303 303 303 303 303 303 303 304 303 303 303 303 303 304 304 304 304 304 304 305 305 305 295 295 295 294 293 293 292 292 293 294 293 292 292 293 294 294 293 293 293 293 293 293 294 294 294 294 294 294 294 294 294 294 294 294 294 294 294 294 294 294 294 295 296 297 298 298 299 299 300 299 298 299 299 299 299 298 298 298 298 299 299 299 299 299 298 298 298 298 298 298 298 298 298 298 298 298 298 298 298 299 299 299 298 298 298 298 299 299 299 299 299 299 299 299 300 300 300 300 301 301 301 301 301 300 301 301 301 301 302 301 302 302 302 302 302 303 303 302 303 303 303 303 303 303 304 303 303 303 303 304 304 304 304 304 295 294 294 294 294 294 294 294 293 293 293 294 294 294 293 293 294 294 293 293 294 294 294 294 294 294 294 294 294 294 294 294 294 294 294 294 295 295 295 295 295 296 297 297 298 299 300 300 299 300 300 300 299 298 298 298 298 299 299 299 299 299 299 298 298 298 298 298 299 298 299 299 298 299 299 299 299 299 300 299 299 299 299 298 299 298 298 298 298 299 299 299 300 300 300 300 301 301 301 301 301 300 301 301 301 301 301 302 303 303 303 303 303 303 303 304 304 304 304 295 295 295 295 294 294 294 294 294 294 294 293 293 293 293 294 293 293 293 294 294 294 294 294 294 294 294 294 294 294 294 294 294 294 294 295 295 296 296 296 297 297 298 299 299 300 300 300 301 301 300 300 299 298 298 298 298 298 299 299 299 298 298 299 299 299 299 299 299 299 300 299 299 299 300 300 300 300 299 299 299 298 299 299 299 299 298 298 298 299 299 299 300 300 300 301 301 301 301 301 300 301 301 301 301 301 303 304 304 304 295 296 297 296 295 295 294 294 294 294 293 293 293 293 293 293 293 293 294 294 294 294 294 294 294 294 295 295 294 294 294 294 294 294 294 294 295 295 296 297 298 297 298 299 300 300 299 299 300 299 299 299 299 299 300 299 299 299 299 299 299 299 299 299 299 299 299 300 300 300 300 300 300 300 301 301 300 300 300 299 299 299 299 299 299 299 299 299 299 299 299 299 300 300 300 301 301 301 301 301 301 301 301 302 302 297 297 297 296 295 294 294 293 293 293 293 293 293 293 293 294 294 294 294 294 294 294 294 294 295 294 294 294 294 294 294 295 295 296 295 295 296 297 298 298 298 299 300 300 300 299 298 298 299 298 298 299 299 299 299 299 299 299 299 299 299 299 299 299 299 299 299 300 301 302 301 301 302 302 301 301 301 300 300 299 300 300 299 299 299 299 299 299 299 300 300 300 301 301 300 301 301 301 301 301 302 297 296 296 295 294 293 293 293 293 293 294 293 293 294 294 294 294 294 294 294 294 294 294 294 294 294 294 294 294 295 295 296 296 296 297 297 297 299 300 300 300 300 300 299 299 298 298 298 298 298 298 298 298 299 298 299 299 299 299 299 299 299 300 300 300 300 300 301 302 303 303 303 303 301 301 300 300 300 299 300 300 300 300 299 299 299 299 299 300 300 300 300 300 300 301 301 301 301 302 297 296 295 294 293 293 293 293 293 293 293 293 293 294 294 294 294 294 294 294 294 294 294 294 294 294 294 294 294 295 296 295 296 296 297 297 298 298 298 299 300 300 300 300 300 299 299 299 299 299 299 299 299 299 299 299 299 299 299 299 300 300 300 301 302 301 301 302 303 302 301 300 300 299 299 299 300 300 300 300 300 299 299 299 300 300 300 300 300 300 301 301 302 295 294 294 293 293 293 293 293 293 293 293 293 294 294 294 294 294 294 294 294 294 294 294 294 294 294 294 294 294 294 295 295 296 297 298 298 298 297 297 299 299 300 301 301 301 301 301 301 300 300 300 300 300 299 299 299 299 299 299 299 300 301 301 301 302 303 303 303 299 299 299 299 300 300 300 300 299 299 299 299 300 300 300 300 301 301 301 301 293 293 293 293 293 293 293 293 293 294 294 294 294 294 294 294 294 294 294 294 294 294 294 294 295 295 295 295 295 295 295 295 296 296 296 297 297 297 297 298 298 299 299 299 300 300 300 300 300 301 301 301 300 299 300 300 300 300 300 301 302 302 303 304 300 299 299 299 300 300 300 300 300 299 299 299 299 300 300 300 301 301 301 301 293 293 293 293 293 293 293 293 294 294 294 294 293 293 293 293 293 293 294 294 294 294 294 295 295 296 296 295 295 295 295 295 295 295 295 296 297 297 297 297 297 297 297 298 298 298 298 298 299 299 300 301 300 300 300 301 300 301 301 301 302 303 304 299 299 299 299 299 299 300 300 300 299 299 298 299 299 300 300 300 300 300 293 292 292 292 293 293 293 293 293 293 294 294 294 293 294 294 294 294 294 294 294 294 295 296 297 296 296 296 296 296 296 295 295 295 296 296 297 297 297 297 297 297 297 298 298 299 298 299 299 300 300 300 300 300 301 302 301 302 302 303 304 299 299 300 300 300 299 299 299 298 299 299 299 299 299 299 300 299 292 292 293 293 293 293 293 293 293 293 293 294 294 294 294 294 294 294 294 294 294 294 295 295 295 296 296 297 296 296 296 296 296 296 296 297 298 297 297 298 298 298 298 298 299 300 299 300 300 300 301 300 301 302 302 302 303 303 304 299 300 300 300 300 299 300 300 300 300 299 299 299 299 299 299 293 293 293 294 294 294 294 294 294 294 294 295 295 295 295 295 295 294 294 295 295 294 295 295 296 297 298 297 297 297 296 296 296 296 297 298 298 298 298 298 299 299 298 299 300 300 301 302 301 302 302 302 303 303 304 304 304 299 300 300 300 300 300 300 300 301 300 300 299 299 299 300 294 294 294 294 295 295 295 295 295 295 296 296 296 296 296 297 296 296 296 296 296 296 296 296 298 298 298 297 296 296 297 297 297 297 297 297 298 298 299 299 300 299 300 302 302 302 303 303 303 303 304 304 304 299 299 299 299 300 300 300 300 299 299 299 299 299 295 295 295 295 296 296 296 296 296 296 296 297 297 297 297 297 297 297 298 298 297 297 297 297 298 298 298 298 297 297 297 298 297 298 298 297 298 299 299 300 301 301 302 303 303 303 304 299 299 299 300 300 300 300 300 299 299 299 296 296 296 296 296 297 297 296 296 296 297 297 297 297 297 297 297 298 298 298 297 297 297 297 298 298 299 298 297 297 298 299 299 298 297 297 298 299 299 300 301 303 304 304 299 299 300 300 300 300 300 300 299 299 299 297 297 297 298 297 297 297 296 296 296 297 297 298 298 297 297 297 297 297 297 297 298 298 297 298 298 299 298 298 297 298 299 300 298 298 299 299 299 300 300 300 302 299 300 300 300 300 300 300 300 300 300 300 299 297 298 298 298 298 297 297 296 296 297 297 297 297 297 297 297 297 297 297 297 298 298 298 298 298 299 299 299 298 298 298 299 300 300 300 300 300 300 301 301 302 299 300 299 299 300 300 301 301 300 300 300 299 299 299 298 297 297 297 297 297 297 297 297 297 297 297 297 297 297 297 297 297 298 298 298 298 299 299 300 299 299 299 298 299 302 302 302 302 302 302 302 302 299 299 299 299 300 300 301 301 299 299 298 297 296 296 297 297 297 297 297 297 298 298 298 297 297 298 298 298 298 298 299 299 300 300 300 300 300 299 299 300 303 299 300 300 300 300 300 300 298 297 296 296 296 297 297 297 297 297 298 298 298 297 297 298 298 298 299 299 299 300 301 301 301 302 301 300 301 301 301 300 300 298 298 297 297 297 297 297 297 297 297 298 298 298 298 298 299 299 300 300 301 301 300 302 302 300 299 298 297 297 297 297 297 297 297 298 298 298 298 298 298 299 299 299 299 300 301 301 302 301 302 303 298 297 297 296 296 297 297 298 298 298 298 298 298 298 299 299 299 299 300 300 301 302 302 302 302 296 296 297 297 297 298 298 298 298 298 298 298 298 298 299 299 300 301 301 302 303 296 297 298 298 297 297 297 298 298 298 298 298 299 299 299 300 300 301 301 302 296 297 297 298 297 297 297 297 298 298 299 299 299 300 300 300 301 301 302 303 298 298 298 298 297 297 298 298 299 299 299 299 300 301 301 302 303 303 303 299 299 298 298 298 298 297 298 298 299 300 300 301 302 302 302 302 303 302 299 299 299 299 298 298 298 297 298 298 299 300 301 301 302 301 302 302 298 299 299 299 299 299 299 299 298 299 300 300 300 301 300 301 303 299 298 299 300 299 299 300 300 300 299 299 299 300 300 300 302 303 300 299 299 299 299 300 300 300 301 301 300 300 300 301 301 302 303 300 299 299 299 299 299 300 301 302 301 300 300 301 302 302 302 303 300 299 299 299 300 300 301 302 301 301 300 301 301 301 302 303 300 300 299 300 300 301 301 302 302 301 300 302 302 302 302 302 304 300 300 299 299 301 301 301 302 302 302 301 301 302 303 303 303 304 301 300 300 299 300 300 301 301 301 302 302 301 301 302 303 304 302 301 300 300 300 300 300 301 301 301 302 303 302 302 303 303 303 301 301 301 301 301 301 300 301 302 302 301 301 303 303 303 303 303 303 304 301 301 302 302 302 302 302 301 301 301 302 303 302 302 303 303 303 303 303 304 304 304 302 301 301 302 302 302 302 302 302 302 302 302 303 303 303 302 302 303 303 303 303 303 304 301 301 302 302 302 301 302 302 302 302 302 303 303 303 303 303 303 303 303 304 303 302 301 301 301 301 302 302 302 302 302 302 302 303 303 303 303 303 303 303 304 302 301 301 302 302 303 302 301 302 302 301 302 302 302 302 303 303 304 302 302 302 302 303 302 302 301 302 302 302 302 303 303 303 303 304 302 301 302 302 302 302 302 302 302 302 303 303 301 301 301 302 303 303 303 