195 195 195 195 195 195 195 195 197 197 196 196 196 196 196 196 196 196 195 195 195 195 195 195 195 194 194 194 194 194 194 194 194 194 195 194 194 194 197 197 197 197 196 196 196 196 196 196 196 196 196 196 195 195 195 195 195 195 195 195 195 195 194 194 194 194 194 194 194 194 194 194 195 195 194 194 194 194 197 197 197 197 197 196 196 196 196 196 196 196 196 196 196 196 195 195 195 195 195 195 195 195 195 195 195 195 195 195 195 194 194 194 194 194 194 194 194 195 195 195 194 194 194 194 194 194 194 194 197 197 197 197 197 197 197 197 197 196 196 196 196 196 196 196 196 196 196 196 196 196 195 195 195 195 195 195 195 195 195 195 195 195 195 195 195 195 195 195 195 195 194 194 194 194 194 194 194 195 195 195 195 194 194 194 194 194 194 194 194 194 194 194 194 194 194 194 194 194 197 197 197 197 197 197 197 197 197 196 196 196 196 196 196 196 196 196 196 196 196 196 196 196 196 195 195 195 195 195 195 195 195 195 195 195 195 195 195 195 195 195 195 195 195 195 195 195 195 195 195 194 194 194 194 195 195 195 195 195 195 195 194 194 194 194 194 194 194 194 194 194 194 194 194 194 194 194 194 194 197 197 197 197 197 197 197 197 196 196 196 196 196 196 196 196 196 196 196 196 196 196 196 196 196 195 195 195 195 195 195 195 195 195 195 195 195 195 195 195 195 195 195 195 195 195 195 195 195 195 195 195 195 195 195 195 194 194 195 195 195 195 195 195 195 195 194 194 194 194 194 194 194 194 194 194 194 194 194 194 194 194 194 194 194 193 197 197 197 197 197 197 197 196 196 196 196 196 196 196 196 196 196 196 196 196 196 196 196 196 196 196 195 195 195 195 195 195 195 195 195 195 195 195 195 195 195 195 195 195 195 195 195 195 195 195 195 195 195 195 195 195 194 195 195 195 195 195 195 195 195 195 194 194 194 194 194 194 194 194 194 194 194 194 194 194 194 194 194 194 194 193 193 197 197 197 197 197 197 197 197 197 196 196 196 196 196 196 196 196 196 196 196 196 196 196 196 196 196 196 196 196 196 195 195 195 195 195 195 195 195 195 195 195 195 195 195 195 195 195 195 195 195 195 195 195 195 195 195 195 195 195 195 195 195 195 195 195 195 195 195 195 194 194 194 194 194 194 194 194 194 194 194 194 194 194 194 194 194 194 194 193 193 193 193 197 197 197 197 197 197 197 197 197 197 197 196 196 196 196 196 196 196 196 196 196 196 196 196 196 196 196 196 196 196 196 196 196 195 195 195 195 195 195 195 195 195 195 195 195 195 195 195 195 195 195 195 195 195 195 195 195 195 195 195 195 195 195 195 195 195 195 195 195 195 195 195 194 194 194 194 194 194 194 194 194 194 194 194 194 194 194 194 194 194 194 193 193 197 197 197 197 197 197 197 197 197 197 197 197 197 197 196 196 196 196 196 196 196 196 196 196 196 196 196 196 196 196 196 196 196 196 196 196 196 196 196 195 195 195 195 195 195 195 195 195 195 195 195 195 195 195 195 195 195 195 195 195 195 195 195 195 195 195 195 195 195 195 195 195 195 195 195 195 195 194 194 194 194 194 194 194 194 194 194 194 194 194 194 194 194 194 194 193 193 193 197 197 197 197 197 197 197 197 197 197 197 197 197 197 196 196 196 196 196 196 196 196 196 196 196 196 196 196 196 196 196 196 196 196 196 196 196 196 196 196 195 195 195 195 195 195 195 195 195 195 195 195 195 195 195 195 195 195 195 195 195 195 195 195 195 195 195 195 195 195 195 195 195 195 195 195 195 195 194 194 194 194 194 194 194 194 194 194 194 194 194 194 194 194 194 194 193 193 193 193 198 197 197 197 197 197 197 197 197 197 197 197 197 197 197 196 196 196 196 196 196 196 196 196 196 196 196 196 196 196 196 196 196 196 196 196 196 196 196 196 196 196 196 195 195 195 195 195 195 195 195 195 195 195 195 195 195 195 195 195 195 195 195 195 195 195 195 195 195 195 195 195 195 195 195 195 195 195 195 195 194 194 194 194 194 194 194 194 194 194 194 194 194 194 194 194 194 193 193 193 193 193 198 198 197 197 197 197 197 197 197 197 197 197 197 197 197 197 196 196 196 196 196 196 196 196 196 196 196 196 196 196 196 196 196 196 196 196 196 196 196 196 196 196 196 196 196 196 196 195 195 195 195 195 195 195 195 195 195 195 195 195 195 195 195 195 195 195 195 195 195 195 195 195 195 195 195 195 195 195 195 195 195 194 194 194 194 194 194 194 194 194 194 194 194 194 194 194 194 194 194 193 193 193 193 198 198 198 198 198 197 197 197 197 197 197 197 197 197 197 197 197 197 197 196 196 196 196 196 196 196 196 196 196 196 196 196 196 196 196 196 196 196 196 196 196 196 196 196 196 196 196 196 196 196 196 195 195 195 195 195 195 195 195 195 195 195 195 195 195 195 195 195 195 195 195 195 195 195 195 195 195 195 195 195 195 195 195 195 194 194 194 194 194 194 194 194 194 194 194 194 194 194 194 194 194 194 194 193 193 193 193 198 198 198 198 198 198 198 198 198 197 197 197 197 197 197 197 197 197 197 197 197 197 196 196 196 196 196 196 196 196 196 196 196 196 196 196 196 196 196 196 196 196 196 196 196 196 196 196 196 196 196 196 196 196 195 195 195 195 195 195 195 195 195 195 195 195 195 195 195 195 195 195 195 195 195 195 195 195 195 195 195 195 195 195 195 195 194 194 194 194 194 194 194 194 194 194 194 194 194 194 194 194 194 194 194 193 193 193 193 198 198 198 198 198 198 198 198 198 198 198 198 198 198 197 198 197 197 197 197 197 197 197 197 197 197 197 196 196 196 196 196 196 196 196 196 196 196 196 196 196 196 196 196 196 196 196 196 196 196 196 196 196 196 196 196 196 196 195 195 195 195 195 195 195 195 195 195 195 195 195 195 195 195 195 195 195 195 195 195 195 195 195 195 195 195 195 195 195 195 195 194 194 194 194 194 194 194 194 194 194 194 194 194 194 194 194 194 194 194 193 193 193 193 200 200 200 198 198 198 198 198 198 198 198 198 198 198 198 198 198 198 198 198 198 198 198 198 198 198 197 197 197 197 197 197 197 197 197 197 197 197 196 196 196 196 196 196 196 196 196 196 196 196 196 196 196 196 196 196 196 196 196 196 196 196 196 196 196 196 196 196 196 195 195 195 195 195 195 195 195 195 195 195 195 195 195 195 195 195 195 195 195 195 195 195 195 195 195 195 195 195 195 195 195 195 194 194 194 194 194 194 194 194 194 194 194 194 194 194 194 194 194 194 193 193 193 200 200 200 200 200 200 198 198 198 198 198 198 198 198 198 198 198 198 198 198 198 198 198 198 198 198 198 198 198 198 198 198 198 198 197 197 197 197 197 197 197 197 197 197 197 197 197 196 196 196 196 196 196 196 196 196 196 196 196 196 196 196 196 196 196 196 196 196 196 196 196 196 196 196 196 196 195 195 195 195 195 195 195 195 195 195 195 195 195 195 195 195 195 195 195 195 195 195 195 195 195 195 195 195 195 195 195 195 195 194 194 194 194 194 194 194 194 194 194 194 194 194 194 194 194 194 194 193 193 200 200 200 200 200 200 200 198 198 198 198 198 198 198 198 198 198 198 198 198 198 198 198 198 198 198 198 198 198 198 198 198 198 198 198 198 198 198 198 197 197 197 197 197 197 197 197 197 197 197 197 197 197 196 196 196 196 196 196 196 196 196 196 196 196 196 196 196 196 196 196 196 196 196 196 196 196 196 196 196 196 196 195 195 195 195 195 195 195 195 195 195 195 195 195 195 195 195 195 195 195 195 195 195 195 195 195 195 195 195 195 195 195 195 194 194 194 194 194 194 194 194 194 194 194 194 194 194 194 194 194 194 193 193 200 200 200 200 200 200 200 200 198 198 198 198 198 198 198 198 198 198 198 198 198 198 198 198 198 198 198 198 198 198 198 198 198 198 198 198 198 198 198 198 198 197 197 197 197 197 197 197 197 197 197 197 197 197 197 197 197 196 196 196 196 196 196 196 196 196 196 196 196 196 196 196 196 196 196 196 196 196 196 196 196 196 196 196 196 195 195 195 195 195 195 195 195 195 195 195 195 195 195 195 195 195 195 195 195 195 195 195 195 195 195 195 195 195 195 195 195 194 194 194 194 194 194 194 194 194 194 194 194 194 194 194 194 194 194 193 193 200 200 200 200 200 200 200 200 200 200 198 198 198 198 198 198 198 198 198 198 198 198 198 198 198 198 198 198 198 198 198 198 198 198 198 198 198 198 198 198 198 198 198 198 197 197 197 197 197 197 197 197 197 197 197 197 197 197 197 197 196 196 196 196 196 196 196 196 196 196 196 196 196 196 196 196 196 196 196 196 196 196 196 196 196 196 196 195 195 195 195 195 195 195 195 196 196 195 195 195 195 195 195 195 195 195 195 195 195 195 195 195 195 195 195 195 195 195 195 194 194 194 194 194 194 194 194 194 194 194 194 194 194 194 194 194 194 200 200 200 200 200 200 200 200 200 200 200 200 198 198 198 198 198 198 198 198 198 198 198 198 198 198 198 198 198 198 198 198 198 198 198 198 198 198 198 198 198 198 198 198 198 198 198 198 198 198 198 198 198 198 197 197 197 197 197 197 197 197 197 197 197 197 197 197 197 197 196 196 196 196 196 196 196 196 196 196 196 196 196 196 196 196 196 196 196 196 196 196 196 196 196 196 196 195 195 195 195 195 195 195 196 196 196 196 195 195 195 195 195 195 195 195 195 195 195 195 195 195 195 195 195 195 195 195 195 194 194 194 194 194 194 194 194 194 194 194 194 194 194 194 194 194 194 200 200 200 200 200 200 200 200 200 200 200 199 199 199 198 199 199 198 198 198 198 198 198 198 198 198 198 198 198 198 198 198 198 198 198 198 198 198 198 198 198 198 198 198 198 198 198 198 198 198 198 198 198 198 198 198 198 198 198 198 198 197 197 197 197 197 197 197 197 197 197 197 197 197 197 197 197 197 197 196 196 196 196 196 196 196 196 196 196 196 196 196 196 196 196 196 196 196 196 196 196 196 196 196 196 196 195 195 195 195 195 196 196 196 196 195 195 195 195 195 195 195 195 195 195 195 195 195 195 195 195 195 195 195 195 195 195 194 194 194 194 194 194 194 194 194 194 194 194 194 194 194 194 194 194 200 200 200 200 200 200 200 200 200 200 200 199 199 199 199 199 199 199 199 198 198 198 198 198 198 198 198 198 198 198 198 198 198 198 198 198 198 198 198 198 198 198 198 198 198 198 198 198 198 198 198 198 198 198 198 198 198 198 198 198 198 197 197 197 197 197 197 197 197 197 197 197 197 197 197 197 197 197 197 197 197 196 196 196 196 196 196 196 196 196 196 196 196 196 196 196 196 196 196 196 196 196 196 196 196 196 196 196 195 195 195 196 196 196 196 195 195 195 195 195 195 195 195 195 195 195 195 195 195 195 195 195 195 195 195 195 195 195 194 194 194 194 194 194 194 194 194 194 194 194 194 194 194 194 194 194 194 200 200 200 200 200 200 200 200 200 200 200 199 199 199 199 199 199 199 199 199 198 198 198 198 198 198 198 198 198 198 198 198 198 198 198 198 198 198 198 198 198 198 198 198 198 198 198 198 198 198 198 198 198 198 198 198 198 198 198 198 198 197 197 197 197 197 197 197 197 197 197 197 197 197 197 197 197 197 197 197 197 197 197 196 196 196 196 196 196 196 196 196 196 196 196 196 196 196 196 196 196 196 196 196 196 196 196 196 196 196 195 196 196 196 196 196 196 196 195 195 195 195 195 195 195 195 195 195 195 195 195 195 195 195 195 195 195 195 195 194 194 194 194 194 194 194 194 194 194 194 194 194 194 194 194 194 194 194 193 200 200 200 200 200 200 200 200 200 200 200 200 200 200 200 200 200 200 199 199 199 199 199 199 199 199 199 199 199 199 198 198 198 198 198 198 198 198 198 198 198 198 198 198 198 198 198 198 198 198 198 198 198 198 198 198 198 198 198 198 198 198 198 198 198 198 198 198 197 197 197 197 197 197 197 197 197 197 197 197 197 197 197 197 197 197 197 197 197 197 197 197 196 196 196 196 196 196 196 196 196 196 196 196 196 196 196 196 196 196 196 196 196 196 196 196 196 196 196 196 196 196 196 196 196 196 195 195 195 195 195 195 195 195 195 195 195 195 195 195 195 195 195 195 195 195 195 194 194 194 194 194 194 194 194 194 194 194 194 194 194 194 194 194 194 194 193 193 194 194 194 193 193 193 200 200 200 200 200 200 200 200 200 200 200 200 200 200 200 200 200 200 200 200 199 199 199 199 199 199 199 199 199 199 199 199 199 199 199 198 198 198 198 198 198 198 198 198 198 198 198 198 198 198 198 198 198 198 198 198 198 198 198 198 198 198 198 198 198 198 198 198 198 198 197 197 197 197 197 197 197 197 197 197 197 197 197 197 197 197 197 197 197 197 197 197 197 197 197 197 197 196 196 196 196 196 196 196 196 196 196 196 196 196 196 196 196 196 196 196 196 196 196 196 196 196 196 196 196 196 196 196 196 195 195 195 195 195 195 195 195 195 195 195 195 195 195 195 195 195 195 195 195 195 194 194 194 194 194 194 194 194 194 194 194 194 194 194 194 194 194 194 194 193 194 194 194 194 194 193 193 193 200 200 200 200 200 200 200 200 200 200 200 200 200 200 200 200 200 200 200 200 199 199 199 199 199 199 199 199 199 199 199 199 199 199 199 199 199 199 199 199 199 198 198 198 198 198 198 198 198 198 198 198 198 198 198 198 198 198 198 198 198 198 198 198 198 198 198 198 198 198 197 197 197 197 197 197 197 197 197 197 197 197 197 197 197 197 197 197 197 197 197 197 197 197 197 197 197 197 197 196 196 196 196 196 196 196 196 196 196 196 196 196 196 196 196 196 196 196 196 196 196 196 196 196 196 196 196 196 196 196 195 195 195 195 195 195 195 195 195 195 195 195 195 195 195 195 195 195 195 195 195 194 194 194 194 194 194 194 194 194 194 194 194 194 194 194 194 194 194 194 194 194 194 194 194 194 193 193 200 200 200 200 200 200 200 200 200 200 200 200 200 200 200 200 200 200 200 200 199 199 199 199 199 199 199 199 199 199 199 199 199 199 199 199 199 199 199 199 199 199 199 198 198 198 198 198 198 198 198 198 198 198 198 198 198 198 198 198 198 198 198 198 198 198 198 198 198 198 197 197 197 197 197 197 197 197 197 197 197 197 197 197 197 197 197 197 197 197 197 197 197 197 197 197 197 197 197 196 196 196 196 196 196 196 196 196 196 196 196 196 196 196 196 196 196 196 196 196 196 196 196 196 196 196 196 196 196 196 196 196 195 195 195 195 195 195 195 195 195 195 195 195 195 195 195 195 195 195 195 195 194 194 194 194 194 194 194 194 194 194 194 194 194 194 194 194 194 194 194 194 194 194 194 194 194 193 193 200 200 200 200 200 200 200 200 200 200 200 200 200 200 200 200 200 200 200 200 200 200 200 200 200 200 199 199 199 199 199 199 199 199 199 199 199 199 199 199 199 199 199 199 199 199 199 199 199 199 198 198 198 198 198 198 198 198 198 198 198 198 198 198 198 198 198 198 198 198 198 198 198 198 198 198 197 197 197 197 197 197 197 197 197 197 197 197 197 197 197 197 197 197 197 197 197 197 197 197 197 197 197 197 197 197 196 196 196 196 196 196 196 196 196 196 196 196 196 196 196 196 196 196 196 196 196 196 196 196 196 196 196 196 196 196 196 196 195 195 195 195 195 195 195 195 195 195 195 195 195 195 195 195 195 195 195 195 195 195 194 194 194 194 194 194 194 194 194 194 194 194 194 194 194 194 194 194 194 194 194 194 194 194 193 200 200 200 200 200 200 200 200 200 200 200 200 200 200 200 200 200 200 200 200 200 200 200 200 200 200 200 200 200 200 200 200 200 200 199 199 199 199 199 199 199 199 199 199 199 199 199 199 199 199 199 199 199 199 199 199 199 199 199 199 198 198 198 198 198 198 198 198 198 198 198 198 198 198 198 198 198 198 198 198 198 198 198 198 197 197 197 197 197 197 197 197 197 197 197 197 197 197 197 197 197 197 197 197 197 197 197 197 197 197 197 197 197 197 197 197 196 196 196 196 196 196 196 196 196 196 196 196 196 196 196 196 196 196 196 196 196 196 196 196 196 196 196 196 196 196 196 195 195 195 195 195 195 195 195 195 195 195 195 195 195 195 195 195 195 195 195 195 195 194 194 194 194 194 194 194 194 194 194 194 194 194 194 194 194 194 194 194 194 194 194 194 194 193 200 200 200 200 200 200 200 200 200 200 200 200 200 200 200 200 200 200 200 200 200 200 200 200 200 200 200 200 200 200 200 200 200 200 200 200 200 199 199 199 199 199 199 199 199 199 199 199 199 199 199 199 199 199 199 199 199 199 199 199 199 199 199 199 198 198 198 198 198 198 198 198 198 198 198 198 198 198 198 198 198 198 198 198 198 198 198 197 197 197 197 197 197 197 197 197 197 197 197 197 197 197 197 197 197 197 197 197 197 197 197 197 197 197 197 197 197 197 197 197 196 196 196 196 196 196 196 196 196 196 196 196 196 196 196 196 196 196 196 196 196 196 196 196 196 196 196 196 196 196 196 195 195 195 195 195 195 195 195 195 195 195 195 195 195 195 195 195 195 195 195 195 195 194 194 194 194 194 194 194 194 194 194 194 194 194 194 194 194 194 194 194 194 194 194 194 194 200 200 200 200 200 200 200 200 200 200 200 200 200 200 200 200 200 200 200 200 200 200 200 200 200 200 200 200 200 200 200 200 200 200 200 200 200 200 200 200 200 199 199 199 199 199 199 199 199 199 199 199 199 199 199 199 199 199 199 199 199 199 199 199 199 199 199 199 199 198 198 198 198 198 198 198 198 198 198 198 198 198 198 198 198 198 198 198 198 198 198 197 197 197 197 197 197 197 197 197 197 197 197 197 197 197 197 197 197 197 197 197 197 197 197 197 197 197 197 197 197 197 197 197 197 197 196 197 196 196 196 196 196 196 196 196 196 196 196 196 196 196 196 196 196 196 196 196 196 196 196 196 196 196 196 196 196 195 195 195 195 195 195 195 195 195 195 195 195 195 195 195 195 195 195 195 195 195 195 194 194 194 194 194 194 194 194 194 194 194 194 194 194 194 194 194 194 194 194 194 194 194 193 193 193 200 200 200 200 200 200 200 200 200 200 200 200 200 200 200 200 200 200 200 200 200 200 200 200 200 200 200 200 200 200 200 200 200 200 200 200 200 200 200 200 200 199 199 199 199 199 199 199 199 199 199 199 199 199 199 199 199 199 199 199 199 199 199 199 199 199 199 199 199 199 199 198 198 198 198 198 198 198 198 198 198 198 198 198 198 198 198 198 198 198 198 198 197 197 197 197 197 197 197 197 197 197 197 197 197 197 197 197 197 197 197 197 197 197 197 197 197 197 197 197 197 197 197 197 197 197 197 197 196 196 196 196 196 196 196 196 196 196 196 196 196 196 196 196 196 196 196 196 196 196 196 196 196 196 196 196 196 196 196 195 195 195 195 195 195 195 195 195 195 195 195 195 195 195 195 195 195 195 195 195 194 194 194 194 194 194 194 194 194 194 194 194 194 194 194 194 194 194 194 194 194 194 194 193 193 193 193 193 200 200 200 200 200 200 200 200 200 200 200 200 200 200 200 200 200 200 200 200 200 200 200 200 200 200 200 200 200 200 200 200 200 200 200 200 200 200 200 200 200 199 199 199 199 199 199 199 199 199 199 199 199 199 199 199 199 199 199 199 199 199 199 199 199 199 199 199 199 199 199 199 198 198 198 198 198 198 198 198 198 198 198 198 198 198 198 198 198 198 198 198 198 197 197 197 197 197 197 197 197 197 197 197 197 197 197 197 197 197 197 197 197 197 197 197 197 197 197 197 197 197 197 197 197 197 197 197 197 196 196 196 196 196 196 196 196 196 196 196 196 196 196 196 196 196 196 196 196 196 196 196 196 196 196 196 196 196 196 195 195 195 195 195 195 195 195 195 195 195 195 195 195 195 195 195 195 195 195 195 195 194 194 194 194 194 194 194 194 194 194 194 194 194 194 194 194 194 194 194 194 194 194 194 194 193 193 193 193 193 200 200 200 200 200 200 200 200 200 200 200 200 200 200 200 200 200 200 200 200 200 200 200 200 200 200 200 200 200 200 200 200 200 200 200 200 200 200 200 200 199 199 199 199 199 199 199 199 199 199 199 199 199 199 199 199 199 199 199 199 199 199 199 199 199 199 199 199 199 199 199 199 199 198 198 198 198 198 198 198 198 198 198 198 198 198 198 198 198 198 198 198 198 198 198 198 197 197 197 197 197 197 197 197 197 197 197 197 197 197 197 197 197 197 197 197 197 197 197 197 197 197 197 197 197 197 197 197 197 197 196 196 196 196 196 196 196 196 196 196 196 196 196 196 196 196 196 196 196 196 196 196 196 196 196 196 196 196 196 195 195 195 195 195 195 195 195 195 195 195 195 195 195 195 195 195 195 195 195 195 195 194 194 194 194 194 194 194 194 194 194 194 194 194 194 194 194 194 194 194 194 194 194 194 194 193 193 193 193 201 200 200 200 200 200 200 200 201 201 200 200 200 200 200 200 200 200 200 200 200 200 200 200 200 200 200 200 200 200 200 200 200 200 200 200 200 200 200 200 199 199 199 199 199 199 199 199 199 199 199 199 199 199 199 199 199 199 199 199 199 199 199 199 199 199 199 199 199 199 199 199 199 199 199 198 198 198 198 198 198 198 198 198 198 198 198 198 198 198 198 198 198 198 198 198 198 198 198 198 197 197 197 197 197 197 197 197 197 197 197 197 197 197 197 197 197 197 197 197 197 197 197 197 197 197 197 197 197 197 197 196 196 196 196 196 196 196 196 196 196 196 196 196 196 196 196 196 196 196 196 196 196 196 196 196 196 196 196 196 196 195 195 195 195 195 195 195 195 195 195 195 195 195 195 195 195 195 195 195 195 195 194 194 194 194 194 194 194 194 194 194 194 194 194 194 194 194 194 194 194 194 194 194 194 194 193 193 193 193 200 200 200 200 200 200 201 201 200 200 200 200 200 200 200 200 200 200 200 200 200 200 200 200 200 200 200 200 200 200 200 200 200 200 200 200 200 200 199 199 199 199 199 199 199 199 199 199 199 199 199 199 199 199 199 199 199 199 199 199 199 199 199 199 199 199 199 199 199 199 199 199 199 198 198 198 198 198 198 198 198 198 198 198 198 198 198 198 198 198 198 198 198 198 198 198 198 198 198 198 197 197 197 197 197 197 197 197 197 197 197 197 197 197 197 197 197 197 197 197 197 197 197 197 197 197 197 197 197 197 197 196 196 196 196 196 196 196 196 196 196 196 196 196 196 196 196 196 196 196 196 196 196 196 196 196 196 196 196 196 196 195 195 195 195 195 195 195 195 195 195 195 195 195 195 195 195 195 195 195 195 195 194 194 194 194 194 194 194 194 194 194 194 194 194 194 194 194 194 194 194 194 194 194 194 194 193 193 193 193 193 193 200 200 200 201 201 201 201 201 201 201 201 200 200 200 200 200 200 200 200 200 200 200 200 200 200 200 200 200 200 200 200 200 200 200 200 200 200 199 199 199 199 199 199 199 199 199 199 199 199 199 199 199 199 199 199 199 199 199 199 199 199 199 199 199 199 199 199 199 199 199 199 199 198 198 198 198 198 198 198 198 198 198 198 198 198 198 198 198 198 198 198 198 198 198 198 198 198 198 198 198 198 197 197 197 197 197 197 197 197 197 197 197 197 197 197 197 197 197 197 197 197 197 197 197 197 197 197 197 197 197 197 196 196 196 196 196 196 196 196 196 196 196 196 196 196 196 196 196 196 196 196 196 196 196 196 196 196 196 196 196 195 195 195 195 195 195 195 195 195 195 195 195 195 195 195 195 195 195 195 195 195 195 194 194 194 194 194 195 194 194 194 194 194 194 194 194 194 194 194 194 194 194 194 194 194 194 193 193 193 193 193 193 200 200 200 201 201 201 201 201 201 201 201 201 201 201 201 201 200 200 200 200 200 200 200 200 200 200 200 200 200 200 200 200 200 200 200 200 200 199 199 199 199 199 199 199 199 199 199 199 199 199 199 199 199 199 199 199 199 199 199 199 199 199 199 199 199 199 199 199 199 199 199 199 199 199 198 198 198 198 198 198 198 198 198 198 198 198 198 198 198 198 198 198 198 198 198 198 198 198 198 198 198 198 197 197 197 197 197 197 197 197 197 197 197 197 197 197 197 197 197 197 197 197 197 197 197 197 197 197 197 197 197 197 196 196 196 196 196 197 196 196 196 196 196 196 196 196 196 196 196 196 196 196 196 196 196 196 196 196 196 196 196 195 195 195 195 195 195 195 195 195 195 195 195 195 195 195 195 195 195 195 195 195 195 194 194 194 194 195 195 194 194 194 194 194 194 194 194 194 194 194 194 194 194 194 194 194 194 193 193 193 193 193 193 200 200 201 201 201 201 201 201 201 201 201 201 201 201 201 200 200 200 200 201 200 200 201 200 200 200 200 200 200 200 200 200 200 200 200 200 200 199 199 199 199 199 199 199 199 199 199 199 199 199 199 199 199 199 199 199 199 199 199 199 199 199 199 199 199 199 199 199 199 199 199 199 199 199 199 198 198 198 198 198 198 198 198 198 198 198 198 198 198 198 198 198 198 198 198 198 198 198 198 198 198 198 198 198 197 197 197 197 197 197 197 197 197 197 197 197 197 197 197 197 197 197 197 197 197 197 197 197 197 197 197 197 197 197 197 196 196 197 196 196 196 196 196 196 196 196 196 196 196 196 196 196 196 196 196 196 196 196 196 196 196 196 195 195 195 195 195 195 195 195 195 195 195 195 195 195 195 195 195 195 195 195 195 195 194 194 194 195 195 195 194 194 194 194 194 194 194 194 194 194 194 194 194 194 194 194 194 194 193 193 193 193 193 193 193 200 200 200 200 200 200 200 200 200 200 200 200 200 200 200 200 200 200 200 200 200 200 200 200 200 200 200 200 200 200 200 200 200 200 200 200 200 200 200 200 200 200 200 200 200 200 200 200 200 200 200 200 200 200 200 200 200 200 200 200 200 200 200 200 200 200 200 200 200 200 199 199 199 199 199 199 199 199 199 199 199 199 199 199 199 199 199 198 198 198 198 198 198 198 198 198 198 198 198 198 198 198 198 198 198 198 198 198 198 198 198 198 198 198 198 198 198 198 198 198 198 197 197 197 197 197 197 197 197 197 197 197 197 197 197 197 197 196 196 196 196 196 196 196 196 196 196 196 196 196 196 196 196 196 196 196 196 196 196 196 196 195 195 195 195 195 195 195 195 195 195 195 195 195 195 195 195 195 195 195 195 195 195 194 194 194 194 194 194 194 194 194 194 194 194 194 194 194 193 193 193 193 193 193 193 193 193 193 193 193 193 193 193 193 193 193 200 200 200 200 200 200 200 200 200 200 200 200 200 200 200 200 200 200 200 200 200 200 200 200 200 200 200 200 200 200 200 200 200 200 200 200 200 200 200 200 200 200 200 200 200 200 200 200 200 200 200 200 200 200 200 200 200 200 200 200 200 200 200 200 200 200 200 200 200 200 200 200 200 199 199 199 199 199 199 199 199 199 199 199 199 199 199 199 198 198 198 198 198 198 198 198 198 198 198 198 198 198 198 198 198 198 198 198 198 198 198 198 198 198 198 198 198 198 198 198 198 198 198 197 197 197 197 197 197 197 197 197 197 197 197 197 197 197 197 196 196 196 196 196 196 196 196 196 196 196 196 196 196 196 196 196 196 196 196 196 196 196 196 196 195 195 195 195 195 195 195 195 195 195 195 195 195 195 195 195 195 195 195 195 195 195 194 194 194 194 194 194 194 194 194 194 194 194 194 194 193 193 193 193 193 193 193 193 193 193 193 193 193 193 193 193 193 200 200 200 200 200 200 200 200 200 200 200 200 200 200 200 200 200 200 200 200 200 200 200 200 200 200 200 200 200 200 200 200 200 200 200 200 200 200 200 200 200 200 200 200 200 200 200 200 200 200 200 200 200 200 200 200 200 200 200 200 200 200 200 200 200 200 200 200 200 200 200 200 200 200 200 199 199 199 199 199 199 199 199 199 199 199 199 199 198 199 198 198 198 198 198 198 198 198 198 198 198 198 198 198 198 198 198 198 198 198 198 198 198 198 198 198 198 198 198 198 198 198 198 198 197 197 197 197 197 197 197 197 197 197 197 197 197 197 197 197 196 196 196 196 196 196 196 196 196 196 196 196 196 196 196 196 196 196 196 196 196 196 196 196 196 195 195 195 195 195 195 195 195 195 195 195 195 195 195 195 195 195 195 195 195 195 195 194 194 194 194 194 194 194 194 194 194 194 194 194 194 194 193 193 193 193 193 193 193 193 193 193 193 193 193 193 200 200 200 200 200 200 200 200 200 200 200 200 200 200 200 200 200 200 200 200 200 200 200 200 200 200 200 200 200 200 200 200 200 200 200 200 200 200 200 200 200 200 200 200 200 200 200 200 200 200 200 200 200 200 200 200 200 200 200 200 200 200 200 200 200 200 200 200 200 200 200 200 200 200 200 200 200 199 199 199 199 199 199 199 199 199 199 199 199 198 199 198 198 198 198 198 198 198 198 198 198 198 198 198 198 198 198 198 198 198 198 198 198 198 198 198 198 198 198 198 198 198 198 198 198 197 197 197 197 197 197 197 197 197 197 197 197 197 197 197 197 196 196 196 196 196 196 196 196 196 196 196 196 196 196 196 196 196 196 196 196 196 196 196 196 196 196 195 195 195 195 195 195 195 195 195 195 195 195 195 195 195 195 195 195 195 195 195 194 194 194 194 194 194 194 194 194 194 194 194 194 194 194 193 193 193 193 193 193 193 193 193 193 193 193 193 193 200 200 200 200 200 200 200 200 200 200 200 200 200 200 200 200 200 200 200 200 200 200 200 200 200 200 200 200 200 200 200 200 200 200 200 200 200 200 200 200 200 200 200 200 200 200 200 200 200 200 200 200 200 200 200 200 200 200 200 200 200 200 200 200 200 200 200 200 200 200 200 200 200 200 200 200 200 200 199 199 199 199 199 199 199 199 199 199 199 199 198 199 198 198 198 198 198 198 198 198 198 198 198 198 198 198 198 198 198 198 198 198 198 198 198 198 198 198 198 198 198 198 198 198 198 198 197 197 197 197 197 197 197 197 197 197 197 197 197 197 197 197 196 196 196 196 196 196 196 196 196 196 196 196 196 196 196 196 196 196 196 196 196 196 196 196 196 196 195 195 195 195 195 195 195 195 195 195 195 195 195 195 195 195 195 195 195 195 194 194 194 194 194 194 194 194 194 194 194 194 194 194 194 194 193 193 193 193 193 193 193 193 193 193 193 193 193 193 200 200 200 200 200 200 200 200 200 200 200 200 200 200 200 200 200 200 200 200 200 200 200 200 200 200 200 200 200 200 200 200 200 200 200 200 200 200 200 200 200 200 200 200 200 200 200 200 200 200 200 200 200 200 200 200 200 200 200 200 200 200 200 200 200 200 200 200 200 200 200 200 200 200 200 200 200 200 200 199 199 199 199 199 199 199 199 199 199 199 199 199 199 199 198 198 198 198 198 198 198 198 198 198 198 198 198 198 198 198 198 198 198 198 198 198 198 198 198 198 198 198 198 198 198 198 197 197 197 197 197 197 197 197 197 197 197 197 197 197 197 197 197 196 197 196 196 196 196 196 196 196 196 196 196 196 196 196 196 196 196 196 196 196 196 196 196 196 195 195 195 195 195 195 195 195 195 195 195 195 195 195 195 195 195 195 195 194 194 194 194 194 194 194 194 194 194 194 194 194 194 194 194 194 194 193 193 193 193 193 193 193 193 193 193 193 193 193 193 200 200 200 200 200 200 200 200 200 200 200 200 200 200 200 200 200 200 200 200 200 200 200 200 200 200 200 200 200 200 200 200 200 200 200 200 200 200 200 200 200 200 200 200 200 200 200 200 200 200 200 200 200 200 200 200 200 200 200 200 200 200 200 200 200 200 200 200 200 200 200 200 200 200 200 200 200 199 199 199 199 199 199 199 199 199 199 199 199 199 199 199 199 199 198 198 198 198 198 198 198 198 198 198 198 198 198 198 198 198 198 198 198 198 198 198 198 198 198 198 198 198 198 198 197 197 197 197 197 197 197 197 197 197 197 197 197 197 197 197 197 197 197 196 196 196 196 196 196 196 196 196 196 196 196 196 196 196 196 196 196 196 196 196 196 196 195 195 195 195 195 195 195 195 195 195 195 195 195 195 195 195 195 195 194 194 194 194 194 194 194 194 194 194 194 194 194 194 194 194 194 194 194 193 193 193 193 193 193 193 193 193 193 193 193 193 193 192 192 192 200 200 200 200 200 200 200 200 200 200 200 200 200 200 200 200 200 200 200 200 200 200 200 200 200 200 200 200 200 200 200 200 200 200 200 200 200 200 200 200 200 200 200 200 200 200 200 200 200 200 200 200 200 200 200 200 200 200 200 200 200 200 200 200 200 200 200 200 200 200 200 200 200 200 200 200 200 200 199 199 199 199 199 199 199 199 199 199 199 199 199 199 199 199 199 198 198 198 198 198 198 198 198 198 198 198 198 198 198 198 198 198 198 198 198 198 198 198 198 198 198 198 198 198 197 197 197 197 197 197 197 197 197 197 197 197 197 197 197 197 197 197 197 196 196 196 196 196 196 196 196 196 196 196 196 196 196 196 196 196 196 196 196 196 196 196 195 195 195 195 195 195 195 195 195 195 195 195 195 195 195 195 195 195 195 194 194 194 194 194 194 194 194 194 194 194 194 194 194 194 194 194 194 194 193 193 193 193 193 193 193 193 193 193 193 193 192 192 192 192 192 192 200 201 200 200 200 200 200 200 200 200 200 200 200 200 200 200 200 200 200 200 200 200 200 200 200 200 200 200 200 200 200 200 200 200 200 200 200 200 200 200 200 200 200 200 200 200 200 200 200 200 200 200 200 200 200 200 200 200 200 200 200 200 200 200 200 200 200 200 200 200 200 200 200 200 200 200 200 200 199 199 199 199 199 199 199 199 199 199 199 199 199 199 199 199 199 199 198 198 198 198 198 198 198 198 198 198 198 198 198 198 198 198 198 198 198 198 198 198 198 198 198 198 198 198 198 197 197 197 197 197 197 197 197 197 197 197 197 197 197 197 197 197 197 196 196 196 196 196 196 196 196 196 196 196 196 196 196 196 196 196 196 196 196 196 196 196 196 196 196 195 195 195 195 195 195 195 195 195 195 195 195 195 195 195 195 195 194 194 194 194 194 194 194 194 194 194 194 194 194 194 194 194 194 194 194 193 193 193 193 193 193 193 193 193 193 193 192 192 192 192 192 200 201 200 200 201 200 200 200 200 200 200 200 200 200 200 200 200 200 200 200 200 200 200 200 200 200 200 200 200 200 200 200 200 200 200 200 200 200 200 200 200 200 200 200 200 200 200 200 200 200 200 200 200 200 200 200 200 200 200 200 200 200 200 200 200 200 200 200 200 200 200 200 200 200 200 200 200 200 199 199 199 199 199 199 199 199 199 199 199 199 199 199 199 199 199 199 199 198 198 198 198 198 198 198 198 198 198 198 198 198 198 198 198 198 198 198 198 198 198 198 198 198 198 198 198 198 197 197 197 197 197 197 197 197 197 197 197 197 197 197 197 197 197 197 197 197 196 196 196 196 196 196 196 196 196 196 196 196 196 196 196 196 196 196 196 196 196 196 196 196 195 195 195 195 195 195 195 195 195 195 195 195 195 195 195 195 195 195 194 194 194 194 194 194 194 194 194 194 194 194 194 194 194 194 194 194 194 193 193 193 193 193 193 193 193 193 193 193 193 193 193 193 193 192 192 192 192 192 201 201 201 200 201 201 201 200 200 200 200 200 200 200 200 200 200 200 200 200 200 200 200 200 200 200 200 200 200 200 200 200 200 200 200 200 200 200 200 200 200 200 200 200 200 200 200 200 200 200 200 200 200 200 200 200 200 200 200 200 200 200 200 200 200 200 200 200 200 200 200 200 200 200 200 200 200 199 199 199 199 199 199 199 199 199 199 199 199 199 199 199 199 199 199 199 198 198 198 198 198 198 198 198 198 198 198 198 198 198 198 198 198 198 198 198 198 198 198 198 198 198 198 198 198 198 198 197 197 197 197 197 197 197 197 197 197 197 197 197 197 197 197 197 197 196 196 196 196 196 196 196 196 196 196 196 196 196 196 196 196 196 196 196 196 196 196 196 196 196 195 195 195 195 195 195 195 195 195 195 195 195 195 195 195 195 195 195 194 194 194 194 194 194 194 194 194 194 194 194 194 194 194 194 194 194 194 193 193 193 193 193 193 193 193 193 193 193 193 193 193 193 193 193 193 193 193 192 192 201 201 201 201 201 201 201 201 200 200 200 200 200 200 200 200 200 200 200 200 200 200 200 200 200 200 200 200 200 200 200 200 200 200 200 200 200 200 200 200 200 200 200 200 200 200 200 200 200 200 200 200 200 200 200 200 200 200 200 200 200 200 200 200 200 200 200 200 200 200 200 200 200 200 200 200 200 200 200 199 199 199 199 199 199 199 199 199 199 199 199 199 199 199 199 199 199 198 199 198 198 198 198 198 198 198 198 198 198 198 198 198 198 198 198 198 198 198 198 198 198 198 198 198 198 198 198 198 197 197 197 197 197 197 197 197 197 197 197 197 197 197 197 197 197 197 196 196 196 196 196 196 196 196 196 196 196 196 196 196 196 196 196 196 196 196 196 196 196 196 196 196 195 195 195 195 195 195 195 195 195 195 195 195 195 195 195 195 195 194 194 194 194 194 194 194 194 194 194 194 194 194 194 194 194 194 194 194 194 193 193 193 193 193 193 193 193 193 193 193 193 193 193 193 193 193 193 193 201 201 201 201 201 201 201 201 201 201 200 200 200 201 200 200 200 200 200 200 200 200 200 200 200 200 200 200 200 200 200 200 200 200 200 200 200 200 200 200 200 200 200 200 200 200 200 200 200 200 200 200 200 200 200 200 200 200 200 200 200 200 200 200 200 200 200 200 200 200 200 200 200 200 200 200 200 200 200 200 200 199 199 199 199 199 199 199 199 199 199 199 199 199 199 199 199 199 199 199 198 198 198 198 198 198 198 198 198 198 198 198 198 198 198 198 198 198 198 198 198 198 198 198 198 198 198 198 198 197 197 197 197 197 197 197 197 197 197 197 197 197 197 197 197 197 197 196 196 196 196 196 196 196 196 196 196 196 196 196 196 196 196 196 196 196 196 196 196 196 196 196 196 195 195 195 195 195 195 195 195 195 195 195 195 195 195 195 195 195 195 194 194 194 194 194 194 194 194 194 194 194 194 194 194 194 194 194 194 194 194 193 193 193 193 193 193 193 193 193 193 193 193 193 193 193 193 193 201 201 201 201 201 201 201 201 201 201 201 201 201 201 201 201 200 200 200 200 200 200 200 200 200 200 200 200 200 200 200 200 200 200 200 200 200 200 200 200 200 200 200 200 200 200 200 200 200 200 200 200 200 200 200 200 200 200 200 200 200 200 200 200 200 200 200 200 200 200 200 200 200 200 200 200 200 200 200 200 200 200 199 199 199 199 199 199 199 199 199 199 199 199 199 199 199 199 199 199 199 198 198 198 198 198 198 198 198 198 198 198 198 198 198 198 198 198 198 198 198 198 198 198 198 198 198 198 198 197 197 197 197 197 197 197 197 197 197 197 197 197 197 197 197 197 197 197 197 196 196 196 196 196 196 196 196 196 196 196 196 196 196 196 196 196 196 196 196 196 196 196 196 196 196 195 195 195 195 195 195 195 195 195 195 195 195 195 195 195 195 195 194 194 194 194 194 194 194 194 194 194 194 194 194 194 194 194 194 194 194 194 193 193 193 193 193 193 193 193 193 193 193 193 193 193 193 193 201 201 201 201 201 201 201 201 201 201 201 201 201 201 201 201 201 201 200 200 200 200 200 200 200 200 200 200 200 200 200 200 200 200 200 200 200 200 200 200 200 200 200 200 200 200 200 200 200 200 200 200 200 200 200 200 200 200 200 200 200 200 200 200 200 200 200 200 200 200 200 200 200 200 200 200 200 200 200 200 200 199 199 199 199 199 199 199 199 199 199 199 199 199 199 199 199 199 199 199 199 198 198 198 198 198 198 198 198 198 198 198 198 198 198 198 198 198 198 198 198 198 198 198 198 198 198 198 198 198 198 197 197 197 197 197 197 197 197 197 197 197 197 197 197 197 197 197 197 196 196 196 196 196 196 196 196 196 196 196 196 196 196 196 196 196 196 196 196 196 196 196 196 196 196 195 195 195 195 195 195 195 195 195 195 195 195 195 195 195 195 195 195 194 194 194 194 194 194 194 194 194 194 194 194 194 194 194 194 194 194 194 194 193 193 193 193 193 193 193 193 193 193 193 193 193 193 201 201 201 201 201 201 201 201 201 201 201 201 201 201 201 201 201 201 201 201 200 200 200 200 200 200 200 200 200 200 200 200 200 200 200 200 200 200 200 200 200 200 200 200 200 200 200 200 200 200 200 200 200 200 200 200 200 200 200 200 200 200 200 200 200 200 200 200 200 200 200 200 200 200 200 200 200 200 200 200 200 199 199 199 199 199 199 199 199 199 199 199 199 199 199 199 199 199 199 199 199 199 198 198 198 198 198 198 198 198 198 198 198 198 198 198 198 198 198 198 198 198 198 198 198 198 198 198 198 198 198 197 197 197 197 197 197 197 197 197 197 197 197 197 197 197 197 197 197 197 197 196 196 196 196 196 196 196 196 196 196 196 196 196 196 196 196 196 196 196 196 196 196 196 196 196 195 195 195 195 195 195 195 195 195 195 195 195 195 195 195 195 195 195 195 194 194 194 194 194 194 194 194 194 194 194 194 194 194 194 194 194 194 194 194 193 193 193 193 193 193 193 193 193 193 193 193 201 201 201 201 201 201 201 201 201 201 201 201 201 201 201 201 201 201 201 201 201 200 200 200 200 200 200 200 200 200 200 200 200 200 200 200 200 200 200 200 200 200 200 200 200 200 200 200 200 200 200 200 200 200 200 200 200 200 200 200 200 200 200 200 200 200 200 200 200 200 200 200 200 200 200 200 200 200 200 200 199 199 199 199 199 199 199 199 199 199 199 199 199 199 199 199 199 199 199 199 199 199 199 198 198 198 198 198 198 198 198 198 198 198 198 198 198 198 198 198 198 198 198 198 198 198 198 198 198 198 197 197 197 197 197 197 197 197 197 197 197 197 197 197 197 197 197 197 197 197 197 196 197 196 196 196 196 196 196 196 196 196 196 196 196 196 196 196 196 196 196 196 196 196 196 196 196 195 195 195 195 195 195 195 195 195 195 195 195 195 195 195 195 195 195 194 194 194 194 194 194 194 194 194 194 194 194 194 194 194 194 194 194 194 194 193 193 193 193 193 193 193 193 193 193 193 201 201 201 201 201 201 201 201 201 201 201 201 201 201 201 201 201 201 201 201 201 200 200 200 200 200 200 200 201 201 200 200 200 200 200 200 200 200 200 200 200 200 200 200 200 200 200 200 200 200 200 200 200 200 200 200 200 200 200 200 200 200 200 200 200 200 200 200 200 200 200 200 200 200 200 200 200 200 199 199 199 199 199 199 199 199 199 199 199 199 199 199 199 199 199 199 199 199 199 199 199 199 198 198 198 198 198 198 198 198 198 198 198 198 198 198 198 198 198 198 198 198 198 198 198 198 198 198 197 197 197 197 197 197 197 197 197 197 197 197 197 197 197 197 197 197 197 197 197 197 197 197 196 196 196 196 196 196 196 196 196 196 196 196 196 196 196 196 196 196 196 196 196 196 196 196 195 195 195 195 195 195 195 195 195 195 195 195 195 195 195 195 195 195 195 194 194 194 194 194 194 194 194 194 194 194 194 194 194 194 194 194 194 194 194 193 193 193 193 193 193 193 193 193 201 201 201 201 201 201 201 201 201 201 201 201 201 201 201 201 201 201 201 201 200 200 200 200 200 201 201 201 201 201 200 200 200 200 200 200 200 200 200 200 200 200 200 200 200 200 200 200 200 200 200 200 200 200 200 200 200 200 200 200 200 200 200 200 200 200 200 200 200 200 200 200 200 200 200 199 199 199 199 199 199 199 199 199 199 199 199 199 199 199 199 199 199 199 199 199 199 199 199 199 198 199 198 198 198 198 198 198 198 198 198 198 198 198 198 198 198 198 198 198 198 198 198 198 198 197 197 197 197 197 197 197 197 197 197 197 197 197 197 197 197 197 197 197 197 197 197 197 197 197 196 196 196 196 196 196 196 196 196 196 196 196 196 196 196 196 196 196 196 196 196 196 196 196 196 195 195 195 195 195 195 195 195 195 195 195 195 195 195 195 195 195 195 194 194 194 194 194 194 194 194 194 194 194 194 194 194 194 194 194 194 194 194 194 193 193 193 193 193 193 193 201 201 201 201 201 201 201 201 201 201 201 201 201 201 201 201 201 201 201 201 201 200 200 200 201 201 201 201 201 201 200 200 200 200 200 200 200 200 200 200 200 200 200 200 200 200 200 200 200 200 200 200 200 200 200 200 200 200 200 200 200 200 200 200 200 200 200 200 200 200 200 200 200 200 199 199 199 199 199 199 199 199 199 199 199 199 199 199 199 199 199 199 199 199 199 199 199 199 199 199 199 199 198 198 198 198 198 198 198 198 198 198 198 198 198 198 198 198 198 198 198 198 198 198 197 197 197 197 197 197 197 197 197 197 197 197 197 197 197 197 197 197 197 197 197 197 197 197 197 197 197 196 196 196 196 196 196 196 196 196 196 196 196 196 196 196 196 196 196 196 196 196 196 196 195 195 195 195 195 195 195 195 195 195 195 195 195 195 195 195 195 195 195 195 194 194 194 194 194 194 194 194 194 194 194 194 194 194 194 194 194 194 194 194 194 194 193 193 193 193 201 201 201 201 201 201 201 201 201 201 201 201 201 201 201 201 201 201 201 201 201 201 200 200 201 201 201 201 201 201 201 201 201 200 200 200 200 200 200 200 200 200 200 200 200 200 200 200 200 200 200 200 200 200 200 200 200 200 200 200 200 200 200 200 200 200 200 200 200 200 200 200 200 200 199 199 199 199 199 199 199 199 199 199 199 199 199 199 199 199 199 199 199 199 199 199 199 199 199 199 199 199 199 198 198 198 198 198 198 198 198 198 198 198 198 198 198 198 198 198 198 198 198 198 197 197 197 197 197 197 197 197 197 197 197 197 197 197 197 197 197 197 197 197 197 197 197 197 197 197 197 197 197 196 196 196 196 196 196 196 196 196 196 196 196 196 196 196 196 196 196 196 196 196 195 195 195 195 195 195 195 195 195 195 195 195 195 195 195 195 195 195 195 195 195 195 194 194 194 194 194 194 194 194 194 194 194 194 194 194 194 194 194 194 194 194 194 193 193 193 201 201 201 201 201 201 201 201 201 201 201 201 201 201 201 201 201 201 201 201 201 201 201 201 201 201 201 201 201 201 201 201 201 201 201 201 200 200 200 200 200 200 200 200 200 200 200 200 200 200 200 200 200 200 200 200 200 200 200 200 200 200 200 200 200 200 200 200 200 200 200 200 200 200 200 199 199 199 199 199 199 199 199 199 199 199 199 199 199 199 199 199 199 199 199 199 199 199 199 199 199 199 199 199 199 198 198 198 198 198 198 198 198 198 198 198 198 198 198 198 198 198 198 198 198 198 198 197 197 197 197 197 197 197 197 197 197 197 197 197 197 197 197 197 197 197 197 197 197 197 197 197 197 197 197 196 196 196 196 196 196 196 196 196 196 196 196 196 196 196 196 196 196 196 196 196 196 195 195 195 195 195 195 195 195 195 195 195 195 195 195 195 195 195 195 195 195 195 195 194 194 194 194 194 194 194 194 194 194 194 194 194 194 194 194 194 194 194 194 193 193 201 201 201 201 201 201 201 201 201 201 201 201 201 201 201 201 201 201 201 201 201 201 201 201 201 201 201 201 201 201 201 201 201 201 201 201 201 201 201 201 201 200 200 200 200 200 200 200 200 200 200 200 200 200 200 200 200 200 200 200 200 200 200 200 200 200 200 200 200 200 200 200 200 200 200 200 200 199 199 199 199 199 199 199 199 199 199 199 199 199 199 199 199 199 199 199 199 199 199 199 199 199 199 199 199 199 199 198 198 198 198 198 198 198 198 198 198 198 198 198 198 198 198 198 198 198 198 198 198 198 197 197 197 197 197 197 197 197 197 197 197 197 197 197 197 197 197 197 197 197 197 197 197 197 197 197 197 197 197 196 196 196 196 196 196 196 196 196 196 196 196 196 196 196 196 196 196 196 196 196 196 195 195 195 195 195 195 195 195 195 195 195 195 195 195 195 195 195 195 195 195 195 194 194 194 194 194 194 194 194 194 194 194 194 194 194 194 194 194 194 194 194 201 201 201 201 201 201 201 201 201 201 201 201 201 201 201 201 201 201 201 201 201 201 201 201 201 201 201 201 201 201 201 201 201 201 201 201 201 201 201 201 201 201 201 201 200 200 200 200 200 200 200 200 200 200 200 200 200 200 200 200 200 200 200 200 200 200 200 200 200 200 200 200 200 200 200 200 200 200 199 199 199 199 199 199 199 199 199 199 199 199 199 199 199 199 199 199 199 199 199 199 199 199 199 199 199 199 199 199 199 199 198 198 198 198 198 198 198 198 198 198 198 198 198 198 198 198 198 198 198 198 198 198 197 197 197 197 197 197 197 197 197 197 197 197 197 197 197 197 197 197 197 197 197 197 197 197 197 197 197 197 197 196 196 196 196 196 196 196 196 196 196 196 196 196 196 196 196 196 196 196 196 196 196 195 195 195 195 195 195 195 195 195 195 195 195 195 195 195 195 195 195 195 195 195 195 195 194 194 194 194 194 194 194 194 194 194 194 194 194 194 194 194 201 201 201 201 201 201 201 201 201 201 201 201 201 201 201 201 201 201 201 201 201 201 201 201 201 201 201 201 201 201 201 201 201 201 201 201 201 201 201 201 201 201 201 201 201 201 200 200 200 200 200 200 200 200 200 200 200 200 200 200 200 200 200 200 200 200 200 200 200 200 200 200 200 200 200 200 200 200 199 199 199 199 199 199 199 199 199 199 199 199 199 199 199 199 199 199 199 199 199 199 199 199 199 199 199 199 199 199 199 199 199 198 198 198 198 198 198 198 198 198 198 198 198 198 198 198 198 198 198 198 198 198 198 197 197 197 197 197 197 197 197 197 197 197 197 197 197 197 197 197 197 197 197 197 197 197 197 197 197 197 197 197 197 196 196 196 196 196 196 196 196 196 196 196 196 196 196 196 196 196 196 196 196 196 196 195 195 195 195 195 195 195 195 195 195 195 195 195 195 195 195 195 195 195 195 195 195 195 194 194 194 194 194 194 194 194 194 194 194 194 194 194 201 201 201 201 201 201 201 201 201 201 201 201 201 201 201 201 201 201 201 201 201 201 201 201 201 201 201 201 201 201 201 201 201 201 201 201 201 201 201 201 201 201 201 201 201 201 201 201 201 201 201 200 200 200 200 200 200 200 200 200 200 200 200 200 200 200 200 200 200 200 200 200 200 200 200 200 200 200 200 200 200 199 199 199 199 199 199 199 199 199 199 199 199 199 199 199 199 199 199 199 199 199 199 199 199 199 199 199 199 199 199 199 199 199 199 199 198 198 198 198 198 198 198 198 198 198 198 198 198 198 198 198 198 198 198 198 198 198 198 197 197 197 197 197 197 197 197 197 197 197 197 197 197 197 197 197 197 197 197 197 197 197 197 197 197 197 197 196 196 196 196 196 196 196 196 196 196 196 196 196 196 196 196 196 196 196 196 196 196 195 195 195 195 195 195 195 195 195 195 195 195 195 195 195 195 195 195 195 195 195 195 195 194 194 194 194 194 194 194 194 194 194 194 194 201 201 201 201 201 201 201 201 201 201 201 201 201 201 201 201 201 201 201 201 201 201 201 201 201 201 201 201 201 201 201 201 201 201 201 201 201 201 201 201 201 201 201 201 201 201 201 201 201 201 201 201 201 200 200 200 200 200 200 200 200 200 200 200 200 200 200 200 200 200 200 200 200 200 200 200 200 200 200 200 200 199 199 199 199 199 199 199 199 199 199 199 199 199 199 199 199 199 199 199 199 199 199 199 199 199 199 199 199 199 199 199 199 199 199 199 199 199 198 198 198 198 198 198 198 198 198 198 198 198 198 198 198 198 198 198 198 198 198 198 198 197 197 197 197 197 197 197 197 197 197 197 197 197 197 197 197 197 197 197 197 197 197 197 197 197 197 197 197 196 196 196 196 196 196 196 196 196 196 196 196 196 196 196 196 196 196 196 196 196 196 195 195 195 195 195 195 195 195 195 195 195 195 195 195 195 195 195 195 195 195 195 195 194 194 194 194 194 194 194 194 194 194 201 201 201 201 201 201 201 201 201 201 201 201 201 201 201 201 201 201 201 201 201 201 201 201 201 201 201 201 201 201 201 201 201 201 201 201 201 201 201 201 201 201 201 201 201 201 201 201 201 201 201 201 201 201 201 200 200 200 200 200 200 200 200 200 200 200 200 200 200 200 200 200 200 200 200 200 200 200 200 200 200 199 199 199 199 199 199 199 199 199 199 199 199 199 199 199 199 199 199 199 199 199 199 199 199 199 199 199 199 199 199 199 199 199 199 199 199 199 199 198 198 198 198 198 198 198 198 198 198 198 198 198 198 198 198 198 198 198 198 198 198 197 197 197 197 197 197 197 197 197 197 197 197 197 197 197 197 197 197 197 197 197 197 197 197 197 197 197 197 197 197 196 196 196 196 196 196 196 196 196 196 196 196 196 196 196 196 196 196 196 196 196 196 195 195 195 195 195 195 195 195 195 195 195 195 195 195 195 195 195 195 195 195 195 195 194 194 194 194 194 194 194 194 201 201 201 201 201 201 201 201 201 201 201 201 201 201 201 201 201 201 201 201 201 201 201 201 201 201 201 201 201 201 201 201 201 201 201 201 201 201 201 201 201 201 201 201 201 201 201 201 201 201 201 201 201 201 201 200 200 200 200 200 200 200 200 200 200 200 200 200 200 200 200 200 200 200 200 200 200 200 200 200 200 199 199 199 199 199 199 199 199 199 199 199 199 199 199 199 199 199 199 199 199 199 199 199 199 199 199 199 199 199 199 199 199 199 199 199 199 199 199 198 198 198 198 198 198 198 198 198 198 198 198 198 198 198 198 198 198 198 198 198 198 198 197 197 197 197 197 197 197 197 197 197 197 197 197 197 197 197 197 197 197 197 197 197 197 197 197 197 197 197 197 196 196 196 196 196 196 196 196 196 196 196 196 196 196 196 196 196 196 196 196 196 196 196 195 195 195 195 195 195 195 195 195 195 195 195 195 195 195 195 195 195 195 195 195 195 194 194 194 194 194 194 201 201 201 201 201 201 201 201 201 201 201 201 201 201 201 201 201 201 201 201 201 201 201 201 201 201 201 201 201 201 201 201 201 201 201 201 201 201 201 201 201 201 201 201 201 201 201 201 201 201 201 201 201 201 201 201 201 201 201 200 200 200 200 200 200 200 200 200 200 200 200 200 200 200 200 200 200 200 200 200 200 200 200 200 200 200 200 199 199 199 199 199 199 199 199 199 199 199 199 199 199 199 199 199 199 199 199 199 199 199 199 199 199 199 199 199 199 199 199 199 199 199 199 198 198 198 198 198 198 198 198 198 198 198 198 198 198 198 198 198 198 198 198 198 198 197 197 197 197 197 197 197 197 197 197 197 197 197 197 197 197 197 197 197 197 197 197 197 197 197 197 197 197 197 197 196 196 196 196 196 196 196 196 196 196 196 196 196 196 196 196 196 196 196 196 196 196 195 195 195 195 195 195 195 195 195 195 195 195 195 195 195 195 195 195 195 195 195 195 195 194 194 194 194 194 201 201 201 201 201 201 201 201 201 201 201 201 201 201 201 201 201 201 201 201 201 201 201 201 201 201 201 201 201 201 201 201 201 201 201 201 201 201 201 201 201 201 201 201 201 201 201 201 201 201 201 201 201 201 201 201 201 201 201 201 201 201 200 200 200 200 200 200 200 200 200 200 200 200 200 200 200 200 200 200 200 200 200 200 200 200 200 200 200 199 199 199 199 199 199 199 199 199 199 199 199 199 199 199 199 199 199 199 199 199 199 199 199 199 199 199 199 199 199 199 199 199 199 199 199 198 198 198 198 198 198 198 198 198 198 198 198 198 198 198 198 198 198 198 198 198 198 198 198 197 197 197 197 197 197 197 197 197 197 197 197 197 197 197 197 197 197 197 197 197 197 197 197 197 197 197 197 197 196 196 196 196 196 196 196 196 196 196 196 196 196 196 196 196 196 196 196 196 196 196 195 195 195 195 195 195 195 195 195 195 195 195 195 195 195 195 195 195 195 195 195 195 195 194 194 194 194 194 194 201 201 201 201 201 201 201 201 201 201 201 201 201 201 201 201 201 201 201 201 201 201 201 201 201 201 201 201 201 201 201 201 201 201 201 201 201 201 201 201 201 201 201 201 201 201 201 201 201 201 201 201 201 201 201 201 201 201 201 201 201 201 201 201 200 200 200 200 200 200 200 200 200 200 200 200 200 200 200 200 200 200 200 200 200 200 200 200 200 200 200 199 199 199 199 199 199 199 199 199 199 199 199 199 199 199 199 199 199 199 199 199 199 199 199 199 199 199 199 199 199 199 199 199 199 199 198 198 198 198 198 198 198 198 198 198 198 198 198 198 198 198 198 198 198 198 198 198 198 198 197 197 197 197 197 197 197 197 197 197 197 197 197 197 197 197 197 197 197 197 197 197 197 197 197 197 197 197 197 196 196 196 196 196 196 196 196 196 196 196 196 196 196 196 196 196 196 196 196 196 196 196 195 195 195 195 195 195 195 195 195 195 195 195 195 195 195 195 195 195 195 195 195 195 195 194 194 194 194 194 201 201 201 201 201 201 201 201 201 201 201 201 201 201 201 201 201 201 201 201 201 201 201 201 201 201 201 201 201 201 201 201 201 201 201 201 201 201 201 201 201 201 201 201 201 201 201 201 201 201 201 201 201 201 201 201 201 201 201 201 201 201 201 201 201 201 200 200 200 200 200 200 200 200 200 200 200 200 200 200 200 200 200 200 200 200 200 200 200 200 200 200 199 199 199 199 199 199 199 199 199 199 199 199 199 199 199 199 199 199 199 199 199 199 199 199 199 199 199 199 199 199 199 199 199 199 199 199 198 198 198 198 198 198 198 198 198 198 198 198 198 198 198 198 198 198 198 198 198 198 198 198 197 197 197 197 197 197 197 197 197 197 197 197 197 197 197 197 197 197 197 197 197 197 197 197 197 197 197 197 197 196 196 196 196 196 196 196 196 196 196 196 196 196 196 196 196 196 196 196 196 196 196 196 195 195 195 195 195 195 195 195 195 195 195 195 195 195 195 195 195 195 195 195 195 195 195 194 194 194 194 201 201 201 201 201 201 201 201 201 201 201 201 201 201 201 201 201 201 201 201 201 201 201 201 201 201 201 201 201 201 201 201 201 201 201 201 201 201 201 201 201 201 201 201 201 201 201 201 201 201 201 201 201 201 201 201 201 201 201 201 201 201 200 200 200 200 200 200 200 200 200 200 200 200 200 200 200 200 200 200 200 200 200 200 200 200 200 200 200 200 199 199 199 199 199 199 199 199 199 199 199 199 199 199 199 199 199 199 199 199 199 199 199 199 199 199 199 199 199 199 199 199 199 199 198 198 198 198 198 198 198 198 198 198 198 198 198 198 198 198 198 198 198 198 198 198 198 198 198 198 197 197 197 197 197 197 197 197 197 197 197 197 197 197 197 197 197 197 197 197 197 197 197 197 197 197 197 197 196 196 196 196 196 196 196 196 196 196 196 196 196 196 196 196 196 196 196 196 196 196 196 195 195 195 195 195 195 195 195 195 195 195 195 195 195 195 195 195 195 195 195 195 195 195 195 194 194 201 201 201 201 201 201 201 201 201 201 201 201 201 201 201 201 201 201 201 201 201 201 201 201 201 201 201 201 201 201 201 201 201 201 201 201 201 201 201 201 201 201 201 201 201 201 201 201 201 201 201 201 201 201 201 201 201 201 201 201 201 200 200 200 200 200 200 200 200 200 200 200 200 200 200 200 200 200 200 200 200 200 200 200 200 200 200 200 200 199 199 199 199 199 199 199 199 199 199 199 199 199 199 199 199 199 199 199 199 199 199 199 199 199 199 199 199 199 199 199 199 199 199 198 198 198 198 198 198 198 198 198 198 198 198 198 198 198 198 198 198 198 198 198 198 198 198 197 198 197 197 197 197 197 197 197 197 197 197 197 197 197 197 197 197 197 197 197 197 197 197 197 197 197 197 197 197 196 196 196 196 196 196 196 196 196 196 196 196 196 196 196 196 196 196 196 196 196 196 196 195 195 195 195 195 195 195 195 195 195 195 195 195 195 195 195 195 195 195 195 195 195 195 194 201 201 201 201 201 201 201 201 201 201 201 201 201 201 201 201 201 201 201 201 201 201 201 201 201 201 201 201 201 201 201 201 201 201 201 201 201 201 201 201 201 201 201 201 201 201 201 201 201 201 201 201 201 201 201 201 201 201 201 200 200 200 200 200 200 200 200 200 200 200 200 200 200 200 200 200 200 200 200 200 200 200 200 200 200 200 199 199 199 199 199 199 199 199 199 199 199 199 199 199 199 199 199 199 199 199 199 199 199 199 199 199 199 199 199 199 199 199 199 199 198 198 198 198 198 198 198 198 198 198 198 198 198 198 198 198 198 198 198 198 198 198 198 198 198 198 197 197 197 197 197 197 197 197 197 197 197 197 197 197 197 197 197 197 197 197 197 197 197 197 197 197 197 197 196 196 196 196 196 196 196 196 196 196 196 196 196 196 196 196 196 196 196 196 196 196 196 196 195 195 195 195 195 195 195 195 195 195 195 195 195 195 195 195 195 195 195 195 195 195 195 201 201 201 201 201 201 201 201 201 201 201 201 201 201 201 201 201 201 201 201 201 201 201 201 201 201 201 201 201 201 201 201 201 201 201 201 201 201 201 201 201 201 201 201 201 201 201 201 201 201 201 200 200 200 200 200 200 200 200 200 200 200 200 200 200 200 200 200 200 200 200 200 200 200 200 200 200 200 199 199 199 199 199 199 199 199 199 199 199 199 199 199 199 199 199 199 199 199 199 199 199 199 199 199 199 199 199 199 199 199 199 198 198 198 198 198 198 198 198 198 198 198 198 198 198 198 198 198 198 198 198 198 198 198 198 198 198 198 197 197 197 197 197 197 197 197 197 197 197 197 197 197 197 197 197 197 197 197 197 197 197 197 197 197 197 196 196 196 196 196 196 196 196 196 196 196 196 196 196 196 196 196 196 196 196 196 196 196 196 196 195 195 195 195 195 195 195 195 195 195 195 195 195 195 195 195 195 195 195 195 201 201 201 201 201 201 201 201 201 201 201 201 201 201 201 201 201 201 201 201 201 201 201 201 201 201 201 201 201 201 201 201 201 201 201 201 201 201 201 201 201 201 201 201 201 201 201 201 201 201 200 200 200 200 200 200 200 200 200 200 200 200 200 200 200 200 200 200 200 200 200 200 200 200 200 200 200 199 199 199 199 199 199 199 199 199 199 199 199 199 199 199 199 199 199 199 199 199 199 199 199 199 199 199 199 199 199 199 199 198 198 198 198 198 198 198 198 198 198 198 198 198 198 198 198 198 198 198 198 198 198 198 198 198 198 198 198 198 197 197 197 197 197 197 197 197 197 197 197 197 197 197 197 197 197 197 197 197 197 197 197 197 197 197 197 196 196 196 196 196 196 196 196 196 196 196 196 196 196 196 196 196 196 196 196 196 196 196 196 196 195 195 195 195 195 195 195 195 195 195 195 195 195 195 195 195 195 201 201 201 201 201 201 201 201 201 201 201 201 201 201 201 201 201 201 201 201 201 201 201 201 201 201 201 201 201 201 201 201 201 201 201 201 201 201 201 201 201 201 201 201 201 201 201 201 201 201 201 200 200 200 200 200 200 200 200 200 200 200 200 200 200 200 200 200 200 200 200 200 200 200 200 200 200 200 199 199 199 199 199 199 199 199 199 199 199 199 199 199 199 199 199 199 199 199 199 199 199 199 199 199 199 199 199 199 198 198 198 198 198 198 198 198 198 198 198 198 198 198 198 198 198 198 198 198 198 198 198 198 198 198 198 198 198 198 198 197 197 197 197 197 197 197 197 197 197 197 197 197 197 197 197 197 197 197 197 197 197 197 197 197 197 197 196 196 196 196 196 196 196 196 196 196 196 196 196 196 196 196 196 196 196 196 196 196 196 196 196 195 195 195 195 195 195 195 195 195 195 195 195 195 201 201 201 201 201 201 201 201 201 201 201 201 201 201 201 201 201 201 201 201 201 201 201 201 201 201 201 201 201 201 201 201 201 201 201 201 201 201 201 201 201 201 201 201 201 201 201 201 201 201 201 201 201 200 200 200 200 200 200 200 200 200 200 200 200 200 200 200 200 200 200 200 200 200 200 200 200 200 200 200 199 199 199 199 199 199 199 199 199 199 199 199 199 199 199 199 199 199 199 199 199 199 199 199 199 199 199 199 198 198 198 198 198 198 198 198 198 198 198 198 198 198 198 198 198 198 198 198 198 198 198 198 198 198 198 198 198 198 198 198 198 197 197 197 197 197 197 197 197 197 197 197 197 197 197 197 197 197 197 197 197 197 197 197 197 197 197 197 196 196 196 196 196 196 196 196 196 196 196 196 196 196 196 196 196 196 196 196 196 196 196 196 196 195 195 195 195 195 195 195 195 195 201 201 201 201 201 201 201 201 201 201 201 201 201 201 201 201 201 201 201 201 201 201 201 201 201 201 201 201 201 201 201 201 201 201 201 201 201 201 201 201 201 201 201 201 201 201 201 201 201 201 201 201 201 201 200 200 200 200 200 200 200 200 200 200 200 200 200 200 200 200 200 200 200 200 200 200 200 200 200 200 200 199 199 199 199 199 199 199 199 199 199 199 199 199 199 199 199 199 199 199 199 199 199 199 199 199 199 199 199 198 198 198 198 198 198 198 198 198 198 198 198 198 198 198 198 198 198 198 198 198 198 198 198 198 198 198 198 198 198 198 198 198 198 197 197 197 197 197 197 197 197 197 197 197 197 197 197 197 197 197 197 197 197 197 197 197 197 197 197 197 196 196 196 196 196 196 196 196 196 196 196 196 196 196 196 196 196 196 196 196 196 196 196 196 196 195 195 195 195 195 195 201 201 201 201 201 201 201 201 201 201 201 201 201 201 201 201 201 201 201 201 201 201 201 201 201 201 201 201 201 201 201 201 201 201 201 201 201 201 201 201 201 201 201 201 201 201 201 201 201 201 201 201 201 201 201 201 201 201 201 201 201 201 201 201 200 200 200 200 200 200 200 200 200 200 200 200 200 200 200 200 200 200 200 200 200 200 200 200 200 200 200 199 199 199 199 199 199 199 199 199 199 199 199 199 199 199 199 199 199 199 199 199 199 199 199 199 199 199 199 198 198 198 198 198 198 198 198 198 198 198 198 198 198 198 198 198 198 198 198 198 198 198 198 198 198 198 198 198 198 198 198 198 197 197 197 197 197 197 197 197 197 197 197 197 197 197 197 197 197 197 197 197 197 197 197 197 197 197 197 197 196 196 196 196 196 196 196 196 196 196 196 196 196 196 196 196 196 196 196 196 196 196 196 196 196 195 195 195 195 201 201 201 201 201 201 201 201 201 201 201 201 201 201 201 201 201 201 201 201 201 201 201 201 201 201 201 201 201 201 201 201 201 201 201 201 201 201 201 201 201 201 201 201 201 201 201 201 201 201 201 201 201 201 201 201 201 201 201 201 201 201 201 201 201 201 201 201 201 201 201 200 200 200 200 200 200 200 200 200 200 200 200 200 200 200 200 200 200 200 200 200 200 200 200 200 200 199 199 199 199 199 199 199 199 199 199 199 199 199 199 199 199 199 199 199 199 199 199 199 199 199 199 199 199 199 198 198 198 198 198 198 198 198 198 198 198 198 198 198 198 198 198 198 198 198 198 198 198 198 198 198 198 198 198 198 198 198 198 197 197 197 197 197 197 197 197 197 197 197 197 197 197 197 197 197 197 197 197 197 197 197 197 197 197 197 197 196 196 196 196 196 196 196 196 196 196 196 196 196 196 196 196 196 196 196 196 196 196 196 196 196 195 195 195 195 195 195 195 195 195 201 201 201 201 201 201 201 201 201 201 201 201 201 201 201 201 201 201 201 201 201 201 201 201 201 201 201 201 201 201 201 201 201 201 201 201 201 201 201 201 201 201 201 201 201 201 201 201 201 201 201 201 201 201 201 201 201 201 201 201 201 201 201 201 201 201 201 201 201 201 201 200 200 200 200 200 200 200 200 200 200 200 200 200 200 200 200 200 200 200 200 200 200 200 200 200 200 200 200 199 199 199 199 199 199 199 199 199 199 199 199 199 199 199 199 199 199 199 199 199 199 199 199 199 199 199 199 199 198 198 198 198 198 198 198 198 198 198 198 198 198 198 198 198 198 198 198 198 198 198 198 198 198 198 198 198 198 198 198 198 198 197 197 197 197 197 197 197 197 197 197 197 197 197 197 197 197 197 197 197 197 197 197 197 197 197 197 197 197 196 196 196 196 196 196 196 196 196 196 196 196 196 196 196 196 196 196 196 196 196 196 196 196 196 196 195 195 195 195 195 195 197 197 201 201 201 201 201 201 201 201 201 201 201 201 201 201 201 201 201 201 201 201 201 201 201 201 201 201 201 201 201 201 201 201 201 201 201 201 201 201 201 201 201 201 201 201 201 201 201 201 201 201 201 201 201 201 201 201 201 201 201 201 201 201 201 201 201 201 201 201 201 201 201 200 200 200 200 200 200 200 200 200 200 200 200 200 200 200 200 200 200 200 200 200 200 200 200 200 200 200 200 200 199 199 199 199 199 199 199 199 199 199 199 199 199 199 199 199 199 199 199 199 199 199 199 199 199 199 199 199 199 199 198 198 198 198 198 198 198 198 198 198 198 198 198 198 198 198 198 198 198 198 198 198 198 198 198 198 198 198 198 198 198 198 198 197 197 197 197 197 197 197 197 197 197 197 197 197 197 197 197 197 197 197 197 197 197 197 197 197 197 197 197 196 196 196 196 196 196 196 196 196 196 196 196 196 196 196 196 196 196 196 196 196 196 196 196 196 196 195 195 195 195 197 197 197 197 201 201 201 201 201 201 201 201 201 201 201 201 201 201 201 201 201 201 201 201 201 201 201 201 201 201 201 201 201 201 201 201 201 201 201 201 201 201 201 201 201 201 201 201 201 201 201 201 201 201 201 201 201 201 201 201 201 201 201 201 201 201 201 201 201 201 201 201 201 201 201 201 200 200 200 200 200 200 200 200 200 200 200 200 200 200 200 200 200 200 200 200 200 200 200 200 200 200 200 200 200 200 200 199 199 199 199 199 199 199 199 199 199 199 199 199 199 199 199 199 199 199 199 199 199 199 199 199 199 199 199 198 198 198 198 198 198 198 198 198 198 198 198 198 198 198 198 198 198 198 198 198 198 198 198 198 198 198 198 198 198 198 198 198 198 198 197 197 197 197 197 197 197 197 197 197 197 197 197 197 197 197 197 197 197 197 197 197 197 197 197 197 197 197 196 196 196 196 196 196 196 196 196 196 196 196 196 196 196 196 196 196 196 196 196 196 196 196 196 196 195 195 197 197 197 197 197 202 201 202 201 201 201 201 201 201 201 201 201 201 201 201 201 201 201 201 201 201 201 201 201 201 201 201 201 201 201 201 201 201 201 201 201 201 201 201 201 201 201 201 201 201 201 201 201 201 201 201 201 201 201 201 201 201 201 201 201 201 201 201 201 201 201 201 201 201 201 201 200 200 200 200 200 200 200 200 200 200 200 200 200 200 200 200 200 200 200 200 200 200 200 200 200 200 200 200 200 200 200 200 199 199 199 199 199 199 199 199 199 199 199 199 199 199 199 199 199 199 199 199 199 199 199 199 199 199 199 199 198 198 198 198 198 198 198 198 198 198 198 198 198 198 198 198 198 198 198 198 198 198 198 198 198 198 198 198 198 198 198 198 198 198 198 198 197 197 197 197 197 197 197 197 197 197 197 197 197 197 197 197 197 197 197 197 197 197 197 197 197 197 197 197 196 196 196 196 196 196 196 196 196 196 196 196 196 196 196 196 196 196 196 196 196 196 196 196 196 196 197 197 197 197 197 197 202 202 202 202 201 201 201 201 201 201 201 201 201 201 201 201 201 201 201 201 202 201 201 201 201 201 201 201 201 201 201 201 201 201 201 201 201 201 201 201 201 201 201 201 201 201 201 201 201 201 201 201 201 201 201 201 201 201 201 201 201 201 201 201 201 201 201 201 201 201 200 200 200 200 200 200 200 200 200 200 200 200 200 200 200 200 200 200 200 200 200 200 200 200 200 200 200 200 200 200 200 200 200 199 199 199 199 199 199 199 199 199 199 199 199 199 199 199 199 199 199 199 199 199 199 199 199 199 199 199 199 198 199 198 199 198 198 198 198 198 198 198 198 198 198 198 198 198 198 198 198 198 198 198 198 198 198 198 198 198 198 198 198 198 198 198 198 198 197 197 197 197 197 197 197 197 197 197 197 197 197 197 197 197 197 197 197 197 197 197 197 197 197 197 197 197 197 196 196 196 196 196 196 196 196 196 196 196 196 196 196 196 196 196 196 196 196 196 196 196 197 197 197 197 197 202 202 202 202 201 202 201 201 201 201 201 201 201 201 201 201 201 201 202 202 202 201 201 201 201 201 201 201 201 201 201 201 201 201 201 201 201 201 201 201 201 201 201 201 201 201 201 201 201 201 201 201 201 201 201 201 201 201 201 201 201 201 201 201 201 201 201 201 200 200 200 200 200 200 200 200 200 200 200 200 200 200 200 200 200 200 200 200 200 200 200 200 200 200 200 200 200 200 200 200 200 200 200 199 199 199 199 199 199 199 199 199 199 199 199 199 199 199 199 199 199 199 199 199 199 199 199 199 199 199 199 199 199 199 199 198 198 198 198 198 198 198 198 198 198 198 198 198 198 198 198 198 198 198 198 198 198 198 198 198 198 198 198 198 198 198 198 198 198 197 197 197 197 197 197 197 197 197 197 197 197 197 197 197 197 197 197 197 197 197 197 197 197 197 197 197 197 196 196 196 196 196 196 196 196 196 196 196 196 196 196 196 196 196 196 196 196 196 197 197 197 197 202 202 202 202 202 202 201 201 201 201 201 201 201 201 201 201 201 202 202 202 202 202 201 201 201 201 201 201 201 201 201 201 201 201 201 201 201 201 201 201 201 201 201 201 201 201 201 201 201 201 201 201 201 201 201 201 201 201 201 201 201 201 201 201 201 201 201 200 200 200 200 200 200 200 200 200 200 200 200 200 200 200 200 200 200 200 200 200 200 200 200 200 200 200 200 200 200 200 200 200 200 200 200 200 199 199 199 199 199 199 199 199 199 199 199 199 199 199 199 199 199 199 199 199 199 199 199 199 199 199 199 199 199 199 199 199 198 198 198 198 198 198 198 198 198 198 198 198 198 198 198 198 198 198 198 198 198 198 198 198 198 198 198 198 198 198 198 198 198 198 197 197 197 197 197 197 197 197 197 197 197 197 197 197 197 197 197 197 197 197 197 197 197 197 197 197 197 197 196 196 196 196 196 196 196 196 196 196 196 196 196 196 196 196 196 196 196 197 197 197 197 197 197 197 202 202 202 202 202 202 202 202 202 202 201 201 201 201 201 201 201 201 201 201 201 201 201 201 201 201 201 201 201 201 201 201 201 201 201 201 201 201 201 201 201 201 201 201 201 201 201 201 201 201 201 201 200 200 200 200 200 200 200 200 200 200 200 200 200 200 200 200 200 200 200 200 200 200 200 200 200 200 200 200 200 200 200 200 200 200 200 200 200 200 200 200 199 199 199 199 199 199 199 199 199 199 199 199 199 199 199 199 199 199 199 199 199 199 199 199 199 199 199 199 199 199 199 199 199 199 199 199 199 199 199 199 199 199 199 199 199 199 199 199 199 198 198 198 198 198 198 198 198 198 198 198 198 198 198 198 198 198 198 198 198 198 198 198 198 198 198 198 198 198 198 198 198 198 198 197 197 197 197 197 197 197 197 197 197 197 197 197 197 197 197 197 197 197 197 197 197 197 197 197 197 197 197 196 196 196 196 196 196 196 196 196 196 196 196 196 197 197 197 197 197 197 197 197 197 197 197 202 202 202 202 202 202 202 202 202 202 202 202 201 201 201 201 201 201 201 201 201 201 201 201 201 201 201 201 201 201 201 201 201 201 201 201 201 201 201 201 201 201 201 201 201 201 201 201 201 201 201 201 201 201 201 200 200 200 200 200 200 200 200 200 200 200 200 200 200 200 200 200 200 200 200 200 200 200 200 200 200 200 200 200 200 200 200 200 200 200 200 200 200 200 200 199 199 199 199 199 199 199 199 199 199 199 199 199 199 199 199 199 199 199 199 199 199 199 199 199 199 199 199 199 199 199 199 199 199 199 199 199 199 199 199 199 199 199 199 199 199 199 199 199 198 198 198 198 198 198 198 198 198 198 198 198 198 198 198 198 198 198 198 198 198 198 198 198 198 198 198 198 198 198 198 198 198 198 197 197 197 197 197 197 197 197 197 197 197 197 197 197 197 197 197 197 197 197 197 197 197 197 197 197 197 197 196 196 196 196 196 196 196 196 196 196 196 197 197 197 197 197 197 197 197 197 197 197 202 202 202 202 202 202 202 202 202 202 202 202 202 202 202 202 202 202 201 201 201 201 201 201 201 201 201 201 201 201 201 201 201 201 201 201 201 201 201 201 201 201 201 201 201 201 201 201 201 201 201 201 201 201 201 201 201 201 201 201 201 201 200 200 200 200 200 200 200 200 200 200 200 200 200 200 200 200 200 200 200 200 200 200 200 200 200 200 200 200 200 200 200 200 200 200 200 200 200 200 200 200 199 199 199 199 199 199 199 199 199 199 199 199 199 199 199 199 199 199 199 199 199 199 199 199 199 199 199 199 199 199 199 199 199 199 199 199 199 199 199 199 199 199 199 199 199 199 199 199 199 199 198 198 198 198 198 198 198 198 198 198 198 198 198 198 198 198 198 198 198 198 198 198 198 198 198 198 198 198 198 198 198 198 198 198 197 197 197 197 197 197 197 197 197 197 197 197 197 197 197 197 197 197 197 197 197 197 197 197 197 197 197 197 196 196 196 196 196 196 196 196 196 197 197 197 197 197 197 197 197 197 197 197 197 202 202 202 202 202 202 202 202 202 202 202 202 202 202 202 202 202 202 202 202 202 201 201 201 201 201 201 201 201 201 201 201 201 201 201 201 201 201 201 201 201 201 201 201 201 201 201 201 201 201 201 201 201 201 201 201 201 201 201 201 201 201 201 201 201 200 200 200 200 200 200 200 200 200 200 200 200 200 200 200 200 200 200 200 200 200 200 200 200 200 200 200 200 200 200 200 200 200 200 200 200 200 200 200 200 199 199 199 199 199 199 199 199 199 199 199 199 199 199 199 199 199 199 199 199 199 199 199 199 199 199 199 199 199 199 199 199 199 199 199 199 199 199 199 199 199 199 199 199 199 199 199 199 199 198 198 198 198 198 198 198 198 198 198 198 198 198 198 198 198 198 198 198 198 198 198 198 198 198 198 198 198 198 198 198 198 198 198 198 197 197 197 197 197 197 197 197 197 197 197 197 197 197 197 197 197 197 197 197 197 197 197 197 197 197 197 197 196 196 196 196 196 196 196 197 197 197 197 197 197 197 197 197 197 197 197 202 202 202 202 202 202 202 202 202 202 202 202 202 202 202 202 202 202 202 202 202 202 201 202 201 201 201 201 201 201 201 201 201 201 201 201 201 201 201 201 201 201 201 201 201 201 201 201 201 201 201 201 201 201 201 201 201 201 201 201 201 201 201 201 201 201 200 200 200 200 200 200 200 200 200 200 200 200 200 200 200 200 200 200 200 200 200 200 200 200 200 200 200 200 200 200 200 200 200 200 200 200 200 200 200 200 200 199 199 199 199 199 199 199 199 199 199 199 199 199 199 199 199 199 199 199 199 199 199 199 199 199 199 199 199 199 199 199 199 199 199 199 199 199 199 199 199 199 199 199 199 199 199 199 199 199 199 199 198 198 198 198 198 198 198 198 198 198 198 198 198 198 198 198 198 198 198 198 198 198 198 198 198 198 198 198 198 198 198 198 198 197 197 197 197 197 197 197 197 197 197 197 197 197 197 197 197 197 197 197 197 197 197 197 197 197 197 197 197 196 196 196 196 196 197 197 197 197 197 197 197 197 197 197 197 197 197 197 202 202 202 202 202 202 202 202 202 202 202 202 202 202 202 202 202 202 202 202 202 202 202 201 201 201 201 201 201 201 201 201 201 201 201 201 201 201 201 201 201 201 201 201 201 201 201 201 201 201 201 201 201 201 201 201 201 201 201 201 201 201 201 201 201 201 201 200 200 200 200 200 200 200 200 200 200 200 200 200 200 200 200 200 200 200 200 200 200 200 200 200 200 200 200 200 200 200 200 200 200 200 200 200 200 200 200 200 199 199 199 199 199 199 199 199 199 199 199 199 199 199 199 199 199 199 199 199 199 199 199 199 199 199 199 199 199 199 199 199 199 199 199 199 199 199 199 199 199 199 199 199 199 199 199 199 199 199 199 198 198 198 198 198 198 198 198 198 198 198 198 198 198 198 198 198 198 198 198 198 198 198 198 198 198 198 198 198 198 198 198 198 197 197 197 197 197 197 197 197 197 197 197 197 197 197 197 197 197 197 197 197 197 197 197 197 197 197 197 197 197 196 196 197 197 197 197 197 197 197 197 197 197 197 197 197 197 197 202 202 202 202 202 202 202 202 202 202 202 202 202 202 202 202 202 202 202 202 202 201 201 201 201 201 201 201 201 201 201 201 201 201 201 201 201 201 201 201 201 201 201 201 201 201 201 201 201 201 201 201 201 201 201 201 201 201 201 201 201 201 201 201 201 201 200 200 200 200 200 200 200 200 200 200 200 200 200 200 200 200 200 200 200 200 200 200 200 200 200 200 200 200 200 200 200 200 200 200 200 200 200 200 200 200 200 200 199 199 199 199 199 199 199 199 199 199 199 199 199 199 199 199 199 199 199 199 199 199 199 199 199 199 199 199 199 199 199 199 199 199 199 199 199 199 199 199 199 199 199 199 199 199 199 199 199 199 199 199 198 198 198 198 198 198 198 198 198 198 198 198 198 198 198 198 198 198 198 198 198 198 198 198 198 198 198 198 198 198 198 198 197 197 197 197 197 197 197 197 197 197 197 197 197 197 197 197 197 197 197 197 197 197 197 197 197 197 197 197 197 197 197 197 197 197 197 197 197 197 197 197 197 197 197 197 197 197 202 202 202 202 202 202 202 202 202 202 202 202 202 202 202 202 202 202 202 201 201 201 201 201 201 201 201 201 201 201 201 201 201 201 201 201 201 201 201 201 201 201 201 201 201 201 201 201 201 201 201 201 201 201 201 201 201 201 201 201 201 201 201 201 201 201 200 200 200 200 200 200 200 200 200 200 200 200 200 200 200 200 200 200 200 200 200 200 200 200 200 200 200 200 200 200 200 200 200 200 200 200 200 200 200 200 200 200 199 199 199 199 199 199 199 199 199 199 199 200 200 199 199 199 199 199 199 199 199 199 199 199 199 199 199 199 199 199 199 199 199 199 199 199 199 199 199 199 199 199 199 199 199 199 199 199 199 199 199 199 198 198 198 198 198 198 198 198 198 198 198 198 198 198 198 198 198 198 198 198 198 198 198 198 198 198 198 198 198 198 198 198 197 197 197 197 197 197 197 197 197 197 197 197 197 197 197 197 197 197 197 197 197 197 197 197 197 197 197 198 197 197 197 197 197 197 197 197 197 197 197 197 197 197 197 197 197 202 202 202 202 202 202 202 202 202 202 202 202 202 202 202 202 202 202 201 201 201 201 201 201 201 201 201 201 201 201 201 201 201 201 201 201 201 201 201 201 201 201 201 201 201 201 201 201 201 201 201 201 201 201 201 201 201 201 201 201 201 201 201 201 201 201 201 200 200 200 200 200 200 200 200 200 200 200 200 200 200 200 200 200 200 200 200 200 200 200 200 200 200 200 200 200 200 200 200 200 200 200 200 200 200 200 200 200 200 199 199 199 199 199 199 199 199 199 200 200 200 200 199 199 199 199 199 199 199 199 199 199 199 199 199 199 199 199 199 199 199 199 199 199 199 199 199 199 199 199 199 199 199 199 199 199 199 199 199 199 199 198 198 198 198 198 198 198 198 198 198 198 198 198 198 198 198 198 198 198 198 198 198 198 198 198 198 198 198 198 198 198 198 197 197 197 197 197 197 197 197 197 197 197 197 197 197 197 197 197 197 197 197 197 197 197 197 197 198 198 198 197 197 197 197 197 197 197 197 197 197 197 197 197 197 197 197 202 202 202 202 202 202 202 202 202 201 201 201 201 201 201 201 201 201 201 201 201 201 201 201 201 201 201 201 201 201 201 201 201 201 201 201 201 201 201 201 201 201 201 201 201 201 201 201 201 201 201 201 201 201 201 201 201 201 201 200 200 200 200 200 200 200 200 200 200 200 200 200 200 200 200 200 200 200 200 200 200 200 200 200 200 200 200 200 200 200 200 200 200 200 200 200 200 200 200 200 200 200 199 199 199 199 199 199 199 200 200 200 200 200 200 199 199 199 199 199 199 199 199 199 199 199 199 199 199 199 199 199 199 199 199 199 199 199 199 199 199 199 199 199 199 199 199 199 199 199 199 199 199 199 198 198 198 198 198 198 198 198 198 198 198 198 198 198 198 198 198 198 198 198 198 198 198 198 198 198 198 198 198 198 198 198 197 197 197 197 197 197 197 197 197 197 197 197 197 197 197 197 197 197 197 197 197 197 197 198 198 198 198 198 198 197 197 197 197 197 197 197 197 197 197 197 197 197 197 197 202 202 202 202 202 202 202 202 201 201 201 201 201 201 201 201 201 201 201 201 201 201 201 201 201 201 201 201 201 201 201 201 201 201 201 201 201 201 201 201 201 201 201 201 201 201 201 201 201 201 201 201 201 201 201 201 201 201 201 201 200 200 200 200 200 200 200 200 200 200 200 200 200 200 200 200 200 200 200 200 200 200 200 200 200 200 200 200 200 200 200 200 200 200 200 200 200 200 200 200 200 200 200 199 199 199 199 199 200 200 200 200 200 200 200 200 199 199 199 199 199 199 199 199 199 199 199 199 199 199 199 199 199 199 199 199 199 199 199 199 199 199 199 199 199 199 199 199 199 199 199 199 199 199 199 198 198 198 198 198 198 198 198 198 198 198 198 198 198 198 198 198 198 198 198 198 198 198 198 198 198 198 198 198 198 198 197 197 197 197 197 197 197 197 197 197 197 197 197 197 197 197 197 197 197 197 197 197 198 198 198 198 198 198 198 198 197 197 197 197 197 197 197 197 197 197 197 197 197 197 197 197 202 202 202 202 202 202 202 202 201 201 201 201 201 201 201 201 201 201 201 201 201 201 201 201 201 201 201 201 201 201 201 201 201 201 201 201 201 201 201 201 201 201 201 201 201 201 201 201 201 201 201 201 201 201 201 201 201 201 201 201 201 201 200 200 200 200 200 200 200 200 200 200 200 200 200 200 200 200 200 200 200 200 200 200 200 200 200 200 200 200 200 200 200 200 200 200 200 200 200 200 200 200 200 200 200 199 199 199 200 200 200 200 200 200 200 200 200 200 199 199 199 199 199 199 199 199 199 199 199 199 199 199 199 199 199 199 199 199 199 199 199 199 199 199 199 199 199 199 199 199 199 199 199 199 199 199 199 198 198 198 198 198 198 198 198 198 198 198 198 198 198 198 198 198 198 198 198 198 198 198 198 198 198 198 198 198 198 198 197 197 197 197 197 197 197 197 197 197 197 197 197 197 197 197 197 197 197 197 198 198 198 198 198 198 198 198 198 198 198 197 197 197 197 197 197 197 197 197 197 197 197 197 197 197 197 196 196 196 202 202 202 202 202 202 202 202 201 201 201 201 201 201 201 201 201 201 201 201 201 201 201 201 201 201 201 201 201 201 201 201 201 201 201 201 201 201 201 201 201 201 201 201 201 201 201 201 201 201 201 201 201 201 201 201 201 201 201 201 201 201 201 200 200 200 200 200 200 200 200 200 200 200 200 200 200 200 200 200 200 200 200 200 200 200 200 200 200 200 200 200 200 200 200 200 200 200 200 200 200 200 200 200 200 200 200 200 200 200 200 200 200 200 200 200 200 200 200 200 199 199 199 199 199 199 199 199 199 199 199 199 199 199 199 199 199 199 199 199 199 199 199 199 199 199 199 199 199 199 199 199 199 199 199 199 199 199 198 198 198 198 198 198 198 198 198 198 198 198 198 198 198 198 198 198 198 198 198 198 198 198 198 198 198 198 198 198 198 198 198 198 198 197 197 197 197 197 197 197 197 197 197 197 197 197 197 197 198 198 198 198 198 198 198 198 198 198 198 198 198 197 197 197 197 197 197 197 197 197 197 197 197 197 197 197 197 197 197 197 197 196 202 202 202 202 202 202 202 202 202 202 201 201 201 201 201 201 201 201 201 201 201 201 201 201 201 201 201 201 201 201 201 201 201 201 201 201 201 201 201 201 201 201 201 201 201 201 201 201 201 201 201 201 201 201 201 201 201 201 201 201 201 201 201 201 201 200 200 200 200 200 200 200 200 200 200 200 200 200 200 200 200 200 200 200 200 200 200 200 200 200 200 200 200 200 200 200 200 200 200 200 200 200 200 200 200 200 200 200 200 200 200 200 200 200 200 200 200 200 200 200 200 199 199 199 199 199 199 199 199 199 199 199 199 199 199 199 199 199 199 199 199 199 199 199 199 199 199 199 199 199 199 199 199 199 199 199 199 199 199 199 198 198 198 198 198 198 198 198 198 198 198 198 198 198 198 198 198 198 198 198 198 198 198 198 198 198 198 198 198 198 198 198 198 198 198 197 197 197 197 197 197 197 197 197 197 197 197 197 198 198 198 198 198 198 198 198 198 198 198 198 198 198 198 198 197 197 197 197 197 197 197 197 197 197 197 197 197 197 197 197 197 197 197 197 197 197 202 202 202 202 202 202 202 202 202 202 201 201 201 201 201 201 201 201 201 201 201 201 201 201 201 201 201 201 201 201 201 201 201 201 201 201 201 201 201 201 201 201 201 201 201 201 201 201 201 201 201 201 201 201 201 201 201 201 201 201 201 201 201 201 201 201 200 200 200 200 200 200 200 200 200 200 200 200 200 200 200 200 200 200 200 200 200 200 200 200 200 200 200 200 200 200 200 200 200 200 200 200 200 200 200 200 200 200 200 200 200 200 200 200 200 200 200 200 200 200 199 199 199 199 199 199 199 199 199 199 199 199 199 199 199 199 199 199 199 199 199 199 199 199 199 199 199 199 199 199 199 199 199 199 199 199 199 199 199 199 199 199 198 199 198 198 198 198 198 198 198 198 198 198 198 198 198 198 198 198 198 198 198 198 198 198 198 198 198 198 198 198 198 198 198 198 197 197 197 197 197 197 197 197 197 197 197 198 198 198 198 198 198 198 198 198 198 198 198 198 198 198 198 198 198 197 197 197 197 197 197 197 197 197 197 197 197 197 197 197 197 197 197 197 197 197 197 197 197 197 202 202 202 202 202 202 202 202 202 202 201 201 201 201 201 201 201 201 201 201 201 201 201 201 201 201 201 201 201 201 201 201 201 201 201 201 201 201 201 201 201 201 201 201 201 201 201 201 201 201 201 201 201 201 201 201 201 201 201 201 201 201 201 201 201 201 200 200 200 200 200 200 200 200 200 200 200 200 200 200 200 200 200 200 200 200 200 200 200 200 200 200 200 200 200 200 200 200 200 200 200 200 200 200 200 200 200 200 200 200 200 200 200 200 200 200 200 200 200 199 199 199 199 199 199 199 199 199 199 199 199 199 199 199 199 199 199 199 199 199 199 199 199 199 199 199 199 199 199 199 199 199 199 199 199 199 199 199 199 199 199 199 199 198 198 198 198 198 198 198 198 198 198 198 198 198 198 198 198 198 198 198 198 198 198 198 198 198 198 198 198 198 198 198 198 198 198 197 197 197 197 197 197 197 197 198 198 198 198 198 198 198 198 198 198 198 198 198 198 198 198 198 198 198 198 198 197 197 197 197 197 197 197 197 197 197 197 197 197 197 197 197 197 197 197 197 197 197 202 202 201 201 201 202 202 201 202 202 201 201 201 201 201 201 201 201 201 201 201 201 201 201 201 201 201 201 201 201 201 201 201 201 201 201 201 201 201 201 201 201 201 201 201 201 201 201 201 201 201 201 201 201 201 201 201 201 201 201 201 201 201 201 200 200 200 200 200 200 200 200 200 200 200 200 200 200 200 200 200 200 200 200 200 200 200 200 200 200 200 200 200 200 200 200 200 200 200 200 200 200 200 200 200 200 200 200 200 200 200 200 200 200 200 200 199 199 199 199 199 199 200 199 199 199 199 199 199 199 199 199 199 199 199 199 199 199 199 199 199 199 199 199 199 199 199 199 199 199 199 199 199 199 199 199 199 199 199 199 199 199 198 198 198 198 198 198 198 198 198 198 198 198 198 198 198 198 198 198 198 198 198 198 198 198 198 198 198 198 198 198 198 198 198 198 197 197 197 197 197 197 198 198 198 198 198 198 198 198 198 198 198 198 198 198 198 198 198 198 198 198 198 198 198 197 197 197 197 197 197 197 197 197 197 197 197 197 197 197 197 197 197 197 197 197 201 201 201 201 201 202 201 202 202 201 201 201 201 201 201 201 201 201 201 201 201 201 201 201 201 201 201 201 201 201 201 201 201 201 201 201 201 201 201 201 201 201 201 201 201 201 201 201 201 201 201 201 201 201 201 201 201 201 201 201 201 201 201 200 200 200 200 200 200 200 200 200 200 200 200 200 200 200 200 200 200 200 200 200 200 200 200 200 200 200 200 200 200 200 200 200 200 200 200 200 200 200 200 200 200 200 200 200 200 200 200 200 200 200 199 200 199 199 200 200 200 200 200 200 200 199 199 199 199 199 199 199 199 199 199 199 199 199 199 199 199 199 199 199 199 199 199 199 199 199 199 199 199 199 199 199 199 199 199 199 199 199 199 199 198 198 198 198 198 198 198 198 198 198 198 198 198 198 198 198 198 198 198 198 198 198 198 198 198 198 198 198 198 198 198 198 197 197 197 198 198 198 198 198 198 198 198 198 198 198 198 198 198 198 198 198 198 198 198 198 198 198 198 198 198 197 197 197 197 197 197 197 197 197 197 197 197 197 197 197 197 197 197 197 201 201 201 201 201 201 201 201 201 201 201 201 201 201 201 201 201 201 201 201 201 201 201 201 201 201 201 201 201 201 201 201 201 201 201 201 201 201 201 201 201 201 201 201 201 201 201 201 201 201 201 201 201 201 201 201 201 201 201 201 201 201 200 200 200 200 200 200 200 200 200 200 200 200 200 200 200 200 200 200 200 200 200 200 200 200 200 200 200 200 200 200 200 200 200 200 200 200 200 200 200 200 200 200 200 200 200 200 200 200 200 200 199 200 199 200 200 200 200 200 200 200 200 200 200 199 199 199 199 199 199 199 199 199 199 199 199 199 199 199 199 199 199 199 199 199 199 199 199 199 199 199 199 199 199 199 199 199 199 199 199 198 198 198 198 198 198 198 198 198 198 198 198 198 198 198 198 198 198 198 198 198 198 198 198 198 198 198 198 198 198 198 198 198 198 198 198 198 198 198 198 198 198 198 198 198 198 198 198 198 198 198 198 198 198 198 198 198 198 198 198 198 198 198 198 197 197 197 197 197 197 197 197 197 197 197 197 197 197 197 197 201 201 201 201 201 201 201 201 201 201 201 201 201 201 201 201 201 201 201 201 201 201 201 201 201 201 201 201 201 201 201 201 201 201 201 201 201 201 201 201 201 201 201 201 201 201 201 201 201 201 201 201 201 201 201 201 201 201 201 201 200 200 200 200 200 200 200 200 200 200 200 200 200 200 200 200 200 200 200 200 200 200 200 200 200 200 200 200 200 200 200 200 200 200 200 200 200 200 200 200 200 200 200 200 200 200 200 200 200 200 199 199 200 200 200 200 200 200 200 200 200 200 200 200 199 199 199 199 199 199 199 199 199 199 199 199 199 199 199 199 199 199 199 199 199 199 199 199 199 199 199 199 199 199 199 199 199 199 199 199 198 198 198 198 198 198 198 198 198 198 198 198 198 198 198 198 198 198 198 198 198 198 198 198 198 198 198 198 198 198 198 198 198 199 199 198 198 198 198 198 198 198 198 198 198 198 198 198 198 198 198 198 198 198 198 198 198 198 198 198 198 198 198 198 198 197 197 197 197 197 197 197 197 197 197 197 197 197 197 201 201 201 201 201 201 201 201 201 201 201 201 201 201 201 201 201 201 201 201 201 201 201 201 201 201 201 201 201 201 201 201 201 201 201 201 201 201 201 201 201 201 201 201 201 201 201 201 201 201 201 201 201 201 201 201 201 201 201 200 200 200 200 200 200 200 200 200 200 200 200 200 200 200 200 200 200 200 200 200 200 200 200 200 200 200 200 200 200 200 200 200 200 200 200 200 200 200 200 200 200 200 200 200 200 200 200 200 200 200 200 200 200 200 200 200 200 200 200 200 200 200 199 199 199 199 199 199 199 199 199 199 199 199 199 199 199 199 199 199 199 199 199 199 199 199 199 199 199 199 199 199 199 199 199 199 199 199 199 198 198 198 198 198 198 198 198 198 198 198 198 198 198 198 198 198 198 198 198 198 198 198 198 198 198 198 198 198 198 198 199 199 199 199 198 198 198 198 198 198 198 198 198 198 198 198 198 198 198 198 198 198 198 198 198 198 198 198 198 198 198 198 198 198 198 197 197 197 197 197 197 197 197 197 197 197 197 197 197 201 201 201 201 201 201 201 201 201 201 201 201 201 201 201 201 201 201 201 201 201 201 201 201 201 201 201 201 201 201 201 201 201 201 201 201 201 201 201 201 201 201 201 201 201 201 201 201 201 201 201 201 201 201 201 200 200 200 200 200 200 200 200 200 200 200 200 200 200 200 200 200 200 200 200 200 200 200 200 200 200 200 200 200 200 200 200 200 200 200 200 200 200 200 200 200 200 200 200 200 200 200 200 200 200 200 200 200 200 200 200 200 200 200 200 200 200 200 200 200 199 199 199 199 199 199 199 199 199 199 199 199 199 199 199 199 199 199 199 199 199 199 199 199 199 199 199 199 199 199 199 199 199 199 199 199 199 198 198 198 198 198 198 198 198 198 198 198 198 198 198 198 198 198 198 198 198 198 198 198 198 198 198 198 198 198 199 199 199 199 199 199 199 198 198 198 198 198 198 198 198 198 198 198 198 198 198 198 198 198 198 198 198 198 198 198 198 198 198 198 198 198 198 198 197 197 197 197 197 197 197 197 197 197 197 197 197 197 197 197 197 197 201 201 201 201 201 201 201 201 201 201 201 201 201 201 201 201 201 201 201 201 201 201 201 201 201 201 201 201 201 201 200 201 201 201 201 201 201 201 201 200 200 200 200 200 200 200 200 200 200 200 200 200 200 200 200 200 200 200 200 200 200 200 200 200 200 200 200 200 200 200 200 200 200 200 200 200 200 200 200 200 200 200 200 200 200 200 200 200 200 200 200 199 199 200 200 200 200 200 200 200 200 200 200 199 199 199 199 199 199 199 199 199 199 199 199 199 199 199 199 199 199 199 199 199 199 199 199 199 199 199 199 199 199 199 199 199 199 199 199 199 199 199 199 198 198 198 198 198 198 198 198 198 198 198 198 198 198 198 198 198 198 198 198 198 198 198 198 198 198 199 199 199 199 199 199 199 199 199 199 198 198 198 198 198 198 198 198 198 198 198 198 198 198 198 198 198 198 198 198 198 198 198 198 198 198 198 198 198 198 198 197 197 197 197 197 197 197 197 197 197 197 197 197 197 197 197 197 197 197 197 197 201 201 201 201 201 201 201 201 201 201 201 201 201 201 201 201 201 201 201 201 201 201 201 201 201 200 200 200 200 200 200 200 200 200 200 200 200 200 200 200 200 200 200 200 200 200 200 200 200 200 200 200 200 200 200 200 200 200 200 200 200 200 200 200 200 200 200 200 200 200 200 200 200 200 200 200 200 200 200 200 200 200 200 200 200 200 200 200 200 200 200 200 200 200 200 199 200 199 200 200 200 200 200 199 199 199 199 199 199 199 199 199 199 199 199 199 199 199 199 199 199 199 199 199 199 199 199 199 199 199 199 199 199 199 199 199 199 199 199 199 199 199 199 199 199 199 198 198 198 198 198 198 198 198 198 198 198 198 198 198 198 198 198 198 198 198 198 198 198 199 199 199 199 199 199 199 199 199 199 199 199 198 198 198 198 198 198 198 198 198 198 198 198 198 198 198 198 198 198 198 198 198 198 198 198 198 198 198 198 198 198 198 197 197 197 197 197 197 197 197 198 197 197 197 197 197 197 197 197 197 197 197 197 197 197 197 201 201 201 201 201 201 201 201 201 201 201 201 201 201 201 201 200 200 201 200 200 200 201 201 201 200 201 200 200 200 200 200 200 200 200 200 200 200 200 200 200 200 200 200 200 200 200 200 200 200 200 200 200 200 200 200 200 200 200 200 200 200 200 200 200 200 200 200 200 200 200 200 200 200 200 200 200 200 200 200 200 200 200 200 200 200 200 200 200 200 200 200 200 200 200 199 200 199 199 199 199 199 199 199 199 199 199 199 199 199 199 199 199 199 199 199 199 199 199 199 199 199 199 199 199 199 199 199 199 199 199 199 199 199 199 199 199 199 199 199 199 199 199 199 199 199 199 199 198 198 198 198 198 198 198 198 198 198 198 198 198 198 198 198 198 198 198 198 199 199 199 199 199 199 199 199 199 199 199 199 199 199 199 198 198 198 198 198 198 198 198 198 198 198 198 198 198 198 198 198 198 198 198 198 198 198 198 198 198 198 198 198 198 198 197 197 197 197 198 198 198 198 197 197 197 197 197 197 197 197 197 197 197 197 197 197 197 197 197 197 201 201 202 201 201 201 201 201 201 201 201 201 201 201 201 201 201 201 201 201 201 201 201 201 201 201 201 201 200 201 200 200 200 200 200 200 200 200 200 200 200 200 200 200 200 200 200 200 200 200 200 200 200 200 200 200 200 200 200 200 200 200 200 200 200 200 200 200 200 200 200 200 200 200 200 200 200 200 200 200 200 200 200 200 200 200 200 200 200 200 200 200 200 200 200 200 200 200 200 200 200 200 200 200 199 199 199 199 199 199 199 200 200 200 199 199 199 199 199 199 199 199 199 199 199 199 199 199 199 199 199 199 199 199 199 199 199 199 199 199 199 199 199 199 199 199 199 199 199 199 199 198 198 198 198 198 198 198 198 198 198 198 198 198 198 198 198 198 198 198 198 199 199 199 199 199 199 199 199 199 199 199 199 199 199 199 199 199 199 198 198 198 198 198 198 198 198 198 198 198 198 198 198 198 198 198 198 198 198 198 198 198 198 198 198 198 198 198 198 198 197 198 198 198 198 197 197 197 197 197 197 197 197 197 197 197 197 197 197 197 197 197 197 202 202 202 202 202 202 202 202 201 201 201 201 201 201 201 201 201 201 201 201 201 201 201 201 201 201 201 201 201 201 201 200 201 201 200 201 200 200 200 200 200 200 200 200 200 200 200 200 200 200 200 200 200 200 200 200 200 200 200 200 200 200 200 200 200 200 200 200 200 200 200 200 200 200 200 200 200 200 200 200 200 200 200 200 200 200 200 200 200 200 200 200 200 200 200 200 200 200 200 200 200 200 200 200 200 200 200 200 200 200 200 200 200 200 200 200 200 200 199 199 200 199 199 199 199 199 199 199 199 199 199 199 199 199 199 199 199 199 199 199 199 199 199 199 199 199 199 199 199 199 199 199 199 199 199 198 199 198 199 199 198 198 198 198 198 198 198 198 198 198 198 198 198 198 199 199 199 199 199 199 199 199 199 199 199 199 199 199 199 199 199 199 199 199 199 198 198 198 198 198 198 198 198 198 198 198 198 198 198 198 198 198 198 198 198 198 198 198 198 198 198 198 198 198 198 198 198 198 198 197 198 198 198 197 197 197 197 197 197 197 197 197 197 197 197 197 197 197 197 197 202 202 202 202 202 202 202 202 202 202 202 201 201 201 201 201 201 201 201 201 201 201 201 201 201 201 201 201 201 201 201 201 201 201 201 201 201 201 201 201 201 201 201 201 201 201 200 200 200 200 200 200 200 200 201 200 200 200 200 200 200 200 200 200 200 200 200 200 200 200 200 200 200 200 200 200 200 200 200 200 200 200 200 200 200 200 200 200 200 200 200 200 200 200 200 200 200 200 200 200 200 200 200 200 200 200 200 200 200 200 200 200 200 200 200 200 200 200 200 200 200 200 200 200 200 200 200 200 200 200 199 199 199 199 199 199 199 199 199 199 199 199 199 199 199 199 199 199 199 199 199 199 199 199 199 199 199 199 199 199 199 199 199 199 199 199 199 199 199 199 198 198 198 198 198 198 198 198 198 198 199 199 199 199 199 199 199 199 199 199 199 199 199 199 199 199 199 199 199 199 199 199 199 199 198 198 198 198 198 198 198 198 198 198 198 198 198 198 198 198 198 198 198 198 198 198 198 198 198 198 198 198 198 198 198 198 198 198 198 198 198 197 197 197 197 197 197 197 197 197 197 197 197 197 197 197 197 197 202 202 202 202 202 202 202 202 202 202 202 202 201 201 201 201 201 201 201 201 201 201 201 201 201 201 201 201 201 201 201 201 201 201 201 201 201 201 201 201 201 201 201 201 201 201 200 200 201 200 200 200 200 201 201 200 200 200 201 200 200 200 200 200 200 200 200 200 200 200 200 200 200 200 200 200 200 200 200 200 200 200 200 200 200 200 200 200 200 200 200 200 200 200 200 200 200 200 200 200 200 199 199 199 200 200 200 200 200 200 200 200 200 200 200 200 200 200 200 200 200 200 200 200 200 200 200 200 200 200 200 199 199 199 199 199 199 199 199 199 199 199 199 199 199 199 199 199 199 199 199 199 199 199 199 199 199 199 199 199 199 199 199 199 199 199 199 199 199 199 199 199 199 198 198 198 198 198 198 198 199 199 199 199 199 199 199 199 199 199 199 199 199 199 199 199 199 199 199 199 199 199 199 199 199 199 199 198 198 198 198 198 198 198 198 198 198 198 198 198 198 198 198 198 198 198 198 198 198 198 198 198 198 198 198 198 198 198 198 198 198 198 198 198 197 197 197 197 197 197 197 197 197 197 197 197 197 197 197 202 202 202 202 202 202 202 202 202 202 202 202 202 202 202 202 202 202 202 202 202 202 202 201 201 201 201 201 201 201 201 201 201 201 201 201 201 201 201 201 201 201 201 201 201 201 201 201 201 201 201 201 201 201 201 201 201 200 200 201 201 200 201 201 201 201 200 200 200 201 200 200 200 200 200 201 200 200 200 200 200 200 200 200 200 200 200 200 200 200 200 200 200 200 200 200 200 200 200 200 200 200 200 200 200 200 200 200 200 200 200 200 200 200 200 199 199 199 200 200 200 200 200 200 200 200 200 200 200 200 200 200 200 200 200 200 200 200 200 200 200 200 199 199 199 199 199 199 199 199 199 199 199 199 199 199 199 199 199 199 199 199 199 199 199 199 199 199 199 199 199 199 199 199 199 199 199 199 199 199 199 199 199 199 199 199 199 198 198 198 198 199 199 199 199 199 199 199 199 199 199 199 199 199 199 199 199 199 199 199 199 199 199 199 199 199 199 199 199 199 199 199 198 198 198 198 198 198 198 198 198 198 198 198 198 198 198 198 198 198 198 198 198 198 198 198 198 198 198 198 198 198 198 198 197 197 197 197 197 197 197 197 197 197 197 197 197 197 197 197 197 197 197 202 202 202 202 202 202 202 202 202 202 202 202 202 202 202 202 201 201 201 201 201 201 201 201 201 201 201 201 201 201 201 201 201 201 201 201 201 201 201 201 201 201 201 201 201 201 201 201 201 201 201 201 201 201 201 201 201 201 201 201 201 201 201 201 201 201 201 201 201 201 201 201 201 201 201 201 201 201 201 201 201 201 201 201 200 200 200 200 200 200 200 200 200 200 200 200 200 200 200 200 200 200 200 200 200 200 200 200 200 200 200 200 200 200 200 200 200 200 200 200 200 200 200 200 200 199 199 200 200 200 200 200 200 200 200 200 200 200 200 200 200 200 200 200 200 200 200 200 200 200 200 199 200 199 199 199 199 199 199 199 199 199 199 199 199 199 199 199 199 199 199 199 199 199 199 199 199 199 199 199 199 199 199 199 199 199 199 199 199 199 199 199 199 199 199 199 198 198 199 199 199 199 199 199 199 199 199 199 199 199 199 199 199 199 199 199 199 199 199 199 199 199 199 199 199 199 199 199 199 199 199 199 198 198 198 198 198 198 198 198 198 198 198 198 198 198 198 198 198 198 198 198 198 198 198 198 198 198 198 198 197 197 197 197 197 197 197 197 197 197 197 197 197 197 197 197 197 197 197 197 197 202 202 202 202 202 202 202 202 202 202 202 201 201 201 201 201 201 201 201 201 201 201 201 202 201 201 201 201 201 201 201 201 201 201 201 201 201 201 201 201 201 201 201 201 201 201 201 201 201 201 201 201 201 201 201 201 201 201 201 201 201 201 201 201 202 201 201 201 201 201 201 201 201 201 201 201 201 201 201 201 201 201 201 201 201 201 201 200 200 200 200 200 200 201 200 200 200 200 200 200 200 200 200 200 200 200 200 200 200 200 200 200 200 200 200 200 200 200 200 200 200 200 200 200 200 200 200 200 199 200 200 200 200 200 200 200 200 200 200 200 200 200 200 200 200 200 200 200 200 200 200 200 200 200 200 199 199 199 200 199 199 199 199 199 199 199 199 199 199 199 199 199 199 199 199 199 199 199 199 199 199 199 199 199 199 199 199 199 199 199 199 199 199 199 199 199 199 199 199 200 200 199 199 199 199 199 199 199 199 199 199 199 199 199 199 199 199 199 199 199 199 199 199 199 199 199 199 199 199 199 199 199 199 199 199 199 198 198 198 198 198 198 198 198 198 198 198 198 198 198 198 198 198 198 198 198 198 198 198 198 197 197 197 197 197 197 197 197 197 197 197 197 197 197 197 197 197 197 197 197 197 197 202 202 202 202 202 202 202 202 202 202 202 202 202 202 202 202 202 202 202 202 202 202 202 202 202 202 202 201 201 201 201 201 201 201 201 201 201 201 201 201 201 201 201 201 201 201 201 201 201 201 201 201 201 201 201 201 201 201 201 201 201 201 201 201 201 201 201 201 201 201 201 201 201 200 200 200 200 201 201 201 201 201 201 201 201 200 201 201 201 201 200 200 200 200 201 200 200 200 200 200 200 201 201 201 200 200 200 200 200 200 200 200 200 200 200 200 200 200 200 200 200 200 200 200 200 200 200 200 200 200 200 200 200 200 200 200 200 200 200 200 200 200 200 200 200 200 200 200 200 200 200 200 200 200 200 200 200 200 200 200 200 200 200 199 199 199 199 199 199 199 199 199 199 199 199 199 199 199 199 199 199 199 199 199 199 199 199 199 199 199 199 199 199 199 199 199 199 199 199 199 199 200 200 200 200 199 199 199 199 199 199 199 199 199 199 199 199 199 199 199 199 199 199 199 199 199 199 199 199 199 199 199 199 199 199 199 199 199 199 199 199 198 198 198 198 198 198 198 198 198 198 198 198 198 198 198 198 198 198 198 198 197 197 197 198 198 198 197 197 197 197 197 197 197 197 197 197 197 197 197 197 197 197 197 202 202 202 202 202 202 202 202 202 202 202 202 202 202 202 202 202 202 202 202 202 202 202 202 202 202 202 202 202 201 201 201 201 201 201 201 201 201 201 201 201 201 201 201 201 201 201 201 201 201 201 201 201 201 201 201 201 201 201 201 201 201 201 201 201 201 201 201 201 201 201 201 201 201 201 201 201 201 201 200 200 200 200 200 201 201 201 201 200 200 200 200 200 200 200 200 200 200 200 201 201 200 200 200 200 200 201 201 201 201 201 200 200 200 200 200 200 200 200 200 200 200 200 200 200 200 200 200 200 200 200 200 200 200 200 200 200 200 200 200 200 200 200 200 200 200 200 200 200 200 200 200 200 200 200 200 200 200 200 200 200 200 200 200 200 200 200 200 200 200 200 199 199 199 199 199 199 199 199 199 199 199 199 199 199 199 199 199 199 199 199 199 199 199 199 199 199 199 199 199 199 199 199 199 199 199 200 200 200 200 200 199 199 199 199 199 199 199 199 199 199 199 199 199 199 199 199 199 199 199 199 199 199 199 199 199 199 199 199 199 199 199 199 199 199 199 199 199 199 199 198 198 198 198 198 198 199 199 198 198 198 198 198 198 198 197 197 197 198 199 199 198 198 198 198 199 198 198 197 197 197 197 197 197 197 197 197 197 197 202 202 202 202 202 202 202 202 202 202 202 202 202 202 202 202 202 202 202 202 202 202 202 202 202 202 202 202 202 202 202 201 201 201 201 201 201 201 201 201 201 201 201 201 201 201 201 201 201 201 201 201 201 201 201 201 201 201 201 201 201 201 201 201 201 201 201 201 201 201 201 201 201 201 201 201 201 201 201 201 201 201 201 201 200 200 201 201 201 201 201 201 200 200 200 200 200 200 200 200 200 200 200 200 200 200 200 200 200 200 201 201 201 201 201 201 201 201 200 200 200 200 200 200 201 201 200 200 200 200 200 200 200 200 200 200 200 200 200 200 200 200 200 200 200 200 200 200 200 200 200 200 200 200 200 200 200 200 200 200 200 200 200 200 200 200 200 200 200 200 200 200 200 200 200 200 200 200 199 199 199 199 199 199 199 199 199 199 199 199 199 199 199 199 199 199 199 199 199 199 199 199 199 199 199 199 199 199 199 199 200 200 200 200 200 200 200 199 199 199 199 199 199 199 199 199 199 199 199 199 199 199 199 199 199 199 199 199 199 199 199 199 199 199 199 199 199 199 199 199 199 199 199 199 199 199 198 198 198 198 199 199 199 199 199 198 198 198 198 198 198 198 198 198 198 198 198 198 198 199 198 198 198 198 198 198 198 198 198 198 202 202 202 202 202 202 202 202 202 202 202 202 202 202 202 202 202 202 202 202 202 202 202 202 202 202 202 202 202 202 202 201 201 202 201 201 201 201 201 201 201 201 201 201 201 201 201 201 201 201 201 201 201 201 201 201 201 201 201 201 201 201 201 201 201 201 201 201 201 201 201 201 201 201 201 201 201 201 201 201 201 201 201 201 201 200 200 201 201 201 201 201 201 200 200 201 201 201 200 201 200 201 201 201 200 201 201 201 200 200 200 201 201 201 201 201 201 201 201 201 201 201 201 201 201 201 201 201 201 200 201 200 200 200 200 200 200 200 200 200 200 200 200 200 200 200 200 200 200 200 200 200 200 200 200 200 200 200 200 200 200 200 200 200 200 200 200 200 200 200 200 200 200 200 200 200 200 200 200 200 200 200 200 199 199 199 199 199 199 199 199 199 199 199 199 199 199 199 199 199 199 199 199 199 199 199 199 199 199 199 199 200 200 200 200 200 200 200 200 200 199 199 199 199 199 200 199 199 199 199 199 199 199 199 199 199 199 199 199 199 199 199 199 199 199 199 199 199 199 199 199 199 199 199 199 199 199 199 199 199 198 199 199 199 199 199 199 198 198 198 198 198 199 198 198 198 198 198 198 198 198 198 198 198 198 198 198 198 202 202 202 202 202 202 202 202 202 202 202 202 202 202 202 202 202 202 202 202 202 202 202 202 202 202 202 201 202 201 201 201 201 201 201 201 201 201 201 201 201 201 201 201 201 201 201 201 201 201 201 201 201 201 201 201 201 201 201 201 201 201 201 201 201 201 201 201 201 201 201 201 201 201 201 201 201 201 201 201 201 201 201 201 201 201 201 201 201 201 201 201 201 201 201 201 201 201 201 201 201 201 201 201 201 201 201 201 201 201 201 201 201 201 201 201 201 201 201 201 201 201 201 201 201 201 201 201 201 201 200 200 200 200 200 200 200 200 200 200 200 200 200 200 200 200 200 200 200 200 200 200 200 200 200 200 200 200 200 200 200 200 200 200 200 200 200 200 200 200 200 200 200 200 200 200 200 200 200 200 200 200 200 199 199 199 199 199 199 199 199 199 199 199 199 199 199 199 199 199 199 199 199 199 199 199 199 199 199 199 200 200 200 200 200 200 200 200 200 199 199 199 199 200 200 200 200 200 199 199 199 199 199 199 199 199 199 199 199 199 199 199 199 199 199 199 199 199 199 199 199 199 199 199 199 199 199 199 199 199 199 199 199 199 199 199 198 198 198 198 198 198 198 198 198 198 198 198 198 198 198 198 198 198 198 198 198 202 202 202 202 202 202 202 202 202 202 202 202 202 202 202 202 202 202 202 202 202 202 202 202 202 202 201 201 201 201 202 201 201 201 201 201 201 201 201 201 201 201 201 201 201 201 201 201 201 201 201 201 201 201 201 201 201 201 201 201 201 201 201 201 201 201 201 201 201 201 201 201 201 201 201 201 201 201 201 201 201 201 201 201 201 201 201 201 201 201 201 201 201 201 201 201 201 201 201 201 201 201 201 201 201 201 201 201 201 201 201 201 201 201 201 201 201 201 201 201 201 201 201 201 201 201 201 201 201 201 200 200 200 200 200 200 200 200 200 200 200 200 200 200 200 200 200 200 200 200 200 200 200 200 200 200 200 200 200 200 200 200 200 200 200 200 200 200 200 200 200 200 200 200 200 200 200 200 200 200 200 200 200 200 199 199 199 199 199 199 199 199 199 199 199 199 199 199 199 199 199 199 199 199 199 199 199 199 199 200 200 200 200 200 200 200 200 200 200 200 199 199 199 200 200 200 200 200 200 200 199 199 199 199 199 199 199 199 199 199 199 199 199 199 199 199 199 199 199 199 199 199 199 199 199 199 199 199 199 199 199 199 199 199 199 199 199 198 198 198 198 198 198 198 198 198 198 198 198 198 198 198 198 198 198 198 202 202 202 202 202 202 202 202 202 202 202 202 202 202 202 202 202 202 202 202 202 202 202 202 202 202 202 202 202 202 202 202 202 202 202 202 202 202 202 201 202 201 201 201 201 201 201 201 201 201 201 201 201 201 201 201 201 201 201 201 201 201 201 201 201 201 201 201 201 201 201 201 201 201 201 201 201 201 201 201 201 201 201 201 201 201 201 201 201 201 201 201 201 201 201 201 201 201 201 201 201 201 201 201 201 201 201 201 201 201 201 201 201 201 201 201 201 201 201 201 201 201 201 201 201 201 201 201 201 201 201 201 201 201 200 200 200 200 200 200 200 200 200 200 200 200 200 200 200 200 200 200 200 200 200 200 200 200 200 200 200 200 200 200 200 200 200 200 200 200 200 200 200 200 200 200 200 200 200 200 200 200 200 200 200 200 200 200 199 199 199 199 199 199 199 199 199 199 199 199 199 199 199 199 199 199 199 199 199 200 200 200 200 200 200 200 200 200 200 200 200 199 199 199 200 200 200 200 200 200 200 200 200 200 199 199 199 199 199 199 199 199 199 199 199 199 199 199 199 199 199 199 199 199 199 199 199 199 199 199 199 199 199 199 199 199 199 199 199 199 199 199 199 198 199 199 199 199 198 198 198 198 198 198 198 198 198 202 202 202 202 202 202 202 202 202 202 202 202 202 202 202 202 202 202 202 202 202 202 202 202 202 202 202 202 202 202 202 202 202 202 202 202 202 202 202 202 202 201 201 201 201 201 201 201 201 201 201 201 201 201 201 201 201 201 201 201 201 201 201 201 201 201 201 201 201 201 201 201 201 201 201 201 201 201 201 201 201 201 201 201 201 201 201 201 201 201 201 201 201 201 201 201 201 201 201 201 201 201 201 201 201 201 201 201 201 201 201 201 201 201 201 201 201 201 201 201 201 201 201 201 201 201 201 201 201 201 201 201 201 201 201 201 201 201 200 200 200 200 200 200 200 200 200 200 200 200 200 200 200 200 200 200 200 200 200 200 200 200 200 200 200 200 200 200 200 200 200 200 200 200 200 200 200 200 200 200 200 200 200 200 200 200 200 200 200 199 199 199 199 199 199 199 199 199 199 199 199 199 199 199 199 199 199 199 200 200 200 200 200 200 200 200 200 200 200 200 200 200 199 200 200 200 200 200 200 200 200 200 200 200 200 200 199 199 199 199 199 199 199 199 199 199 199 199 199 199 199 199 199 199 199 199 199 199 199 199 199 199 199 199 199 199 199 199 199 199 199 199 199 199 199 199 199 198 199 199 198 198 198 198 198 202 202 202 202 202 202 202 202 202 202 202 202 202 202 202 202 202 202 202 202 202 202 202 202 202 202 202 202 202 202 202 202 202 202 202 202 202 202 202 202 202 202 202 201 201 201 201 201 201 201 201 201 201 201 201 201 201 201 201 201 201 201 201 201 201 201 201 201 201 201 201 201 201 201 201 201 201 201 201 201 201 201 201 201 201 201 201 201 201 201 201 201 201 201 201 201 201 201 201 201 201 201 201 201 201 201 201 201 201 201 201 201 201 201 201 201 201 201 201 201 201 201 201 201 201 201 201 201 201 201 201 201 201 201 201 201 201 201 201 201 201 200 200 200 200 200 200 200 200 200 200 200 200 200 200 200 200 200 200 200 200 200 200 200 200 200 200 200 200 200 200 200 200 200 200 200 200 200 200 200 200 200 200 200 200 200 200 200 200 200 199 199 199 199 199 199 199 199 199 199 199 199 199 199 199 199 199 200 200 200 200 200 200 200 200 200 200 200 200 200 200 200 200 200 200 200 200 200 200 200 200 200 200 200 200 200 200 199 199 199 199 199 199 199 199 199 199 199 199 199 199 199 199 199 199 199 199 199 199 199 199 199 199 199 199 199 199 199 199 199 199 199 199 199 199 199 199 199 199 199 198 198 198 202 202 202 202 202 202 202 202 202 202 202 202 202 202 202 202 202 202 202 202 202 202 202 202 202 202 202 202 202 202 202 202 202 202 202 202 202 202 202 202 202 202 202 202 202 201 201 201 201 201 201 201 201 201 201 201 201 201 201 201 201 201 201 201 201 201 201 201 201 201 201 201 201 201 201 201 201 201 201 201 201 201 201 201 201 201 201 201 201 201 201 201 201 201 201 201 201 201 201 201 201 201 201 201 201 201 201 201 201 201 201 201 201 201 201 201 201 201 201 201 201 201 201 201 201 201 201 201 201 201 201 201 201 201 201 201 201 201 201 201 201 201 201 201 201 201 200 200 200 200 200 200 200 200 200 200 200 200 200 200 200 200 200 200 200 200 200 200 200 200 200 200 200 200 200 200 200 200 200 200 200 200 200 200 200 200 200 200 200 200 200 200 200 200 200 199 199 199 199 200 200 200 200 200 200 199 199 199 200 200 200 200 200 200 200 200 200 200 200 200 200 200 200 200 200 200 200 200 200 200 200 200 200 200 200 200 200 200 200 200 200 200 200 199 199 199 199 199 199 199 199 199 199 199 199 199 199 199 199 199 199 199 199 199 199 199 199 199 199 199 199 199 199 199 199 199 199 199 199 199 199 199 198 202 202 202 202 202 202 202 202 202 202 202 202 202 202 202 202 202 202 202 202 202 202 202 202 202 202 202 202 202 202 202 202 202 202 202 202 202 202 202 202 202 202 202 202 202 201 201 201 201 201 201 201 201 201 201 201 201 201 201 201 201 201 201 201 201 201 201 201 201 201 201 201 201 201 201 201 201 201 201 201 201 201 201 201 201 201 201 201 201 201 201 201 201 201 201 201 201 201 201 201 201 201 201 201 201 201 201 201 201 201 201 201 201 201 201 201 201 201 201 201 201 201 201 201 201 201 201 201 201 201 201 201 201 201 201 201 201 201 201 201 201 201 201 201 201 201 201 200 200 200 200 200 200 200 200 200 200 200 200 200 200 200 200 200 200 200 200 200 200 200 200 200 200 200 200 200 200 200 200 200 200 200 200 200 200 200 200 200 200 200 200 200 200 200 200 200 200 200 200 200 200 200 200 200 200 200 200 200 201 201 200 200 200 200 200 200 200 200 200 200 200 200 200 200 200 200 200 200 200 200 200 200 200 200 200 200 200 200 200 200 200 200 200 200 200 199 199 199 199 199 199 199 199 199 199 199 199 199 199 199 199 199 199 199 199 199 199 199 199 199 199 199 199 199 199 199 199 199 199 199 199 198 198 202 202 202 202 202 202 202 202 202 202 202 202 202 202 202 202 202 202 202 202 202 202 202 202 202 202 202 202 202 202 202 202 202 202 202 202 202 202 202 202 202 202 202 202 202 202 201 201 201 201 201 201 201 201 201 201 201 201 201 201 201 201 201 201 201 201 201 201 201 201 201 201 201 201 201 201 201 201 201 201 201 201 201 201 201 201 201 201 201 201 201 201 201 201 201 201 201 201 201 201 201 201 201 201 201 201 201 201 201 201 201 201 201 201 201 201 201 201 201 201 201 201 201 201 201 201 201 201 201 201 201 201 201 201 201 201 201 201 201 201 201 201 201 201 201 201 201 201 201 200 200 200 200 200 200 200 200 200 200 200 200 200 200 200 200 200 200 200 200 200 200 200 200 200 200 200 200 200 200 200 200 200 200 200 200 200 200 200 200 200 200 200 200 200 200 200 200 200 200 200 200 200 200 200 200 200 200 200 201 201 201 201 201 201 201 200 200 200 200 200 200 200 200 200 200 200 200 200 200 200 200 200 200 200 200 200 200 200 200 200 200 200 200 200 200 200 200 200 200 199 199 199 199 199 199 199 199 199 200 200 200 200 200 200 200 199 199 199 199 199 199 199 199 199 199 199 199 199 199 199 199 199 202 202 202 202 202 202 202 202 202 202 202 202 202 202 202 202 202 202 202 202 202 202 202 202 202 202 202 202 202 202 202 202 202 202 202 202 202 202 202 202 202 202 202 202 202 202 202 201 201 201 201 201 201 201 201 201 201 201 201 201 201 201 201 201 201 201 201 201 201 201 201 201 201 201 201 201 201 201 201 201 201 201 201 201 201 201 201 201 201 201 201 201 201 201 201 201 201 201 201 201 201 201 201 201 201 201 201 201 201 201 201 201 201 201 201 201 201 201 201 201 201 201 201 201 201 201 201 201 201 201 201 201 201 201 201 201 201 201 201 201 201 201 201 201 201 201 201 201 201 201 200 200 200 200 201 201 201 201 200 200 200 200 200 200 200 200 200 200 200 200 200 200 200 200 200 200 200 200 200 200 200 200 200 200 200 200 200 200 200 200 200 200 200 200 200 200 200 200 200 200 200 200 200 200 200 200 200 200 201 201 201 201 201 201 201 201 201 201 200 200 200 200 200 200 200 200 200 200 200 200 200 200 200 200 200 200 200 200 200 200 200 200 200 200 200 200 200 200 200 200 200 200 200 200 200 200 199 199 200 200 200 200 200 200 200 200 200 199 199 199 199 199 199 199 199 199 199 199 199 199 199 199 202 202 202 202 202 202 202 202 202 202 202 202 202 202 202 202 202 202 202 202 202 202 202 202 202 202 202 202 202 202 202 202 202 202 202 202 202 202 202 202 202 202 202 202 202 202 202 202 202 201 201 201 201 201 201 201 201 201 201 201 201 201 201 201 201 201 201 201 201 201 201 201 201 201 201 201 201 201 201 201 201 201 201 201 201 201 201 201 201 201 201 201 201 201 201 201 201 201 201 201 201 201 201 201 201 201 201 201 201 201 201 201 201 201 201 201 201 201 201 201 201 201 201 201 201 201 201 201 201 201 201 201 201 201 201 201 201 201 201 201 201 201 201 201 201 201 201 201 201 201 201 201 200 200 201 201 201 201 201 200 200 200 200 200 200 200 200 200 200 200 200 200 200 200 200 200 200 200 200 200 200 200 200 200 200 200 200 200 200 200 200 200 200 200 200 200 200 200 200 200 200 200 200 200 200 200 200 200 200 201 201 201 201 201 201 201 201 201 201 201 201 200 200 200 200 200 200 200 200 200 200 200 200 200 200 200 200 200 200 200 200 200 200 200 200 200 200 200 200 200 200 200 200 200 200 200 200 200 200 200 200 200 200 200 200 200 200 200 200 200 200 200 199 199 199 199 199 199 199 199 199 199 202 202 202 202 202 202 202 202 202 202 202 202 202 202 202 202 202 202 202 202 202 202 202 202 202 202 202 202 202 202 202 202 202 202 202 202 202 202 202 202 202 202 202 202 202 202 202 202 202 202 201 201 201 201 201 201 201 201 202 202 202 202 201 201 201 201 201 201 201 201 201 201 201 201 201 201 201 201 201 201 201 201 201 201 201 201 201 201 201 201 201 201 201 201 201 201 201 201 201 201 201 201 201 201 201 201 201 201 201 201 201 201 201 201 201 201 201 201 201 201 201 201 201 201 201 201 201 201 201 201 201 201 201 201 201 201 201 201 201 201 201 201 201 201 201 201 201 201 201 201 201 200 201 201 201 201 201 201 201 201 201 201 201 201 200 200 200 200 200 200 200 200 200 200 200 200 200 200 200 200 200 200 200 200 200 200 200 200 200 200 200 200 200 200 200 200 200 200 200 200 200 200 200 200 200 200 200 200 201 201 201 201 201 201 201 201 201 201 201 201 201 201 201 200 200 200 200 200 200 200 200 200 200 200 200 200 200 200 200 200 200 200 200 200 200 200 200 200 200 200 200 200 200 200 200 200 200 200 200 200 200 200 200 200 200 200 200 200 200 200 200 199 199 199 199 199 202 202 202 202 202 202 202 202 202 202 202 202 202 202 202 202 202 202 202 202 202 202 202 202 202 202 202 202 202 202 202 202 202 202 202 202 202 202 202 202 202 202 202 202 202 202 202 202 202 202 202 202 201 201 201 201 201 201 202 202 202 202 202 202 202 201 201 201 201 201 201 201 201 201 201 201 201 201 201 201 201 201 201 201 201 201 201 201 201 201 201 201 201 201 201 201 201 201 201 201 201 201 201 201 201 201 201 201 201 201 201 201 201 201 201 201 201 201 201 201 201 201 201 201 201 201 201 201 201 201 201 201 201 201 201 201 201 201 201 201 201 201 201 201 201 201 201 201 201 201 201 201 201 201 201 201 201 201 201 201 201 201 201 201 201 201 201 201 200 200 200 200 200 200 200 200 200 200 200 200 200 200 200 200 200 200 200 200 200 200 200 200 200 200 200 200 200 200 200 200 200 200 200 200 200 200 200 200 201 201 201 201 201 201 201 201 201 201 201 201 201 201 201 201 200 200 200 200 200 200 200 200 200 200 200 200 200 200 200 200 200 200 200 200 200 200 200 200 200 200 200 200 200 200 200 200 200 200 200 200 200 200 200 200 200 200 200 200 200 200 200 202 202 202 202 202 202 202 202 202 202 202 202 202 202 202 202 202 202 202 202 202 202 202 202 202 202 202 202 202 202 202 202 202 202 202 202 202 202 202 202 202 202 202 202 202 202 202 202 202 202 202 202 202 201 201 201 201 201 202 202 202 202 202 202 202 202 202 201 201 201 201 201 201 201 201 201 201 201 201 201 201 201 201 201 201 201 201 201 201 201 201 201 201 201 201 201 201 201 201 201 201 201 201 201 201 201 201 201 201 201 201 201 201 201 201 201 201 201 201 201 201 201 201 201 201 201 201 201 201 201 201 201 201 201 201 201 201 201 201 201 201 201 201 201 201 201 201 201 201 201 201 201 201 201 201 201 201 201 201 201 201 201 201 201 201 201 201 201 201 201 201 201 201 200 200 200 200 200 200 200 200 200 200 200 200 200 200 200 200 200 200 200 200 200 200 200 200 200 200 200 200 200 200 200 200 200 200 200 201 201 201 201 201 201 201 201 201 201 201 201 201 201 201 201 201 201 201 200 200 200 200 200 200 200 200 200 200 200 200 200 200 200 200 200 200 200 200 200 200 200 200 200 200 200 200 200 200 200 200 200 200 200 200 200 200 200 200 200 200 200 200 200 202 202 202 202 202 202 202 202 202 202 202 202 202 202 202 202 202 202 202 202 202 202 202 202 202 202 202 202 202 202 202 202 202 202 202 202 202 202 202 202 202 202 202 202 202 202 202 202 202 202 202 202 202 202 202 201 201 201 202 202 202 202 202 202 202 202 202 202 201 201 201 201 201 201 201 201 201 201 201 201 201 201 201 201 201 201 201 201 201 201 201 201 201 201 201 201 201 201 201 201 201 201 201 201 201 201 201 201 201 201 201 201 201 201 201 201 201 201 201 201 201 201 201 201 201 201 201 201 201 201 201 201 201 201 201 201 201 201 201 201 201 201 201 201 201 201 201 201 201 201 201 201 201 201 201 201 201 201 201 201 201 201 201 201 201 201 201 201 201 201 201 201 201 201 201 201 201 200 200 200 200 200 200 200 200 200 200 200 200 200 200 200 200 200 200 200 200 200 200 200 200 200 200 200 200 200 200 200 201 201 201 201 201 201 201 201 201 201 201 201 201 201 201 201 201 201 201 201 201 201 201 200 200 200 200 200 200 200 200 200 200 200 200 200 200 200 200 200 200 200 200 200 200 200 200 200 200 200 200 200 200 200 200 200 200 200 200 200 200 200 200 200 200 200 203 203 202 202 202 202 202 202 202 202 202 202 202 202 202 202 202 202 202 202 202 202 202 202 202 202 202 202 202 202 202 202 202 202 202 202 202 202 202 202 202 202 202 202 202 202 202 202 202 201 201 201 201 201 201 201 201 201 201 201 201 201 201 201 201 201 201 201 201 201 201 201 201 201 201 201 201 201 201 201 201 201 201 201 201 201 201 201 201 201 201 201 201 201 201 201 201 201 201 201 201 201 201 201 201 201 201 201 201 201 201 201 201 201 201 201 201 201 201 201 201 201 201 201 201 201 201 201 201 201 201 201 201 201 201 201 201 201 201 201 201 201 200 200 200 200 200 200 200 200 200 200 200 200 200 200 200 200 200 201 201 201 201 201 201 201 201 201 201 201 201 201 201 201 201 201 201 201 201 201 201 201 201 200 200 200 200 200 200 200 200 200 200 200 200 200 200 200 200 200 200 200 200 200 200 200 200 200 200 201 201 201 201 201 201 201 201 201 201 201 201 201 201 201 201 201 201 201 201 201 201 201 201 201 201 201 201 201 201 200 200 200 200 200 200 200 200 200 200 200 200 200 200 200 200 200 200 200 200 200 200 200 200 200 200 200 200 200 200 200 200 200 200 200 200 200 200 200 203 203 203 203 203 202 202 202 202 202 202 202 202 202 202 202 202 202 202 202 202 202 202 202 202 202 202 202 202 202 202 202 202 202 202 202 202 202 202 202 202 202 202 202 202 202 202 202 202 202 202 202 201 201 201 201 201 201 201 201 201 201 201 201 201 201 201 201 201 201 201 201 201 201 201 201 201 201 201 201 201 201 201 201 201 201 201 201 201 201 201 201 201 201 201 201 201 201 201 201 201 201 201 201 201 201 201 201 201 201 201 201 201 201 201 201 201 201 201 201 201 201 201 201 201 201 201 201 201 201 201 201 201 201 201 201 201 201 201 201 201 201 201 201 201 200 200 200 200 201 200 200 200 200 200 200 200 200 200 200 200 201 201 201 201 201 201 201 201 201 201 201 201 201 201 201 201 201 201 201 201 201 201 201 201 201 201 201 200 200 200 200 200 200 200 200 200 200 200 200 200 200 200 200 200 200 200 200 200 200 200 201 201 201 201 201 201 201 201 201 201 201 201 201 201 201 201 201 201 201 201 201 201 201 201 201 201 201 201 201 201 201 201 200 200 200 200 200 200 200 200 200 200 200 200 200 200 200 200 200 200 200 200 200 200 200 200 200 200 200 200 200 200 200 200 200 200 200 200 200 203 203 203 203 203 203 203 203 203 202 202 202 202 202 202 202 202 202 202 202 202 202 202 202 202 202 202 202 202 202 202 202 202 202 202 202 202 202 202 202 202 202 202 202 202 202 202 202 202 202 202 202 202 202 202 201 201 201 201 201 201 201 201 201 201 201 201 201 201 201 201 201 201 201 201 201 201 201 201 201 201 201 201 201 201 201 201 201 201 201 201 201 201 201 201 201 201 201 201 201 201 201 201 201 201 201 201 201 201 201 201 201 201 201 201 201 201 201 201 201 201 201 201 201 201 201 201 201 201 201 201 201 201 201 201 201 201 201 201 201 201 201 201 201 201 201 201 201 200 201 201 201 201 201 201 201 201 201 201 201 201 200 200 201 201 201 201 201 201 201 201 201 201 201 201 201 201 201 201 201 201 201 201 201 201 201 201 201 201 201 201 201 201 201 201 200 200 200 200 200 200 200 200 200 200 200 200 200 200 200 200 200 200 201 201 201 201 201 201 201 201 201 201 201 201 201 201 201 201 201 201 201 201 201 201 201 201 201 201 201 201 201 201 201 201 201 201 200 200 200 200 200 200 200 200 200 200 200 200 200 200 200 200 200 200 200 200 200 200 200 200 200 200 200 200 200 200 200 200 200 200 200 203 203 202 202 202 202 202 202 202 202 202 202 202 202 202 202 202 202 202 202 202 202 202 202 202 202 202 202 202 202 202 202 202 202 202 202 202 202 202 202 202 202 202 202 202 202 202 201 201 201 201 201 201 201 201 201 201 201 201 201 201 201 201 201 201 201 201 201 201 201 201 201 201 201 201 201 201 201 201 201 201 201 201 201 201 201 201 201 201 201 201 201 201 201 201 201 201 201 201 201 201 201 201 201 201 201 201 201 201 201 201 201 201 201 201 201 201 201 201 201 201 201 201 201 201 201 201 201 201 201 201 201 201 201 201 201 201 201 200 201 201 201 201 201 201 201 201 201 201 201 201 201 201 201 201 201 201 201 201 201 201 201 201 201 201 201 201 201 201 201 201 201 201 201 201 201 201 201 201 201 201 201 201 201 201 201 201 200 200 200 200 200 200 200 200 200 200 200 200 200 200 200 200 200 201 201 201 201 201 201 201 201 201 201 201 201 201 201 201 201 201 201 201 201 201 201 201 201 201 201 201 201 201 201 201 201 201 201 201 201 200 200 200 200 200 200 200 200 200 200 200 200 200 200 200 200 200 200 200 200 200 200 200 200 200 200 200 200 200 200 200 200 200 202 202 202 202 202 202 202 202 202 202 202 202 202 202 202 202 202 202 202 202 202 202 202 202 202 202 202 202 202 202 202 202 202 202 202 202 202 202 202 202 202 202 202 202 202 201 201 201 201 201 201 201 201 201 201 201 201 201 201 201 201 201 201 201 201 201 201 201 201 201 201 201 201 201 201 201 201 201 201 201 201 201 201 201 201 201 201 201 201 201 201 201 201 201 201 201 201 201 201 201 201 201 201 201 201 201 201 201 201 201 201 201 201 201 201 201 201 201 201 201 201 201 201 201 201 201 201 201 201 201 201 201 201 201 201 201 201 201 201 201 201 201 201 201 201 201 201 201 201 201 201 201 201 201 201 201 201 201 201 201 201 201 201 201 201 201 201 201 201 201 201 201 201 201 201 201 201 201 201 201 201 201 201 201 201 201 201 200 201 200 200 200 200 200 200 200 200 200 200 200 200 200 201 201 201 201 201 201 201 201 201 201 201 201 201 201 201 201 201 201 201 201 201 201 201 201 201 201 201 201 201 201 201 201 201 201 201 201 201 201 200 200 200 200 200 200 200 200 200 200 200 200 200 200 200 200 200 200 200 200 200 200 200 200 200 200 200 200 200 200 200 200 200 200 200 200 202 202 202 202 202 202 202 202 202 202 202 202 202 202 202 202 202 202 202 202 202 202 202 202 202 202 202 202 202 202 202 202 202 202 202 202 202 202 202 202 202 202 202 202 202 201 201 201 201 201 201 201 201 201 201 201 201 201 201 201 201 201 201 201 201 201 201 201 201 201 201 201 201 201 201 201 201 201 201 201 201 201 201 201 201 201 201 201 201 201 201 201 201 201 201 201 201 201 201 201 201 201 201 201 201 201 201 201 201 201 201 201 201 201 201 201 201 201 201 201 201 201 201 201 201 201 201 201 201 201 201 201 201 201 201 201 201 201 201 201 201 201 201 201 201 201 201 201 201 201 201 201 201 201 201 201 201 201 201 201 201 201 201 201 201 201 201 201 201 201 201 201 201 201 201 201 201 201 201 201 201 201 201 201 201 201 201 201 201 201 200 200 200 200 200 200 200 200 200 200 200 201 201 201 201 201 201 201 201 201 201 201 201 201 201 201 201 201 201 201 201 201 201 201 201 201 201 201 201 201 201 201 201 201 201 201 201 201 201 201 201 201 200 200 200 200 200 200 200 200 200 200 200 200 200 200 200 200 200 200 200 200 200 200 200 200 200 200 200 200 200 200 200 200 200 200 200 200 200 200 203 202 202 202 202 202 202 202 202 202 202 202 202 202 202 202 202 202 202 202 202 202 202 202 202 202 202 202 202 202 202 202 202 202 202 202 202 202 202 202 202 202 202 202 202 202 202 202 201 201 201 201 201 201 201 201 201 201 201 201 201 201 201 201 201 201 201 201 201 201 201 201 201 201 201 201 201 201 201 201 201 201 201 201 201 201 201 201 201 201 201 201 201 201 201 201 201 201 201 201 201 201 201 201 201 201 201 201 201 201 201 201 201 201 201 201 201 201 201 201 201 201 201 201 201 201 201 201 201 201 201 201 201 201 201 201 201 201 201 201 201 201 201 201 201 201 201 201 201 201 201 201 201 201 201 201 201 201 201 201 201 201 201 201 201 201 201 201 201 201 201 201 201 201 201 201 201 201 201 201 201 201 201 201 201 201 201 201 201 201 201 201 201 201 200 201 201 201 201 200 200 200 200 202 201 201 201 201 201 201 201 201 201 201 201 201 201 201 201 201 201 201 201 201 201 201 201 201 201 201 201 201 201 201 201 201 201 201 201 201 201 201 201 201 201 201 201 201 200 200 200 200 200 200 200 200 200 200 200 200 200 200 200 200 200 200 200 200 200 200 200 200 200 200 200 200 200 200 200 200 200 200 200 200 200 203 203 203 203 202 202 202 202 202 202 202 202 202 202 202 202 202 202 202 202 202 202 202 202 202 202 202 202 202 202 202 202 202 202 202 202 202 202 202 202 202 202 202 202 202 202 202 202 202 202 202 201 201 201 201 201 201 201 201 201 201 201 201 201 201 201 201 201 201 201 201 201 201 201 201 201 201 201 201 201 201 201 201 201 201 201 201 201 201 201 201 201 201 201 201 201 201 201 201 201 201 201 201 201 201 201 201 201 201 201 201 201 201 201 201 201 201 201 201 201 201 201 201 201 201 201 201 201 201 201 201 201 201 201 201 201 201 201 201 201 201 201 201 201 201 201 201 201 201 201 201 201 201 201 201 201 201 201 201 201 201 201 201 201 201 201 201 201 201 201 201 201 201 201 201 201 201 201 201 201 201 201 201 201 201 201 201 201 201 201 201 201 201 201 201 201 201 201 201 201 201 201 201 201 201 202 202 202 201 201 201 201 201 201 201 201 201 202 202 202 201 201 201 201 201 201 201 201 201 201 201 201 201 201 201 201 201 201 201 201 201 201 201 201 201 201 201 201 201 201 201 201 200 200 200 200 200 200 200 200 201 200 200 200 200 200 200 200 200 200 200 200 200 200 200 200 200 200 200 200 200 200 200 200 200 200 200 200 200 200 203 203 203 203 203 203 203 202 202 202 202 202 202 202 202 202 202 202 202 202 202 202 202 202 202 202 202 202 202 202 202 202 202 202 202 202 202 202 202 202 202 202 202 202 202 202 202 202 202 202 202 202 202 202 202 201 201 201 201 201 201 201 201 201 201 201 201 201 201 201 201 201 201 201 201 201 201 201 201 201 201 201 201 201 201 201 201 201 201 201 201 201 201 201 201 201 201 201 201 201 201 201 201 201 201 201 201 201 201 201 201 201 201 201 201 201 201 201 201 201 201 201 201 201 201 201 201 201 201 201 201 201 201 201 201 201 201 201 201 201 201 201 201 201 201 201 201 201 201 201 201 201 201 201 201 201 201 201 201 201 201 201 201 201 201 201 201 201 201 201 201 201 201 201 201 201 201 201 201 201 201 201 201 201 201 201 201 201 201 201 201 201 201 201 201 201 201 201 201 201 201 201 201 201 201 201 201 201 202 202 202 202 202 201 201 201 201 201 201 202 202 202 202 202 201 201 202 201 201 202 202 202 201 201 201 201 201 201 201 201 201 201 201 201 201 201 201 201 201 201 201 201 201 201 201 201 200 200 200 200 201 201 201 201 201 200 200 200 201 201 201 201 201 201 200 200 200 200 200 200 200 200 200 200 200 200 200 200 200 200 200 200 200 200 203 203 203 203 203 203 203 203 203 202 202 202 202 202 202 202 202 202 202 202 202 202 202 202 202 202 202 202 202 202 202 202 202 202 202 202 202 202 202 202 202 202 202 202 202 202 202 202 202 202 202 202 202 202 202 202 202 201 201 201 201 201 201 201 201 201 201 201 201 201 201 201 201 201 201 201 201 201 201 201 201 201 201 201 201 201 201 201 201 201 201 201 201 201 201 201 201 201 201 201 201 201 201 201 201 201 201 201 201 201 201 201 201 201 201 201 201 201 201 201 201 201 201 201 201 201 201 201 201 201 201 201 201 201 201 201 201 201 201 201 201 201 201 201 201 201 201 201 201 201 201 201 201 201 201 201 201 201 201 201 201 201 201 201 201 201 201 201 201 201 201 201 201 201 201 201 201 201 201 201 201 201 201 201 201 201 201 201 201 201 201 201 201 201 201 201 201 201 201 201 201 201 201 201 201 201 201 201 201 201 202 202 202 202 202 202 202 202 201 202 202 202 202 202 202 202 202 202 202 202 202 202 202 202 202 201 201 201 201 201 201 201 201 201 201 201 201 201 201 201 201 201 201 201 201 201 201 201 200 200 200 201 201 201 201 201 201 201 201 201 201 201 201 201 201 201 201 201 201 200 200 200 200 200 200 200 200 200 200 200 200 200 200 200 200 200 200 203 203 203 203 203 203 203 203 203 203 203 203 203 202 202 202 202 202 202 202 202 202 202 202 202 202 202 202 202 202 202 202 202 202 202 202 202 202 202 202 202 202 202 202 202 202 202 202 202 202 202 202 202 202 202 202 201 201 201 201 201 201 201 201 201 201 201 201 201 201 201 201 201 201 201 201 201 201 201 201 201 201 201 201 201 201 201 201 201 201 201 201 201 201 201 201 201 201 201 201 201 201 201 201 201 201 201 201 201 201 201 201 201 201 201 201 201 201 201 201 201 201 201 201 201 201 201 201 201 201 201 201 201 201 201 201 201 201 201 201 201 201 201 201 201 201 201 201 201 201 201 201 201 201 201 201 201 201 201 201 201 201 201 201 201 201 201 201 201 201 201 201 201 201 201 201 201 201 201 201 201 201 201 201 201 201 201 201 201 201 201 201 201 201 201 201 201 201 201 201 201 201 201 201 201 201 201 201 201 202 202 202 202 202 202 202 202 202 202 202 202 202 202 202 202 202 202 202 202 202 202 202 202 202 202 202 202 202 201 201 201 201 201 201 201 201 201 201 201 201 201 201 201 201 201 201 200 200 200 201 201 201 201 201 201 201 201 201 201 201 201 201 201 201 201 201 201 201 200 200 200 200 200 200 200 200 200 200 200 200 200 200 200 200 200 200 203 203 203 203 203 203 203 203 203 203 203 203 203 203 203 203 202 202 202 202 202 202 202 202 202 202 202 202 202 202 202 202 202 202 202 202 202 202 202 202 202 202 202 202 202 202 202 202 202 202 202 201 201 201 201 201 201 201 201 201 201 201 201 201 201 201 201 201 201 201 201 201 201 201 201 201 201 201 201 201 201 201 201 201 201 201 201 201 201 201 201 201 201 201 201 201 201 201 201 201 201 201 201 201 201 201 201 201 201 201 201 201 201 201 201 201 201 201 201 201 201 201 201 201 201 201 201 201 201 201 201 201 201 201 201 201 201 201 201 201 201 201 201 201 201 201 201 201 201 201 201 201 201 201 201 201 201 201 201 201 201 201 201 201 201 201 201 201 201 201 201 201 201 201 201 201 201 201 201 201 201 201 201 201 201 201 201 201 201 201 201 201 201 201 201 201 201 201 201 201 201 201 202 202 202 202 202 202 202 202 202 202 202 202 202 202 202 202 202 202 202 202 202 202 202 202 202 202 202 202 202 202 202 202 202 202 201 201 201 201 201 201 201 201 201 201 201 201 201 200 201 201 201 201 201 201 201 201 201 201 201 201 201 201 201 201 200 200 200 200 200 200 200 200 200 200 200 200 200 200 200 200 200 200 200 200 200 200 200 203 203 203 203 203 203 203 203 203 203 203 203 203 203 203 203 202 202 202 202 202 202 202 202 202 202 202 202 202 202 202 202 202 202 202 202 202 202 202 202 202 202 202 202 202 202 201 201 201 201 201 201 201 201 201 201 201 201 201 201 201 201 201 201 201 201 201 201 201 201 201 201 201 201 201 201 201 201 201 201 201 201 201 201 201 201 201 201 201 201 201 201 201 201 201 201 201 201 201 201 201 201 201 201 201 201 201 201 201 201 201 201 201 201 201 201 201 201 201 201 201 201 201 201 201 201 201 201 201 201 201 201 201 201 201 201 201 201 201 201 201 201 201 201 201 201 201 201 201 201 201 201 201 201 201 201 201 201 201 201 201 201 201 201 201 201 201 201 201 201 201 201 201 201 201 201 201 201 201 201 201 201 201 201 201 201 201 201 201 201 201 201 201 201 201 201 202 202 202 202 202 202 202 202 202 202 202 202 202 202 202 202 202 202 202 202 202 202 202 202 202 202 202 202 202 202 202 202 202 202 202 201 201 201 201 201 201 201 201 201 201 201 201 201 201 201 201 201 201 201 201 201 201 201 201 201 201 201 201 201 201 201 201 201 201 201 201 201 200 200 200 200 200 200 200 200 200 200 200 200 200 200 200 203 203 203 203 203 203 203 203 203 203 203 203 203 203 202 202 202 202 202 202 202 202 202 202 202 202 202 202 202 202 202 202 202 202 202 202 202 202 202 202 202 202 201 201 201 201 201 201 201 201 201 201 201 201 201 201 201 201 201 201 201 201 201 201 201 201 201 201 201 201 201 201 201 201 201 201 201 201 201 201 201 201 201 201 201 201 201 201 201 201 201 201 201 201 201 201 201 201 201 201 201 201 201 201 201 201 201 201 201 201 201 201 201 201 201 201 201 201 201 201 201 201 201 201 201 201 201 201 201 201 201 201 201 201 201 201 201 201 201 201 201 201 201 201 201 201 201 201 201 201 201 201 201 201 201 201 201 201 201 201 201 201 201 201 201 201 201 201 201 201 201 201 201 201 201 201 201 201 201 201 201 201 201 201 201 201 201 201 201 201 201 201 202 202 202 202 202 202 202 202 202 202 202 202 202 202 202 202 202 202 202 202 202 202 202 202 202 202 202 202 202 202 202 202 202 202 202 202 201 201 201 201 201 201 201 201 201 201 201 201 201 201 201 201 201 201 201 201 201 201 201 201 201 201 201 201 201 201 201 201 201 201 201 201 201 201 201 201 201 200 200 200 200 200 201 201 203 203 203 203 203 203 203 203 203 203 202 202 202 202 202 202 202 202 202 202 202 202 202 202 202 202 202 202 202 202 202 202 202 202 202 202 202 201 201 201 201 201 201 201 201 201 201 201 201 201 201 201 201 201 201 201 201 201 201 201 201 201 201 201 201 201 201 201 201 201 201 201 201 201 201 201 201 201 201 201 201 201 201 201 201 201 201 201 201 201 201 201 201 201 201 201 201 201 201 201 201 201 201 201 201 201 201 201 201 201 201 201 201 201 201 201 201 201 201 201 201 201 201 201 201 201 201 201 201 201 201 201 201 201 201 201 202 202 202 201 201 201 201 201 201 201 201 201 201 201 201 201 201 201 201 201 201 201 201 201 201 201 201 201 201 201 201 201 201 201 201 201 201 201 201 201 201 201 201 201 201 201 201 201 201 201 202 202 202 202 202 202 202 202 202 202 202 202 202 202 202 202 202 202 202 202 202 202 202 202 202 202 202 202 202 202 202 202 202 202 202 202 202 201 201 201 201 201 201 201 201 201 201 201 201 201 201 201 201 201 201 201 201 201 201 201 201 201 201 201 201 201 201 201 201 201 201 201 201 201 201 201 201 201 200 200 201 203 203 203 203 203 203 203 203 202 202 202 202 202 202 202 202 202 202 202 202 202 202 202 202 202 202 202 202 202 202 202 202 202 202 202 202 201 201 201 201 201 201 201 201 201 201 201 201 201 201 201 201 201 201 201 201 201 201 201 201 201 201 201 201 201 201 201 201 201 201 201 201 201 201 201 201 201 201 201 201 201 201 201 201 201 201 201 201 201 201 201 201 201 201 201 201 201 201 201 201 201 201 201 201 201 201 201 201 201 201 201 201 201 201 201 201 201 201 201 201 201 201 201 201 201 201 201 201 201 201 201 201 201 201 202 202 202 202 202 202 202 201 201 201 202 202 201 201 201 201 201 201 201 201 201 201 201 201 201 201 201 201 201 201 201 201 201 201 201 201 201 201 201 201 201 201 201 201 201 201 201 201 201 201 202 202 202 202 202 202 202 202 202 202 202 202 202 202 202 202 202 202 202 202 202 202 202 202 202 202 202 202 202 202 202 202 202 202 202 202 202 202 202 202 202 202 201 201 201 201 201 201 201 201 201 201 201 201 201 201 201 201 201 201 201 201 201 201 201 201 201 201 201 201 201 201 201 201 203 203 203 203 203 203 202 202 202 202 202 202 202 202 202 202 202 202 202 202 202 202 202 202 202 202 202 202 202 202 202 202 202 202 202 201 201 201 201 201 201 201 201 201 201 201 201 201 201 201 201 201 201 201 201 201 201 201 201 201 201 201 201 201 201 201 201 201 201 201 201 201 201 201 201 201 201 201 201 201 201 201 201 201 201 201 201 201 201 201 201 201 201 201 201 201 201 201 201 201 201 201 201 201 201 201 201 201 201 201 201 201 201 201 201 201 201 201 201 201 201 201 201 201 201 201 201 201 201 201 201 201 201 202 202 202 202 202 202 202 202 202 202 202 202 202 202 202 202 201 201 201 201 201 201 201 201 201 201 201 201 201 201 201 201 201 201 201 201 201 201 201 201 201 201 201 201 201 201 201 201 201 201 202 202 202 202 202 202 202 202 202 202 202 202 202 202 202 202 202 202 202 202 202 202 202 202 202 202 202 202 202 202 202 202 202 202 202 202 202 202 202 202 202 202 201 201 201 201 201 201 201 201 201 201 201 201 201 201 201 201 201 201 201 201 201 201 202 202 202 202 202 202 202 202 202 202 202 202 202 202 202 202 202 202 202 202 202 202 202 202 202 202 202 202 202 202 202 201 201 201 201 201 201 201 201 201 201 201 201 201 201 201 201 201 201 201 201 201 201 201 201 201 201 201 201 201 201 201 201 201 201 201 201 201 201 201 201 201 201 201 201 201 201 201 201 201 201 201 201 201 201 201 201 201 201 201 201 201 201 201 201 201 201 201 201 201 201 201 201 201 201 201 201 201 201 201 201 201 201 201 201 201 201 201 201 201 201 201 201 201 201 201 201 201 202 202 202 202 202 202 202 202 202 202 202 202 202 202 202 202 201 201 201 201 201 201 201 201 201 201 201 201 201 201 201 201 201 201 201 201 201 201 201 201 201 201 201 201 201 201 201 201 201 201 202 202 202 202 202 202 202 202 202 202 202 202 202 202 202 202 202 202 202 202 202 202 202 202 202 202 202 202 202 202 202 202 202 202 202 202 202 202 202 202 202 202 202 202 202 202 201 202 202 202 202 201 201 201 201 201 201 201 201 201 201 201 201 202 202 202 202 202 202 202 202 202 202 202 202 202 202 202 202 202 202 202 202 202 202 202 202 202 202 202 202 202 202 202 202 201 201 201 201 201 201 201 201 201 201 201 201 201 201 201 201 201 201 201 201 201 201 201 201 201 201 201 201 201 201 201 201 201 201 201 201 201 201 201 201 201 201 201 201 201 201 201 201 201 201 201 201 201 201 201 201 201 201 201 201 201 201 201 201 201 201 201 201 201 201 201 201 201 201 201 201 201 201 201 201 201 201 201 201 201 201 201 201 201 201 201 201 201 201 201 201 202 202 202 202 202 202 202 202 202 202 202 202 202 202 202 201 201 201 201 201 201 201 201 201 201 201 201 201 201 201 201 201 201 201 201 201 201 201 201 201 201 201 201 201 201 201 201 201 201 201 202 202 202 202 202 202 202 202 202 202 202 202 202 202 202 202 202 202 202 202 202 202 202 202 202 202 202 202 202 202 202 202 202 202 202 202 202 202 202 202 202 202 202 202 202 202 202 202 202 202 202 202 202 202 202 202 202 201 201 201 201 201 201 202 202 202 202 202 202 202 202 202 202 202 202 202 202 202 202 202 202 202 202 202 202 202 202 202 202 202 202 202 201 202 202 201 201 201 201 201 201 201 201 201 201 201 201 201 201 201 201 201 201 201 201 201 201 201 201 201 201 201 201 201 201 201 201 201 201 201 201 201 201 201 201 201 201 201 201 201 201 201 201 201 201 201 201 201 201 201 201 201 201 201 201 201 201 201 201 201 201 201 201 201 201 201 201 201 201 201 201 201 201 201 201 201 201 201 201 201 201 201 201 201 201 201 201 201 201 201 201 202 202 202 202 202 202 202 202 202 202 202 202 202 202 201 201 201 201 201 201 201 201 201 201 201 201 201 201 201 201 201 201 201 201 201 201 201 201 201 201 201 201 201 201 201 201 201 201 201 201 202 202 202 202 202 202 202 202 202 202 202 202 202 202 202 202 202 202 202 202 202 202 202 202 202 202 202 202 202 202 202 202 202 202 202 202 202 202 202 202 202 202 202 202 202 202 202 202 202 202 202 202 202 202 202 202 202 202 202 202 202 202 201 202 202 202 202 202 202 202 202 202 202 202 202 202 202 202 202 202 202 202 202 202 202 202 202 202 202 202 202 202 202 202 202 201 201 201 201 201 201 201 201 201 201 201 201 201 201 201 201 201 201 201 201 201 201 201 201 201 201 201 201 201 201 201 201 201 201 201 201 201 201 201 201 201 201 201 201 201 201 201 201 201 201 201 201 201 201 201 201 201 201 201 201 201 201 201 201 201 201 201 201 201 201 201 201 201 201 201 201 201 201 201 201 201 201 201 201 201 201 201 201 201 201 201 201 201 201 201 201 202 202 202 202 202 202 202 202 202 201 201 201 201 201 201 201 201 201 201 201 201 201 201 201 202 202 202 202 202 201 201 201 201 201 201 201 201 201 201 201 201 201 201 201 201 201 201 201 201 201 202 202 202 202 202 202 202 202 202 202 202 202 202 202 202 202 202 202 202 202 202 202 202 202 202 202 202 202 202 202 202 202 202 202 202 202 202 202 202 202 202 202 202 202 202 202 202 202 202 202 202 202 202 202 202 202 202 202 202 202 202 202 201 202 202 202 202 202 202 202 202 202 202 202 202 202 202 202 202 202 202 202 202 202 202 202 202 202 202 202 202 202 202 202 202 202 202 202 202 202 201 201 201 201 201 201 201 201 201 201 201 201 201 201 201 201 201 201 201 201 201 201 201 201 201 201 201 201 201 201 201 201 201 201 201 201 201 201 201 201 201 201 201 201 201 201 201 201 201 201 201 201 201 201 201 201 201 201 201 201 201 201 201 201 201 201 201 201 201 201 201 201 201 201 201 201 201 201 201 201 201 201 201 201 201 201 201 201 201 201 201 201 201 201 201 202 202 202 202 202 202 201 201 201 201 201 201 201 201 201 201 201 202 202 201 201 201 201 201 201 202 202 202 202 202 202 202 201 202 202 201 201 201 201 202 201 201 201 201 201 201 201 201 201 201 202 202 202 202 202 202 202 202 202 202 202 202 202 202 202 202 202 202 202 202 202 202 202 202 202 202 202 202 202 202 202 202 202 202 202 202 202 202 202 202 202 202 202 202 202 202 202 202 202 202 202 202 202 202 202 202 202 202 202 202 201 201 201 201 202 202 202 202 202 202 202 202 202 202 202 202 202 202 202 202 202 202 202 202 202 202 202 202 202 202 202 202 202 202 202 202 202 202 202 202 201 201 201 201 201 201 201 201 201 201 201 201 201 201 201 201 201 201 201 201 201 201 201 201 201 201 201 201 201 201 201 201 201 201 201 201 201 201 201 201 201 201 201 201 201 201 201 202 202 202 202 201 201 201 201 201 201 201 201 201 201 201 201 201 201 201 201 201 201 201 201 201 201 201 201 201 201 201 201 201 201 201 201 201 201 201 201 201 201 201 201 201 201 201 201 202 202 202 202 202 202 202 202 201 202 201 201 201 201 201 202 202 202 201 201 201 201 201 201 201 202 202 202 202 202 202 202 202 202 202 202 202 202 202 202 202 202 202 202 202 201 201 201 201 201 203 203 203 202 202 202 202 202 202 202 202 202 202 202 202 202 202 202 202 202 202 202 202 202 202 202 202 202 202 202 202 202 202 202 202 202 202 202 202 202 202 202 202 202 202 202 202 202 202 202 202 202 202 202 202 202 202 202 202 202 202 202 202 202 201 201 202 202 202 202 202 202 202 202 202 202 202 202 202 202 202 202 202 202 202 202 202 202 202 202 202 202 202 202 202 202 202 202 202 202 202 201 202 202 202 201 201 201 201 201 201 201 201 201 201 201 201 201 201 201 201 201 201 201 201 201 201 201 201 201 201 201 201 201 201 201 201 201 201 201 201 201 201 201 201 201 201 201 201 202 202 202 202 202 202 202 201 201 201 201 201 201 201 201 201 201 201 201 201 201 201 201 201 201 201 201 201 201 201 201 201 201 201 201 201 201 201 201 201 201 201 201 201 201 201 201 201 201 202 202 202 202 202 202 202 202 202 202 202 202 202 201 201 202 202 202 201 201 201 201 201 201 201 201 202 202 202 202 202 202 202 202 202 202 202 202 202 202 202 202 202 202 202 202 202 202 202 201 201 203 203 203 203 203 203 203 203 202 202 203 203 202 202 202 202 202 202 202 202 202 202 202 202 202 202 202 202 202 202 202 202 202 202 202 202 202 202 202 202 202 202 202 202 202 202 202 202 202 202 202 202 202 202 202 202 202 202 202 202 202 202 202 202 202 201 202 202 202 202 202 202 202 202 202 202 202 202 202 202 202 202 202 202 202 202 202 202 202 202 202 202 202 202 202 202 202 202 202 202 201 201 201 202 201 201 201 201 201 201 201 201 201 201 201 201 201 201 201 201 201 201 201 201 201 201 201 201 201 201 201 201 201 201 201 201 201 201 201 201 201 201 201 201 201 201 201 201 202 202 202 202 202 202 202 201 201 201 201 201 201 201 201 201 201 201 201 202 202 202 201 201 201 201 202 201 201 202 201 201 201 201 201 201 201 201 201 201 201 201 201 201 201 201 202 202 202 201 202 202 202 202 202 202 202 202 202 202 202 202 202 201 202 202 202 202 202 202 201 202 201 201 201 202 202 202 202 202 202 202 202 202 202 202 202 202 202 202 202 202 202 202 202 202 202 202 202 202 203 203 203 203 203 203 203 203 203 203 203 203 203 203 203 203 203 203 203 203 203 203 203 202 202 202 202 202 202 202 202 202 202 202 202 202 202 202 202 202 202 202 202 202 202 202 202 202 202 202 202 202 202 202 202 202 202 202 202 202 202 202 202 202 202 201 201 202 202 202 202 202 202 202 202 202 202 202 202 202 202 202 202 202 202 202 202 202 202 202 202 202 202 202 202 202 202 202 202 202 202 202 202 202 201 201 201 201 201 201 201 201 201 201 201 201 201 201 201 201 201 201 201 201 201 201 201 201 201 201 201 201 201 201 201 201 201 201 201 201 201 201 201 201 201 201 201 201 201 201 201 202 202 202 202 202 202 202 202 202 202 202 202 202 202 202 202 202 202 202 202 202 202 202 202 202 202 202 202 202 202 201 201 201 201 201 201 201 201 201 201 201 201 201 202 202 202 202 202 201 201 202 201 202 202 202 202 202 202 202 202 202 202 202 202 202 202 202 202 202 202 202 202 201 201 201 201 202 202 202 202 202 202 202 202 202 202 202 202 202 202 202 202 202 202 202 202 202 202 202 202 203 203 203 203 203 203 203 203 203 203 203 203 203 203 203 203 203 203 203 203 203 203 203 202 202 202 202 202 202 202 202 202 202 202 202 202 202 202 202 202 202 202 202 202 202 202 202 202 202 202 202 202 202 202 202 202 202 202 202 202 202 202 202 202 202 202 201 202 202 202 202 202 202 202 202 202 202 202 202 202 202 202 202 202 202 202 202 202 202 202 202 202 202 202 202 202 202 202 202 202 202 201 201 201 201 201 201 201 201 201 201 201 201 201 201 201 201 201 201 201 201 201 201 201 201 201 201 201 201 201 201 201 201 201 201 201 201 201 201 201 201 201 201 201 201 201 201 201 202 202 201 201 202 202 202 202 202 202 202 202 202 202 202 202 202 202 202 202 202 202 202 202 202 202 202 202 202 202 202 202 202 202 202 202 202 202 202 202 202 202 202 202 202 202 202 202 201 201 202 202 201 202 202 202 202 202 202 202 202 202 202 202 202 202 202 202 202 202 202 202 202 201 201 201 202 202 202 202 202 202 202 202 202 202 202 202 202 202 202 202 202 202 202 202 202 202 202 202 203 203 203 203 203 203 203 203 203 203 203 203 203 203 203 203 203 203 203 203 203 203 203 203 202 202 202 203 202 202 202 202 202 203 202 202 202 202 202 202 202 202 202 202 202 202 202 202 202 202 202 202 202 202 202 202 202 202 202 202 202 202 202 202 202 202 202 201 202 202 202 202 202 202 202 202 202 202 202 202 202 202 202 202 202 202 202 202 202 202 202 202 202 202 202 202 202 202 202 202 202 202 202 202 202 201 201 201 201 201 201 201 201 201 201 201 201 201 201 201 201 201 201 201 201 201 201 201 201 201 201 201 201 201 201 201 201 201 201 201 201 201 201 201 201 201 201 201 201 201 201 201 202 202 202 202 202 202 202 202 202 202 202 202 202 202 202 202 202 202 202 202 202 202 202 202 202 202 202 202 202 202 202 202 202 202 202 202 202 202 202 202 202 202 202 202 202 202 202 201 201 201 202 202 201 202 202 202 202 202 202 202 202 202 202 202 202 202 202 202 202 202 202 202 202 201 201 201 202 202 202 202 202 202 202 202 202 202 202 202 202 202 202 202 202 202 202 202 202 202 202 202 203 203 203 203 203 203 203 203 203 203 203 203 203 203 203 203 203 203 203 203 203 203 203 203 203 203 203 203 203 203 203 203 203 203 203 203 203 203 203 203 203 203 202 202 202 202 202 202 202 202 203 203 202 202 202 202 202 202 202 202 202 202 202 202 202 202 202 202 202 202 201 201 201 201 201 202 202 202 202 202 202 202 202 202 202 202 202 202 202 202 202 202 202 202 202 202 202 202 202 202 202 202 202 202 202 202 202 202 202 202 202 202 202 202 202 202 202 202 202 202 202 201 201 201 201 201 201 201 201 201 201 201 201 201 201 201 201 201 201 201 201 201 201 201 201 201 201 201 201 201 201 201 201 201 201 201 201 201 201 201 201 201 201 201 201 201 201 202 202 202 202 202 202 202 202 202 202 202 202 202 202 202 202 202 202 202 202 202 202 202 202 202 202 202 202 202 202 202 202 202 202 202 202 202 202 202 202 202 202 202 202 202 202 202 201 201 201 202 202 202 201 202 202 202 202 202 202 202 202 202 202 202 202 202 202 202 202 201 201 201 201 201 201 202 202 202 202 202 202 202 202 202 202 202 202 202 202 202 202 202 202 202 202 202 202 202 202 203 203 203 203 203 203 203 203 203 203 203 203 203 203 203 203 203 203 203 203 203 203 203 203 203 203 203 203 203 203 203 203 203 203 203 203 203 203 203 203 203 203 203 203 203 203 203 203 203 203 203 203 203 202 202 202 202 202 202 202 202 202 202 202 202 202 202 202 202 202 202 202 202 202 202 202 202 202 202 202 202 202 202 202 202 202 202 202 202 202 202 202 202 202 202 202 202 202 202 202 202 202 202 202 202 202 202 202 202 202 202 202 202 202 202 202 202 202 202 202 202 202 202 202 201 201 201 201 201 201 201 201 201 201 201 201 201 201 201 201 201 201 201 201 201 201 201 201 201 201 201 201 201 201 201 201 201 201 201 201 201 201 201 201 201 201 201 201 201 201 201 202 202 202 202 202 202 202 202 202 202 202 202 202 202 202 202 202 202 202 202 202 202 202 202 202 202 202 202 202 202 202 202 202 202 202 202 202 202 202 202 202 202 202 202 202 202 202 201 201 201 202 202 202 202 202 202 202 202 202 202 202 202 202 202 202 202 201 201 202 202 202 202 201 201 201 201 201 201 202 202 202 202 202 202 202 202 202 202 202 202 202 202 202 202 202 202 202 202 202 202 203 203 203 203 203 203 203 203 203 203 203 203 203 203 203 203 203 203 203 203 203 203 203 203 203 203 203 203 203 203 203 203 203 203 203 203 203 203 203 203 203 203 203 203 203 203 203 203 203 203 203 203 202 202 202 202 202 202 202 203 203 202 202 202 202 202 202 202 202 202 202 202 202 202 202 202 202 202 202 202 202 202 202 202 202 202 202 202 202 202 202 202 202 202 202 202 202 202 202 202 202 202 202 202 202 202 202 202 202 202 202 202 202 202 202 202 202 202 202 202 202 202 202 202 202 201 201 201 201 201 201 201 201 201 201 201 201 201 201 201 201 201 201 201 201 201 201 201 201 201 201 201 201 201 201 201 201 201 201 201 201 201 201 201 201 201 201 201 201 201 201 201 202 202 202 202 202 202 202 202 202 202 202 202 202 202 202 202 202 202 202 202 202 202 202 202 202 202 202 202 202 202 202 202 202 202 202 202 202 202 202 202 202 202 202 202 202 201 201 201 201 201 202 202 202 202 202 202 202 202 202 202 202 202 202 202 202 202 202 202 201 201 202 201 201 201 202 202 201 201 201 201 202 202 202 202 202 202 202 202 202 202 202 202 202 202 202 202 202 202 202 202 203 203 203 203 203 203 203 203 203 203 203 203 203 203 203 203 203 203 203 203 203 203 203 203 203 203 203 203 203 203 203 203 203 203 203 203 203 203 203 203 203 203 203 203 203 203 203 203 203 203 203 203 203 203 203 203 202 203 203 203 203 203 202 202 202 202 202 202 202 202 202 202 202 202 202 202 202 202 202 202 202 202 202 202 202 202 202 202 202 202 202 202 202 202 202 202 202 202 202 202 202 202 202 202 202 202 202 202 202 202 202 202 202 202 202 202 202 202 202 202 202 202 202 202 202 202 202 202 201 201 201 201 201 201 201 201 201 201 201 201 201 201 201 201 201 201 201 201 201 201 201 201 201 201 201 201 201 201 201 201 201 201 201 201 201 201 201 201 201 201 201 201 201 201 201 202 202 202 202 202 202 202 202 202 202 202 202 202 202 202 202 202 202 202 202 202 202 202 202 202 202 202 202 202 202 202 202 202 202 202 202 202 202 202 201 201 202 202 202 201 201 201 201 201 202 202 202 202 202 202 202 202 202 202 202 202 202 202 202 201 201 202 202 202 201 201 201 201 201 202 202 202 202 201 201 201 202 202 202 202 202 202 202 202 202 202 202 202 202 202 202 202 202 202 202 203 203 203 203 203 203 203 203 203 203 203 203 203 203 203 203 203 203 203 203 203 203 203 203 203 203 203 203 203 203 203 203 203 203 203 203 203 203 203 203 203 203 203 203 203 203 203 203 203 203 203 203 203 203 203 203 203 203 203 203 203 203 203 203 202 202 202 202 202 202 202 202 202 202 202 202 202 202 202 202 202 202 202 202 202 202 202 202 202 202 202 202 202 202 202 202 202 202 202 202 202 202 202 202 202 202 202 202 202 202 202 202 202 202 202 202 202 202 202 202 202 202 202 202 202 202 202 201 201 201 201 201 201 201 201 201 201 201 201 201 201 201 201 201 201 201 201 201 201 201 201 201 201 201 201 201 201 201 201 201 201 201 201 201 201 201 201 201 201 201 201 201 201 201 201 201 201 202 202 202 202 202 202 202 202 202 202 202 202 202 202 202 202 202 202 202 202 202 202 202 202 202 202 202 202 202 202 202 202 202 202 202 202 202 202 202 202 201 201 201 201 201 202 202 202 202 202 202 202 202 202 202 202 202 202 202 202 202 202 202 202 201 202 202 202 202 201 201 202 201 202 201 202 202 202 202 202 201 201 202 202 202 202 202 202 202 202 202 202 202 202 202 202 202 202 202 202 203 203 203 203 203 203 203 203 203 203 203 203 203 203 203 203 203 203 203 203 203 203 203 203 203 203 203 203 203 203 203 203 203 203 203 203 203 203 203 203 203 203 203 203 203 203 203 203 203 203 203 203 203 203 203 203 203 203 203 203 203 203 203 203 203 202 202 202 202 202 202 202 202 202 202 202 202 202 202 202 202 202 202 202 202 202 202 202 202 202 202 202 202 202 202 202 202 202 202 202 202 202 202 202 202 202 202 202 202 202 202 202 202 202 202 202 202 202 202 202 202 202 202 201 201 201 201 201 201 201 201 201 201 201 201 201 201 201 201 201 201 201 201 201 201 201 201 201 201 201 201 201 201 201 201 201 201 201 201 201 201 201 201 201 201 201 201 201 201 201 201 201 201 201 201 202 202 202 202 202 202 202 202 202 202 202 202 202 202 202 202 202 202 202 202 202 202 202 202 202 202 202 202 202 202 202 202 202 202 202 202 202 202 202 202 202 202 202 201 201 201 201 202 202 202 202 202 202 202 202 202 202 202 202 202 202 202 202 201 201 201 202 202 202 202 202 202 202 202 202 201 202 202 202 202 202 201 201 202 202 202 202 202 202 202 202 202 202 202 202 202 202 202 202 202 203 203 203 203 203 203 203 203 203 203 203 203 203 203 203 203 203 203 203 203 203 203 203 203 203 203 203 203 203 203 203 203 203 203 203 203 203 203 203 203 203 203 203 203 203 203 203 203 203 203 203 203 203 203 203 203 203 203 203 203 203 203 203 203 203 203 202 202 202 202 202 202 202 202 202 202 202 202 202 202 202 202 202 202 202 202 202 202 202 202 202 202 202 202 202 202 202 202 202 202 202 202 202 202 202 202 202 202 202 202 202 202 202 202 202 202 202 202 202 202 202 202 202 201 201 201 201 201 201 201 201 201 201 201 201 201 201 201 201 201 201 201 201 201 201 201 201 201 201 201 201 201 201 201 201 201 201 201 201 201 201 201 201 201 201 201 201 201 201 201 201 201 201 201 201 201 201 202 202 202 202 202 202 202 202 202 202 202 202 202 202 202 202 202 202 202 202 202 202 202 202 202 202 202 202 202 202 202 202 202 202 202 202 202 202 202 202 202 202 202 202 202 201 201 202 202 202 202 202 202 202 202 202 202 202 202 202 202 201 201 201 201 202 202 202 202 202 202 202 202 202 202 202 202 202 202 202 202 201 201 201 202 202 202 202 202 202 202 202 202 202 202 202 202 202 202 202 203 203 203 203 203 203 203 203 203 203 203 203 203 203 203 203 203 203 203 203 203 203 203 203 203 203 203 203 203 203 203 203 203 203 203 203 203 203 203 203 203 203 203 203 203 203 203 203 203 203 203 203 203 203 203 203 203 203 203 203 203 203 203 203 203 203 202 202 203 203 203 202 202 202 202 202 203 203 203 202 202 202 202 202 202 202 202 202 202 203 202 202 202 202 201 201 201 200 202 202 202 202 202 202 202 202 202 202 202 202 202 202 202 202 202 202 202 202 202 202 202 202 202 202 202 202 201 201 201 201 201 201 201 201 201 201 201 201 201 201 201 201 201 201 201 201 201 201 201 201 201 201 201 201 201 201 201 201 201 201 201 201 201 201 201 201 201 201 201 201 201 201 201 201 201 201 201 201 201 201 201 202 202 202 202 202 202 202 202 202 202 202 202 202 202 202 202 202 202 202 202 202 202 202 202 202 202 202 202 202 202 202 202 202 202 202 202 202 202 201 202 202 202 202 202 202 202 202 202 202 202 202 202 202 202 202 202 202 202 202 202 202 202 202 202 202 202 202 202 201 202 202 202 202 202 202 202 202 202 202 202 202 202 201 201 202 202 202 202 202 202 202 202 202 202 202 202 202 202 202 202 203 203 203 203 203 203 203 203 203 203 203 203 203 203 203 203 203 203 203 203 203 203 203 203 203 203 203 203 203 203 203 203 203 203 203 203 203 203 203 203 203 203 203 203 203 203 203 203 203 203 203 203 203 203 203 203 203 203 203 203 203 203 203 203 203 203 203 203 203 203 203 203 203 203 203 203 203 203 203 202 202 202 202 202 202 202 202 202 203 202 202 202 202 202 201 201 201 201 202 201 201 200 202 202 202 202 202 202 202 202 202 202 202 202 202 202 202 202 202 202 202 202 202 202 202 202 201 201 201 201 201 201 201 201 201 201 201 201 201 201 201 201 201 201 201 201 201 201 201 201 201 201 201 201 201 201 201 201 201 201 201 201 201 201 201 201 201 201 201 201 201 201 201 201 201 201 201 201 201 201 201 201 201 201 201 201 202 202 202 202 202 202 202 202 202 202 202 202 202 202 202 202 202 202 202 202 202 202 202 202 202 202 202 202 202 202 202 202 202 202 202 202 202 202 201 201 202 202 202 202 202 202 202 202 202 202 202 202 202 202 202 202 202 202 202 202 202 202 202 202 202 202 202 202 202 201 202 202 202 202 202 202 202 202 202 202 202 202 202 202 201 202 202 202 202 202 202 202 202 202 202 202 202 202 202 202 203 203 203 203 203 203 203 203 203 203 203 203 203 203 203 203 203 203 203 203 203 203 203 203 203 203 203 203 203 203 203 203 203 203 203 203 203 203 203 203 203 203 203 203 203 203 203 203 203 203 203 203 203 203 203 203 203 203 203 203 203 203 203 203 203 203 203 203 203 203 203 203 203 203 203 203 203 203 203 203 202 202 202 202 202 202 202 202 202 202 202 202 202 201 201 202 202 202 202 202 202 201 201 202 202 202 202 202 202 202 202 202 202 202 202 202 202 202 202 202 202 202 202 201 201 201 201 201 201 201 201 201 201 201 201 201 201 201 201 201 201 201 201 201 201 201 201 201 201 201 201 201 201 201 201 201 201 201 201 201 201 201 201 201 201 201 201 201 201 201 201 201 201 201 201 201 201 201 201 201 201 201 201 201 201 201 201 201 201 202 202 202 202 202 202 202 202 202 202 202 202 202 202 202 202 202 202 202 202 202 202 202 202 202 202 202 202 202 202 202 202 202 202 202 202 202 201 201 201 202 202 202 202 202 202 202 202 202 202 202 202 202 202 202 202 202 202 202 202 202 202 202 202 202 202 202 202 202 202 202 202 202 202 202 202 202 202 202 202 202 202 202 202 202 202 202 202 202 202 202 202 202 202 202 202 202 202 202 202 203 203 203 203 203 203 203 203 203 203 203 203 203 203 203 203 203 203 203 203 203 203 203 203 203 203 203 203 203 203 203 203 203 203 203 203 203 203 203 203 203 203 203 203 203 203 203 203 203 203 203 203 203 203 203 203 203 203 203 203 203 203 203 203 203 203 203 203 203 203 203 203 203 203 203 203 203 203 203 202 202 202 202 202 202 203 203 203 202 202 202 202 202 202 201 202 202 202 203 202 202 202 202 201 201 200 202 202 202 202 202 202 202 202 202 202 202 202 202 202 202 202 201 201 201 201 201 201 201 201 201 201 201 201 201 201 201 201 201 201 201 201 201 201 201 201 201 201 201 201 201 201 201 201 201 201 201 201 201 201 201 201 201 201 201 201 201 201 201 201 201 201 201 201 201 201 201 201 201 201 201 201 201 201 201 201 201 201 201 201 201 201 202 202 202 202 202 202 202 202 202 202 202 202 202 202 202 202 202 202 202 202 202 202 202 202 202 202 202 202 202 202 202 202 202 202 202 202 201 201 202 202 202 202 202 202 202 202 202 202 202 202 202 202 202 202 202 202 202 202 201 202 202 202 202 202 202 202 202 202 202 202 202 202 202 202 202 202 202 202 202 202 202 202 202 202 202 202 202 202 202 202 202 202 202 202 202 202 202 202 202 202 203 203 203 203 203 203 203 203 203 203 203 203 203 203 203 203 203 203 203 203 203 203 203 203 203 203 203 203 203 203 203 203 203 203 203 203 203 203 203 203 203 203 203 203 203 203 203 203 203 203 203 203 204 204 204 203 203 203 203 203 203 203 203 203 203 203 203 203 203 203 203 203 203 203 203 203 203 203 203 202 202 203 203 203 203 203 203 203 203 203 203 202 202 203 202 202 202 202 203 203 203 203 202 202 202 202 202 201 201 202 202 202 202 202 202 202 202 202 201 201 201 201 201 201 201 201 201 201 201 201 201 201 201 201 201 201 201 201 201 201 201 201 201 201 201 201 201 201 201 201 201 201 201 201 201 201 201 201 201 201 201 201 201 201 201 201 201 201 201 201 201 201 201 201 201 201 201 201 201 201 201 201 201 201 201 201 201 201 201 201 201 201 201 201 201 201 202 202 202 202 202 202 202 202 202 202 202 202 202 202 202 202 202 202 202 202 202 202 202 202 202 202 202 202 202 202 202 202 202 202 201 201 202 201 202 202 202 202 202 202 202 202 202 202 202 202 202 202 202 202 202 202 202 202 202 202 202 202 202 202 202 202 202 202 202 202 202 202 202 202 202 202 202 202 202 202 202 202 202 202 202 202 202 202 202 202 202 202 202 202 202 202 202 202 202 202 203 203 203 203 203 203 203 203 203 203 203 203 203 203 203 203 203 203 203 203 203 203 203 203 203 203 203 203 203 203 203 203 203 203 204 204 203 203 203 203 203 203 203 203 203 203 203 203 203 203 204 204 204 204 204 204 204 203 203 204 204 203 204 204 203 203 203 203 203 203 203 203 203 203 203 203 203 203 203 203 203 203 203 203 203 203 203 203 203 203 203 203 202 203 203 202 202 202 202 202 202 202 202 202 202 202 203 203 203 203 203 203 203 203 202 201 201 201 202 202 202 202 202 202 201 201 201 201 202 201 201 201 201 201 201 201 201 201 201 201 201 201 201 201 201 201 201 201 201 201 201 201 201 201 201 201 201 201 201 201 201 201 201 201 201 201 201 201 201 201 201 201 201 201 201 201 201 201 201 201 201 201 201 201 201 201 201 201 201 201 201 201 201 201 201 201 201 201 201 201 201 201 201 201 202 202 202 202 202 202 202 202 202 202 202 202 202 202 202 202 202 202 202 202 202 202 202 202 202 202 202 202 202 202 202 202 202 201 201 202 202 202 202 202 202 202 202 202 202 202 202 202 202 202 202 202 202 202 202 202 202 202 202 202 202 202 202 202 202 202 202 202 202 202 202 202 202 202 202 202 202 202 202 202 202 202 202 202 202 202 202 202 202 202 202 202 202 202 202 202 202 202 202 202 203 203 203 203 203 203 203 203 203 203 203 203 203 203 203 203 203 203 204 204 204 204 204 204 204 204 204 204 204 204 204 204 204 204 204 204 204 204 203 203 203 203 203 203 203 203 203 203 203 203 204 204 204 204 204 204 204 204 203 204 204 204 204 204 204 204 204 203 203 203 203 203 203 203 203 203 203 203 203 203 203 203 203 203 203 203 203 203 203 203 203 203 203 203 203 203 203 203 202 202 202 202 202 202 202 203 203 203 203 203 202 203 203 202 203 203 202 203 203 203 203 203 204 203 203 202 202 202 202 201 201 202 202 202 202 202 202 202 201 201 201 201 201 201 201 201 201 201 201 201 201 201 201 201 201 201 201 201 201 201 201 201 201 201 201 201 201 201 201 201 201 201 201 201 201 201 201 201 201 201 201 201 201 201 201 201 201 201 201 201 201 201 201 201 201 201 201 201 201 201 201 201 201 201 201 201 201 201 201 201 201 201 201 201 201 201 201 201 201 201 202 202 202 202 202 202 202 202 202 202 202 202 202 202 202 202 202 202 202 202 202 202 202 202 202 202 202 202 202 202 202 201 202 202 202 202 202 202 202 202 202 202 202 202 202 202 202 202 202 202 202 202 202 202 202 202 202 202 202 202 202 202 202 202 202 202 202 202 202 202 202 202 202 202 202 202 202 202 202 202 202 202 202 202 202 202 202 202 202 202 202 202 202 202 202 202 202 202 202 202 203 203 203 203 203 203 203 203 203 203 203 203 203 203 203 203 203 204 204 204 204 204 204 204 204 204 204 204 204 204 204 204 204 204 204 204 204 204 204 204 204 203 203 204 203 203 203 203 204 204 204 204 204 204 204 204 204 204 204 204 204 204 204 204 204 204 204 204 204 203 204 204 203 203 203 203 203 203 203 203 203 203 203 203 203 203 203 203 203 203 203 203 203 203 203 203 203 203 203 203 203 203 203 203 202 202 202 202 202 202 202 202 202 202 202 202 202 202 202 203 203 203 203 203 203 203 203 204 203 203 203 203 203 203 204 204 204 204 204 204 203 203 202 203 202 202 202 202 202 202 202 202 202 202 201 201 201 201 201 201 201 201 201 201 201 201 201 201 201 201 201 201 201 201 201 201 201 201 201 201 201 201 201 201 201 201 201 201 201 201 201 201 201 201 201 201 201 201 201 201 201 201 201 201 201 201 201 201 201 201 201 201 201 201 201 201 201 201 201 201 201 201 201 201 201 201 201 201 201 201 201 201 201 201 201 201 202 202 202 202 202 202 202 202 202 202 202 202 202 202 202 202 202 202 202 202 202 202 202 202 202 202 202 201 201 201 202 201 202 202 202 202 202 202 202 202 202 202 202 202 202 202 202 202 202 202 202 202 202 202 202 202 202 202 202 202 202 202 202 202 202 202 202 202 202 202 202 202 202 202 202 202 202 202 202 202 202 202 202 202 202 202 202 202 202 202 202 202 202 202 202 202 202 202 202 202 203 203 203 203 203 203 203 203 203 203 203 203 203 203 203 203 203 204 204 204 204 204 204 204 204 204 204 204 204 204 204 204 204 204 204 204 204 204 204 204 204 204 203 204 204 203 203 204 204 204 204 204 204 204 204 204 204 204 204 204 204 204 204 204 204 204 204 204 204 204 204 204 204 204 204 204 203 203 203 203 203 203 203 203 203 203 203 203 203 203 203 203 203 203 203 203 203 203 203 203 203 203 203 203 203 203 203 203 203 203 203 202 202 203 203 203 202 202 202 202 202 202 202 202 202 202 202 202 202 203 204 204 204 204 204 204 204 204 204 204 204 204 204 204 204 204 204 204 204 204 203 203 203 203 202 202 202 202 202 202 202 202 202 202 202 201 201 202 202 201 201 202 201 201 201 201 201 201 201 201 202 201 201 201 201 201 201 201 201 201 201 201 201 201 201 201 201 201 201 201 201 201 201 201 201 201 201 201 201 201 201 201 201 201 201 201 201 201 201 201 201 201 201 201 201 201 201 201 201 201 201 201 201 201 201 201 201 201 201 201 201 201 201 201 201 201 201 201 202 202 202 202 202 202 202 202 202 202 202 202 202 202 202 202 202 202 202 202 202 202 202 202 202 202 202 202 202 202 202 202 201 202 202 202 202 202 202 202 202 202 202 202 202 202 202 202 202 202 202 202 202 202 202 202 202 202 202 202 202 202 202 202 202 202 202 202 202 202 202 202 202 202 202 202 202 202 202 202 202 202 202 202 202 202 202 202 202 202 202 202 202 202 202 202 202 202 202 202 203 203 204 204 204 204 203 204 204 204 204 204 203 203 203 203 203 204 204 204 204 204 204 204 204 204 204 204 204 204 204 204 204 204 204 204 204 204 204 204 204 204 203 204 204 203 203 204 204 204 204 204 204 204 204 204 204 204 204 204 204 204 204 204 204 204 204 204 204 204 204 204 204 204 204 204 203 203 203 203 203 203 203 203 203 204 204 204 204 203 203 203 203 203 203 203 203 203 203 203 203 203 204 204 203 203 203 203 203 202 202 203 203 203 203 203 203 203 203 203 202 203 203 203 203 203 203 203 202 203 203 202 202 202 202 204 204 204 204 204 204 204 204 204 204 204 204 204 204 204 204 204 204 204 204 204 204 204 203 203 203 203 203 203 203 203 203 202 202 202 202 202 202 202 202 201 201 201 202 202 202 201 201 201 201 201 201 201 201 202 201 201 201 201 201 201 201 201 201 201 201 201 201 201 201 201 201 201 201 201 201 201 201 201 201 201 201 201 201 201 201 201 201 201 201 201 201 201 201 201 201 201 201 201 201 201 201 201 201 201 201 201 201 201 201 201 201 201 201 201 201 201 201 201 201 201 201 201 202 202 202 202 202 202 202 202 202 202 202 202 202 202 202 202 202 202 202 202 202 202 202 202 202 202 202 202 202 202 202 202 202 202 202 202 202 202 202 202 202 202 202 202 202 202 202 202 202 202 202 202 202 202 202 202 202 202 202 202 202 202 202 202 202 202 202 202 202 202 202 202 202 202 202 202 202 202 202 202 202 202 202 202 202 202 202 202 202 202 202 202 202 202 202 202 202 202 202 202 204 204 204 204 204 204 204 204 204 204 204 203 204 204 203 203 203 203 204 204 204 204 204 204 204 204 204 204 204 204 204 204 204 204 204 204 204 204 204 204 204 204 204 204 204 203 203 203 204 204 204 204 204 204 204 204 204 204 204 204 204 204 204 204 204 204 204 204 204 204 204 204 204 204 204 204 204 203 203 203 203 203 203 203 203 204 204 203 203 203 203 203 203 203 203 203 203 203 203 204 204 204 204 204 204 203 203 203 203 203 203 203 203 203 203 203 203 204 203 203 203 203 203 203 203 203 203 203 203 203 203 203 203 203 202 202 203 203 202 202 203 204 204 204 204 204 204 204 204 204 205 205 204 204 204 204 204 204 204 204 204 204 204 204 204 204 203 203 203 203 203 203 203 203 203 203 203 202 202 202 202 202 202 202 202 202 202 201 201 201 201 202 202 201 201 201 201 202 202 202 202 202 202 202 201 201 201 201 201 201 201 201 201 201 201 201 201 201 201 201 201 201 201 201 201 201 201 201 201 201 201 201 201 201 201 201 201 201 201 201 201 201 201 201 201 201 201 201 201 201 201 201 201 201 201 201 201 201 201 201 201 201 201 201 201 201 201 201 201 201 202 202 202 202 202 202 202 202 202 202 202 202 202 202 202 202 202 202 202 202 202 202 202 202 202 202 202 202 202 202 202 202 202 202 202 202 202 202 202 202 202 202 202 202 202 202 202 202 202 202 202 202 202 202 202 202 202 202 202 202 202 202 202 202 202 202 202 202 202 202 202 202 202 202 202 202 202 202 202 202 202 202 202 202 202 202 202 202 202 202 202 202 203 203 203 202 202 202 202 203 204 204 204 204 204 204 204 204 204 204 204 204 204 204 203 203 203 204 204 204 204 204 204 204 204 204 204 204 204 204 204 204 204 204 204 204 204 204 204 204 204 204 204 204 204 204 203 203 204 204 204 204 204 204 204 204 204 204 204 204 204 204 204 204 204 204 204 204 204 204 204 204 204 204 204 204 204 204 204 204 204 204 203 203 203 204 204 204 203 203 203 203 203 203 203 203 203 203 203 204 204 204 204 204 204 203 204 204 204 204 203 204 204 203 204 204 204 203 203 203 203 204 204 203 204 204 203 203 203 203 203 203 203 203 203 202 203 204 203 202 203 204 204 204 204 204 204 204 205 205 205 205 205 205 204 204 204 205 204 205 205 205 205 204 204 204 203 203 203 203 203 203 203 203 204 203 203 203 203 203 202 202 202 202 202 202 202 202 202 202 202 201 201 201 201 202 201 201 201 201 201 201 201 201 202 202 201 201 202 202 202 202 201 201 201 201 201 201 201 201 201 201 201 201 201 201 201 201 201 201 201 201 201 201 201 201 201 201 201 201 201 201 201 201 201 201 201 201 201 201 201 201 201 201 201 201 201 201 201 201 201 201 201 201 201 201 201 201 201 201 201 201 201 202 202 202 202 202 202 202 202 202 202 202 202 202 202 202 202 202 202 202 202 202 202 202 202 202 202 202 202 202 202 202 202 202 202 202 202 202 202 202 202 202 202 202 202 202 202 202 202 202 202 202 202 202 202 202 202 202 202 202 202 202 202 202 202 202 202 202 202 202 202 202 202 202 202 202 202 202 202 202 202 202 202 202 202 202 202 203 203 202 202 202 202 202 202 202 203 203 202 202 202 204 204 204 204 204 204 204 204 204 204 204 204 204 203 203 203 204 204 204 204 204 204 204 204 204 204 204 204 204 204 204 204 204 204 204 204 204 204 204 204 204 204 204 204 204 204 204 203 204 204 204 204 204 204 204 204 204 204 204 204 204 204 204 204 204 204 204 204 204 204 204 204 204 204 204 204 204 204 204 204 204 204 203 203 204 204 204 204 203 203 203 203 204 204 204 203 203 203 204 204 204 204 204 203 203 204 203 204 204 204 204 204 204 204 204 205 204 204 203 203 204 204 204 204 204 204 203 203 203 203 204 204 203 204 203 203 203 203 203 203 203 204 204 204 205 204 204 204 205 205 205 205 205 205 205 205 204 204 204 204 205 205 205 205 204 204 204 203 203 204 204 204 204 204 204 204 203 204 204 204 204 204 204 204 204 204 204 204 204 202 202 202 202 202 202 202 202 202 202 202 201 201 201 201 201 201 201 201 201 201 201 201 201 201 201 201 201 201 201 201 202 202 201 201 201 200 201 201 201 201 201 201 201 201 201 201 201 201 201 201 201 201 201 201 201 201 201 201 201 201 201 201 201 201 201 201 201 201 201 201 201 201 201 201 201 201 201 201 201 201 201 201 201 201 201 201 201 201 201 201 201 201 202 202 202 202 202 202 202 202 202 202 202 202 202 202 202 202 202 202 202 202 202 202 202 202 202 202 202 202 202 202 202 202 202 202 202 202 202 202 202 202 202 202 202 202 202 202 202 202 202 202 202 202 202 202 202 202 202 202 203 203 202 202 202 202 202 202 202 202 202 202 202 202 202 202 202 202 202 202 202 202 202 202 202 202 202 202 202 202 202 202 202 202 202 202 202 202 202 202 202 202 203 203 204 204 204 204 204 204 204 204 204 204 204 204 204 204 204 204 204 204 204 204 204 204 204 204 204 204 204 204 204 204 204 204 204 204 204 204 204 204 204 204 204 204 204 204 204 204 204 204 204 204 204 204 204 204 204 204 204 204 204 204 204 204 204 205 204 204 204 204 204 204 204 204 204 204 204 204 204 204 204 204 204 204 204 204 204 204 204 204 204 204 204 204 204 203 203 204 204 204 204 204 204 204 204 205 204 204 204 204 204 204 204 204 204 205 205 204 203 203 204 204 204 203 203 203 203 203 203 203 204 204 204 204 203 203 203 203 204 204 202 202 203 204 204 205 205 205 204 204 205 205 205 205 205 205 205 205 205 205 205 205 205 205 204 204 204 204 204 204 204 204 204 204 204 204 204 204 204 204 204 204 204 204 204 204 204 204 204 204 204 204 204 202 202 202 202 202 202 202 202 202 202 202 201 201 201 201 201 201 201 201 201 201 201 201 201 201 201 201 201 201 201 201 201 201 201 202 202 201 201 201 201 201 201 201 201 201 201 201 201 201 201 201 201 201 201 201 201 201 201 201 201 201 201 201 201 201 201 201 201 201 201 201 201 201 201 201 201 201 201 201 201 201 201 201 201 201 201 201 201 201 201 201 201 201 201 202 202 202 202 202 202 202 202 202 202 202 202 202 202 202 202 202 202 202 202 202 202 202 202 202 202 202 202 202 202 202 202 202 202 202 202 202 202 202 202 202 202 202 202 202 202 202 202 202 202 202 202 202 202 202 202 202 202 202 203 202 202 202 202 202 202 202 202 202 202 202 202 202 202 202 202 202 202 202 202 202 202 202 202 202 202 202 202 202 202 202 202 202 202 202 202 202 202 202 202 203 203 203 204 204 204 204 204 204 204 204 204 204 204 204 204 204 204 204 204 204 204 204 204 204 204 204 204 204 204 204 204 204 204 204 204 204 204 204 204 204 204 204 204 204 204 204 204 204 204 204 204 204 204 204 204 204 204 204 204 204 204 204 204 204 204 205 205 204 205 205 204 204 204 204 204 204 204 204 204 204 204 204 204 204 204 204 204 204 204 204 204 204 204 204 203 203 204 204 204 204 204 204 205 205 204 204 204 204 205 204 204 204 204 204 205 205 204 204 204 204 204 204 204 204 204 204 204 204 203 204 204 204 204 204 203 203 203 204 204 203 202 203 204 205 205 205 205 205 204 205 205 205 205 205 205 205 205 205 205 205 205 205 205 205 205 205 204 204 204 204 204 204 204 204 204 204 204 204 204 204 204 204 204 204 204 204 204 204 204 204 204 204 204 204 204 202 202 202 202 202 202 202 202 202 202 202 201 201 201 201 201 201 201 201 201 201 201 201 201 201 201 201 201 201 201 201 201 201 201 201 201 201 201 201 201 201 201 201 201 201 201 201 201 201 201 201 201 201 201 201 201 201 201 201 201 201 201 201 201 201 201 201 201 201 201 201 201 201 201 201 201 201 201 201 201 201 201 201 201 201 201 201 201 201 201 201 201 201 201 201 202 202 202 202 202 202 202 202 202 202 202 202 202 202 202 202 202 202 202 202 202 202 202 202 202 202 202 202 202 202 202 202 202 202 202 202 202 202 202 202 202 202 202 202 202 202 202 202 202 202 202 202 202 202 202 202 202 202 202 203 202 202 202 202 202 202 202 202 202 202 202 202 202 202 202 202 202 202 202 202 202 202 202 202 202 202 202 202 202 202 202 202 202 202 202 202 202 202 202 202 203 203 203 203 203 204 204 204 204 204 204 204 204 204 204 204 204 204 204 204 204 204 204 204 204 204 204 204 204 204 204 204 204 204 204 204 204 204 204 204 204 204 204 204 204 204 204 204 204 204 204 204 204 204 204 205 205 205 205 205 205 204 204 204 204 205 205 205 205 205 204 204 204 204 204 205 204 204 204 204 204 204 204 204 204 204 204 204 204 204 204 204 204 204 204 204 204 204 204 204 204 204 204 204 204 204 204 204 204 204 204 204 204 204 205 205 205 204 205 205 205 204 204 204 204 204 204 204 204 203 204 204 205 205 204 204 204 204 204 204 204 204 203 203 204 205 205 205 205 205 205 205 205 205 205 205 205 205 205 205 205 205 205 205 205 205 205 205 205 204 204 204 204 204 204 205 205 205 205 205 205 205 204 204 204 204 204 204 204 204 204 204 204 204 204 204 204 204 204 202 202 202 202 202 202 202 202 202 202 202 202 202 201 201 201 201 201 201 201 201 201 201 201 201 201 201 201 201 201 201 201 201 201 201 201 201 201 201 201 201 201 201 201 201 201 201 200 200 200 200 200 201 201 201 201 201 201 201 201 201 201 201 201 201 201 201 201 201 201 201 201 201 201 201 201 201 201 201 201 201 201 201 201 201 201 201 201 201 201 201 201 201 201 201 201 201 201 201 201 201 201 201 201 201 201 201 201 201 201 201 201 201 201 201 201 201 201 201 201 201 201 201 201 201 201 201 201 201 201 201 201 201 201 201 201 201 201 201 201 201 201 201 201 201 201 202 202 202 202 202 202 202 202 202 202 202 202 201 201 201 201 201 201 201 201 201 201 201 202 202 202 201 202 202 202 202 201 202 202 201 201 201 201 201 201 201 201 201 201 201 201 201 201 202 204 204 204 204 204 204 204 204 204 204 204 204 204 204 204 204 204 204 204 204 204 204 204 204 204 204 204 204 204 204 204 204 204 204 204 204 204 204 204 204 204 204 204 204 204 204 204 204 204 204 204 204 204 204 204 205 205 205 205 205 205 204 204 204 205 205 205 205 205 205 205 205 204 204 204 205 205 204 204 204 204 204 204 204 204 204 204 204 204 204 204 204 204 204 204 204 204 204 204 204 204 204 204 204 205 205 205 205 204 204 205 205 205 205 205 205 205 205 205 205 205 205 205 205 205 205 205 204 204 204 204 204 204 205 205 204 204 204 204 205 204 204 203 204 204 205 205 205 205 205 205 205 205 205 206 206 206 205 205 205 205 205 205 205 205 205 205 205 205 205 205 205 205 204 204 204 205 205 205 205 205 205 205 205 205 205 205 205 205 205 205 205 205 205 205 205 205 204 204 204 204 204 202 202 202 202 202 202 202 202 202 202 202 202 202 201 201 202 202 202 201 202 201 201 201 202 201 201 201 201 201 201 201 201 201 201 201 201 201 201 201 201 201 201 201 201 201 201 201 201 200 200 200 200 201 201 200 201 201 201 201 201 201 201 201 201 201 201 201 201 201 201 201 201 201 201 201 201 201 201 201 201 201 201 201 201 201 201 201 201 201 201 201 201 201 201 201 201 201 201 201 201 201 201 201 201 201 201 201 201 201 201 201 201 201 201 201 201 201 201 201 201 201 201 201 201 201 201 201 201 201 201 201 201 201 201 201 201 201 201 201 201 201 201 201 201 201 201 201 201 201 202 202 202 202 202 202 202 202 202 202 202 201 201 201 201 201 201 201 201 201 201 201 201 201 201 201 201 201 201 201 201 201 201 201 201 201 201 201 201 201 201 202 202 202 201 201 202 202 202 204 204 204 204 204 204 204 204 204 204 204 204 204 204 204 204 204 204 204 204 204 204 204 204 204 204 204 204 204 204 204 204 204 204 204 204 204 204 204 205 205 204 204 204 204 204 204 204 204 204 204 204 204 205 205 205 205 205 205 205 205 205 205 205 205 205 205 205 205 205 205 205 205 205 205 205 205 205 204 204 204 204 204 204 204 204 204 204 204 204 204 204 204 204 204 205 205 205 205 204 204 204 204 204 204 205 205 205 204 204 205 205 205 205 205 205 205 205 205 205 205 205 205 205 205 205 205 205 204 204 204 204 205 205 205 204 204 204 204 205 204 204 203 204 204 205 205 205 206 205 205 205 205 206 206 206 206 206 206 206 205 205 205 205 205 205 205 205 205 205 205 205 205 205 204 204 205 205 205 205 205 205 205 205 205 205 205 205 205 205 205 205 205 205 205 205 205 205 205 205 205 205 205 204 202 202 202 202 202 202 202 202 202 202 202 202 202 201 201 201 201 202 201 201 201 202 202 201 201 201 201 201 201 201 201 201 201 201 201 201 201 201 201 201 201 201 201 201 201 201 201 201 201 200 200 200 201 201 201 201 201 201 201 201 201 201 201 201 201 200 201 201 201 201 201 201 200 201 201 201 201 201 201 201 201 201 201 201 201 201 201 201 201 201 201 201 201 201 201 201 201 201 201 201 201 201 201 201 201 201 201 201 201 201 201 201 201 201 201 201 201 201 201 201 201 201 201 201 201 201 201 201 201 201 201 201 201 201 201 201 201 201 201 201 201 201 201 201 201 201 201 201 202 202 202 202 202 202 202 202 202 202 202 202 202 201 202 202 202 201 202 202 202 202 202 201 201 201 201 201 201 201 201 202 201 201 201 202 201 201 202 201 201 202 202 202 202 202 202 202 202 202 204 204 204 204 204 204 204 204 204 204 204 204 204 204 204 204 204 204 204 204 204 204 204 204 204 204 204 204 204 204 204 205 205 205 205 205 205 205 205 205 205 205 204 204 204 204 205 205 204 204 204 204 204 205 205 205 205 205 205 205 205 205 205 205 205 205 205 205 205 205 205 205 205 205 205 205 205 205 205 204 204 204 204 204 204 204 204 204 204 204 204 204 204 204 204 205 204 204 204 204 204 204 204 204 205 205 205 205 205 205 205 205 205 205 205 204 205 205 206 205 205 205 205 205 205 205 205 205 205 205 204 205 205 205 206 205 205 205 204 204 204 204 204 203 204 204 204 205 205 205 206 206 206 206 206 206 206 206 206 206 206 206 206 206 205 205 205 205 205 205 205 205 205 205 205 205 205 205 205 205 205 205 205 205 205 205 205 205 205 205 205 205 205 205 205 205 205 205 205 205 205 205 205 205 205 205 205 202 202 202 202 202 202 202 202 202 201 201 201 202 201 201 201 201 201 201 201 201 201 201 201 201 201 201 201 201 201 201 201 201 201 201 201 201 201 201 201 201 201 201 201 201 201 201 201 200 200 201 201 201 201 201 200 201 201 201 201 201 201 201 201 200 201 201 201 201 201 200 200 201 201 201 201 201 201 201 201 201 201 201 201 201 201 201 201 201 201 201 201 201 201 201 201 201 201 201 201 201 201 201 201 201 201 201 201 201 201 201 201 201 201 201 201 201 201 201 201 201 201 201 201 201 201 201 201 201 201 201 201 201 201 201 201 201 201 201 201 201 201 201 201 201 201 201 202 202 201 202 202 202 202 202 202 202 202 202 202 202 202 202 202 201 201 202 202 202 202 202 202 202 201 202 202 201 201 202 201 201 201 202 201 201 202 202 202 202 202 202 202 202 202 202 202 202 204 204 204 204 204 204 204 204 204 204 204 204 204 204 204 204 204 204 204 204 204 204 204 204 204 204 204 204 205 205 205 205 205 205 205 205 205 205 205 205 205 205 204 204 204 204 205 205 205 204 204 204 204 205 205 205 205 205 205 205 205 205 205 205 205 205 205 205 205 205 205 205 205 205 205 205 205 205 205 205 205 205 205 204 204 204 204 204 204 204 204 204 204 204 204 204 204 204 204 204 204 204 204 205 205 205 205 205 205 205 205 205 205 205 204 205 205 205 206 205 205 205 205 205 205 205 205 205 205 205 205 205 205 205 205 206 205 205 204 204 204 204 204 203 204 204 205 205 205 205 205 206 206 206 206 206 206 206 206 206 206 206 206 206 206 206 206 206 206 206 205 205 205 205 205 205 205 205 205 205 205 205 205 205 205 205 205 205 205 205 205 205 205 205 205 205 205 205 205 205 205 205 205 205 205 205 205 205 202 202 202 202 202 202 201 201 201 201 201 202 202 201 201 201 201 201 201 201 201 201 201 201 201 201 201 201 201 201 201 201 201 201 201 201 201 201 201 201 201 201 201 201 201 201 201 200 200 200 201 201 201 201 201 201 200 201 201 201 200 201 201 201 200 201 201 201 200 200 200 200 200 201 201 201 201 201 201 201 200 201 201 201 201 201 201 201 201 201 201 201 201 201 201 201 201 201 201 201 201 201 201 201 201 201 201 201 201 201 201 201 201 201 201 201 201 201 201 201 201 201 201 201 201 201 201 201 201 201 201 201 201 201 201 201 201 201 201 201 201 201 201 201 201 201 201 201 202 202 202 202 202 202 202 202 202 202 202 202 202 202 202 201 202 202 201 201 201 202 202 202 202 202 202 202 202 201 201 202 201 201 202 202 201 201 202 202 202 202 202 202 202 202 202 202 202 204 204 204 204 204 204 204 204 204 204 204 204 204 204 204 204 204 204 204 204 204 204 205 205 205 205 205 205 205 205 205 205 205 205 205 205 205 205 205 205 205 205 204 204 204 205 205 205 205 205 205 204 204 205 205 205 205 205 205 205 205 205 205 205 205 205 205 205 205 205 205 205 205 205 205 205 205 205 205 205 205 205 205 205 205 204 204 204 204 204 204 204 204 204 204 204 204 204 204 204 204 204 204 205 205 205 205 205 205 205 205 205 205 205 205 205 205 205 206 205 205 205 205 205 205 205 205 205 206 206 206 206 206 206 206 206 206 205 205 204 204 204 204 204 204 204 205 205 205 206 206 206 206 206 206 206 207 206 206 206 206 206 206 206 206 206 206 206 206 206 206 206 205 205 205 205 205 205 205 205 205 205 205 205 205 205 205 205 205 205 205 205 205 205 205 205 205 205 205 205 205 205 201 201 201 201 201 201 201 201 201 201 201 201 201 201 201 201 201 201 201 201 201 201 201 201 201 201 201 201 201 201 201 201 201 201 201 201 201 201 201 201 201 201 201 201 201 201 201 201 201 200 200 200 201 201 201 201 201 201 200 200 201 201 200 201 201 200 200 200 201 201 201 200 200 200 200 201 201 201 201 201 201 201 201 201 201 201 201 201 201 201 201 201 201 201 201 201 201 201 201 201 201 201 201 201 201 201 201 201 201 201 201 201 201 201 201 201 201 201 201 201 201 201 201 201 201 201 201 201 201 201 201 201 201 201 201 201 201 201 201 201 201 201 201 201 201 201 201 201 201 202 202 202 202 202 202 202 202 202 202 202 202 202 202 202 202 202 202 201 201 201 201 201 201 202 202 202 202 202 202 202 202 202 202 201 202 202 201 202 202 202 202 202 202 202 202 202 202 202 202 204 204 204 204 204 204 204 204 204 204 204 204 204 204 204 204 204 204 204 204 204 204 205 205 205 205 205 205 205 205 205 205 205 205 205 205 205 205 205 205 205 205 205 204 205 205 205 205 205 205 205 205 204 205 205 205 205 205 205 205 205 205 205 205 205 205 205 205 205 205 205 205 205 205 205 205 205 205 205 205 205 205 205 205 205 204 204 204 204 204 204 204 204 205 205 204 204 204 204 204 204 204 204 205 205 205 205 205 205 205 205 205 205 205 205 205 205 205 206 206 205 205 205 205 205 205 205 205 206 206 206 206 206 206 206 205 206 206 205 205 205 204 204 204 204 204 204 205 205 205 206 206 206 206 206 207 207 206 207 207 206 206 206 206 206 206 206 206 206 206 206 206 206 206 206 205 205 205 205 205 205 205 205 205 205 205 205 205 205 205 205 205 205 205 205 205 205 205 205 205 205 201 201 201 201 201 201 201 201 201 201 201 201 201 201 201 201 201 201 201 201 201 201 201 201 201 201 201 201 201 201 201 201 201 201 201 201 201 201 201 201 201 201 201 201 201 201 201 201 201 200 200 200 201 201 201 201 201 200 200 200 201 201 200 201 201 201 201 201 201 201 201 201 201 201 201 201 201 201 201 201 201 201 201 201 201 201 201 201 201 201 201 201 201 201 201 201 201 201 201 201 201 201 201 201 201 201 201 201 201 201 201 201 201 201 201 201 201 201 201 201 201 201 201 201 201 201 201 201 201 201 201 201 201 201 201 201 201 201 201 201 201 201 201 201 201 201 201 201 201 202 202 202 201 202 202 202 202 202 202 202 202 202 202 202 202 202 201 201 201 201 201 201 201 201 202 201 201 202 202 202 202 202 202 201 202 202 201 202 202 202 202 202 202 202 202 202 202 202 202 204 204 204 204 204 204 204 204 204 204 204 204 204 204 204 204 204 204 204 204 204 204 205 205 205 205 205 205 205 205 205 205 205 205 205 205 205 205 205 205 205 205 205 205 204 205 205 205 205 205 205 205 205 205 205 205 205 205 205 205 205 205 205 205 205 205 205 205 205 205 205 205 205 205 205 205 205 205 205 205 205 205 205 205 205 205 205 205 205 205 204 204 204 204 204 204 204 204 204 204 204 204 205 205 205 205 205 205 205 205 205 205 205 205 205 205 205 206 206 205 205 206 205 205 205 206 206 205 206 206 206 206 206 206 205 205 205 205 205 205 205 205 205 205 205 205 205 204 205 205 205 206 206 206 206 206 206 207 207 206 206 207 206 206 206 206 206 206 206 206 206 206 206 206 206 206 206 206 205 205 206 206 205 205 205 205 205 205 205 205 205 205 205 205 206 206 205 206 206 201 201 201 201 201 201 201 201 201 201 201 201 201 201 201 201 201 201 201 201 201 201 201 201 201 201 201 201 201 201 201 201 201 201 201 201 201 201 201 201 201 201 201 201 201 201 201 201 201 201 201 201 201 201 201 200 200 201 201 201 201 201 201 201 201 201 201 201 201 201 201 201 201 200 200 200 201 201 201 201 201 201 201 200 201 201 201 201 201 201 201 201 201 201 201 201 201 201 201 201 201 201 201 201 201 201 201 201 201 201 201 201 201 201 201 201 201 201 201 201 201 201 201 201 201 201 201 201 201 201 201 201 201 201 201 201 201 201 201 201 201 201 201 201 201 201 201 201 201 201 201 201 201 201 201 201 201 202 202 202 202 202 202 202 202 202 202 202 202 202 202 201 201 201 201 201 201 201 201 201 201 201 201 202 201 201 202 202 202 202 202 201 202 202 202 202 202 202 202 202 202 202 202 202 202 204 204 204 204 204 204 204 204 204 204 204 204 204 204 204 204 204 204 204 204 205 204 204 205 205 205 205 205 205 205 205 205 205 205 205 205 205 205 205 205 205 205 205 205 205 204 205 205 205 205 205 205 205 205 205 205 205 205 205 205 205 205 205 205 205 205 205 205 205 205 205 205 205 205 205 205 205 205 205 205 205 205 205 205 205 205 205 205 205 205 204 204 204 204 205 204 204 204 204 204 204 204 205 205 205 205 205 205 205 206 206 205 205 205 205 206 206 206 205 205 206 205 205 205 206 206 206 206 206 206 206 206 206 206 206 205 205 205 205 205 205 205 205 205 205 205 205 205 204 205 205 205 206 206 206 207 207 207 207 207 207 207 206 207 206 206 206 206 206 206 206 206 206 206 206 206 206 206 206 206 206 206 206 206 206 206 206 206 206 206 206 205 205 205 206 201 201 201 201 201 201 201 201 201 201 201 201 201 201 201 201 201 201 201 201 201 201 201 201 201 201 201 201 201 201 201 201 201 201 201 201 201 201 201 201 201 201 201 201 201 201 201 201 201 201 201 201 201 201 201 200 200 200 201 201 201 201 201 201 201 200 201 201 201 201 201 201 201 201 201 200 200 200 201 200 201 201 201 200 200 200 200 200 200 201 201 201 201 201 201 201 201 201 201 201 201 201 201 201 201 201 201 201 201 201 201 201 201 201 201 201 201 201 201 201 201 201 201 201 201 201 201 201 201 201 201 201 201 201 201 201 201 201 201 201 201 201 201 201 201 201 201 201 201 201 201 201 201 201 201 201 202 202 202 202 202 202 202 202 202 202 202 202 202 202 202 202 202 202 202 202 202 202 201 201 201 201 201 201 201 201 201 201 202 202 202 202 202 202 202 202 202 202 202 202 202 202 202 202 202 204 204 204 204 204 204 204 204 204 204 204 204 204 204 204 204 204 204 204 205 205 204 204 205 205 205 205 205 205 205 205 205 205 205 205 205 205 205 205 205 205 205 205 205 205 205 205 205 205 205 205 205 205 205 205 205 205 205 205 205 205 205 205 205 205 205 205 205 205 205 205 205 205 205 205 205 205 205 205 205 205 205 206 206 205 205 205 205 205 205 205 205 205 205 205 204 204 204 205 205 205 205 205 205 205 205 205 205 205 206 206 205 206 206 205 206 206 206 205 205 205 205 206 206 206 206 206 206 206 206 206 206 206 206 206 205 205 205 205 205 205 205 206 205 205 205 204 204 204 205 205 206 206 206 206 207 207 207 207 207 207 207 207 207 207 207 206 206 206 206 206 206 206 206 206 206 206 206 206 206 206 206 206 206 206 206 206 206 206 206 206 206 201 201 201 201 201 201 201 200 200 201 201 201 201 201 201 201 201 201 201 201 201 201 201 201 201 201 201 201 201 201 201 201 200 200 200 200 200 201 201 201 201 201 201 201 200 201 201 200 200 200 200 201 201 201 201 200 200 200 200 200 200 200 200 200 201 200 200 200 200 200 200 201 201 200 200 200 200 200 200 200 200 200 200 200 200 200 200 200 200 200 200 200 201 201 201 201 201 201 201 201 201 201 201 201 201 201 201 201 201 201 201 201 201 201 201 201 201 201 201 201 201 201 201 201 201 201 201 201 201 201 201 201 201 201 201 201 201 201 201 201 201 201 201 201 201 201 201 201 201 201 201 201 201 201 201 202 202 202 202 202 202 202 202 202 202 201 202 202 202 202 202 202 202 202 202 202 201 201 201 201 201 201 201 201 201 202 201 201 202 202 202 202 202 202 202 202 202 202 202 202 202 202 202 202 202 204 204 204 204 204 204 204 204 205 205 205 204 204 204 204 204 204 205 205 205 205 204 204 205 205 205 205 205 205 205 205 205 205 205 205 205 205 205 205 205 205 205 205 205 205 205 205 205 205 205 205 205 205 205 205 205 205 205 205 205 205 205 205 205 205 205 205 205 205 205 205 205 205 205 205 205 205 205 205 206 205 205 205 205 205 206 206 206 206 205 205 205 205 205 204 204 205 205 205 205 206 205 205 205 205 206 205 205 206 206 206 205 206 206 205 206 206 206 205 206 206 206 206 207 206 206 206 206 206 206 207 206 206 206 205 205 206 206 206 206 205 206 206 206 205 206 205 204 204 205 206 206 206 206 207 207 207 207 207 207 207 207 207 207 207 207 207 206 206 206 206 206 206 206 206 206 206 206 206 206 206 206 206 206 206 206 206 206 206 206 206 206 201 201 201 201 201 201 201 201 200 200 201 201 201 201 201 201 201 201 201 201 201 201 201 201 201 201 201 201 201 201 201 201 201 200 200 200 200 201 200 201 200 200 201 200 201 200 200 201 201 201 201 201 201 201 201 200 200 200 200 200 200 200 200 200 200 200 200 200 200 200 200 200 200 200 200 200 200 200 200 200 200 200 200 200 200 200 200 200 200 200 200 200 200 200 200 201 201 201 201 201 201 201 201 201 201 201 201 201 201 201 201 201 201 201 201 201 201 201 201 201 201 201 201 201 201 201 201 201 201 201 201 201 201 201 201 201 201 201 201 201 201 201 201 201 201 201 201 201 201 201 201 201 201 201 201 202 202 202 202 202 202 202 202 202 201 202 202 202 202 202 202 202 202 202 201 201 201 201 201 201 201 201 201 201 201 202 201 201 201 202 202 202 202 202 202 202 202 202 202 202 202 202 202 202 202 205 204 204 204 204 205 205 205 205 205 205 205 204 204 204 205 205 205 205 205 205 205 205 204 205 205 205 205 205 205 205 205 205 205 205 205 205 205 205 205 205 205 205 205 205 205 205 205 205 205 205 205 205 205 205 205 205 205 205 205 205 205 205 205 205 205 205 205 205 205 206 205 205 205 205 205 205 205 205 205 205 205 205 206 206 206 206 206 206 206 206 205 205 205 204 204 205 205 205 205 205 205 205 205 205 206 206 205 206 206 206 205 206 206 206 206 206 206 206 206 206 206 206 206 207 207 206 206 206 206 207 207 206 206 205 206 206 206 206 205 206 206 206 205 205 206 205 205 204 205 205 205 205 205 205 206 206 207 207 207 207 207 207 207 207 207 207 207 207 207 206 207 207 207 206 206 206 206 206 206 206 206 206 206 206 206 206 207 206 206 206 206 206 206 206 200 201 201 202 202 202 201 201 200 201 201 201 201 201 201 201 201 201 201 201 201 201 201 201 201 201 201 201 201 201 201 200 200 200 200 200 200 200 200 201 200 200 200 200 200 200 201 201 201 201 201 201 201 200 200 200 200 200 200 200 200 200 200 200 200 200 200 200 200 200 200 200 200 200 200 200 200 200 200 200 200 200 200 200 200 200 200 200 200 200 200 200 200 200 200 200 201 201 201 201 201 201 201 201 201 201 201 201 201 201 201 201 201 201 201 201 201 201 201 201 201 201 201 201 201 201 201 201 201 201 201 201 201 201 201 201 201 201 201 201 201 201 201 201 201 201 201 201 201 201 201 201 201 201 202 202 202 202 202 202 202 202 202 202 202 202 202 202 202 202 202 202 201 201 201 201 201 201 201 201 201 201 201 202 202 201 201 202 202 202 202 202 202 202 202 202 202 202 202 202 202 202 202 202 205 205 205 204 205 205 205 205 205 205 205 205 205 205 205 205 205 205 205 205 205 205 205 205 205 205 205 205 205 205 205 205 205 205 205 205 205 205 205 205 205 205 205 205 205 205 205 205 205 205 205 205 205 205 205 205 205 205 205 205 205 205 205 205 205 205 205 205 206 206 206 205 205 205 205 205 205 206 205 205 205 206 206 206 205 206 206 206 206 206 206 205 205 205 205 205 205 205 205 205 205 205 205 206 206 206 206 206 206 206 206 206 206 206 205 205 205 205 205 206 206 206 206 207 206 207 206 206 206 206 207 207 206 206 206 206 206 206 206 206 206 206 206 206 206 206 206 206 205 205 205 205 205 205 205 206 206 206 206 207 207 207 207 207 207 208 207 207 207 208 208 207 207 207 207 207 207 207 207 207 206 206 206 206 206 206 206 206 207 207 207 206 206 206 206 206 206 200 201 201 201 201 201 202 201 201 201 201 200 200 201 201 201 201 201 201 201 201 201 201 201 201 201 201 200 200 201 201 200 201 200 200 200 200 200 200 200 200 200 200 200 200 200 200 201 201 201 201 201 201 200 200 200 200 200 200 200 200 200 200 200 200 200 200 200 200 200 200 200 200 200 200 200 200 200 200 200 200 200 200 200 200 200 200 200 200 200 200 200 200 200 200 200 200 200 200 201 201 201 201 201 200 201 201 201 201 201 201 201 201 201 201 201 200 200 201 201 201 201 201 201 201 201 201 201 201 201 201 201 201 201 201 201 201 201 201 201 201 201 201 201 201 201 201 201 201 201 201 201 201 201 202 202 202 202 202 202 202 202 202 202 202 202 202 202 202 202 202 202 202 202 201 201 201 201 201 201 201 201 201 201 201 202 202 202 202 202 202 202 202 202 202 202 202 202 202 202 202 202 202 202 205 205 205 205 205 205 205 205 205 205 205 205 205 205 205 205 205 205 205 205 205 205 205 205 205 205 205 205 205 205 205 205 205 205 205 205 205 205 205 205 205 205 205 205 205 205 205 205 205 205 205 205 205 205 205 205 205 205 205 205 205 205 205 206 206 206 206 205 205 206 206 206 206 205 205 205 205 206 206 206 205 205 206 206 206 206 206 206 206 206 206 206 205 205 205 205 205 205 205 205 205 205 206 206 206 206 206 206 206 206 206 206 206 205 205 205 206 206 206 205 206 206 206 206 206 206 206 206 206 207 207 207 207 206 206 207 207 207 207 206 206 206 206 206 206 206 206 206 206 206 206 205 205 205 205 205 206 206 207 207 207 207 208 208 208 208 208 208 208 208 208 208 208 208 208 208 207 207 207 207 207 207 207 207 207 207 206 206 207 207 207 206 206 206 206 206 200 200 200 200 201 201 201 201 201 201 200 200 201 201 201 201 201 200 201 201 201 201 201 201 201 201 200 200 200 200 201 200 200 200 200 200 200 200 200 200 200 200 200 200 200 200 200 200 200 200 201 201 201 200 200 200 200 200 200 200 200 200 200 200 200 200 200 200 200 200 200 200 200 200 200 200 200 200 200 200 200 200 200 200 200 200 200 200 200 201 201 200 200 200 201 201 201 201 200 200 201 201 201 200 200 201 201 201 201 201 201 201 201 200 200 200 201 201 201 201 201 201 201 201 201 201 201 201 201 201 201 200 200 201 201 201 201 201 201 201 201 201 201 201 201 201 201 201 201 201 201 201 201 202 202 202 202 202 202 202 202 202 202 202 202 202 202 202 201 202 202 202 202 202 202 201 201 201 201 202 202 201 201 202 202 202 202 202 202 202 202 202 202 202 202 202 202 202 202 202 202 202 202 205 205 205 205 205 205 205 205 205 205 205 205 205 205 205 205 205 205 205 205 205 205 205 205 205 205 205 205 205 205 205 205 205 205 205 205 205 205 205 205 205 205 205 205 205 205 205 205 205 205 205 205 205 205 205 205 205 205 205 205 205 205 205 205 205 206 206 206 206 206 206 206 206 206 205 205 206 206 206 206 206 205 206 206 206 206 206 206 206 206 206 205 205 205 205 205 206 206 205 205 205 206 206 206 206 206 206 206 206 206 206 206 206 206 206 206 206 206 207 206 206 206 207 206 207 207 206 206 207 207 207 207 207 207 207 207 207 207 207 207 207 207 206 206 206 206 206 206 206 206 206 206 206 206 206 206 206 206 206 206 206 206 206 206 206 207 207 208 208 208 208 208 208 208 208 208 208 208 208 208 208 208 208 208 208 207 207 207 207 207 207 207 207 207 207 200 200 200 200 200 200 200 201 201 201 200 200 201 201 201 201 200 200 200 200 200 201 201 201 201 201 201 200 200 200 201 201 201 200 200 200 200 200 200 200 200 200 200 200 200 200 200 200 200 200 200 201 201 200 200 200 199 200 200 200 200 200 200 200 200 200 200 200 200 200 200 200 199 199 199 200 200 200 200 200 200 200 200 200 200 200 200 200 200 200 200 201 201 201 201 201 201 201 201 201 201 201 201 201 201 201 201 201 201 200 200 200 200 200 200 201 201 201 201 201 201 201 201 201 201 201 201 201 201 201 201 200 200 201 201 201 201 201 201 201 201 201 201 201 201 201 201 201 201 201 201 201 201 202 202 202 202 202 202 202 202 202 202 202 202 202 202 202 201 202 202 202 202 202 202 202 202 202 202 202 202 202 201 202 202 202 202 202 202 202 202 202 202 202 202 202 202 202 202 202 202 202 202 205 205 205 205 205 205 205 205 205 205 205 205 205 205 205 205 205 205 205 205 205 205 205 205 205 205 205 205 205 205 205 205 205 205 205 205 205 205 205 205 205 205 205 205 205 205 205 205 205 205 205 205 205 205 205 205 205 205 205 205 205 205 206 206 206 206 206 206 206 206 206 206 206 206 206 206 205 206 206 206 206 206 206 206 206 206 206 206 206 206 206 206 205 206 206 206 206 206 206 205 205 206 206 206 206 206 206 206 206 206 206 206 206 206 206 206 206 206 207 206 205 206 206 207 207 207 207 207 207 207 207 207 207 207 207 207 207 207 208 207 207 207 207 206 206 206 206 206 206 206 206 206 206 206 206 206 206 206 206 206 206 206 206 206 206 207 207 207 208 208 208 208 208 208 208 208 208 208 208 208 208 208 208 208 208 208 207 207 207 207 207 207 207 207 207 200 200 200 200 200 200 200 200 200 201 201 201 200 201 201 201 201 200 200 200 200 200 201 201 201 201 201 201 200 200 200 201 201 201 200 200 200 200 200 200 200 200 200 200 200 200 200 200 200 200 200 200 200 200 200 200 200 200 200 200 200 200 200 200 200 200 200 200 200 200 200 200 200 199 200 200 200 200 200 200 200 200 200 200 200 200 200 200 200 200 200 201 200 200 201 201 201 201 201 201 201 201 201 200 200 200 200 200 200 200 200 200 200 200 201 201 201 201 201 201 201 201 201 201 201 201 201 201 201 201 201 200 200 201 201 201 201 201 201 201 201 201 201 201 201 201 201 201 201 201 201 201 201 202 201 201 202 202 202 202 202 202 202 202 202 202 202 202 202 202 202 202 201 202 202 202 201 202 202 202 202 202 202 202 202 202 202 202 202 202 202 202 202 202 202 202 202 202 202 202 202 202 202 205 205 205 205 205 205 205 205 205 205 205 205 205 205 205 205 205 205 205 205 205 205 205 205 205 205 205 205 205 205 205 205 205 205 205 205 205 205 205 205 205 205 205 205 205 205 205 205 206 206 206 206 206 206 206 205 205 205 206 206 205 205 206 206 206 206 206 206 206 206 206 206 206 206 206 206 206 205 206 206 206 206 206 206 206 206 206 206 206 206 206 206 206 206 206 206 206 206 205 206 206 206 206 205 206 206 206 206 206 206 206 206 206 206 207 206 207 207 207 207 206 206 205 206 207 207 207 207 207 207 207 208 207 207 207 207 207 207 208 208 208 208 208 207 207 206 206 206 206 206 206 206 206 206 206 206 206 206 206 206 206 206 207 207 207 207 207 208 208 208 208 208 208 208 208 208 208 208 208 208 208 208 208 208 207 208 208 207 207 207 207 207 207 207 207 207 200 200 200 200 200 200 200 200 200 200 200 201 200 200 201 201 201 201 201 200 200 200 201 201 201 201 201 201 200 201 201 201 201 201 200 200 200 200 200 200 200 200 200 200 200 200 200 200 200 200 200 200 200 200 200 200 200 200 200 200 200 200 200 200 200 200 200 200 200 200 200 200 200 200 200 200 200 200 200 200 200 200 200 200 200 200 200 200 200 200 200 200 200 200 200 200 201 201 201 201 201 201 201 200 200 200 200 200 200 200 200 200 201 201 201 201 201 201 201 201 201 200 201 201 201 201 201 201 201 201 201 201 201 201 201 201 201 201 201 201 201 201 200 201 201 201 201 201 201 201 201 201 201 201 201 202 202 202 202 202 202 202 202 202 202 202 202 202 202 202 202 201 201 202 202 201 201 202 202 202 202 202 202 202 202 202 202 202 202 202 202 202 202 202 202 202 202 202 202 202 202 202 202 205 205 205 205 205 205 205 205 205 205 205 205 205 205 205 205 205 205 205 205 205 205 205 205 205 205 205 205 205 205 205 205 205 205 205 205 205 205 205 206 206 206 206 205 205 205 205 205 205 206 206 206 206 206 206 205 205 205 205 206 206 206 206 206 206 206 206 206 206 206 206 206 206 206 206 206 206 206 206 206 206 206 206 206 206 206 206 206 206 206 206 206 206 206 206 206 206 206 206 206 206 206 206 206 206 206 206 206 206 206 206 206 206 206 206 207 207 207 207 207 206 205 206 206 206 207 207 207 207 207 207 208 207 207 207 207 207 208 207 207 207 207 208 207 206 206 206 206 206 206 207 207 207 206 206 206 206 207 207 207 206 206 206 207 207 207 208 208 208 208 208 208 208 208 208 208 208 208 208 208 208 208 208 208 208 208 208 208 207 207 207 207 207 207 207 207 200 200 200 200 200 200 200 200 200 200 200 200 201 200 201 201 201 201 201 201 200 200 201 201 201 200 200 200 200 201 200 200 200 200 200 200 200 200 200 200 200 200 200 200 200 200 200 200 200 200 200 200 200 200 200 200 200 200 200 200 200 200 200 200 200 200 200 200 200 200 200 200 200 200 200 200 200 200 200 200 200 200 200 201 201 201 201 200 200 200 200 200 200 200 200 200 200 201 201 201 201 201 200 200 200 200 200 200 200 201 201 201 201 201 201 201 201 201 201 200 200 201 201 201 201 201 201 201 201 201 201 201 201 201 201 201 201 201 201 200 200 200 200 200 201 201 201 201 201 201 201 201 201 202 202 202 202 202 202 202 202 202 202 202 202 202 202 202 202 202 201 201 202 202 202 202 202 202 202 202 202 202 202 202 202 202 202 202 202 202 202 202 202 202 202 202 202 202 202 202 202 202 204 205 205 205 205 205 205 205 205 205 205 205 205 205 205 205 205 205 205 205 205 205 205 205 205 205 205 205 205 205 205 205 205 205 205 205 206 206 206 206 206 206 206 205 205 205 205 205 206 206 206 206 206 206 206 206 205 205 206 206 206 206 206 206 206 206 206 206 206 206 206 206 206 206 206 206 206 206 206 206 206 206 206 206 206 206 206 206 206 206 206 207 207 206 206 206 206 206 206 206 206 206 206 206 206 206 206 206 206 206 207 206 206 206 207 206 207 206 207 207 207 206 206 206 207 207 207 207 207 208 208 208 207 207 207 208 207 208 207 207 207 207 208 207 207 207 207 206 206 207 207 207 207 207 207 207 207 207 207 207 206 206 207 207 207 208 208 208 208 208 208 208 208 208 208 208 208 208 208 208 208 208 208 208 208 208 208 208 208 208 208 208 207 207 207 207 207 200 200 200 200 200 200 200 200 200 200 200 200 200 201 201 201 201 201 200 200 200 200 201 201 201 201 200 200 201 201 200 200 200 200 200 200 200 200 200 200 200 200 200 200 200 200 200 200 200 200 200 200 200 200 200 200 200 200 199 200 200 200 200 200 200 200 200 200 200 200 200 200 200 200 200 200 200 200 200 200 200 200 200 200 200 201 200 200 200 200 200 200 200 200 200 200 200 200 200 200 201 200 200 200 200 200 200 200 200 200 201 201 200 200 200 200 200 200 200 200 201 201 201 201 201 201 201 201 201 201 201 201 201 201 201 201 201 201 201 200 200 200 200 201 201 201 201 201 201 201 201 201 202 202 202 202 202 202 202 202 202 202 202 202 202 202 202 202 202 201 202 201 202 202 202 202 202 202 202 202 202 202 202 202 202 202 202 202 202 202 202 202 202 202 202 202 202 202 202 202 202 202 204 204 205 205 205 205 205 205 205 205 205 205 205 205 205 205 205 205 205 205 205 205 205 205 205 205 205 205 205 205 205 205 205 206 206 206 206 206 206 206 206 206 206 206 205 205 205 206 206 206 206 206 205 205 206 206 205 205 206 206 206 206 206 206 206 206 206 206 206 206 206 206 206 206 206 206 206 206 206 206 206 206 206 206 206 206 206 206 207 207 207 207 207 207 206 206 206 206 207 207 207 207 207 206 206 207 206 206 206 207 207 207 206 206 207 207 206 206 207 207 207 207 206 206 207 207 207 207 207 208 207 207 207 207 208 208 208 207 207 207 207 208 208 208 208 207 207 207 207 207 207 207 207 207 207 207 207 207 207 207 206 207 207 207 208 208 208 208 208 208 208 208 208 208 208 208 208 208 208 208 208 208 208 208 208 208 208 208 208 208 208 208 208 207 207 207 208 208 200 200 200 200 200 200 200 200 200 200 200 200 200 200 201 201 200 201 201 200 200 200 201 201 201 200 200 200 200 201 200 200 200 200 200 200 200 200 200 200 200 200 200 200 200 200 200 200 200 200 200 200 200 200 200 200 200 200 199 199 199 200 200 200 200 200 200 200 200 200 200 200 200 200 200 200 200 200 200 200 200 200 200 200 200 200 200 200 200 200 200 200 200 200 200 200 200 200 200 200 200 200 200 200 200 200 200 200 200 200 200 200 200 200 200 200 201 201 200 200 201 201 201 201 201 201 201 201 201 201 201 201 201 201 201 201 201 201 201 201 200 200 200 200 201 201 201 201 201 201 201 201 201 201 201 201 201 201 201 202 202 202 202 202 202 201 202 202 202 202 202 201 202 202 202 202 202 202 202 202 202 202 202 202 202 202 202 202 202 202 202 202 202 202 202 202 202 202 202 203 202 202 204 204 205 205 205 205 205 205 205 205 205 205 205 205 205 205 205 205 205 205 205 205 205 205 205 205 205 205 205 205 205 206 206 206 206 206 206 206 206 206 206 206 206 206 205 205 205 206 206 206 206 206 206 206 206 206 206 206 206 206 206 206 206 206 206 206 206 206 206 206 206 206 206 206 206 206 206 206 206 206 206 206 206 206 206 206 206 207 206 206 206 207 207 207 207 206 206 207 207 207 207 207 207 206 206 207 206 206 207 207 207 207 207 206 206 207 207 207 207 207 207 207 206 206 206 207 207 207 207 208 207 207 207 207 208 208 208 207 207 207 208 208 208 208 208 208 208 207 207 207 208 208 208 208 208 207 207 207 207 207 207 207 207 208 208 208 208 208 208 208 208 208 208 208 208 208 208 208 208 208 208 208 208 208 208 208 208 208 208 208 208 208 208 208 208 208 208 208 208 199 200 200 200 200 200 200 200 200 200 200 200 200 200 200 200 201 201 200 200 200 200 200 201 201 200 200 200 200 200 200 200 200 200 200 200 200 200 200 200 200 200 200 200 200 200 200 200 200 200 200 200 200 200 200 200 200 200 200 200 199 199 199 200 200 200 200 200 200 200 200 200 200 200 200 200 200 200 200 200 200 200 200 200 200 200 200 200 200 200 200 200 200 200 200 200 200 200 200 200 200 200 200 200 200 200 200 200 200 200 200 200 200 200 200 200 200 200 200 201 201 201 201 201 201 201 201 201 201 201 201 201 201 201 201 201 201 201 201 201 201 201 200 200 201 201 201 201 201 201 201 201 201 201 201 201 201 201 201 201 201 201 201 201 201 201 202 202 202 202 202 202 202 202 202 202 202 202 202 202 202 202 202 202 202 202 202 202 202 202 202 202 202 202 202 202 202 202 202 202 202 202 202 205 204 205 205 205 205 205 205 205 205 205 205 205 205 205 205 205 205 205 205 205 205 205 205 205 205 205 205 205 205 205 206 206 206 206 206 206 206 206 206 206 206 206 206 205 205 205 206 206 206 206 206 206 206 206 206 206 206 206 206 206 206 206 206 206 206 206 206 206 206 206 206 206 206 206 206 206 206 206 206 206 206 206 206 206 207 207 206 206 207 207 207 207 207 207 207 207 207 207 207 207 207 207 207 207 207 206 207 207 207 207 207 207 207 207 207 207 207 207 207 207 207 206 206 206 206 207 207 207 207 207 206 207 208 207 207 208 208 207 208 208 208 208 208 208 208 208 208 208 208 208 208 208 208 208 208 208 208 207 207 207 207 207 207 208 208 208 208 209 209 209 209 209 208 208 208 208 208 208 208 208 208 208 208 208 208 208 208 208 208 208 208 208 208 208 208 208 208 208 208 199 199 199 199 199 199 199 199 200 199 199 199 200 200 200 200 200 200 201 201 201 201 200 200 200 201 201 201 201 200 200 200 200 200 200 200 200 200 200 200 200 200 200 200 200 200 200 200 200 200 200 200 200 200 200 200 200 200 200 200 200 200 200 200 200 200 200 200 200 200 200 200 200 200 200 200 200 200 200 200 200 200 200 200 200 200 200 200 200 200 200 200 200 200 200 200 200 200 200 200 200 200 200 200 200 200 200 200 200 200 200 200 200 200 200 200 200 200 201 201 201 201 201 201 201 201 201 201 201 201 201 201 201 201 201 201 201 201 201 201 201 200 200 200 200 200 200 200 200 200 200 200 201 201 201 201 201 201 201 201 201 201 201 201 201 201 201 202 201 202 202 202 202 202 202 202 202 202 202 202 202 202 202 202 202 202 202 202 202 202 202 202 202 202 202 202 202 202 202 202 202 202 202 202 202 205 205 205 205 205 205 205 205 205 205 205 205 205 205 205 205 205 205 205 205 206 205 205 205 205 205 205 205 205 205 206 206 206 206 206 206 206 206 206 206 206 206 206 206 206 205 206 206 206 206 206 206 206 206 206 206 206 206 206 206 206 206 206 206 206 206 206 206 206 206 206 206 206 206 206 206 206 206 206 206 206 206 206 206 207 206 206 207 207 207 207 207 207 207 207 207 207 206 206 207 207 207 207 207 207 207 207 207 206 207 207 207 207 207 207 207 207 207 207 208 208 207 207 207 207 207 207 207 207 207 207 207 208 208 208 207 208 208 208 208 208 208 208 208 208 208 208 208 208 208 208 208 208 207 208 208 208 208 207 207 207 207 208 208 208 208 209 209 209 209 209 209 209 209 209 209 209 209 209 208 208 209 209 208 208 208 208 208 208 208 208 208 208 208 208 208 208 208 208 208 199 199 199 199 199 199 199 199 199 199 200 199 199 199 200 200 200 200 200 201 201 200 201 201 200 200 200 200 200 201 200 200 200 200 200 200 200 200 200 199 199 200 200 200 199 200 200 200 200 200 200 200 200 200 199 200 200 200 199 199 200 200 200 200 200 200 200 200 200 200 200 200 200 200 200 200 200 200 200 200 200 200 200 200 200 200 200 200 200 200 200 200 200 200 200 200 200 200 200 200 200 200 200 200 200 200 200 200 200 200 200 200 200 200 200 200 200 200 200 201 201 201 201 201 201 201 201 201 201 201 201 201 201 201 201 201 201 201 201 201 201 201 201 201 201 201 201 201 200 200 200 200 200 200 201 201 201 201 202 201 201 201 201 201 201 201 201 202 201 202 202 202 202 202 202 202 202 202 202 202 202 202 202 202 202 202 202 202 202 202 202 202 202 202 202 202 202 202 202 202 202 202 202 202 202 202 202 205 205 205 205 205 205 205 205 205 205 205 205 205 205 205 205 205 205 205 205 206 206 205 205 205 205 205 205 205 205 206 206 206 206 206 206 206 206 206 206 206 206 206 206 206 206 206 206 206 206 206 206 206 206 206 206 206 206 206 206 206 206 206 206 206 206 206 206 206 206 206 206 206 206 206 206 206 206 206 206 206 206 206 206 206 206 206 206 207 207 207 207 207 207 207 207 207 207 207 207 207 207 207 207 207 207 207 207 207 206 207 207 207 207 207 207 207 207 207 208 208 208 207 207 207 207 207 207 208 207 208 208 208 208 208 207 207 208 208 208 208 208 208 208 208 208 208 208 208 208 208 208 208 208 208 208 208 208 207 207 207 207 208 208 208 208 209 209 209 209 209 209 209 209 209 209 209 209 209 209 209 209 209 209 208 209 209 209 208 208 208 209 209 209 208 208 208 208 209 208 199 199 200 199 199 199 199 199 199 199 199 199 200 200 200 200 200 200 200 201 200 200 200 200 200 200 200 200 200 200 200 200 200 200 200 200 200 200 199 199 200 200 200 200 200 199 200 200 200 200 200 200 200 200 199 199 200 199 199 199 199 199 200 200 200 200 200 200 200 200 200 200 200 200 200 200 200 200 200 200 200 200 200 200 200 200 200 200 200 200 200 200 200 200 200 200 200 200 200 200 200 200 200 200 200 200 200 200 200 200 200 200 200 200 200 200 200 200 200 201 201 201 201 201 201 201 201 201 201 200 201 201 201 201 201 201 201 201 201 201 201 201 201 201 201 201 201 201 201 201 201 201 201 200 200 201 201 201 201 202 202 201 201 201 201 201 201 201 202 202 202 202 202 202 202 202 202 202 202 202 202 202 202 202 202 202 202 202 202 202 202 202 202 202 202 202 202 202 202 202 202 202 202 202 202 202 202 205 205 205 205 205 205 205 205 205 205 205 205 205 205 205 205 205 205 205 205 206 206 206 206 205 205 205 205 205 205 206 206 206 206 206 206 206 206 206 206 206 206 206 206 206 206 206 206 206 206 206 206 206 206 206 206 206 206 206 206 206 206 206 206 206 206 206 206 206 206 206 206 206 206 206 207 206 206 206 206 206 206 206 206 206 207 207 207 207 207 207 207 207 207 207 207 207 207 207 207 207 207 207 206 207 207 207 207 207 207 207 207 207 207 207 208 207 207 208 208 208 207 208 208 207 207 207 207 207 207 208 208 208 208 208 208 208 208 208 208 208 208 208 208 208 208 208 208 208 208 209 208 208 208 208 208 208 208 208 207 207 207 208 208 208 208 209 209 209 209 209 209 209 209 209 209 209 209 209 209 209 209 209 209 209 209 209 209 209 208 209 209 209 209 209 208 209 209 209 209 208 199 199 200 200 199 199 199 199 199 199 199 199 199 199 200 200 200 201 201 200 200 200 199 199 200 200 200 200 200 200 200 200 200 200 200 200 200 199 200 200 200 200 200 200 200 200 200 200 200 200 200 200 200 199 200 199 199 199 199 199 199 199 199 200 200 200 200 200 200 200 200 200 200 200 200 200 200 200 200 200 200 200 200 200 200 200 200 200 200 200 200 200 200 200 200 200 200 200 200 200 200 200 200 200 200 200 200 200 200 200 200 200 200 200 200 200 200 200 200 201 201 201 201 201 201 201 200 200 200 200 200 201 200 200 200 200 200 200 201 201 201 201 201 201 201 201 201 201 201 201 201 201 201 201 200 200 201 201 201 201 202 202 202 202 201 201 201 201 202 202 201 202 202 202 202 202 202 202 202 202 202 202 202 202 202 202 202 202 202 202 202 202 202 202 202 202 202 202 202 202 202 202 202 202 202 202 202 205 205 205 205 205 205 205 205 205 205 205 205 205 205 205 205 205 205 205 205 205 205 205 206 206 206 205 205 205 205 206 206 206 206 206 206 206 206 206 206 206 206 206 206 206 206 206 206 206 206 206 206 206 206 206 206 206 206 206 206 206 206 206 206 206 206 206 206 206 206 206 206 207 207 207 207 207 207 207 207 207 207 206 206 206 206 207 207 207 207 207 207 207 207 207 207 207 207 207 207 207 207 207 207 206 207 207 207 208 207 207 207 207 207 207 208 208 207 208 208 208 208 208 208 208 208 207 207 207 208 208 208 208 208 208 209 208 208 208 208 208 208 208 208 208 208 208 208 208 208 209 209 208 208 208 208 208 208 208 208 207 207 208 208 208 208 208 209 209 209 209 209 209 209 209 209 209 209 209 209 209 209 209 209 209 209 209 209 209 209 209 209 209 209 209 209 209 209 209 209 208 198 198 199 199 199 199 200 200 200 199 199 200 200 199 199 200 200 200 200 200 200 200 200 199 199 199 199 199 199 199 199 200 200 200 200 200 200 200 200 200 200 200 200 200 200 200 200 199 200 200 200 200 200 200 200 200 200 200 199 199 199 199 199 199 200 199 199 200 200 200 200 200 200 200 200 200 200 200 200 200 200 200 200 200 200 200 200 200 200 200 200 200 200 200 200 200 201 200 200 200 200 200 200 200 200 200 201 201 200 200 200 201 201 200 201 200 200 200 200 200 200 200 200 200 200 200 200 200 200 200 200 200 200 200 200 200 200 200 200 201 201 201 201 201 201 201 201 201 201 201 201 201 201 201 201 201 201 201 201 201 201 202 202 202 202 202 202 201 201 202 202 201 202 202 202 202 202 202 202 202 202 202 202 202 202 202 202 202 202 202 202 202 202 202 202 202 202 202 202 202 202 202 202 202 202 202 202 202 205 205 205 205 205 205 205 205 205 205 205 205 205 205 205 205 205 205 205 205 205 205 205 205 206 205 205 205 205 206 206 206 206 206 206 206 206 206 206 206 206 206 206 206 206 206 206 206 206 206 206 206 206 206 206 206 206 206 206 206 206 206 206 206 206 206 206 206 206 206 206 206 206 207 207 207 207 207 207 207 207 207 207 207 207 207 207 206 207 207 207 207 207 207 207 207 207 207 207 207 207 207 207 207 207 207 208 208 208 207 207 207 207 208 208 208 208 208 208 208 208 208 208 208 208 208 208 208 207 208 208 208 208 208 208 209 209 208 208 208 208 208 208 208 208 208 208 208 208 208 209 209 209 209 208 208 209 209 209 208 207 207 208 208 208 208 209 209 209 209 209 209 209 209 209 209 209 209 209 209 209 209 209 209 209 209 209 209 209 209 209 209 209 209 209 209 209 209 209 209 209 198 199 199 200 200 200 200 200 199 200 200 200 200 200 200 199 200 200 200 200 200 200 199 199 199 199 199 199 199 199 199 199 199 199 199 200 200 200 200 200 200 199 200 200 200 200 200 200 200 200 199 200 200 200 200 199 199 199 199 199 199 199 199 199 199 199 199 200 200 200 200 200 200 200 200 200 200 200 200 200 200 200 200 200 200 200 200 200 200 200 200 200 200 200 200 200 200 200 200 200 200 201 201 200 200 201 200 200 200 200 201 201 200 200 200 200 200 200 200 200 200 200 200 200 200 200 200 200 200 200 200 200 201 200 201 201 201 201 201 201 201 201 201 201 201 201 201 201 201 201 201 201 201 201 201 201 201 201 201 201 202 202 202 202 202 202 202 202 202 202 202 202 202 202 202 202 202 202 202 202 202 202 202 202 202 202 202 202 202 202 202 202 202 202 202 202 202 202 202 202 202 202 202 202 202 202 205 205 205 205 205 205 205 205 205 205 205 205 205 205 205 205 205 205 205 205 205 205 205 205 205 205 205 205 206 206 206 206 206 206 206 206 206 206 206 206 206 206 206 206 206 206 206 206 206 206 206 206 206 206 206 206 206 206 206 206 206 206 206 207 207 206 206 206 206 206 206 206 206 206 207 207 207 207 207 207 207 207 207 207 207 207 207 207 207 207 207 207 208 208 208 208 208 207 207 207 207 207 208 207 207 207 208 208 207 207 207 207 207 207 208 208 208 208 209 208 208 208 208 208 208 208 208 208 208 208 208 208 208 208 208 208 208 208 208 208 208 208 208 208 208 208 208 208 208 209 209 209 209 209 209 209 209 208 208 208 208 207 208 208 208 208 209 209 209 209 209 209 210 210 209 209 209 209 209 209 210 209 209 209 209 209 209 209 209 209 209 209 209 209 209 209 209 209 209 209 209 209 198 199 199 199 199 199 200 199 200 199 199 199 199 199 199 199 199 199 200 200 200 200 200 199 199 199 199 199 199 199 199 199 199 200 200 200 200 200 200 200 200 200 200 199 200 200 200 200 200 199 199 199 199 199 199 199 199 199 199 199 199 199 199 199 199 199 199 199 200 199 200 200 200 200 200 200 200 200 200 200 200 200 200 200 200 200 200 200 200 200 200 200 200 200 200 200 200 200 200 200 200 200 200 200 200 200 200 200 200 200 200 200 200 200 200 200 200 200 200 200 200 200 200 200 200 200 200 200 200 200 200 200 200 201 201 201 201 201 201 201 201 201 201 201 201 201 201 201 201 201 201 201 201 201 201 200 201 201 201 201 201 201 201 202 202 202 202 202 202 202 202 202 202 201 201 202 202 202 202 202 202 202 202 202 202 202 202 202 202 202 202 202 202 202 202 202 202 202 202 202 202 202 202 202 202 203 203 205 205 205 205 205 205 205 205 205 205 205 205 205 205 205 205 205 205 205 205 205 205 205 205 205 205 206 206 206 206 206 206 206 206 206 206 206 206 206 206 206 206 206 206 206 206 206 206 206 206 206 206 206 206 206 206 206 206 206 206 206 207 206 207 207 207 206 206 206 206 207 207 207 207 207 207 207 207 207 207 207 207 206 207 207 207 207 208 207 208 207 207 207 207 208 208 208 207 207 207 208 208 208 208 208 208 208 208 207 207 207 207 207 207 207 208 208 208 208 208 208 208 208 208 208 208 208 208 208 208 209 208 208 208 208 208 209 209 208 209 208 208 208 208 208 208 208 208 208 209 209 209 209 209 209 209 209 209 209 208 208 208 208 208 209 209 209 209 209 210 210 209 210 210 210 210 209 209 209 209 210 209 209 209 209 209 209 209 210 210 209 209 210 210 210 209 209 209 209 209 209 209 198 199 198 199 199 199 198 198 198 199 199 199 199 199 199 199 199 199 200 200 200 200 199 199 199 199 200 200 199 199 199 199 199 199 200 200 200 200 200 200 200 199 199 200 200 200 200 199 199 199 199 199 200 199 199 199 199 199 199 199 199 199 199 199 199 199 200 200 199 199 199 200 200 200 200 200 200 200 200 200 200 200 200 200 200 200 200 200 200 200 200 200 200 200 200 200 200 200 200 200 200 200 200 200 200 200 200 200 200 200 200 200 200 200 200 200 200 200 200 200 200 200 200 200 200 200 200 200 200 200 200 200 201 201 201 201 201 201 201 201 201 201 201 201 201 201 201 201 201 201 201 201 201 200 200 201 201 201 201 201 201 201 201 201 201 202 202 202 202 202 202 202 201 201 202 202 202 202 202 202 202 202 202 202 202 202 202 202 202 202 202 202 202 202 202 202 202 202 202 202 202 202 202 203 203 203 205 205 205 205 205 205 205 205 205 205 205 205 205 205 205 205 205 205 205 205 205 205 205 205 206 206 206 206 206 206 206 206 206 206 206 206 206 206 206 206 206 206 206 206 206 206 206 206 206 206 206 206 206 206 206 206 206 206 206 206 206 206 207 207 207 207 207 207 206 206 207 207 207 207 207 207 207 207 207 207 207 207 207 207 207 207 207 208 208 208 208 207 207 207 208 208 208 208 208 208 208 208 209 209 208 208 208 208 208 208 208 208 208 208 208 208 207 208 208 208 208 208 208 208 208 208 208 208 208 208 209 208 209 208 209 209 209 209 209 209 209 208 208 208 208 208 208 208 208 208 209 209 209 209 209 209 209 209 209 209 208 208 208 209 209 209 209 209 210 210 210 209 210 210 210 210 210 210 210 210 210 210 210 210 210 210 210 210 210 210 210 210 210 210 210 209 209 209 209 210 209 209 209 198 199 199 199 198 198 198 199 199 199 199 199 199 199 199 200 199 199 200 200 199 200 200 200 200 200 200 200 200 199 199 199 199 200 200 200 200 199 199 199 199 200 199 200 199 199 199 199 200 200 199 199 199 200 199 199 199 199 199 199 199 199 199 199 199 199 199 200 200 200 200 200 200 200 200 199 199 200 200 200 200 200 200 200 200 200 200 200 200 200 200 200 200 200 200 200 200 200 200 200 200 200 200 200 200 200 200 200 200 200 200 200 200 200 200 200 200 200 200 200 200 200 200 200 200 200 200 200 200 200 200 201 200 201 201 201 201 201 201 201 201 201 201 201 201 201 201 201 201 201 201 201 201 201 201 201 201 201 201 201 201 201 201 201 201 201 201 202 202 202 202 202 202 202 202 202 202 202 202 202 202 202 202 202 202 202 202 202 202 202 202 202 202 202 202 202 202 202 202 203 203 203 203 203 205 205 205 205 205 205 205 205 205 205 205 205 205 205 205 205 205 205 205 205 205 205 205 205 205 205 205 206 206 206 206 206 206 206 206 206 206 206 206 206 206 206 206 206 206 206 206 206 206 206 206 206 206 206 206 206 206 206 206 207 206 206 207 207 207 207 207 207 206 207 207 207 207 207 207 207 207 207 207 207 207 207 207 207 207 208 207 207 208 208 207 207 208 208 208 207 207 208 208 208 209 208 208 209 209 209 208 208 209 208 208 208 208 208 208 208 208 208 209 208 208 208 208 208 208 208 208 208 209 209 209 209 209 209 209 209 209 209 209 209 209 209 208 208 208 208 208 208 208 208 209 209 209 209 209 209 209 209 209 209 208 208 209 208 209 209 209 210 210 210 210 210 210 210 210 210 210 210 210 210 210 210 210 210 210 210 210 210 210 210 210 210 210 210 210 210 209 210 210 210 210 209 209 209 198 199 199 198 198 198 198 198 198 199 199 200 199 199 199 199 199 199 200 200 200 200 200 200 200 200 200 200 200 200 200 200 199 199 200 200 200 200 200 199 199 199 199 200 199 199 199 199 199 199 200 200 200 200 199 199 199 199 199 199 199 199 199 199 199 199 199 199 200 200 200 200 200 200 200 200 200 199 199 200 200 200 200 200 200 200 200 200 200 200 200 200 200 200 200 200 200 200 200 200 200 200 200 200 200 200 200 200 200 200 200 200 200 200 200 200 200 200 200 200 200 200 200 200 200 201 200 200 200 200 200 200 200 201 201 201 201 201 201 201 201 201 201 201 201 201 201 201 201 201 201 201 201 201 201 201 201 201 201 201 201 201 201 201 201 201 201 201 201 202 202 202 202 202 202 202 202 202 202 202 202 202 202 202 202 202 202 202 202 202 202 202 202 202 202 202 202 202 203 203 203 203 203 203 205 205 205 205 205 205 205 205 205 205 205 205 205 205 205 205 205 205 205 205 205 205 205 206 205 206 206 206 206 206 206 206 206 206 206 206 206 206 206 206 206 206 206 206 206 206 206 206 206 206 206 206 206 206 206 206 206 206 206 207 207 207 207 207 207 207 207 207 207 207 207 207 207 207 207 207 207 207 207 207 207 207 207 207 207 207 208 208 208 207 207 207 208 208 208 208 207 208 208 208 208 208 209 209 208 209 208 208 209 209 209 209 208 209 208 209 208 209 209 209 209 209 209 209 209 209 208 208 209 209 209 209 209 209 209 210 210 210 210 210 210 209 209 208 208 208 208 208 208 208 208 209 209 209 209 209 209 209 208 209 208 209 209 209 209 209 210 210 210 210 210 210 210 210 210 210 210 210 210 210 210 210 210 210 210 210 210 210 210 210 210 210 210 210 210 210 210 210 210 210 210 210 210 209 209 198 198 198 198 198 198 199 199 198 198 199 199 199 199 198 198 199 199 199 200 200 200 200 199 199 199 199 200 200 200 200 200 199 199 200 200 200 199 199 199 199 199 199 199 199 199 199 199 199 199 200 200 199 199 199 199 199 199 199 199 199 199 199 199 199 199 199 199 199 200 200 200 200 200 200 200 200 200 199 199 200 200 200 200 200 200 200 200 200 200 200 200 200 200 200 200 200 200 200 200 200 200 200 200 200 200 200 200 200 200 200 200 200 200 200 200 200 200 200 200 200 200 200 200 201 201 200 200 200 200 200 200 200 200 201 201 201 201 201 201 201 201 201 201 201 201 201 201 201 201 201 201 201 201 202 202 202 201 201 201 202 202 202 202 201 201 201 201 201 201 202 202 202 202 202 202 202 202 202 202 202 202 202 202 202 202 202 202 202 202 202 202 202 202 202 202 202 203 203 203 203 203 203 203 205 205 205 205 205 205 205 205 205 205 205 205 205 205 205 205 205 205 205 205 206 206 206 206 206 206 206 206 206 206 206 206 206 206 206 206 206 206 206 206 206 206 206 206 206 206 206 206 206 206 207 207 207 207 207 206 206 206 206 206 207 207 207 207 207 207 207 207 207 207 207 207 207 207 207 207 207 207 207 207 207 207 207 207 207 207 208 208 208 207 207 207 208 207 208 208 208 208 208 208 208 208 209 208 209 209 208 208 209 209 209 209 209 209 209 209 209 209 209 209 209 209 209 209 209 209 209 208 209 209 209 209 209 209 209 210 210 210 210 210 210 210 209 209 209 209 208 208 209 209 209 208 209 209 209 210 209 209 209 209 209 209 209 209 209 209 210 210 210 210 210 210 210 210 210 210 210 210 210 210 210 210 210 210 210 210 210 210 210 210 210 210 210 211 210 210 210 210 210 210 210 210 210 210 210 210 198 198 199 198 199 198 199 199 199 199 199 199 198 198 198 199 199 199 199 199 199 199 199 199 198 199 199 200 200 200 200 200 200 200 200 200 199 199 199 199 199 199 199 199 199 199 199 199 199 200 199 199 199 199 199 199 199 199 199 199 199 199 199 199 199 199 200 199 199 199 200 200 200 200 200 200 200 200 199 199 200 200 200 200 200 200 200 200 200 200 200 200 200 200 200 200 200 200 200 200 200 200 200 200 200 200 200 200 200 200 200 200 200 200 200 200 200 200 200 200 200 200 201 201 201 201 201 200 200 200 200 200 200 200 200 201 201 201 201 201 201 201 201 201 201 201 201 201 201 201 201 201 201 202 202 202 202 202 202 202 202 202 202 202 202 201 201 201 201 201 202 202 202 202 202 202 202 202 202 202 202 202 202 202 202 202 202 202 202 202 202 202 202 203 203 203 203 203 203 203 203 203 203 205 205 205 205 205 205 205 205 205 205 205 205 205 206 206 206 205 206 206 206 206 206 206 206 206 206 206 206 206 206 206 206 206 206 206 206 206 206 206 206 206 206 206 206 206 206 206 206 206 206 207 207 207 207 207 206 207 206 206 207 207 207 207 207 207 207 207 207 207 207 207 207 207 207 207 207 207 207 207 207 207 207 207 207 207 207 208 208 207 207 207 207 207 207 207 208 208 208 208 208 208 208 209 208 209 209 208 208 208 209 209 209 209 209 209 210 210 209 210 209 209 209 209 209 209 209 209 209 209 209 209 209 209 209 209 209 210 210 210 210 210 210 209 209 209 209 208 208 208 209 209 209 209 209 209 209 209 209 209 209 209 209 210 210 210 210 210 210 210 210 210 210 210 210 210 210 210 210 210 210 210 210 210 210 210 210 210 210 210 211 211 211 211 211 210 210 210 210 210 210 210 210 210 210 210 210 210 198 198 198 198 198 198 198 198 199 198 198 198 198 199 199 198 199 199 198 199 199 199 198 198 199 199 200 200 200 200 200 200 200 200 199 199 199 199 199 199 199 199 199 199 199 199 199 200 200 200 200 199 199 199 199 199 199 199 199 199 199 199 199 200 200 200 200 199 199 199 200 200 200 200 200 200 199 199 199 200 200 200 200 200 200 200 200 200 200 200 200 200 200 200 200 200 200 200 200 200 200 200 200 200 200 200 200 200 200 200 200 200 200 200 200 200 200 200 201 201 201 201 201 201 201 200 200 200 200 200 200 200 200 200 200 201 201 201 201 201 201 201 201 201 201 201 201 201 201 201 201 202 202 202 202 202 202 202 202 202 202 202 202 202 202 202 201 201 201 201 202 202 202 202 202 202 202 202 202 202 202 202 202 202 202 202 202 202 202 202 203 203 203 203 203 203 203 203 203 203 203 205 205 205 205 205 205 205 205 205 205 205 205 206 206 206 205 206 206 206 206 206 206 206 206 206 206 206 206 206 206 206 206 206 206 206 206 206 206 206 206 206 207 207 207 206 206 206 206 206 206 206 207 207 207 207 207 207 207 206 207 207 207 207 207 207 207 207 207 207 207 207 207 207 207 207 207 207 207 207 207 207 207 207 208 208 207 207 207 207 207 207 207 207 207 208 208 209 208 208 208 208 208 209 208 209 209 208 209 209 209 209 209 209 209 209 209 209 209 209 210 210 209 209 209 209 209 209 209 209 210 210 210 210 209 210 210 210 210 210 210 210 210 210 209 209 209 208 208 208 209 209 209 209 209 209 209 209 210 210 210 210 210 210 210 210 210 210 210 210 210 210 210 210 210 210 210 210 210 210 210 210 210 210 210 210 210 210 210 210 211 211 211 211 211 211 210 210 210 210 210 210 210 210 210 210 210 210 210 197 197 197 197 197 197 197 198 198 198 198 198 198 199 199 198 199 198 198 199 199 199 198 198 199 199 199 200 199 200 200 200 200 200 200 199 199 199 199 199 199 199 199 199 199 199 199 199 199 199 200 199 199 199 199 199 199 199 199 199 199 200 200 200 200 200 199 199 200 199 199 199 199 199 199 200 200 199 199 199 200 200 200 200 200 200 200 200 200 200 200 200 200 200 200 200 200 200 200 200 200 200 200 200 200 200 200 200 200 200 200 200 200 200 200 200 200 200 200 201 200 200 200 200 201 200 200 200 200 200 200 200 200 200 200 200 200 201 201 201 201 200 201 201 201 201 201 201 201 201 201 202 202 202 202 202 202 202 202 202 202 202 202 202 203 202 201 201 201 201 202 202 202 202 202 202 202 202 202 202 202 202 202 202 202 202 202 202 202 203 203 203 203 203 203 203 203 203 203 203 203 205 205 205 205 205 205 205 205 205 205 205 206 206 206 206 206 206 206 206 206 206 206 206 206 206 206 206 206 206 206 206 206 206 206 206 206 206 206 206 206 207 207 207 207 207 206 206 206 206 206 206 207 207 207 207 207 207 207 207 207 207 207 207 207 207 207 207 207 207 207 207 207 207 207 207 207 207 207 207 207 207 207 207 208 208 207 207 207 207 207 207 207 207 207 208 208 208 208 208 208 208 208 208 208 208 208 208 209 209 209 209 209 209 209 209 209 209 209 209 209 210 210 209 209 209 209 210 210 210 210 210 210 210 210 209 210 210 210 210 210 210 211 210 209 210 209 208 208 208 209 210 210 210 209 209 209 209 210 210 210 210 210 210 211 210 210 210 210 210 210 210 210 211 210 211 211 210 210 210 210 210 210 210 210 210 210 210 211 211 211 211 211 211 211 211 211 211 210 210 210 210 210 210 210 210 210 210 210 211 211 211 211 197 197 197 197 197 198 198 198 199 199 198 198 198 198 198 198 199 199 199 198 198 199 199 199 199 199 199 200 199 200 200 200 200 200 200 199 199 199 199 199 199 199 199 199 199 199 200 200 199 199 199 199 199 199 199 199 199 199 199 199 199 200 200 200 199 199 199 199 199 199 199 199 199 199 199 199 199 200 200 200 200 200 200 200 200 200 200 200 200 200 200 200 200 200 200 200 200 200 200 200 200 200 200 200 200 200 200 200 200 200 200 200 200 200 200 200 200 201 201 201 201 201 201 201 200 200 200 200 200 200 201 201 201 201 201 201 201 201 201 201 201 201 201 201 201 201 201 201 202 202 202 202 201 201 202 202 202 202 202 202 202 202 202 202 201 201 201 201 201 202 202 202 202 202 202 202 202 202 202 202 202 202 202 202 202 202 202 203 203 203 203 203 203 203 203 203 203 203 205 205 205 205 205 205 205 205 205 205 205 206 206 206 206 206 206 206 206 206 206 206 206 206 206 206 206 206 206 206 206 206 206 206 206 206 206 206 207 207 207 207 207 207 207 206 206 206 206 206 207 207 207 207 207 207 207 207 207 207 207 207 207 207 207 207 207 207 207 207 207 207 207 207 207 207 207 207 207 207 207 207 207 208 208 207 207 207 207 207 208 207 207 208 208 208 208 209 208 208 208 208 208 208 208 208 209 209 209 209 209 209 209 209 209 209 209 209 209 209 210 210 210 210 210 210 210 210 210 210 210 210 210 210 210 210 210 210 210 210 210 211 211 211 211 210 209 208 209 209 210 210 210 209 210 210 210 210 210 210 210 210 210 211 211 210 210 210 210 210 210 210 211 211 211 211 211 211 211 211 210 210 210 210 211 211 211 211 211 211 211 211 211 211 211 211 211 211 211 210 210 210 210 210 211 211 211 211 211 211 211 211 211 211 211 211 211 211 211 211 197 197 197 197 198 198 198 197 197 197 198 198 198 198 198 198 198 199 199 199 198 199 199 199 199 199 199 200 200 200 200 200 199 199 199 199 199 199 199 199 199 199 199 199 199 199 199 199 199 199 199 199 199 199 199 199 199 199 199 199 199 199 199 199 199 199 199 199 199 199 199 199 199 199 199 200 200 200 200 199 199 199 199 200 200 200 200 200 200 200 200 200 200 200 200 200 200 200 200 200 200 200 200 200 200 200 200 200 200 200 200 200 200 201 201 201 201 200 200 201 200 200 200 200 200 200 200 200 201 201 201 201 201 201 201 201 201 201 201 201 201 201 201 201 202 202 202 201 201 202 202 202 202 202 202 202 202 202 202 202 202 202 202 201 202 201 201 202 202 202 202 202 202 202 202 202 202 202 202 202 203 203 202 203 203 203 203 203 203 203 203 203 203 203 205 205 205 205 205 205 205 205 206 206 206 206 206 206 206 206 206 206 206 206 206 206 206 206 206 206 206 206 206 206 206 206 206 206 206 206 207 207 207 207 207 207 207 207 207 206 206 206 207 207 207 207 207 207 207 207 207 207 207 207 207 207 207 207 207 207 207 207 207 207 207 207 207 207 207 207 207 207 207 207 207 207 206 207 207 207 207 207 207 207 208 207 207 207 208 208 208 208 208 208 208 208 209 209 209 208 209 209 209 209 209 209 209 209 209 209 209 209 209 209 210 210 210 210 210 210 210 210 210 210 209 210 210 210 210 210 210 210 210 210 211 211 211 211 211 210 209 209 209 209 210 210 210 210 210 210 210 210 210 210 210 210 210 211 211 211 210 210 210 210 210 211 211 211 211 211 211 211 211 211 211 211 211 211 211 211 211 211 211 211 211 211 211 211 211 211 211 210 210 211 210 210 211 211 211 211 211 211 211 211 211 211 211 211 211 211 211 211 211 211 211 197 197 197 197 197 197 197 197 197 198 198 198 198 199 199 198 199 199 198 199 198 199 199 199 200 200 200 200 200 200 199 199 199 199 199 199 199 199 199 199 199 199 199 199 199 199 199 199 199 199 199 199 199 199 199 199 199 199 199 199 199 199 199 199 199 199 199 199 199 199 199 199 199 199 199 199 199 199 199 200 200 200 200 200 200 200 200 200 200 200 200 200 200 200 200 200 200 200 200 200 200 200 200 200 200 200 200 200 200 201 200 200 200 200 200 200 200 200 200 200 200 200 200 200 201 201 201 201 201 201 201 201 201 201 201 201 201 201 201 201 202 202 201 202 202 202 202 202 202 202 202 202 202 202 202 202 202 202 202 202 202 202 202 202 202 202 202 202 202 202 202 202 202 202 202 203 203 203 203 203 203 203 203 203 203 203 203 203 203 205 205 205 205 205 205 205 205 206 206 206 206 206 206 206 206 206 206 206 206 206 206 206 206 206 206 206 206 206 206 206 206 206 206 206 207 207 207 207 207 207 207 207 207 207 206 206 207 207 207 207 207 207 207 207 207 207 207 207 207 207 207 207 207 207 207 207 207 207 207 207 207 207 207 207 207 207 207 207 207 207 207 207 207 207 207 207 207 207 207 208 207 207 207 208 208 208 208 208 208 208 209 209 209 209 208 209 209 209 209 209 209 209 209 209 209 209 210 209 209 209 210 210 210 210 210 210 210 210 210 210 210 210 210 210 210 210 210 210 210 210 211 211 210 211 209 209 209 209 210 210 210 210 210 210 210 210 210 210 210 210 211 211 211 211 210 210 210 210 210 211 211 211 211 211 211 211 211 211 211 211 211 211 211 211 211 211 211 211 211 211 211 211 211 211 210 211 211 211 211 210 210 211 211 211 211 211 211 211 211 211 211 211 211 211 211 211 211 211 211 211 211 197 197 197 197 197 198 198 199 198 198 199 198 198 198 198 198 199 200 200 199 200 199 199 200 199 199 199 200 200 200 200 199 199 199 199 199 199 199 199 199 199 199 199 199 199 199 199 199 199 199 199 200 200 199 199 200 200 200 200 200 199 199 199 199 199 199 199 199 199 199 199 199 199 199 200 200 200 200 200 200 200 200 200 200 200 200 200 200 200 200 200 200 200 200 200 200 200 200 200 200 200 200 200 201 200 201 200 200 200 200 200 201 200 200 200 200 200 200 200 201 201 201 201 201 201 201 201 201 201 201 201 201 201 201 202 202 202 201 202 202 202 202 202 202 202 202 202 202 203 202 202 202 203 203 203 202 202 202 202 202 202 202 202 202 202 202 202 202 202 202 203 203 203 203 203 203 203 203 203 203 203 203 203 205 205 205 205 205 205 205 205 206 206 206 206 206 206 206 206 206 206 206 206 206 206 206 206 206 206 206 206 206 206 206 206 206 206 207 207 207 207 207 207 207 207 207 207 207 206 207 207 207 207 207 207 207 207 207 207 207 207 207 207 207 207 207 207 207 207 207 207 207 207 207 207 207 207 207 207 207 207 207 207 207 208 208 208 207 207 207 207 207 207 208 207 207 208 208 208 208 208 209 208 208 209 209 209 209 209 209 209 209 209 209 209 209 209 209 209 210 210 209 210 210 210 210 210 210 210 210 210 211 210 210 210 210 210 210 210 210 210 210 210 210 210 211 211 210 210 209 209 209 210 210 210 210 210 210 210 210 210 210 210 210 211 211 211 211 211 210 210 210 211 211 211 211 211 211 211 211 211 211 211 211 211 211 211 211 212 212 212 211 211 211 211 211 211 211 211 211 211 211 211 211 211 211 211 211 211 211 211 211 211 211 211 212 212 212 212 212 212 212 212 212 212 197 197 197 198 198 198 199 198 198 198 198 199 199 199 199 199 199 198 199 199 199 198 198 199 200 200 201 201 201 200 199 198 199 199 199 199 199 199 199 199 199 199 199 199 199 199 199 200 200 200 200 199 199 199 199 199 199 199 199 199 199 199 199 199 199 199 199 199 199 200 200 199 199 199 199 200 200 200 200 200 200 200 200 200 200 200 200 200 200 200 200 200 200 200 200 200 200 200 200 200 200 200 200 201 200 200 200 201 201 200 200 200 200 200 200 200 200 201 201 201 201 201 201 201 201 201 201 201 201 201 201 201 202 202 202 202 202 202 202 202 202 202 202 202 202 202 203 202 202 202 202 202 203 202 202 202 202 203 203 202 202 202 202 202 202 202 202 202 202 202 203 203 203 203 203 203 203 203 203 203 203 205 205 205 205 205 205 206 205 206 206 206 205 206 206 206 206 206 206 206 206 206 206 206 206 206 206 206 206 206 206 206 206 206 207 207 207 207 207 207 207 207 207 207 207 207 207 207 207 207 207 207 207 207 207 207 207 207 207 207 207 207 207 207 207 207 207 207 207 207 207 207 207 207 207 207 207 207 207 207 207 208 208 208 208 207 207 207 207 207 208 208 207 207 207 208 208 208 209 209 208 209 209 209 209 209 209 209 209 209 209 209 209 209 209 209 209 210 209 210 210 210 210 210 210 210 210 210 210 211 211 211 211 210 210 210 210 211 211 211 210 210 210 211 211 210 209 209 210 210 210 210 210 211 211 211 211 211 210 210 211 210 211 211 211 212 212 211 210 211 211 211 211 211 211 211 211 211 211 211 211 211 211 211 211 211 212 211 212 212 211 211 211 211 211 211 211 212 211 211 211 211 211 211 211 211 211 211 211 211 212 212 212 212 212 212 212 212 212 212 212 212 212 197 198 198 198 198 198 198 198 198 199 199 199 200 199 199 198 198 198 198 198 199 198 199 199 200 199 200 201 200 199 199 199 199 200 200 199 199 199 199 199 199 199 199 199 200 200 200 200 200 199 199 199 199 199 200 200 199 200 200 200 200 199 199 199 199 199 199 199 200 199 199 199 199 200 200 200 200 200 200 200 200 200 200 200 200 200 200 200 200 200 200 200 200 200 200 200 200 200 200 200 200 200 200 200 201 201 201 200 200 200 200 200 200 200 200 200 201 201 201 201 201 201 201 201 201 201 201 201 201 201 201 201 202 202 202 201 202 202 202 202 202 202 202 202 202 202 202 202 202 202 202 202 202 202 202 203 202 202 202 202 202 202 202 202 202 202 202 202 202 202 203 203 203 203 203 203 203 203 203 205 205 205 205 205 205 205 205 205 205 205 205 205 206 206 206 206 206 206 206 206 206 206 206 206 206 206 206 206 206 206 206 206 207 207 207 207 207 207 207 207 207 207 207 207 207 207 207 207 207 207 207 207 207 207 207 207 207 207 207 207 207 207 207 207 207 207 207 207 207 207 207 207 207 207 207 207 208 208 208 208 208 207 207 207 207 207 207 207 208 208 207 207 207 207 208 208 208 208 209 209 209 209 209 209 209 209 209 209 209 209 209 209 209 209 209 209 209 210 210 210 210 210 210 210 210 210 211 211 211 211 211 211 210 210 210 211 211 211 210 210 211 211 211 210 210 210 210 210 210 211 211 211 211 211 211 211 211 211 211 211 211 211 211 212 212 211 211 210 211 211 211 211 211 211 211 212 211 211 211 211 211 211 212 211 211 211 212 212 212 212 212 211 211 211 211 212 212 211 211 211 211 211 211 211 212 212 212 212 212 212 212 212 212 212 212 212 212 212 212 212 212 197 198 198 198 198 198 199 199 198 199 199 199 199 199 198 198 199 199 200 199 199 199 199 199 199 199 200 200 200 200 200 200 200 200 200 199 199 199 198 199 199 200 200 200 200 199 199 199 199 199 200 200 200 200 200 200 200 200 200 200 200 199 199 199 199 199 199 200 200 200 200 200 200 200 200 200 200 200 200 200 200 200 200 199 199 199 199 200 200 200 200 200 200 200 200 200 200 200 200 200 200 200 200 200 200 200 200 200 200 200 200 200 201 201 201 201 201 201 201 201 201 201 201 201 201 201 201 201 201 201 202 202 201 201 202 202 202 202 202 202 202 202 202 202 202 202 202 202 203 202 202 202 202 202 202 202 202 202 202 202 202 202 202 202 203 202 202 202 202 202 202 202 203 203 203 203 203 203 205 205 205 205 205 205 205 205 206 206 205 205 205 205 205 206 206 206 206 206 206 206 206 206 206 206 206 206 206 206 206 206 207 207 207 207 207 207 207 207 207 207 207 207 207 207 207 207 207 207 207 207 207 207 207 207 207 207 207 207 207 208 207 207 208 208 207 207 207 207 207 207 207 208 208 208 208 208 209 208 208 208 208 207 207 208 208 208 208 207 207 207 208 208 208 208 209 209 208 208 208 209 209 209 209 209 209 209 209 209 209 209 209 209 210 209 209 209 209 209 209 210 210 210 210 210 210 210 211 211 211 211 211 210 210 210 211 211 211 211 211 211 211 211 211 210 210 210 210 210 211 211 211 211 211 211 211 211 211 211 211 211 211 211 211 212 212 211 211 211 211 211 211 211 211 212 212 212 212 212 212 212 212 212 212 212 212 212 212 212 212 212 212 212 211 212 212 212 212 211 211 211 211 211 212 212 212 212 212 212 212 212 212 212 212 212 212 212 212 212 212 197 198 198 198 198 198 198 198 198 198 198 198 198 198 198 199 199 199 199 199 200 200 200 200 199 199 199 200 200 200 200 200 200 200 200 200 199 199 199 199 199 199 199 199 199 199 199 199 200 200 200 200 200 200 200 200 200 200 200 200 200 199 199 199 199 200 199 200 200 200 200 200 200 200 200 200 200 200 199 200 200 200 199 199 199 200 200 200 200 200 200 200 200 200 200 200 200 200 200 200 200 200 200 200 200 200 200 200 200 200 201 201 201 201 201 201 200 200 200 201 201 201 201 201 201 201 201 201 202 202 202 202 201 202 202 202 202 202 202 202 202 202 202 202 202 202 202 202 202 202 202 202 203 203 203 202 202 202 202 202 202 202 202 202 203 203 202 202 202 202 203 203 203 203 203 203 203 203 205 205 205 205 205 205 205 205 206 206 205 205 205 205 205 206 206 206 206 206 206 206 206 206 206 206 206 206 206 206 206 206 207 207 207 207 207 207 207 207 207 207 207 207 207 207 207 207 207 207 207 207 207 207 207 207 207 207 207 207 207 208 207 207 208 208 208 208 208 207 207 208 208 208 208 208 208 208 208 208 208 208 208 208 207 208 208 208 208 207 207 208 208 208 208 208 209 209 209 208 208 208 208 208 209 209 209 209 209 209 209 209 209 210 210 210 210 209 209 209 210 210 210 210 211 211 211 211 211 211 211 210 210 210 211 211 211 211 211 211 211 211 211 211 211 210 210 210 210 210 211 211 211 211 211 211 211 211 211 211 211 211 211 211 211 212 212 212 212 211 211 211 211 211 211 212 212 212 212 212 212 212 212 212 212 212 212 212 212 212 212 212 212 211 211 212 212 212 212 211 211 211 211 212 212 212 212 212 212 212 212 212 212 212 212 212 212 212 212 212 212 197 197 198 198 199 198 198 198 198 198 198 198 198 198 198 199 199 199 199 199 199 200 200 200 200 199 199 199 199 199 200 199 200 199 199 200 199 199 199 199 200 200 199 199 199 199 199 199 199 199 200 200 200 200 200 200 200 200 200 200 199 199 199 200 200 200 199 199 199 200 200 200 200 200 200 200 200 200 200 200 200 200 200 200 200 200 200 200 200 200 200 200 200 200 200 200 200 200 200 200 200 200 200 200 200 200 200 200 200 200 200 200 200 200 200 200 200 200 201 201 201 201 201 201 201 201 201 201 201 202 202 201 201 201 201 202 202 201 202 202 202 202 202 202 202 202 203 202 202 202 202 203 203 203 203 202 202 202 202 202 202 202 202 202 202 202 203 203 203 203 203 203 203 203 203 203 203 203 203 205 205 205 205 206 205 205 205 206 206 205 205 205 205 206 206 206 206 206 206 206 206 206 206 206 206 206 206 206 206 206 206 207 207 207 207 207 207 207 207 207 207 207 207 207 207 207 207 207 207 207 207 207 207 207 207 207 207 207 207 207 208 208 208 208 208 208 208 208 208 208 208 208 208 208 208 208 209 209 209 208 208 208 208 208 208 208 208 208 208 207 207 207 207 208 208 209 209 209 209 209 209 209 208 208 209 209 209 209 209 209 209 210 210 210 210 210 210 210 210 210 210 210 210 211 211 211 211 211 211 211 211 211 210 211 211 211 211 211 211 211 211 211 211 211 211 210 210 210 210 211 211 211 211 211 211 211 211 211 211 211 211 211 211 212 213 213 212 212 211 212 211 211 211 211 212 212 212 212 212 212 212 212 212 212 212 212 212 212 212 212 212 212 212 212 212 212 212 212 211 211 211 211 212 212 212 212 212 212 212 212 212 212 212 212 212 212 212 212 212 212 198 198 198 198 198 197 198 198 198 198 199 198 199 198 198 199 198 198 199 199 199 199 200 200 199 199 199 198 199 199 199 199 200 201 200 200 199 200 200 200 199 199 199 199 199 199 199 199 199 200 200 200 200 200 200 200 200 199 199 199 199 199 200 199 199 199 199 199 200 200 200 200 200 200 200 200 200 200 200 200 200 200 200 200 200 200 200 200 200 200 200 200 200 200 200 200 200 200 200 200 200 200 200 200 200 200 200 200 200 200 200 201 201 200 200 200 200 200 201 201 200 201 201 201 201 201 201 201 202 202 201 201 201 202 202 202 202 202 202 202 202 202 202 202 202 202 202 203 202 203 203 203 203 202 202 202 202 202 202 202 202 203 203 202 203 203 203 203 203 203 203 203 203 203 203 203 203 205 205 206 206 206 206 205 205 206 206 206 206 205 206 206 206 206 206 206 206 206 206 206 206 206 206 206 206 206 206 206 206 206 207 207 207 207 207 207 207 207 207 207 207 207 207 207 207 207 207 207 207 207 207 207 207 207 207 207 207 207 207 208 208 208 208 208 208 208 208 208 208 208 208 208 208 208 209 209 209 209 209 208 208 208 208 208 208 208 208 207 207 207 207 208 209 209 209 209 209 209 209 209 209 209 209 209 209 209 209 209 209 209 210 210 210 210 210 210 210 210 210 210 210 211 211 211 211 211 211 211 211 211 211 211 211 212 212 211 211 211 211 211 211 211 211 210 210 210 210 211 211 211 211 211 211 211 211 211 211 211 211 211 211 212 212 213 212 211 211 211 212 212 212 212 212 212 212 212 212 212 212 212 212 212 212 212 212 212 212 212 212 212 212 212 212 212 212 212 212 211 211 211 212 212 212 212 212 212 212 212 212 212 212 212 212 212 213 213 213 197 198 198 197 198 198 198 198 198 199 198 198 198 199 199 199 199 199 198 198 198 199 199 200 200 200 199 199 199 199 199 199 200 200 201 200 200 199 199 199 199 199 199 199 199 199 199 200 199 199 200 200 200 200 200 200 199 199 199 199 199 199 200 200 199 199 199 199 199 200 200 200 200 200 200 200 200 200 200 200 200 200 200 200 200 200 200 200 200 200 200 200 200 200 200 200 200 200 200 200 200 200 200 200 200 200 200 200 200 200 200 201 201 201 200 200 200 200 200 201 201 201 201 201 201 201 201 201 202 202 202 202 202 201 202 202 202 202 202 202 202 202 203 202 202 202 202 203 203 202 203 203 203 202 202 202 202 202 202 202 202 203 203 202 203 203 203 203 203 203 203 203 203 203 203 203 203 205 205 206 206 206 205 205 205 206 206 206 206 206 206 206 206 206 206 206 206 206 206 206 206 206 206 206 206 206 206 206 206 206 207 207 207 207 207 207 207 207 207 207 207 207 207 207 207 207 207 207 207 207 207 207 207 207 207 207 207 207 208 208 208 208 208 208 208 208 208 208 208 208 208 208 209 209 209 209 209 209 209 209 209 209 208 208 208 208 208 207 207 207 207 208 208 209 209 209 209 209 209 209 209 209 209 209 209 209 209 209 209 209 209 209 209 209 210 210 210 210 210 211 211 210 210 210 210 211 211 211 211 211 211 211 211 211 211 211 211 211 211 211 211 211 212 211 210 210 210 211 211 211 211 211 211 211 211 211 211 211 211 212 212 212 212 213 212 212 212 212 212 212 212 212 212 212 212 212 212 212 212 212 212 212 212 212 212 212 212 212 212 212 212 212 212 212 212 212 212 212 212 211 212 212 212 212 212 212 212 212 212 213 212 212 213 213 213 198 198 197 198 198 198 198 198 198 199 199 199 199 199 199 199 199 199 199 198 198 199 200 201 201 201 200 199 199 199 200 200 200 200 200 200 199 199 199 199 199 200 200 200 199 199 199 199 200 200 199 200 200 200 200 200 200 199 199 199 199 199 200 200 200 200 200 199 199 199 199 199 200 200 200 200 200 200 200 200 200 200 200 200 200 200 200 200 200 200 200 200 200 199 200 200 200 200 200 200 200 200 200 200 200 200 200 200 200 200 200 200 200 200 200 200 201 201 201 201 201 201 201 201 201 201 201 202 201 202 202 202 202 202 202 202 203 202 202 202 202 202 202 202 202 202 202 202 202 202 202 203 203 203 202 202 202 202 202 202 202 202 203 203 203 203 203 203 203 203 203 203 203 203 203 203 203 205 206 206 206 206 206 205 205 206 206 206 206 206 206 206 206 206 206 206 206 206 206 206 206 206 206 207 207 207 206 206 206 206 207 207 207 207 207 207 207 207 207 207 207 207 207 207 207 207 207 207 207 207 207 207 207 207 207 207 207 207 207 208 208 208 208 208 208 208 208 208 208 208 208 208 209 209 209 209 209 209 209 209 209 209 208 208 209 208 208 208 207 207 208 208 209 209 209 209 209 209 210 210 210 210 210 209 209 209 209 209 209 209 209 209 209 209 209 209 210 210 210 210 210 210 210 210 211 211 211 211 211 211 211 212 211 211 212 211 211 211 211 212 212 211 211 212 211 210 210 211 211 211 211 211 211 212 211 211 211 211 212 212 212 212 212 212 212 213 213 212 212 212 212 212 212 212 212 213 212 212 212 212 212 212 212 212 212 212 212 212 212 212 212 212 212 212 212 212 212 212 212 212 212 212 212 212 212 212 212 213 213 213 213 213 213 213 198 198 197 198 198 198 198 198 198 199 199 199 199 198 198 198 198 199 199 199 198 199 199 200 200 201 201 200 199 199 199 199 200 200 200 200 200 200 199 199 199 199 200 200 200 200 200 200 200 200 200 199 200 200 200 199 199 199 199 199 199 199 199 200 200 200 200 200 200 199 199 199 199 200 200 200 200 200 200 200 200 200 200 200 200 200 200 200 200 200 200 200 200 200 200 200 200 200 200 200 200 200 199 199 200 200 201 201 201 201 200 200 200 200 201 200 200 200 200 201 201 201 201 201 201 201 201 202 202 202 202 202 202 202 202 202 202 202 202 202 202 202 202 202 202 202 202 202 202 202 202 202 202 203 202 202 203 202 202 202 202 202 202 203 203 203 203 203 203 203 203 203 203 203 203 203 203 206 206 206 205 206 206 205 206 206 206 206 206 206 206 206 206 206 206 206 206 206 206 206 206 206 207 207 206 206 206 206 206 207 207 207 207 207 207 207 207 207 207 207 207 207 207 207 207 207 207 207 207 207 207 207 207 207 207 207 207 207 208 208 208 208 208 208 208 208 208 208 208 208 208 208 208 208 209 209 209 209 209 209 209 208 208 208 209 209 208 208 208 207 208 209 209 210 210 210 210 210 210 210 210 210 210 210 209 209 209 210 210 210 209 209 209 209 209 210 210 210 210 210 211 211 211 210 211 211 211 211 211 211 211 211 211 211 211 211 211 211 211 211 212 211 211 211 212 211 211 211 211 211 211 211 212 212 211 211 211 212 212 212 212 212 212 212 212 212 212 212 212 212 212 212 212 212 212 213 213 213 212 212 212 213 213 213 213 212 212 212 212 212 212 212 212 212 212 212 212 212 212 212 212 212 212 212 212 212 212 213 213 213 213 213 213 213 197 197 197 197 198 198 199 198 198 198 198 198 198 199 200 200 200 200 200 199 199 199 200 201 201 200 200 199 199 199 200 201 201 201 201 200 200 199 199 199 200 200 200 200 200 200 199 199 200 200 200 200 199 199 199 199 199 199 199 199 200 200 200 200 200 200 200 199 199 199 199 200 200 200 200 200 200 200 200 200 200 200 200 200 200 200 200 200 201 200 200 201 200 200 199 199 199 199 199 200 199 199 200 200 200 201 201 200 200 200 200 201 201 200 201 201 201 200 200 200 201 201 201 201 202 201 202 202 202 202 202 202 202 203 202 202 202 202 202 202 202 202 202 202 202 202 202 202 202 202 202 203 203 203 203 203 203 202 202 202 203 203 203 203 203 203 203 203 203 203 203 203 203 203 206 206 206 206 206 206 206 206 206 206 206 206 206 206 206 206 206 206 206 206 206 207 206 207 206 206 207 207 207 206 206 206 207 207 207 207 207 207 207 207 207 207 207 207 207 207 207 207 207 207 207 207 207 207 207 207 207 207 207 207 208 208 208 208 208 208 208 208 208 208 208 208 208 208 208 208 209 209 209 209 209 208 209 209 208 208 209 209 208 208 208 208 207 208 209 209 209 210 210 210 210 210 210 210 210 210 210 209 210 210 209 210 210 210 210 210 210 210 210 210 210 211 211 211 211 211 211 211 211 211 211 211 212 212 212 211 211 211 211 211 211 211 211 211 212 211 211 211 212 212 212 211 212 212 212 212 213 212 211 211 212 212 212 212 212 212 212 212 212 213 213 213 212 212 212 212 212 213 213 213 213 213 213 213 213 213 213 213 213 213 213 213 213 213 213 213 213 213 213 213 213 212 212 212 212 212 213 212 212 212 213 213 213 213 213 213 197 197 197 197 198 198 198 198 198 198 198 199 200 200 200 200 200 199 199 200 200 201 200 200 200 200 200 200 200 200 201 201 201 200 199 199 199 199 200 200 200 200 200 199 199 200 200 200 200 200 200 200 199 199 199 199 198 199 199 200 200 200 200 200 200 200 200 199 200 200 200 200 200 200 200 200 199 199 200 199 200 200 200 200 200 200 201 200 200 200 199 199 199 200 199 199 200 200 200 200 200 200 200 200 201 201 200 200 200 200 201 201 201 201 201 201 201 200 200 201 201 201 201 201 201 202 202 202 202 202 202 202 202 202 202 202 202 202 202 202 202 202 202 202 202 202 202 202 202 202 202 203 203 203 202 202 202 202 203 203 203 203 203 203 203 203 203 203 203 203 203 203 206 206 206 206 206 206 206 206 206 206 206 206 206 206 206 206 206 206 206 206 206 206 206 206 206 206 207 207 207 206 207 207 207 207 207 207 207 207 207 207 207 207 207 207 207 207 207 207 207 207 207 207 207 207 207 207 207 207 207 207 208 207 208 208 208 208 208 208 208 208 208 208 208 208 208 209 209 209 209 209 208 208 208 209 209 209 209 208 208 208 208 208 208 208 209 209 210 210 210 210 209 210 210 210 210 210 210 209 210 210 210 210 210 210 210 210 210 210 210 211 211 211 211 211 211 211 211 211 211 211 211 212 212 212 212 211 211 211 211 211 211 211 211 211 211 211 211 211 212 212 213 212 212 212 212 212 213 212 211 211 212 212 212 212 212 212 212 212 212 213 213 213 213 212 212 212 212 212 213 213 213 213 213 213 213 213 213 213 213 213 213 213 213 213 213 213 213 213 213 213 213 213 212 212 213 213 213 213 213 213 213 213 213 213 196 196 197 197 197 197 197 198 198 197 198 199 199 199 199 198 199 200 200 200 200 200 200 200 201 201 201 201 201 201 201 201 200 200 200 200 200 200 200 200 200 200 200 200 199 200 200 200 200 200 200 200 200 200 199 199 199 200 200 200 200 201 201 200 201 201 200 199 199 199 199 199 199 199 199 199 200 200 200 199 200 200 200 201 201 200 200 200 199 200 199 199 200 199 199 200 200 200 200 200 199 199 200 200 200 200 200 200 200 200 200 200 201 201 201 201 201 201 201 201 201 201 200 201 201 201 201 202 202 202 202 202 201 201 202 202 201 202 202 202 201 201 201 201 201 202 202 202 201 202 202 202 202 201 201 201 201 202 202 202 202 202 202 202 202 202 202 202 202 203 203 204 204 204 204 204 204 204 204 204 204 204 204 204 204 204 204 204 204 204 205 204 204 204 204 204 204 205 205 205 205 205 205 205 205 205 205 205 205 205 205 205 205 205 206 205 205 205 205 206 206 207 207 207 207 207 207 207 207 207 207 207 207 208 208 208 208 208 208 208 208 208 208 208 208 208 208 209 209 209 208 208 208 208 208 209 209 209 208 208 208 208 208 208 208 209 209 209 210 210 210 210 210 210 210 210 210 210 210 210 210 210 210 210 210 210 211 211 211 211 211 211 211 211 211 211 211 211 211 211 211 211 211 211 212 212 211 211 211 211 211 211 211 211 211 211 212 211 211 211 211 212 212 212 211 211 212 212 211 211 211 211 212 212 212 212 212 212 212 212 212 212 213 212 212 212 212 212 212 212 212 212 212 212 213 213 213 213 212 212 212 212 212 212 212 212 212 212 212 212 212 212 212 212 212 212 213 213 213 213 213 213 213 213 213 196 197 197 197 197 197 197 197 197 197 198 199 199 199 198 198 199 200 200 200 200 200 201 201 200 201 201 201 201 201 201 201 201 200 200 200 200 200 200 200 200 200 200 200 200 200 200 201 201 201 200 200 200 200 200 199 199 199 200 200 200 201 200 200 200 200 199 199 199 199 199 199 199 200 200 200 200 200 199 199 200 200 200 200 200 200 200 200 200 199 200 200 199 199 199 199 200 199 199 199 199 200 200 200 201 200 200 200 200 200 200 201 201 201 201 201 201 200 201 201 201 201 201 200 201 201 201 201 202 202 201 201 202 202 202 201 202 203 202 202 201 201 201 201 202 202 202 202 202 202 202 202 202 201 202 201 202 202 202 202 202 202 202 202 202 202 203 203 203 203 204 204 204 204 204 204 204 204 204 204 204 204 204 204 204 204 204 204 204 204 204 204 204 204 204 204 204 204 205 205 205 205 205 205 205 205 205 205 205 205 205 205 205 206 205 205 205 205 206 206 207 207 207 207 207 207 207 207 208 208 208 208 208 208 208 208 208 208 208 208 208 208 208 208 208 208 209 209 209 208 208 208 208 208 209 209 209 208 208 208 208 208 208 208 209 209 210 210 210 210 210 210 210 210 210 210 211 211 210 210 210 210 210 210 210 210 211 211 211 211 211 211 211 212 212 211 211 211 212 212 211 212 212 212 212 211 211 211 211 211 211 211 211 211 211 211 211 211 211 212 211 211 212 211 211 211 212 212 212 211 211 212 212 212 212 212 212 212 212 212 212 213 213 212 212 212 212 212 212 212 212 212 212 212 212 213 213 213 213 212 212 212 213 213 212 212 212 212 212 212 213 213 213 213 213 213 212 213 213 213 213 213 213 213 213 196 196 197 197 197 197 198 198 198 198 198 198 198 199 199 199 200 200 200 200 200 201 201 201 201 200 200 200 201 201 200 200 201 201 201 201 200 200 200 200 200 200 201 200 200 201 201 201 201 200 200 199 199 200 200 199 199 199 200 200 200 200 200 200 200 201 200 201 200 200 200 200 200 200 199 200 200 200 200 200 200 200 200 200 200 200 200 201 201 200 200 201 200 200 200 200 200 200 200 201 201 201 201 201 201 200 200 200 200 201 201 201 201 201 201 201 201 201 201 201 201 201 201 201 201 202 202 201 201 201 202 202 202 202 203 202 202 201 202 201 202 202 201 201 201 201 201 202 202 202 202 202 202 202 202 202 203 202 202 202 203 203 203 203 203 203 203 204 204 204 204 204 204 204 204 204 204 204 204 204 204 204 204 204 204 204 204 204 204 204 204 204 204 204 204 204 205 205 205 205 205 205 205 205 205 205 205 205 205 205 206 206 205 205 205 206 206 208 207 207 207 208 208 208 208 208 208 208 208 208 208 208 208 208 208 208 208 208 208 208 208 208 209 209 209 209 208 209 208 209 209 209 209 209 209 209 208 208 208 208 208 209 210 210 210 210 211 211 211 211 211 211 211 211 211 211 211 211 211 211 211 211 211 211 211 211 211 211 211 211 211 212 212 211 211 212 212 212 212 212 212 212 212 211 211 211 212 212 212 212 211 211 211 211 211 211 211 211 211 211 211 211 211 211 212 212 212 211 211 212 212 212 212 212 212 213 213 212 212 213 212 212 212 212 212 212 212 213 212 212 212 212 212 213 213 213 213 212 212 212 212 212 212 212 212 212 213 213 213 213 213 213 213 213 213 213 213 213 213 213 213 196 196 197 198 198 197 197 197 198 198 198 198 199 199 199 200 200 200 200 200 200 200 201 200 200 200 201 201 201 201 201 201 201 201 201 200 200 200 201 201 200 200 200 200 200 200 200 199 199 199 200 200 199 200 200 199 200 200 200 201 201 200 200 201 201 201 200 201 200 200 200 200 200 200 200 200 199 200 200 200 200 200 200 201 201 201 201 201 201 201 201 201 201 201 201 201 201 201 201 201 201 201 201 200 200 200 200 201 201 201 201 201 201 201 201 201 201 201 201 201 201 201 202 202 202 202 202 202 203 202 203 203 202 202 202 202 202 202 201 201 202 201 201 201 201 202 202 202 202 202 202 202 202 203 202 203 203 203 203 203 203 203 203 203 204 204 204 204 204 204 204 204 204 204 204 204 204 204 204 204 204 204 204 204 204 204 204 204 205 205 205 205 204 205 205 205 205 205 205 205 205 205 205 205 205 205 205 205 205 205 206 206 206 206 208 207 207 208 208 208 208 208 208 208 208 208 208 208 208 208 208 208 208 208 208 208 208 208 208 209 209 209 209 208 208 208 209 209 208 208 209 209 209 209 209 209 209 209 209 210 210 210 211 211 211 212 211 211 211 211 211 211 211 211 212 211 212 211 212 211 211 211 211 211 211 211 211 211 211 212 211 211 211 212 212 212 212 212 212 212 212 211 211 212 212 212 212 212 211 211 211 211 211 211 211 211 211 211 211 211 212 212 212 212 212 212 212 212 212 212 212 213 213 213 212 213 213 212 212 212 212 212 212 212 213 213 213 213 213 213 213 213 213 213 213 213 212 212 212 212 212 213 213 213 213 213 213 213 213 213 213 213 213 213 213 213 213 213 197 197 198 197 197 197 198 199 199 200 199 199 200 200 200 200 200 200 200 200 200 201 200 200 201 200 201 201 201 201 201 201 201 201 200 200 200 200 200 200 200 200 200 200 200 199 200 200 200 200 200 200 200 200 200 199 200 200 200 200 201 201 201 201 201 201 201 201 201 200 200 200 200 200 199 199 200 200 200 200 201 201 201 201 202 201 201 201 201 201 201 201 201 201 201 201 201 200 201 200 201 201 200 200 200 200 200 201 201 201 201 201 201 201 201 201 201 201 201 201 201 202 202 202 202 203 203 203 203 203 202 202 201 201 202 202 201 202 202 202 202 201 201 201 202 202 203 203 203 203 203 203 203 203 202 202 202 203 203 203 203 203 203 204 204 204 204 204 204 204 204 204 204 204 204 204 204 204 204 204 204 204 204 204 204 204 204 205 205 205 205 205 205 205 205 205 205 205 205 205 205 205 205 205 205 205 205 206 206 206 206 206 206 208 208 208 208 208 208 208 208 208 208 208 208 208 208 208 208 208 208 208 208 208 208 208 208 208 208 208 208 208 208 208 208 209 208 208 209 209 209 209 209 209 209 209 209 210 210 210 211 211 211 211 211 212 212 211 211 211 211 211 212 212 212 212 212 211 211 211 211 211 211 211 211 211 211 211 211 211 211 211 212 212 212 212 212 212 213 212 212 211 211 211 212 212 212 211 211 211 211 212 212 211 211 211 211 211 211 212 212 212 212 212 212 212 212 212 212 212 212 213 213 213 212 212 212 212 212 212 212 212 212 213 213 213 213 213 213 213 213 213 213 213 213 212 213 212 213 213 213 213 213 213 213 213 213 213 213 213 213 213 213 213 213 213 213 197 197 197 197 197 197 198 197 198 199 199 200 200 200 200 200 200 200 200 200 200 200 201 200 200 200 200 200 200 200 201 201 201 201 201 201 201 201 200 200 200 200 200 200 199 199 199 199 200 200 200 201 200 200 200 200 200 200 200 201 201 201 201 202 202 202 202 202 201 201 201 201 201 200 200 200 200 200 200 201 201 201 201 201 202 202 201 201 201 201 201 201 201 201 201 201 201 201 201 200 200 201 201 201 201 200 200 200 201 201 201 201 201 201 201 201 201 201 201 201 202 202 202 202 202 202 202 202 202 203 203 202 202 201 201 201 201 202 202 202 202 202 201 202 202 202 202 203 203 203 203 203 203 203 203 203 203 203 203 203 203 203 203 203 204 204 204 204 204 204 204 204 204 204 204 204 204 204 204 204 204 204 204 204 204 204 204 204 205 205 205 205 205 205 205 205 205 205 205 205 205 205 205 205 205 205 205 205 205 206 206 206 206 206 208 208 208 208 208 208 208 208 208 208 208 208 208 208 208 208 208 208 208 208 208 208 208 208 208 208 208 208 208 208 208 209 208 208 209 209 209 209 209 209 209 209 210 210 210 210 211 211 211 211 211 212 212 212 212 212 212 212 212 212 211 211 211 212 211 211 211 211 212 212 212 212 212 212 211 211 212 211 211 212 212 212 212 212 212 212 211 211 211 211 211 211 212 212 211 211 211 211 212 212 212 211 211 211 211 211 212 212 212 212 212 213 212 212 212 212 212 212 213 213 213 212 212 212 212 212 212 212 212 212 213 213 213 213 213 213 213 213 213 213 213 213 212 212 212 212 212 212 212 213 213 213 213 213 213 213 213 213 213 213 213 214 213 214 197 197 198 198 198 198 198 198 198 198 199 200 200 201 200 200 200 200 200 201 201 200 200 199 200 199 199 200 200 201 201 201 200 201 201 201 201 200 200 200 200 200 200 200 200 200 201 201 201 201 201 200 200 201 200 200 200 201 201 201 202 202 202 202 202 201 201 201 201 201 201 201 201 200 201 200 201 201 201 201 201 201 201 201 201 201 201 201 201 201 201 201 201 201 201 201 201 200 201 201 201 201 201 201 201 201 201 201 201 201 201 201 201 201 202 202 202 202 202 202 202 202 202 202 202 202 203 203 203 202 202 202 202 202 202 202 202 202 202 202 203 202 202 202 203 203 203 203 203 203 203 203 202 203 203 203 203 203 203 203 203 204 204 204 204 204 204 204 204 204 204 204 204 204 204 204 204 204 204 205 205 204 204 204 205 205 205 205 205 205 205 205 205 205 205 205 205 205 205 205 205 205 205 205 205 205 206 206 206 206 206 207 208 208 208 208 208 208 208 208 208 208 208 208 208 208 208 208 208 208 208 208 208 208 208 208 208 208 209 208 209 209 209 209 209 209 209 209 209 209 209 209 209 209 209 209 210 210 210 211 211 211 211 212 212 212 212 212 212 212 212 212 211 211 211 211 212 212 212 212 212 212 212 212 212 212 212 212 212 212 211 211 211 211 211 211 211 211 211 211 211 211 211 212 212 212 212 212 212 212 212 212 212 211 211 211 211 212 212 212 212 212 212 213 212 212 212 212 212 213 213 213 213 212 212 212 212 212 212 212 212 213 213 213 213 213 213 213 213 213 213 213 213 212 212 212 212 212 212 213 213 213 213 213 213 213 213 213 213 213 213 213 213 214 196 197 197 198 198 198 197 197 197 198 198 198 199 200 200 200 201 200 200 200 200 200 200 200 199 199 200 200 200 201 201 201 201 200 200 200 201 201 200 200 201 200 200 200 200 200 200 200 200 201 200 200 200 200 200 201 201 201 201 201 201 201 201 201 201 201 201 201 201 201 201 201 201 201 201 201 201 201 201 201 201 201 201 201 202 202 201 201 201 201 201 201 200 201 201 201 201 201 201 201 201 201 201 201 201 201 201 201 201 201 201 201 201 202 202 202 202 202 202 202 202 202 202 202 202 202 203 203 202 202 203 203 203 203 203 203 203 202 202 202 203 203 202 202 202 203 203 202 203 203 203 203 203 203 202 203 203 203 203 203 203 204 204 204 204 204 204 204 204 204 204 204 204 204 204 204 204 204 204 204 204 204 204 205 205 205 205 205 205 205 205 205 205 205 205 205 205 205 205 205 205 205 205 205 205 206 206 206 206 206 206 207 208 208 208 208 208 208 208 208 208 208 208 208 208 208 208 208 208 208 208 208 208 208 208 208 209 208 209 208 209 209 208 209 209 209 209 209 209 209 209 209 208 208 208 208 209 209 209 209 209 210 210 210 211 211 212 211 211 211 212 211 212 212 212 212 212 213 213 212 213 213 213 213 213 212 212 212 212 212 212 211 211 211 211 211 211 211 211 212 211 211 211 212 212 212 212 212 212 212 212 212 212 212 211 211 211 212 212 212 212 212 212 212 212 212 212 212 213 213 213 213 213 213 213 213 212 212 212 212 212 213 213 213 213 213 213 213 213 213 213 213 213 213 212 212 212 212 212 212 213 213 213 213 213 214 214 214 213 213 214 214 213 214 196 197 197 197 197 197 198 198 198 198 197 198 199 198 199 199 200 200 200 200 199 199 199 199 200 200 200 200 201 201 200 201 201 201 200 200 200 200 201 200 200 200 200 200 200 200 200 200 200 200 200 200 201 201 201 201 201 201 201 202 201 201 201 201 201 201 201 201 201 201 201 201 201 201 201 201 201 201 201 201 201 201 202 202 201 202 201 201 201 201 201 200 201 201 201 201 201 201 201 201 201 201 201 201 201 201 201 201 201 202 202 202 202 202 202 202 202 202 202 202 202 202 202 202 202 202 202 202 202 202 202 202 202 203 202 202 202 203 202 202 202 202 202 202 203 203 202 202 202 202 202 202 203 203 203 203 203 203 203 203 204 204 204 204 204 204 204 204 204 204 204 204 204 204 204 204 204 204 204 204 204 205 205 205 205 205 205 205 205 205 205 205 205 205 205 205 205 205 205 205 205 205 205 205 205 205 205 206 206 206 208 208 208 208 208 208 208 208 208 208 208 208 208 208 208 208 208 208 208 208 208 208 208 208 208 208 209 209 209 208 208 208 208 209 209 209 209 209 209 209 209 210 209 209 209 209 208 209 209 210 210 210 211 211 211 211 211 211 211 212 212 212 211 212 212 212 212 213 213 213 213 213 213 213 213 213 213 213 212 212 212 211 210 211 211 212 212 211 211 211 211 211 212 212 212 212 212 212 212 212 211 211 212 212 212 211 212 212 212 212 212 212 212 212 212 212 212 213 213 213 213 213 213 213 213 213 212 212 212 212 213 213 213 213 213 213 213 213 213 213 213 213 213 213 212 212 212 212 213 213 213 213 213 213 213 214 213 213 213 213 214 214 214 214 196 197 197 197 198 197 198 198 198 197 198 198 198 198 198 198 198 199 200 199 199 199 199 199 199 200 200 200 200 200 200 201 201 201 200 200 199 200 200 200 200 200 200 200 200 200 200 200 200 200 200 201 201 200 200 200 200 201 201 201 200 201 201 201 201 201 201 201 201 201 201 201 201 201 201 201 201 201 201 201 201 201 201 201 201 201 202 202 202 201 201 200 201 201 201 201 201 201 201 201 201 201 201 201 201 202 202 202 202 202 202 202 202 202 202 202 202 202 202 202 202 202 202 203 203 202 202 202 202 202 202 202 202 202 202 202 202 202 202 202 202 202 202 203 202 202 202 203 202 202 202 202 202 203 202 203 203 203 203 204 204 204 204 204 204 204 204 204 204 204 204 205 204 204 204 204 204 204 204 204 204 205 205 205 205 205 205 205 205 205 205 205 205 205 205 205 205 205 205 205 205 205 205 205 205 205 206 206 206 208 208 208 208 208 208 208 208 208 208 208 208 208 208 208 208 208 208 208 208 208 208 209 208 208 208 209 209 209 209 209 208 208 208 208 208 209 209 209 209 209 209 209 210 210 210 209 209 209 209 209 210 211 210 210 210 211 211 211 212 212 212 211 212 212 211 212 212 213 213 213 213 213 213 213 213 213 213 213 213 212 211 210 211 211 211 212 212 211 211 211 211 211 212 212 212 212 212 212 212 212 211 211 212 212 212 212 212 212 212 212 212 212 212 212 212 212 212 213 213 213 213 213 213 213 213 213 213 212 212 213 213 213 213 213 213 213 213 213 213 213 213 213 212 212 213 212 213 213 213 213 213 213 213 213 213 213 213 213 213 214 214 214 214 196 196 196 197 197 197 198 197 197 197 197 198 197 197 198 198 198 199 200 200 199 199 199 199 199 199 200 200 200 200 200 200 200 200 200 200 200 200 200 200 200 200 200 200 200 200 200 200 200 200 201 201 200 200 200 201 201 201 200 200 200 201 201 201 201 201 201 201 201 201 201 201 201 201 201 201 201 201 201 201 201 201 201 201 201 201 202 202 202 201 201 200 201 201 201 201 201 201 201 201 201 201 201 201 202 202 202 202 202 202 202 202 202 202 202 202 202 202 202 202 202 202 202 203 202 202 202 202 202 202 203 202 202 202 202 202 202 202 202 202 203 203 203 203 203 202 202 203 203 203 203 203 203 203 203 203 202 203 204 204 204 204 204 204 204 204 204 204 204 204 205 205 205 205 205 205 204 204 204 204 205 205 205 205 205 205 205 205 205 205 205 205 205 205 205 205 205 205 205 205 205 205 205 205 206 206 206 206 208 208 207 207 208 208 208 208 208 208 208 208 208 208 208 208 208 208 208 208 208 208 209 209 209 209 209 209 209 209 209 209 208 209 208 209 209 209 209 209 209 209 209 209 209 210 210 210 210 210 211 210 210 210 210 210 210 211 211 211 211 211 211 211 211 212 212 213 213 213 213 213 213 213 213 213 213 213 213 213 213 212 211 210 211 212 212 212 212 212 212 211 211 212 212 212 212 212 212 212 212 212 212 212 212 212 212 212 212 212 212 212 212 212 212 212 212 213 213 213 213 213 213 213 213 213 213 213 213 213 213 213 213 213 213 213 213 213 213 213 213 213 212 212 212 213 213 213 213 213 213 213 213 213 213 213 213 213 213 214 214 214 214 215 197 197 197 197 198 197 198 198 198 199 199 200 200 200 199 199 198 199 199 200 200 200 200 200 200 200 200 200 200 200 200 200 200 200 200 200 200 200 200 200 200 200 200 200 200 200 200 200 200 200 201 200 200 200 201 201 201 201 201 201 201 201 201 201 201 201 201 201 201 201 201 201 201 201 201 201 201 201 201 201 201 201 201 201 201 201 201 201 201 201 201 201 201 201 201 201 201 201 202 202 202 202 202 202 202 202 202 202 202 202 202 202 202 202 202 202 202 202 202 202 202 202 202 202 202 202 202 202 202 202 202 202 202 202 203 203 203 203 203 203 203 203 203 203 203 203 203 203 203 202 202 204 204 204 204 204 204 204 204 204 204 204 204 204 205 205 205 205 205 204 204 204 204 205 205 205 205 205 205 205 205 205 205 205 205 205 205 205 205 205 205 205 205 206 205 205 205 206 205 206 206 207 207 207 207 208 208 207 208 208 208 208 208 208 208 208 208 209 208 209 208 209 208 209 209 209 209 209 209 209 209 209 209 209 209 209 209 209 209 209 210 210 210 210 210 209 209 209 210 210 210 211 211 211 210 210 210 211 211 211 211 211 211 211 212 212 212 212 212 213 213 213 213 213 213 213 213 213 214 214 213 213 212 211 211 211 211 212 212 212 212 212 212 212 212 212 212 212 212 212 212 212 212 212 212 212 212 212 212 212 212 212 212 212 212 212 212 213 213 213 213 213 213 213 213 213 213 213 213 213 213 213 213 213 213 213 213 213 214 213 213 213 213 213 212 213 213 213 213 213 213 213 213 213 213 213 213 213 213 214 214 214 215 215 215 215 197 197 196 197 197 198 199 199 198 198 199 200 200 199 199 199 199 200 200 200 200 200 200 200 200 200 200 200 200 200 200 200 200 200 200 200 200 200 200 200 200 200 200 200 200 200 200 200 200 201 200 200 200 200 201 201 201 201 201 201 201 201 201 201 201 201 201 200 201 201 201 201 201 201 201 201 201 201 201 201 202 202 202 201 201 201 201 201 201 201 201 201 201 201 201 201 201 202 202 202 202 202 202 202 202 202 202 202 202 202 202 202 202 202 202 202 202 202 202 202 202 202 202 202 202 202 202 202 202 202 202 203 203 203 202 203 203 203 203 203 203 203 203 203 203 203 203 203 203 203 204 204 204 204 204 204 204 204 204 204 205 205 205 205 205 205 205 205 204 205 205 205 204 205 205 205 205 205 205 205 205 205 205 205 205 205 205 205 205 205 205 205 206 206 205 205 205 205 205 205 207 207 207 207 207 207 207 208 208 208 208 208 208 208 209 208 208 208 209 209 209 209 208 209 209 209 209 209 209 209 209 209 209 209 209 209 210 210 210 210 210 210 210 210 210 210 210 210 210 210 210 211 211 212 212 211 211 212 212 212 212 211 211 212 212 213 213 212 212 213 213 213 213 213 213 213 213 213 213 213 213 212 211 210 211 211 211 212 212 212 212 212 212 212 212 212 212 212 212 212 212 212 212 212 212 212 212 212 212 212 212 212 212 212 212 212 213 213 213 213 213 213 213 213 213 213 213 212 213 213 213 213 213 213 213 213 213 213 213 213 213 213 213 213 213 213 213 213 213 213 213 214 213 214 214 214 214 214 214 215 215 215 215 196 196 197 197 197 197 198 197 197 198 199 199 200 199 199 198 199 199 200 200 200 200 200 200 200 200 200 200 200 200 200 200 200 200 200 200 200 200 200 200 200 200 200 200 200 200 200 200 200 201 201 201 201 201 201 201 201 201 201 201 201 201 201 201 201 201 201 201 201 201 201 201 201 201 201 201 201 201 201 201 201 201 202 202 202 201 201 201 201 201 201 201 201 201 201 201 201 202 202 202 202 202 202 202 202 202 202 202 202 202 202 202 202 202 202 202 202 202 202 202 202 202 202 202 202 202 202 202 202 203 202 203 203 203 203 203 203 203 202 202 203 203 203 203 203 203 203 203 203 203 204 204 204 204 204 204 204 204 204 205 205 205 205 205 205 205 205 205 204 205 205 205 205 205 205 205 205 205 205 205 205 205 205 205 205 205 205 205 206 206 205 205 206 206 205 205 205 205 205 205 207 207 207 207 207 207 208 208 208 208 208 208 208 208 208 208 208 208 208 209 209 209 209 209 209 209 209 209 209 209 209 209 209 209 209 210 209 209 209 210 210 210 210 210 210 211 210 210 211 211 211 211 211 211 211 212 212 212 212 212 212 212 212 212 212 213 213 213 213 213 213 213 213 213 213 213 214 214 213 213 213 213 211 211 211 211 211 212 212 212 212 212 212 212 212 212 212 212 212 212 212 212 212 213 212 212 212 212 212 212 212 212 212 212 212 212 213 213 213 213 213 213 213 213 213 213 213 212 213 213 213 213 213 213 214 214 214 213 213 213 213 213 213 213 213 214 213 214 213 213 213 214 214 214 214 214 214 197 197 197 198 198 199 198 199 200 199 199 198 199 199 200 200 200 200 200 200 200 200 200 200 200 200 200 200 200 200 200 200 200 200 200 200 200 200 200 200 200 200 200 200 201 201 201 201 201 201 201 201 201 201 201 201 201 201 201 201 201 201 201 201 201 201 201 201 201 201 201 201 201 201 201 201 202 202 202 202 202 201 201 201 201 201 201 201 201 201 201 201 201 201 202 202 202 202 202 202 202 202 202 202 202 202 202 202 202 202 202 202 202 202 202 202 202 202 202 202 202 202 202 202 202 202 203 203 203 203 203 203 203 203 203 203 203 203 203 203 203 203 203 203 203 204 204 204 204 204 204 204 204 204 204 204 204 205 205 205 205 205 204 204 204 205 205 205 205 205 205 205 205 205 205 205 205 205 206 205 205 205 205 205 205 205 205 205 206 206 206 206 205 205 205 207 207 208 208 208 208 208 208 208 208 208 208 208 208 208 208 208 208 208 208 208 209 209 209 209 209 209 209 209 209 209 209 209 209 209 209 209 209 209 210 209 210 210 210 210 210 210 211 211 211 212 212 211 211 211 212 212 212 212 212 213 213 213 212 212 213 213 213 213 213 213 213 213 213 213 213 213 213 213 213 213 213 212 211 211 211 211 212 212 212 212 213 213 213 213 213 212 212 212 212 212 212 212 213 213 212 212 212 212 212 212 213 212 212 212 213 213 213 213 213 213 213 213 213 213 213 213 213 213 213 213 213 213 213 213 213 213 213 213 213 213 213 214 214 214 214 214 214 213 214 214 214 214 214 197 197 197 197 197 198 198 198 198 199 199 198 199 199 200 200 200 200 200 200 200 199 200 200 200 200 200 200 200 200 200 200 200 200 200 200 200 200 200 200 200 200 200 200 201 201 201 201 201 201 201 201 201 201 201 201 201 201 201 201 201 201 201 201 201 201 201 201 201 201 201 201 201 201 201 201 201 201 201 202 202 202 202 202 201 201 201 201 201 201 201 201 201 202 202 202 202 202 202 202 202 202 202 202 201 201 201 202 202 202 202 202 202 202 202 202 202 202 202 202 202 202 202 202 202 202 202 202 203 202 203 203 203 203 203 203 203 203 203 203 203 203 203 203 203 203 204 204 204 204 205 205 204 204 204 204 204 204 204 204 205 204 204 204 205 204 205 205 205 205 205 205 205 205 205 205 205 205 205 206 206 206 205 205 205 205 205 206 205 206 206 206 206 205 205 205 207 208 208 208 208 208 208 208 208 208 208 208 208 208 208 208 208 208 208 208 208 209 209 209 209 209 209 209 209 209 209 209 209 209 209 209 209 210 210 209 209 210 210 210 210 211 211 211 211 212 212 212 212 212 212 212 212 212 211 212 212 213 213 213 213 213 213 213 213 213 213 213 213 213 213 213 213 213 213 213 213 213 212 211 211 211 211 212 212 212 212 213 213 213 213 213 213 213 212 212 212 212 213 213 213 213 212 212 212 212 212 213 213 212 212 212 213 213 213 213 213 213 213 213 213 213 213 213 213 213 213 213 213 213 213 213 213 213 213 213 214 214 214 214 214 214 214 214 214 214 214 214 214 214 215 197 198 198 198 197 197 197 198 198 199 199 198 199 199 199 200 200 200 200 200 200 200 200 200 200 200 200 200 200 200 200 200 200 200 200 200 200 200 200 200 200 200 200 200 201 201 201 201 201 201 201 201 201 200 200 200 200 200 201 201 201 201 201 201 201 201 201 201 201 201 201 201 201 201 201 201 201 201 201 202 202 202 202 202 201 201 201 201 201 201 201 202 202 202 202 202 201 201 201 202 202 202 202 202 202 202 202 202 202 202 202 201 201 201 202 201 201 202 202 202 202 202 202 202 202 202 202 202 202 202 202 202 203 203 203 203 203 203 203 203 203 203 203 203 203 203 204 204 204 204 204 204 204 204 204 204 204 204 204 204 204 204 205 205 205 205 205 205 205 205 205 205 205 205 205 205 205 205 206 206 206 206 206 205 205 205 205 205 206 206 206 206 205 205 205 206 208 208 208 208 208 208 208 208 208 208 208 208 208 208 208 208 208 208 208 208 208 209 209 209 209 209 209 209 209 209 209 209 209 209 210 210 210 210 210 209 210 210 210 210 210 210 211 211 211 211 211 211 211 212 212 212 212 212 212 212 212 212 213 213 213 213 213 213 213 213 213 213 213 213 213 213 213 213 213 213 213 213 212 212 211 211 211 212 212 212 212 213 213 213 213 213 213 213 213 212 212 212 212 213 213 213 213 213 213 212 213 212 212 212 212 212 212 213 213 213 213 213 213 213 213 213 213 213 213 213 213 213 213 213 213 213 213 213 214 214 214 214 214 214 214 214 214 214 214 214 214 214 215 215 215 197 198 198 198 197 197 197 198 199 198 198 199 199 198 199 199 200 200 200 200 200 200 200 200 200 200 200 200 200 199 200 200 200 200 200 200 200 200 200 200 201 200 201 201 201 201 201 201 201 201 201 201 200 200 200 200 200 200 200 200 200 201 201 201 201 201 201 201 201 201 201 201 201 201 201 201 201 202 202 201 202 202 202 202 201 201 201 201 201 201 201 201 201 202 202 202 201 201 202 202 202 202 202 202 202 202 202 202 202 202 202 201 201 201 201 202 202 202 202 202 202 203 202 202 203 202 202 202 202 202 203 203 203 203 203 203 203 203 203 203 203 203 203 203 203 204 204 204 204 204 204 204 204 204 204 204 205 204 204 205 205 205 205 205 205 205 205 205 205 205 205 205 206 206 205 205 206 206 206 205 205 205 206 206 206 206 206 206 206 206 206 205 205 205 206 208 208 208 208 208 208 208 208 208 208 208 208 208 208 208 208 208 208 208 208 209 209 209 209 209 209 209 209 209 209 209 209 210 210 210 210 210 210 210 210 210 210 210 210 210 211 211 211 211 211 212 212 212 212 212 212 212 212 212 213 213 212 213 213 213 213 213 213 213 213 213 213 213 213 213 213 213 213 213 213 212 212 212 212 212 211 211 211 212 212 212 213 213 213 213 213 213 213 213 213 213 213 212 212 213 213 213 213 213 213 213 213 213 213 213 213 213 213 213 213 213 213 213 213 213 213 213 213 213 213 213 213 213 213 213 213 214 214 214 214 214 214 214 214 214 214 214 214 214 214 215 215 215 215 195 195 196 197 198 198 198 198 197 197 197 198 198 198 198 198 198 199 199 200 200 200 200 200 200 200 200 199 199 199 199 199 199 199 199 200 200 200 200 200 200 200 200 200 201 201 201 201 201 200 201 201 201 201 201 201 201 201 200 200 200 200 200 200 200 201 201 201 201 201 201 201 201 201 201 201 201 201 201 201 202 202 201 202 202 202 202 202 201 201 201 201 201 201 201 201 201 202 202 201 201 201 201 201 202 202 202 202 202 202 202 202 202 202 202 202 202 202 202 202 202 202 202 202 202 202 203 202 202 202 202 202 203 203 203 203 203 203 203 203 203 203 203 203 203 203 203 203 204 204 204 204 204 204 204 204 204 204 204 204 205 205 205 205 205 205 205 205 205 205 205 205 206 206 206 206 206 206 206 206 206 206 206 205 205 205 205 206 206 206 206 206 206 206 206 205 205 206 208 208 208 208 208 208 208 208 208 208 208 208 208 208 208 208 208 208 208 208 209 209 209 209 209 209 209 209 209 209 209 209 209 210 210 209 210 210 210 211 211 211 210 210 211 211 211 211 211 211 211 212 212 212 212 212 213 213 212 213 213 213 213 213 213 213 212 213 213 213 213 213 213 213 213 213 213 213 213 212 212 213 213 212 212 211 211 212 212 212 212 212 213 213 213 213 213 213 213 213 213 213 213 212 213 213 213 213 213 213 213 213 213 213 213 213 213 213 213 213 213 213 213 213 213 213 213 213 213 213 213 213 213 213 213 214 214 214 214 215 215 215 214 195 197 196 197 197 196 197 198 198 198 198 199 198 198 197 198 198 198 198 198 199 199 199 200 200 200 199 199 199 199 199 199 199 199 199 200 200 200 199 199 199 200 200 200 200 200 200 200 200 200 200 201 200 200 201 200 201 201 201 201 201 201 201 201 201 201 201 201 200 200 200 201 201 201 201 201 201 201 201 201 201 201 201 201 201 201 201 201 202 202 202 202 202 201 201 201 202 202 201 201 201 201 202 201 201 201 201 201 201 201 201 201 201 202 202 202 202 203 203 202 202 202 203 202 202 202 202 202 202 202 202 203 203 202 202 203 203 203 203 203 203 203 203 203 203 203 203 203 203 203 203 203 204 204 204 204 204 204 204 204 204 204 204 205 204 205 205 205 205 205 205 205 205 205 205 205 205 206 206 206 206 206 206 206 206 206 206 205 205 205 205 205 206 206 206 206 206 206 206 206 205 206 208 208 208 208 208 208 208 208 208 208 208 208 208 208 208 208 208 208 208 208 209 209 209 209 209 209 208 209 209 209 209 209 209 209 209 210 210 210 210 211 211 211 211 211 211 211 211 211 211 211 212 212 212 212 212 212 213 213 213 212 212 213 213 214 213 213 213 213 213 213 213 213 213 214 214 213 213 213 213 213 213 213 213 212 211 211 211 212 212 212 212 212 213 213 213 213 213 213 213 213 213 213 213 213 213 213 213 213 213 213 213 213 213 214 213 213 213 213 213 213 213 213 213 213 213 213 214 213 213 213 213 213 213 213 214 214 214 214 214 195 197 198 197 195 195 195 195 195 197 197 197 197 198 197 197 198 198 198 198 198 198 198 197 198 198 198 198 198 198 199 199 200 200 199 199 199 199 199 200 200 200 200 200 200 200 200 200 199 199 199 200 200 200 200 200 200 200 200 200 200 200 200 200 200 200 200 201 201 201 201 201 201 201 201 201 201 201 200 200 200 201 201 201 201 201 201 201 201 201 201 201 201 201 201 201 202 202 202 201 202 202 202 201 201 201 201 201 201 201 202 201 201 201 201 201 201 201 201 201 201 201 202 202 202 203 203 202 202 202 203 203 202 203 203 202 202 202 202 202 202 203 202 202 203 203 203 203 203 203 203 203 203 203 203 203 203 203 203 203 203 204 204 204 204 204 204 204 204 204 204 205 205 205 205 205 205 205 205 205 205 205 205 205 205 205 206 206 206 205 205 205 206 206 206 206 206 205 205 205 205 205 206 206 206 206 206 206 206 206 206 208 208 208 208 208 208 208 208 208 208 208 208 208 208 208 208 208 208 208 209 209 209 209 209 208 208 209 209 209 209 209 209 209 209 209 210 210 210 210 211 211 210 210 210 211 211 211 211 212 212 212 212 212 212 212 212 212 212 212 212 213 213 213 213 213 213 213 213 213 213 213 213 213 214 214 213 213 213 214 214 214 213 213 212 211 211 212 212 212 212 212 212 213 213 213 213 213 213 213 213 213 213 213 213 213 213 213 213 213 213 213 214 214 214 214 213 213 213 213 213 213 213 213 213 213 213 214 213 213 213 213 213 213 214 214 214 214 214 215 195 196 198 198 197 196 197 198 197 196 195 197 197 198 198 198 198 198 198 199 199 198 198 198 197 198 198 199 198 198 198 198 199 199 200 200 200 200 199 200 200 200 200 200 200 200 200 200 200 200 199 199 199 199 199 200 200 200 200 200 200 200 200 200 200 200 200 200 200 200 200 201 201 201 201 200 201 201 201 201 201 201 200 200 200 201 201 201 201 201 201 201 201 201 201 201 201 201 201 201 201 201 201 202 202 202 202 202 202 202 201 201 202 201 202 202 202 202 202 201 201 202 202 202 202 202 202 202 203 202 202 202 202 202 203 202 202 202 202 202 202 202 202 203 203 202 203 203 203 203 203 203 203 203 203 203 203 203 203 203 203 203 203 204 204 204 204 204 204 204 204 205 204 204 205 205 204 204 204 205 205 205 205 205 205 206 205 205 206 206 206 205 205 205 206 205 205 206 206 205 205 205 205 205 206 206 206 206 206 206 206 206 206 208 208 208 208 208 208 208 208 208 208 208 208 208 208 208 208 208 208 209 209 209 209 209 208 208 209 209 209 209 209 209 209 210 210 210 210 210 210 210 211 211 210 210 210 211 211 211 212 212 212 212 212 212 212 212 213 213 213 213 213 213 213 213 213 213 213 213 213 213 213 213 213 213 213 213 213 214 213 214 214 214 213 213 212 212 212 212 212 212 212 212 212 213 213 213 213 213 213 213 213 213 213 213 213 213 213 213 213 213 213 213 213 214 214 214 213 213 213 213 213 213 213 213 213 213 213 214 214 213 213 213 213 214 214 214 214 214 214 215 195 196 197 198 197 197 198 199 198 197 195 195 195 195 197 197 197 197 197 197 198 198 198 198 198 199 199 198 198 197 198 198 198 199 199 198 198 198 198 199 199 200 200 200 200 200 200 200 200 200 200 200 200 200 200 200 200 200 200 199 199 199 200 200 200 200 200 200 200 200 200 200 200 200 200 200 200 201 201 201 201 200 200 200 201 201 201 201 200 200 201 201 201 201 201 201 201 201 201 201 201 201 201 201 201 201 201 201 201 201 201 201 202 202 201 201 201 202 201 201 202 202 202 202 202 202 202 202 202 202 202 202 202 202 202 202 202 202 202 202 202 202 202 202 202 202 202 202 202 203 202 203 203 203 203 203 203 203 203 203 203 203 203 203 203 203 203 203 204 204 204 204 204 204 204 204 205 205 204 204 204 205 205 205 205 205 205 205 205 205 206 206 206 205 205 206 206 205 205 205 205 206 205 205 205 205 205 206 206 206 206 206 206 206 206 206 206 206 208 208 208 208 208 208 208 208 208 208 208 208 208 208 208 208 208 208 209 209 209 209 209 208 209 209 209 209 209 209 209 209 210 210 210 210 210 210 210 210 211 210 210 210 211 211 211 211 212 212 212 212 212 213 213 213 213 213 213 213 213 213 213 213 214 213 213 213 213 214 214 214 213 213 213 214 214 213 213 213 213 213 213 213 212 212 212 212 212 212 212 212 213 213 213 213 213 213 213 213 213 213 213 213 213 213 213 213 213 213 213 214 214 214 214 213 213 213 213 213 213 213 214 214 213 213 214 214 214 214 214 214 214 214 214 214 214 214 215 195 196 197 197 197 198 199 199 198 197 197 197 196 195 196 197 197 197 197 197 197 197 197 198 198 197 198 198 198 198 198 198 198 198 199 199 199 198 198 199 198 199 199 199 199 200 200 200 200 200 200 200 200 199 199 199 200 200 200 200 200 200 200 199 199 199 200 200 200 200 200 200 200 200 200 200 200 200 200 200 200 200 201 201 200 200 200 200 200 201 201 200 200 201 201 201 201 201 201 201 201 201 201 201 201 201 201 201 201 201 201 201 201 201 202 201 201 201 201 201 201 201 201 202 202 202 203 202 202 202 202 203 203 203 202 202 202 202 202 202 202 202 202 202 202 202 202 202 202 202 202 202 203 203 203 203 203 203 203 203 203 203 203 203 203 203 203 203 203 203 204 204 204 204 204 204 204 204 204 205 205 204 204 205 205 205 205 205 205 205 205 206 206 206 206 205 205 205 205 205 205 205 205 205 206 205 205 205 205 205 205 206 206 206 206 206 206 206 206 206 208 208 208 208 208 208 208 208 208 208 208 208 208 208 208 208 208 208 209 209 209 209 209 209 209 209 209 209 209 209 209 209 209 210 210 210 210 210 211 210 210 210 210 210 210 211 211 211 212 212 212 212 212 212 212 213 213 213 213 213 213 213 213 213 213 213 214 213 213 213 213 213 214 214 214 214 213 213 213 213 213 213 212 212 212 212 212 212 212 212 212 212 213 213 213 213 213 213 213 213 213 213 213 213 213 213 213 213 213 213 214 214 214 214 213 213 213 213 213 213 213 214 214 214 214 214 214 214 214 214 214 214 214 214 214 214 214 214 215 215 196 197 197 197 198 198 198 198 198 197 197 196 196 195 195 195 197 197 197 197 197 197 197 198 197 198 197 197 198 199 198 198 198 198 198 199 199 199 199 198 199 199 199 199 199 199 200 200 199 199 199 199 199 199 199 199 199 199 199 199 200 200 200 200 200 200 199 199 199 200 200 200 200 200 200 200 200 200 200 200 200 200 200 200 201 201 201 201 200 200 200 200 200 200 200 201 201 201 201 201 201 201 201 201 201 201 201 201 201 201 201 201 201 201 201 202 202 202 201 201 201 201 201 201 201 202 202 202 202 202 202 202 202 203 203 203 202 202 202 202 202 202 202 202 202 202 202 202 202 202 202 202 203 203 203 203 203 203 203 203 203 203 203 203 203 203 203 203 203 203 203 203 204 204 204 204 204 204 204 204 204 205 205 205 204 204 205 205 205 205 205 205 205 205 206 206 205 205 205 205 205 205 205 205 205 205 206 206 205 205 205 206 206 206 206 206 206 206 206 206 206 206 208 208 208 208 208 208 208 208 208 208 208 208 208 208 208 208 208 208 209 209 209 209 209 209 209 209 209 209 209 209 209 209 210 210 210 210 209 210 210 210 210 210 210 210 211 211 211 211 212 212 212 213 213 212 213 213 213 213 213 213 213 213 213 213 214 213 213 213 213 213 213 213 213 213 214 214 213 213 213 212 213 213 212 212 212 212 212 212 213 213 212 212 212 213 213 213 213 213 213 213 213 213 213 213 213 213 213 214 213 213 214 214 214 214 214 213 213 213 213 214 214 214 214 214 214 214 214 214 214 214 214 214 214 214 214 214 214 215 215 195 197 197 197 198 198 198 198 198 198 197 196 196 197 197 197 197 197 197 196 196 196 196 196 196 196 196 195 195 195 196 196 196 196 197 197 197 197 197 197 197 197 197 197 198 198 198 198 198 198 198 198 198 199 199 199 199 199 199 199 199 200 200 200 200 200 199 199 199 199 199 199 199 199 199 199 199 199 199 200 200 200 201 200 200 200 200 199 200 200 200 200 200 200 200 200 200 200 200 200 200 201 201 201 201 201 201 201 201 200 200 200 200 200 200 201 201 201 201 201 201 201 201 201 201 201 201 201 201 201 201 201 201 202 202 202 202 201 201 201 201 202 202 202 202 202 202 202 202 202 202 203 203 203 203 202 202 202 202 202 202 202 202 202 202 202 202 202 202 202 203 203 203 203 203 203 203 203 203 203 203 203 203 203 203 203 203 203 203 203 205 204 204 204 204 204 204 205 204 205 205 205 205 205 205 204 205 205 205 205 205 205 205 206 205 205 205 206 205 205 205 205 205 205 205 205 205 205 206 206 206 206 206 206 206 206 206 206 206 206 208 208 208 208 208 208 208 208 208 208 208 208 209 209 209 208 208 209 209 209 209 209 209 209 209 209 209 209 209 209 209 209 210 210 210 209 210 210 209 209 209 210 210 210 211 211 211 211 212 212 212 212 213 213 213 213 213 213 213 213 213 213 213 213 214 213 213 213 213 213 213 213 213 212 213 213 213 213 213 213 212 212 212 212 212 212 213 213 213 213 212 212 212 213 213 213 213 213 213 213 213 213 213 213 214 213 213 213 214 213 213 214 214 214 214 214 213 213 214 214 214 214 214 214 214 214 214 214 214 214 214 214 214 214 214 214 214 215 215 197 198 198 198 198 198 198 197 196 196 196 196 197 198 198 198 198 198 198 197 196 197 197 197 197 196 196 196 196 196 196 197 197 197 197 197 197 197 197 197 197 197 197 198 198 198 198 198 198 198 198 198 198 198 198 198 198 199 199 200 200 200 200 200 200 199 199 199 199 199 199 199 199 199 199 199 200 200 200 200 200 200 200 200 200 200 199 200 200 200 200 200 200 200 200 200 200 200 200 201 201 200 201 201 201 201 201 201 201 200 200 200 200 200 201 201 201 201 201 201 201 201 201 201 201 201 201 201 201 201 202 201 202 202 202 202 201 201 202 202 202 202 202 202 202 202 202 202 202 202 203 203 203 203 202 202 202 202 203 202 202 202 202 202 202 202 202 203 203 203 203 203 203 203 203 203 203 203 203 203 203 203 203 203 203 203 203 203 205 204 204 204 204 204 204 205 205 205 205 205 205 205 205 204 204 205 205 205 205 205 205 205 206 206 205 205 205 205 205 205 205 205 205 205 205 206 206 206 206 206 206 206 206 206 206 206 206 206 208 208 208 208 208 208 208 208 208 208 208 208 209 209 209 209 209 209 209 209 209 209 209 209 209 209 209 209 209 209 209 210 210 209 209 210 210 210 210 210 210 210 210 210 210 211 211 211 212 212 212 212 212 212 213 213 213 213 213 213 213 213 213 213 213 213 212 212 212 213 213 213 213 212 212 213 213 214 213 213 212 212 212 212 212 212 213 213 213 213 213 213 213 213 213 213 213 213 213 213 213 213 213 213 214 214 214 213 213 213 214 214 214 214 214 214 214 214 214 214 214 214 214 214 214 214 214 214 214 214 214 214 214 214 215 215 215 215 215 197 197 197 198 198 197 197 196 196 196 196 196 198 198 198 199 198 198 198 198 199 198 198 198 198 197 197 197 197 197 197 197 197 197 197 197 198 198 197 197 197 197 197 197 198 198 198 198 198 198 198 198 198 198 198 199 199 199 200 200 200 200 200 200 199 199 199 199 199 199 199 199 199 199 199 199 200 200 200 200 200 200 200 200 199 199 200 200 200 200 200 200 200 200 200 200 200 200 201 200 201 201 200 201 201 200 201 201 201 200 200 200 200 200 200 201 201 201 201 201 201 201 201 201 201 201 201 201 201 202 201 202 202 202 202 201 202 202 202 202 202 202 202 202 202 202 202 202 202 202 203 202 203 203 202 202 203 203 202 202 202 202 202 202 202 202 203 203 203 203 203 203 203 203 203 203 203 203 203 203 203 203 203 203 203 203 204 205 205 205 204 204 204 204 205 205 205 205 205 205 205 205 205 204 205 205 205 205 205 205 205 205 205 205 205 206 205 205 205 205 205 205 205 205 206 206 206 206 206 206 206 206 206 206 206 206 206 208 208 208 208 208 208 208 208 208 208 208 209 209 209 209 209 209 209 209 209 209 209 209 209 209 209 209 209 209 209 210 210 209 209 210 210 210 211 210 211 210 210 211 211 211 211 211 211 211 212 212 212 212 212 213 213 213 213 213 213 213 213 213 213 213 212 212 213 213 213 213 213 212 212 212 213 213 213 213 213 212 212 212 212 212 213 213 213 213 213 213 213 213 213 213 213 213 213 213 213 213 213 213 213 213 214 214 213 213 213 213 213 214 214 214 214 214 213 214 214 214 214 214 214 214 214 214 214 214 214 214 214 214 214 214 215 215 215 215 197 197 198 199 199 198 197 197 197 197 197 197 199 199 199 199 199 199 199 199 199 198 199 199 199 198 198 198 197 197 196 197 197 197 198 198 197 197 197 197 198 197 198 198 198 198 198 198 198 198 198 198 198 198 198 198 199 199 199 200 200 200 200 199 199 199 199 199 199 199 199 199 199 199 199 199 200 200 200 200 199 200 200 200 199 200 200 200 200 200 200 200 200 200 200 200 201 200 200 201 201 200 200 200 200 201 201 200 200 200 201 201 200 201 201 201 201 201 201 201 201 201 201 201 201 201 201 201 201 202 202 202 202 202 201 202 202 202 202 202 202 202 202 202 202 202 202 202 202 202 202 202 203 203 203 203 203 203 202 202 202 202 202 202 203 203 203 203 203 203 203 203 203 203 203 203 203 203 203 203 203 203 203 203 203 203 205 204 204 204 204 204 204 204 205 205 205 205 205 205 205 205 205 205 205 205 205 205 205 205 205 205 205 206 206 206 205 205 205 205 205 205 205 205 206 206 206 206 206 206 206 206 206 206 206 206 208 208 208 208 208 208 208 208 208 208 208 209 209 209 209 209 209 209 209 209 209 209 209 209 209 209 209 209 210 210 210 209 209 209 210 210 210 211 211 211 211 211 211 211 211 211 211 211 211 212 212 212 212 212 212 213 213 213 213 213 213 213 213 212 212 212 212 213 213 213 213 213 212 212 212 213 213 212 212 212 212 212 212 212 212 213 213 213 213 213 213 213 213 213 213 213 213 213 213 213 213 213 213 213 213 213 213 213 213 213 213 213 213 213 213 214 214 214 214 214 214 214 214 214 214 214 214 214 214 214 214 214 214 215 215 215 215 198 199 199 199 198 198 198 198 197 198 198 199 199 199 199 199 199 200 199 199 199 199 199 199 198 198 197 197 197 197 197 197 197 198 197 197 197 198 198 198 197 197 197 198 198 198 198 198 198 198 198 198 198 199 199 199 199 200 200 200 200 200 199 199 199 199 199 199 199 199 200 199 199 199 199 199 200 200 200 200 200 199 199 199 200 200 200 200 200 200 200 200 200 200 200 200 200 200 200 200 200 200 201 201 201 201 201 201 200 200 200 200 200 201 201 201 201 201 201 201 201 201 201 201 201 202 202 202 202 202 202 201 202 201 202 202 202 202 202 202 202 202 202 202 202 202 202 202 202 202 202 203 203 202 203 203 203 202 202 202 202 202 202 203 203 203 203 203 203 203 203 203 203 202 203 203 203 203 203 203 203 203 203 203 203 205 205 204 204 205 205 204 204 204 204 205 205 205 205 205 205 205 205 205 205 206 205 205 205 205 205 206 206 206 206 205 205 205 205 205 205 205 205 206 206 206 206 206 206 206 206 206 206 206 206 208 208 208 208 208 208 208 208 208 208 208 209 209 209 209 209 209 209 209 209 209 209 209 209 209 209 209 209 210 210 209 209 209 209 210 210 210 210 210 210 211 210 210 211 211 211 211 211 211 212 212 212 212 212 213 213 213 213 213 213 213 212 212 212 212 213 213 213 213 213 213 212 212 212 212 212 212 212 212 212 212 212 212 212 212 213 213 213 213 213 213 213 213 213 213 213 213 213 213 213 213 213 213 213 213 213 213 213 214 213 213 213 213 213 213 214 214 214 214 214 214 214 214 214 214 214 214 214 214 214 214 214 215 215 215 215 215 200 199 199 198 198 198 198 198 198 198 199 199 199 199 199 199 200 199 199 200 200 200 199 199 198 198 198 198 199 199 198 198 198 198 197 197 197 198 198 197 198 198 198 199 199 199 199 199 199 199 199 199 199 199 199 199 199 199 200 200 200 200 200 199 199 199 199 199 199 200 199 199 199 199 199 200 199 200 200 200 200 200 199 200 200 200 200 200 200 200 200 200 200 201 201 200 200 200 199 200 200 201 201 200 200 201 201 201 200 199 200 200 200 201 201 201 201 201 201 201 201 201 201 201 201 201 202 202 202 202 202 202 202 202 202 202 202 202 202 202 202 202 202 202 202 202 202 202 202 202 202 202 202 202 202 202 202 202 203 203 203 203 203 203 203 203 203 203 203 203 203 203 202 202 202 203 203 203 203 203 203 203 203 203 204 205 204 205 205 205 205 204 204 205 205 205 206 205 205 205 205 205 205 205 205 205 205 205 205 205 205 206 206 206 205 205 206 206 206 206 206 206 206 206 206 206 206 206 206 206 206 206 206 206 208 208 208 208 209 208 208 208 208 208 208 209 209 209 209 209 209 209 209 209 209 209 209 209 209 209 210 210 210 209 209 209 209 209 210 210 210 211 211 211 210 210 211 211 211 211 211 211 211 212 212 213 212 212 213 213 213 213 213 213 212 212 211 212 213 213 213 213 213 212 212 213 213 212 213 213 212 213 212 212 212 212 212 212 212 213 213 213 213 213 213 213 213 213 213 213 213 213 213 213 213 214 214 214 213 213 213 214 214 213 213 213 213 213 213 213 214 214 214 214 214 214 214 214 214 214 214 214 214 214 214 214 215 215 215 215 215 199 199 199 199 199 199 199 198 198 198 198 199 199 199 199 200 200 199 200 200 200 200 199 200 199 199 199 199 199 199 199 199 199 199 199 198 197 198 198 199 199 199 199 199 200 200 200 200 200 200 200 200 199 199 199 199 199 199 199 199 200 200 200 200 200 200 199 200 200 200 200 200 200 199 199 199 199 200 200 200 200 200 200 200 200 200 200 200 201 201 201 200 200 201 201 200 201 200 200 199 200 200 200 200 199 200 200 199 200 200 200 200 200 200 200 200 200 201 201 201 201 201 201 201 201 201 201 201 202 202 202 202 202 202 202 202 202 202 202 202 202 202 202 202 202 202 202 202 202 202 202 202 202 202 202 202 202 203 203 203 203 203 203 203 203 203 202 202 202 203 203 203 203 202 202 203 203 203 203 203 203 203 203 203 204 204 205 205 205 205 205 205 205 204 205 205 206 205 205 205 205 205 205 205 205 205 205 205 205 205 205 205 206 206 205 205 206 206 206 206 206 206 206 206 206 206 206 206 206 206 206 206 206 206 208 208 208 208 208 208 208 208 208 208 208 209 209 209 209 209 209 209 209 209 209 209 209 209 209 209 210 210 209 209 209 209 209 209 210 210 210 210 211 211 210 210 211 211 211 211 211 211 211 211 212 212 212 212 213 213 213 213 213 213 213 212 211 212 212 212 213 212 212 212 212 212 212 213 212 213 212 212 212 212 212 212 212 212 212 213 213 213 213 213 213 213 213 213 213 213 213 213 213 213 213 214 214 214 214 213 214 214 214 213 213 213 213 213 213 213 213 213 213 214 214 214 214 214 214 214 214 214 214 214 214 215 215 215 215 215 215 199 199 198 198 199 199 199 199 199 198 198 198 199 199 200 200 200 200 200 200 200 200 200 200 199 199 199 199 200 200 200 199 199 199 199 199 199 199 200 200 200 200 200 200 200 200 200 200 200 200 200 199 199 199 199 199 199 199 199 200 200 200 200 200 200 200 200 200 200 200 200 200 200 199 199 199 200 200 200 200 200 200 200 200 200 200 200 200 201 201 201 201 201 200 200 200 200 199 200 200 199 199 200 200 199 199 200 201 202 201 201 200 200 200 200 200 200 201 201 201 201 201 201 201 201 201 201 202 202 202 202 202 202 202 202 202 202 202 202 202 202 202 202 202 202 202 202 202 202 202 202 202 202 202 202 202 203 203 203 203 203 203 203 203 203 202 202 202 202 203 203 203 202 202 203 203 203 203 203 203 203 203 203 204 204 205 205 205 205 205 205 205 205 205 205 205 206 205 205 205 205 205 205 205 205 205 205 205 205 205 205 206 206 205 205 206 206 206 206 206 206 206 206 206 206 206 206 206 206 206 206 206 206 208 208 208 208 208 208 208 208 208 208 208 209 209 209 209 209 209 209 209 209 209 209 209 209 210 210 210 209 209 209 210 210 210 210 210 210 210 210 210 210 210 210 211 211 211 211 210 210 211 211 212 212 212 212 213 213 213 213 213 213 213 213 212 212 211 212 213 212 212 212 212 212 212 212 212 212 212 212 212 212 212 212 212 212 213 213 213 213 213 213 213 213 213 213 213 213 213 213 213 213 213 214 214 214 214 214 214 214 214 214 214 213 213 214 213 213 213 213 214 214 214 214 214 214 214 214 214 214 214 214 214 215 215 215 215 215 215 199 199 198 198 199 199 199 198 199 198 199 198 199 199 200 200 200 200 200 200 200 200 200 200 199 200 200 200 200 200 200 200 200 200 200 199 199 199 200 200 200 200 200 200 200 200 200 200 200 200 200 200 199 199 199 199 199 200 200 199 199 200 200 200 200 199 200 200 200 200 200 200 199 199 199 200 200 200 200 200 200 200 200 200 200 200 200 200 201 201 201 201 201 201 200 200 199 200 200 200 200 201 201 200 200 200 200 201 201 201 201 200 200 201 201 200 201 201 201 201 201 201 201 201 201 201 202 202 202 202 202 202 202 202 202 202 202 202 202 202 202 202 202 202 202 202 202 202 202 202 202 202 202 202 202 203 203 203 203 203 203 203 203 202 202 202 202 202 202 202 203 202 202 203 203 203 203 203 203 203 203 203 204 204 204 204 205 205 205 205 205 205 205 205 205 205 205 205 205 205 205 205 205 205 205 205 205 205 205 205 205 206 206 206 206 206 206 206 206 206 206 206 206 206 206 206 206 206 206 206 206 206 208 208 208 208 208 208 208 208 208 208 208 209 209 209 209 209 209 209 209 209 209 209 209 209 210 210 210 209 209 210 210 210 210 210 210 210 210 210 210 210 210 210 210 211 211 211 210 211 211 211 212 212 212 212 212 212 213 213 213 213 213 213 213 213 212 211 212 213 212 212 212 212 212 212 212 212 212 212 212 212 212 212 212 213 213 213 213 213 213 213 213 213 213 213 213 213 214 214 213 213 214 213 214 214 214 214 214 214 214 213 213 213 214 214 214 214 214 214 214 214 214 214 214 214 214 214 214 214 214 214 215 215 215 215 215 215 216 198 198 198 199 198 198 198 198 199 198 198 199 199 200 200 200 200 200 200 199 200 200 200 200 200 200 200 200 200 200 200 200 200 200 200 200 199 199 199 199 200 200 199 200 200 200 200 200 200 200 200 200 199 199 199 199 199 200 199 199 199 199 199 200 200 200 200 199 199 199 199 199 199 199 199 200 200 200 200 200 200 200 200 200 200 200 200 200 200 200 201 201 200 200 199 200 201 201 201 201 201 201 201 200 200 200 200 201 201 201 201 201 201 201 201 201 201 201 201 201 201 201 201 201 201 202 202 202 202 202 202 202 202 202 202 202 202 202 202 202 202 202 202 202 202 202 202 202 202 202 202 202 202 202 202 203 203 203 203 203 203 203 203 202 202 203 202 202 202 202 202 202 202 203 203 203 203 203 203 203 203 204 204 205 205 205 205 205 205 205 205 205 205 205 205 205 206 205 205 205 205 205 205 205 206 205 205 205 205 205 205 205 206 206 206 206 206 206 206 206 206 206 206 206 206 206 206 206 206 206 206 208 208 208 208 208 208 208 208 208 208 208 209 209 209 209 209 209 209 209 209 209 209 209 209 210 209 209 209 209 210 210 210 210 210 210 210 210 210 210 210 210 210 211 211 211 210 210 211 211 211 212 212 212 212 212 212 212 212 213 213 213 213 213 213 213 212 211 211 212 212 212 212 212 212 212 212 212 212 212 212 212 213 213 213 213 213 213 213 213 213 213 213 213 213 213 213 214 214 214 214 214 213 214 214 214 214 214 214 214 214 214 214 214 214 214 214 214 214 214 214 214 214 214 214 214 214 214 214 214 214 215 215 215 215 215 215 215 198 198 199 199 198 198 198 199 198 199 198 199 200 200 200 200 200 200 199 200 200 200 200 200 200 199 199 199 199 199 200 200 200 199 199 200 200 200 199 199 199 199 199 199 200 200 200 200 200 200 200 200 200 200 199 199 199 199 199 199 199 199 199 200 200 200 200 200 200 200 200 200 200 199 200 200 200 200 200 200 200 200 200 200 200 200 200 200 200 200 200 200 200 200 200 200 200 200 200 200 200 201 201 200 200 200 201 201 201 201 201 201 201 201 201 201 201 201 201 201 201 201 201 201 201 201 202 202 202 202 202 202 202 202 202 202 202 202 202 202 202 202 202 202 202 202 202 202 202 202 202 202 203 202 203 203 203 203 203 203 203 203 203 203 203 203 202 202 202 202 202 202 203 203 203 203 203 203 203 203 205 205 205 205 205 205 205 206 205 205 205 205 205 205 205 206 206 205 205 205 205 205 205 206 206 206 206 206 205 205 205 205 206 206 206 206 206 206 206 206 206 206 206 206 206 206 206 206 206 206 208 209 209 208 208 208 208 208 208 208 208 209 209 209 209 209 209 209 209 209 209 209 209 209 209 210 209 209 210 210 210 210 210 210 210 210 210 210 210 210 210 210 210 211 211 210 211 211 211 211 212 212 212 212 212 212 212 213 213 213 213 213 213 213 213 213 212 212 212 212 212 211 212 212 212 212 212 212 212 212 212 212 213 213 213 213 213 213 213 213 213 214 213 213 213 213 214 214 214 213 213 213 214 214 214 214 214 214 214 214 214 214 214 214 214 214 214 214 214 214 214 214 214 214 214 214 214 214 214 214 215 215 215 215 215 215 199 199 199 199 199 199 199 198 198 198 198 199 200 200 200 200 200 200 200 199 199 199 199 199 199 199 199 199 199 199 199 199 199 199 199 199 199 199 199 199 199 199 199 199 200 200 200 200 200 200 200 200 200 200 199 199 199 199 199 199 199 199 199 199 200 199 200 200 200 200 200 200 199 199 200 200 200 200 200 200 200 200 200 200 200 200 200 200 200 200 199 200 200 200 200 200 200 200 200 200 200 201 201 201 201 201 201 201 201 201 201 201 201 201 201 201 201 201 201 201 201 201 201 201 201 202 202 202 202 202 202 202 202 202 202 202 202 202 202 202 202 202 202 202 202 202 202 202 202 202 202 202 202 203 203 203 203 203 203 203 203 204 203 203 202 202 202 202 202 202 203 203 203 203 203 203 203 203 203 205 205 205 205 205 205 205 205 206 206 205 205 205 205 205 206 206 206 206 206 206 206 206 206 206 205 205 205 205 205 205 205 206 206 206 206 206 206 206 206 206 206 206 206 206 206 206 206 206 206 208 209 209 208 208 208 208 208 208 208 208 209 209 209 209 209 209 209 209 209 209 209 209 209 209 210 210 209 210 210 210 210 210 210 210 210 210 210 210 210 210 210 210 211 210 210 211 211 211 211 211 212 212 212 212 212 212 212 213 213 213 213 213 213 213 213 213 212 212 212 212 212 211 212 212 212 212 212 212 212 212 213 213 213 213 213 213 213 213 213 213 213 214 214 214 214 214 214 213 213 214 214 214 214 214 214 214 214 214 214 214 214 214 214 214 214 214 214 214 214 214 214 214 214 214 214 214 214 214 214 215 215 215 215 215 215 199 199 199 199 199 199 198 198 199 199 199 199 200 200 200 200 200 200 199 199 199 199 199 199 199 199 199 199 199 200 200 200 200 200 200 200 200 199 199 199 199 199 199 199 199 199 199 200 200 200 200 199 199 199 199 199 198 199 198 198 199 199 199 199 199 199 199 200 200 200 200 200 200 200 200 200 200 200 200 200 200 200 200 200 200 200 200 200 200 200 201 200 200 200 200 200 200 200 200 200 200 200 200 201 201 201 201 201 201 201 201 202 201 201 201 201 201 201 201 201 201 201 201 201 201 201 202 202 202 202 202 202 202 202 202 202 202 202 202 202 202 202 202 202 202 202 202 203 203 203 203 203 203 203 203 203 203 203 203 204 203 203 203 203 202 202 202 202 202 202 203 203 203 203 203 203 203 203 205 205 205 205 205 205 205 205 206 206 206 206 205 205 205 206 206 206 206 206 206 206 206 206 206 206 205 205 205 205 205 205 205 206 206 206 206 206 206 206 206 206 206 206 206 206 206 206 206 206 208 209 209 208 208 208 208 208 208 208 208 209 209 209 209 209 209 209 209 209 209 209 209 209 209 210 210 210 210 210 210 210 210 210 210 210 210 210 210 210 210 210 210 210 210 210 210 210 211 211 211 212 212 212 212 212 212 212 212 212 212 213 213 212 213 213 213 213 213 212 212 212 212 212 212 212 212 212 212 212 213 213 213 213 213 213 213 213 213 213 213 213 214 214 214 214 214 214 213 214 214 214 214 215 214 214 214 214 214 214 214 214 214 214 214 214 214 214 214 214 214 214 214 214 214 214 214 214 214 215 215 215 215 215 215 215 199 198 198 198 198 198 198 199 200 199 199 200 200 200 199 199 199 200 200 199 199 199 199 199 199 199 199 199 199 200 200 200 200 200 200 200 199 199 199 199 199 199 199 199 199 199 199 199 199 199 199 199 199 199 199 199 199 199 199 198 198 199 199 198 198 199 199 200 200 200 200 200 200 200 200 200 200 200 200 200 200 200 200 200 200 200 200 200 200 200 201 201 200 200 200 200 200 200 200 200 200 201 201 201 201 201 201 201 201 201 201 201 201 201 201 201 201 201 201 201 201 201 201 201 201 202 202 202 202 202 202 202 202 202 202 202 202 202 202 202 202 202 202 203 203 203 203 203 203 203 203 203 203 203 203 203 203 203 204 204 203 203 203 203 202 202 202 202 202 202 203 203 203 203 203 203 203 204 205 205 205 204 205 205 205 205 206 206 205 205 205 206 206 206 206 206 206 206 206 206 206 206 205 205 206 205 205 205 205 205 206 206 206 206 206 206 206 206 206 206 206 206 206 206 206 206 206 209 209 208 208 208 208 208 208 208 208 208 209 209 209 209 209 209 209 209 209 209 209 209 209 209 210 210 210 210 210 210 210 210 210 210 211 210 210 210 210 210 210 210 210 210 211 211 210 211 211 211 211 212 212 212 212 212 212 212 212 212 212 212 212 213 213 213 213 212 212 212 212 212 212 212 212 212 213 213 213 213 213 213 213 213 213 213 213 213 213 213 213 213 213 214 214 214 214 214 214 214 214 214 214 214 214 214 214 214 214 214 214 214 214 214 214 214 214 214 214 214 214 214 214 214 214 214 214 214 214 215 215 215 215 215 199 199 199 198 198 198 199 199 199 199 199 200 200 200 199 199 199 199 199 199 199 199 199 199 199 199 199 199 199 200 200 200 200 200 200 200 199 199 199 199 199 199 200 199 199 199 200 200 200 200 200 200 200 200 200 200 199 199 199 198 199 198 198 198 198 198 199 200 200 200 200 200 200 200 200 200 200 200 200 200 200 200 200 200 200 200 200 200 200 200 201 201 200 200 200 200 200 200 200 200 200 200 200 201 201 201 201 201 201 201 201 202 201 201 201 201 201 201 201 201 201 201 201 201 202 202 202 202 202 202 202 202 202 202 202 202 202 202 202 202 203 203 203 203 203 203 203 203 203 203 203 203 203 203 203 203 203 204 203 203 203 203 203 202 202 202 202 202 202 202 203 203 203 203 202 203 204 204 205 205 204 205 205 205 205 205 206 206 206 205 206 206 206 206 206 206 206 206 206 206 206 206 205 205 205 205 205 205 205 205 206 206 206 206 206 206 206 206 206 206 206 206 206 206 207 207 209 209 208 208 208 208 208 208 208 208 208 209 209 209 209 209 209 209 209 209 209 209 209 209 209 210 210 210 210 210 210 210 210 210 210 210 211 210 210 210 210 210 211 211 211 211 211 210 211 211 211 212 212 212 212 212 212 212 212 212 212 212 212 212 213 213 212 212 212 212 212 212 212 212 212 212 212 213 213 213 213 213 213 213 213 213 213 213 213 214 213 213 214 214 214 214 214 214 214 214 214 214 214 214 214 214 214 214 214 214 214 214 214 214 214 214 214 214 214 214 215 215 214 214 214 214 214 214 214 214 215 215 215 216 216 199 199 198 198 199 199 199 199 199 199 199 199 199 199 199 199 199 199 199 198 199 199 199 199 199 199 199 199 200 200 200 200 200 200 200 200 199 200 200 200 199 199 199 199 199 200 200 200 200 200 200 200 200 200 200 199 199 199 199 199 199 199 199 198 198 199 199 200 200 200 200 200 200 200 200 200 200 200 200 200 200 200 200 200 200 200 200 200 200 201 201 201 200 200 200 200 200 200 200 200 200 200 200 200 200 201 201 201 201 201 201 202 202 202 202 202 201 201 201 201 201 201 201 202 202 202 202 202 202 202 202 202 202 202 202 202 202 202 202 203 203 203 203 203 203 203 203 203 203 203 203 203 203 203 203 203 203 204 204 203 203 202 202 202 202 202 202 202 202 202 203 203 203 203 203 204 205 205 205 205 205 205 205 205 205 206 206 206 206 206 206 206 206 206 206 206 206 205 205 206 206 206 206 205 205 205 205 206 206 206 206 206 206 206 206 206 206 206 206 206 206 206 207 207 207 209 209 208 208 208 208 208 208 208 208 209 209 209 209 209 209 209 209 209 209 209 209 209 209 210 210 210 210 210 210 210 210 210 210 210 210 211 210 211 211 210 210 211 211 211 211 211 211 211 211 212 212 212 212 212 212 212 212 212 212 212 212 212 212 212 212 212 212 212 212 212 212 212 212 212 212 212 213 213 213 213 213 213 213 213 213 213 213 213 213 214 214 214 214 214 214 214 214 214 214 214 214 214 214 214 214 214 214 214 214 214 214 214 214 214 214 214 214 214 214 214 214 215 214 214 214 214 214 215 215 215 215 215 216 199 199 198 198 198 198 198 198 198 199 199 199 198 198 199 198 198 198 199 199 199 199 200 199 199 199 199 199 199 200 200 200 200 200 200 200 200 200 200 200 200 199 199 199 199 200 200 200 200 200 200 200 200 200 200 200 200 200 200 200 199 199 199 199 198 198 199 199 200 200 200 200 200 200 200 200 200 200 200 200 200 200 200 200 200 200 200 200 200 200 200 201 201 200 200 200 200 200 200 200 200 200 200 200 200 201 201 200 201 201 201 201 201 202 202 202 202 202 201 201 201 201 201 202 202 202 202 202 202 202 202 202 202 202 202 202 202 202 202 203 203 203 203 203 203 203 203 203 203 203 203 203 203 203 203 203 203 203 204 204 203 203 203 202 202 202 202 202 202 202 202 203 203 203 203 204 205 205 205 204 205 205 205 205 205 206 206 206 206 206 206 206 206 206 206 206 206 206 205 205 206 206 206 206 206 206 206 206 206 206 206 206 206 206 206 206 206 206 206 206 206 207 207 207 207 209 209 208 208 208 208 208 208 208 208 209 209 209 209 209 209 209 209 209 209 209 209 209 209 209 210 210 210 210 210 210 210 210 210 210 210 210 211 211 211 210 210 210 211 211 211 212 212 212 211 212 212 212 212 212 212 212 212 212 211 212 212 212 212 212 212 212 212 212 212 212 212 212 212 212 212 212 213 213 213 213 213 213 213 213 213 213 213 213 214 214 214 214 214 214 214 214 214 214 214 214 214 214 214 214 214 214 214 214 214 214 214 214 214 214 214 214 214 214 214 214 214 214 215 214 214 214 214 215 215 215 215 215 198 198 198 197 197 197 197 198 198 198 198 199 198 198 198 198 198 199 199 200 200 200 200 200 200 199 199 199 200 200 200 200 200 200 200 200 200 200 200 200 200 200 199 200 200 200 200 200 200 200 200 200 200 200 201 200 200 200 200 200 200 200 199 199 199 198 199 199 199 200 200 199 200 200 200 200 200 200 200 200 200 200 200 200 200 200 200 201 200 200 200 201 201 201 200 200 200 200 200 200 200 200 201 201 201 201 201 200 200 201 201 201 201 202 202 202 201 201 201 201 201 201 201 202 202 202 202 202 202 202 202 202 202 202 202 202 202 202 203 203 203 203 203 203 203 203 203 203 203 203 203 203 203 203 203 203 203 204 204 204 203 203 203 202 202 202 202 202 202 203 203 203 203 203 204 205 205 205 204 205 205 205 205 205 206 206 206 205 205 206 206 206 206 205 205 205 205 205 205 206 206 206 206 206 206 206 206 206 206 206 206 206 206 206 206 206 206 206 206 206 206 207 207 207 209 209 209 208 208 208 208 208 208 208 209 209 209 209 209 209 209 209 209 209 209 209 209 209 209 210 210 210 210 210 210 210 210 210 210 210 210 210 211 210 210 211 211 210 211 211 212 212 212 212 212 211 212 212 212 212 212 212 212 211 211 212 212 212 212 212 212 212 212 212 212 212 212 212 212 212 212 212 213 213 213 213 213 213 213 213 213 213 213 213 213 214 214 214 214 214 214 214 214 214 214 214 214 214 214 214 214 214 214 214 214 214 214 214 214 214 214 214 214 214 214 214 214 214 214 214 214 214 215 215 215 215 215 198 198 198 198 197 197 197 197 198 198 198 198 198 197 197 198 198 199 199 199 199 200 200 200 200 200 200 199 199 199 199 200 200 200 200 200 200 200 200 200 200 199 200 200 200 200 200 200 200 200 200 200 200 200 200 200 200 200 200 200 200 200 200 200 199 199 199 199 199 199 200 200 200 200 200 200 200 200 200 200 200 200 200 200 200 200 200 201 200 200 201 201 201 200 200 200 200 200 200 200 200 200 201 201 201 201 201 201 201 201 201 201 201 202 202 202 202 202 202 201 201 201 202 201 202 202 202 202 202 202 202 202 202 202 202 202 202 202 203 203 203 203 203 203 203 203 203 203 203 203 203 203 203 203 203 203 203 203 204 204 203 203 203 203 203 203 202 202 202 203 203 203 203 204 205 205 204 205 205 205 205 205 205 206 206 206 205 205 205 205 205 206 206 206 206 205 205 205 205 205 206 206 206 206 206 206 206 206 206 206 206 206 206 206 206 206 206 207 207 207 207 207 207 209 209 208 208 208 208 208 208 208 208 209 209 209 209 209 209 209 209 209 209 209 209 209 210 210 210 210 210 210 210 210 210 210 210 210 210 210 210 211 210 210 210 211 211 211 211 211 211 212 212 212 212 212 212 212 212 212 211 211 211 211 211 211 212 212 212 212 212 212 212 212 212 212 212 212 212 212 212 212 213 213 213 213 213 213 213 213 213 213 213 213 213 214 214 214 214 214 214 214 214 214 214 214 214 214 214 214 214 214 214 214 214 214 214 214 214 214 214 214 214 214 214 214 214 215 214 214 214 214 215 215 215 215 198 198 197 197 198 198 198 198 198 198 198 197 198 198 198 198 198 199 199 199 200 200 200 200 200 199 199 199 199 199 199 199 199 199 200 200 200 200 200 200 200 200 200 200 200 200 200 200 200 200 200 200 200 200 200 200 200 200 200 200 199 199 199 199 199 199 200 200 200 200 200 200 200 200 200 200 200 200 200 200 200 200 200 200 200 201 200 200 201 201 201 201 201 201 200 200 200 200 200 201 201 201 201 201 201 201 201 201 201 201 202 202 202 202 202 202 202 201 202 201 201 202 202 202 202 202 202 202 202 202 202 202 202 202 202 202 203 203 203 203 203 203 203 203 203 203 203 203 203 203 203 203 203 203 203 203 203 203 203 203 203 203 202 202 202 202 203 203 204 204 204 205 204 205 205 205 205 205 205 205 205 206 206 206 205 205 205 206 206 206 206 206 206 206 206 206 206 206 206 206 206 206 206 206 206 207 206 206 206 206 206 206 206 207 207 207 207 207 207 207 209 209 208 208 208 208 208 208 208 209 209 209 209 209 209 209 209 209 209 209 209 209 209 209 209 209 209 210 210 210 210 210 210 210 210 210 210 210 211 210 210 211 211 211 211 210 210 211 211 211 212 212 212 212 212 212 212 212 212 211 211 211 211 211 211 212 212 212 212 212 212 212 212 212 212 212 212 212 212 212 212 212 213 213 213 213 213 213 213 214 213 214 214 214 214 214 214 214 214 214 214 214 214 214 214 214 214 214 214 214 214 215 215 214 214 214 214 214 214 214 214 214 214 215 215 214 214 215 215 215 215 215 215 215 198 197 197 198 199 197 198 197 197 198 198 198 198 198 198 198 199 199 200 200 200 200 200 200 200 199 199 199 199 199 199 199 199 199 200 200 200 200 200 200 200 200 200 200 200 201 200 200 200 200 200 200 200 200 200 200 200 200 200 200 200 200 200 200 200 201 200 200 200 200 200 200 200 200 200 200 200 200 200 200 200 200 200 200 201 200 200 201 201 201 201 201 201 200 200 200 200 200 200 201 201 201 201 201 201 201 201 201 201 201 202 202 202 202 202 202 202 202 202 202 202 202 202 202 202 202 202 202 202 202 202 202 202 202 203 203 203 203 203 203 203 203 203 203 203 203 203 203 203 203 203 203 203 203 203 203 203 203 203 203 203 202 203 203 203 203 203 203 205 205 204 205 205 205 205 205 205 205 205 206 206 206 206 206 206 206 206 206 206 206 206 206 205 205 206 206 206 206 206 206 206 206 206 206 206 206 206 206 207 206 207 207 207 207 207 207 207 207 209 208 208 208 208 208 208 208 208 209 209 209 209 209 209 209 209 209 209 209 209 209 209 209 210 210 210 210 210 210 210 210 210 210 210 211 211 210 210 210 210 211 211 211 211 211 211 211 211 211 211 212 212 212 212 212 212 213 212 212 212 212 211 211 212 212 212 212 212 212 212 212 212 212 212 212 213 213 213 212 212 213 213 213 213 213 213 213 213 213 213 213 213 214 214 214 214 214 214 214 214 214 214 214 214 215 214 214 214 214 214 214 214 214 214 214 214 214 214 214 214 214 215 215 215 215 214 214 215 215 215 215 215 215 198 198 197 198 198 197 197 198 198 198 198 199 199 199 199 199 199 199 200 200 200 201 200 200 200 200 199 199 199 199 199 199 199 199 200 200 200 200 200 200 200 200 200 200 200 200 200 200 200 200 200 200 200 200 200 200 200 200 199 199 200 200 200 200 200 200 200 200 200 200 200 200 200 200 200 200 200 200 200 200 200 200 200 200 201 201 201 200 200 201 201 201 201 201 200 200 200 201 200 201 201 201 201 201 201 201 201 201 201 201 201 202 202 202 202 202 202 202 202 202 202 202 202 202 202 202 202 202 202 202 202 202 202 202 203 203 203 203 203 203 203 203 203 203 203 203 203 203 203 203 203 203 203 203 203 203 203 203 203 203 203 203 203 203 203 203 203 204 205 205 204 205 205 205 205 206 206 206 205 206 206 206 206 206 206 206 206 206 206 206 206 206 206 206 206 206 206 206 206 206 206 206 206 206 206 206 206 207 207 207 207 207 207 207 207 207 207 207 209 208 208 208 208 208 208 208 208 209 209 209 209 209 209 209 209 209 209 209 209 209 209 209 209 210 210 210 210 210 210 210 210 210 210 210 211 211 210 210 211 211 211 211 211 211 211 212 211 211 211 211 211 212 212 212 212 213 213 213 213 213 212 212 212 212 212 212 212 212 212 213 213 214 214 214 215 215 214 213 212 213 213 214 213 213 213 213 213 213 213 214 213 214 214 214 214 214 214 214 214 214 214 214 214 214 214 214 214 214 214 214 214 214 214 214 215 215 215 215 214 214 215 215 215 215 215 214 215 215 215 215 215 215 215 197 197 197 198 198 198 198 198 198 199 199 200 200 200 200 200 200 200 200 201 201 201 200 200 200 200 199 199 199 199 199 199 200 200 200 200 200 200 200 200 200 200 200 200 200 200 200 200 200 200 200 200 200 200 200 199 199 199 199 199 199 199 200 200 200 200 201 201 200 200 200 200 200 200 200 200 200 200 200 201 200 200 201 201 201 200 200 201 201 201 200 200 200 200 200 201 201 201 201 201 201 201 201 201 201 201 201 201 202 202 202 203 202 202 202 202 202 202 202 202 202 202 202 202 202 202 202 202 202 202 202 203 203 203 203 203 203 203 203 203 203 203 203 203 203 203 203 203 203 203 203 203 203 203 204 204 204 203 203 203 203 203 203 203 204 205 205 205 205 205 205 205 205 206 206 205 205 206 206 206 206 205 205 205 205 205 206 206 206 206 206 206 206 206 206 206 206 207 206 206 206 207 207 207 207 207 207 207 207 207 206 206 207 207 207 208 208 208 208 208 209 209 209 208 209 209 209 209 209 209 209 209 209 210 210 209 209 209 209 209 210 210 210 210 210 210 210 210 210 210 210 210 210 210 211 211 211 211 211 211 211 211 211 211 212 212 212 212 212 212 212 212 212 213 213 213 213 213 213 212 213 212 212 212 212 212 213 214 215 214 214 215 215 214 214 213 213 213 214 213 214 214 214 214 213 214 214 213 213 214 214 214 214 214 214 214 214 214 214 214 214 214 214 214 214 214 214 214 214 214 214 215 215 215 215 215 215 215 215 215 215 214 215 215 215 215 215 216 215 215 215 197 198 198 198 198 198 199 199 199 200 200 200 200 200 200 200 200 201 201 200 200 201 200 201 200 200 200 200 200 200 200 200 200 200 200 200 200 200 200 200 200 200 200 200 200 200 200 200 200 200 200 201 201 200 199 199 200 200 200 200 199 199 199 199 200 200 200 200 201 201 200 200 200 200 200 200 200 200 201 200 201 201 201 201 201 201 200 201 201 201 201 201 200 200 200 201 201 201 201 201 201 201 201 201 201 202 201 201 202 202 202 202 202 202 201 202 202 202 202 202 202 202 202 202 202 202 202 202 202 202 202 203 203 203 203 203 203 203 203 203 203 203 203 203 203 203 203 203 203 203 203 203 203 204 204 204 203 203 203 203 203 203 203 203 205 205 205 205 205 205 205 205 205 205 205 205 205 206 206 206 206 205 206 206 206 206 206 205 206 206 206 206 206 206 206 206 206 206 206 206 206 207 207 207 207 207 207 206 206 206 206 207 207 207 208 208 208 208 208 209 209 209 209 209 209 209 209 209 209 209 209 210 210 210 210 209 209 210 210 210 210 210 210 210 210 210 210 210 210 210 210 210 211 211 211 211 211 211 211 211 211 211 211 212 212 212 212 212 212 212 212 212 213 213 213 213 213 213 213 213 213 213 212 213 213 213 214 214 214 214 214 214 214 214 214 214 213 213 214 214 214 214 213 214 214 214 213 213 213 214 214 215 214 214 214 214 214 214 214 214 214 215 214 214 214 214 214 214 214 214 214 215 215 215 215 215 215 215 215 215 215 215 215 215 215 215 216 216 215 215 216 198 198 198 199 199 199 199 199 199 200 200 200 200 200 200 200 200 200 200 200 200 201 201 201 201 201 201 200 200 200 200 200 200 200 200 200 200 200 200 200 200 200 200 200 200 200 200 200 200 200 200 200 200 200 200 199 200 200 200 200 199 199 199 199 199 199 199 199 200 200 200 200 200 199 199 200 200 200 200 201 201 201 201 201 201 201 201 201 201 201 201 201 200 200 200 200 201 201 201 201 201 201 201 202 202 202 202 202 201 202 202 202 202 202 202 202 202 202 202 202 202 202 202 202 202 202 202 202 202 202 202 203 203 203 203 203 203 203 203 203 203 203 203 203 203 203 203 203 203 203 203 203 203 203 203 203 203 203 203 203 203 203 203 204 205 205 205 205 205 205 205 205 205 205 205 205 205 206 206 206 206 206 206 206 206 206 206 206 205 206 206 206 206 206 206 206 206 206 206 206 206 206 206 207 207 207 207 207 206 206 206 206 207 206 208 208 208 208 208 209 209 209 209 209 209 209 209 209 209 209 209 210 210 210 210 210 209 210 210 210 210 210 210 210 210 210 210 210 210 210 210 210 211 211 211 211 211 211 211 211 211 211 211 211 212 212 211 211 211 212 212 212 212 213 213 212 212 213 213 213 213 213 213 213 213 213 213 214 213 214 214 214 214 215 214 214 214 213 214 214 214 214 214 214 214 214 214 214 214 214 214 215 215 214 214 214 214 214 214 214 214 215 214 214 214 214 214 214 214 215 215 215 215 215 215 215 215 215 215 215 215 215 215 215 215 215 215 216 215 216 216 216 198 198 198 198 199 199 199 199 200 199 200 200 200 200 200 200 200 200 201 201 201 201 201 201 201 201 201 200 200 200 200 200 200 200 200 200 200 200 200 201 201 200 200 200 200 200 200 200 200 200 200 200 200 200 199 200 200 200 200 200 200 200 200 199 199 199 199 199 199 199 199 199 199 199 199 199 199 200 200 200 201 201 201 201 201 201 201 201 201 201 201 201 200 200 200 200 200 201 201 201 201 201 201 201 201 201 201 201 201 202 202 202 202 202 202 202 201 201 202 202 202 202 202 202 202 202 202 202 202 202 202 202 202 202 203 203 202 203 203 203 203 203 203 203 203 203 203 203 203 203 203 203 203 203 203 203 203 203 203 203 203 203 204 204 204 204 204 204 204 204 204 205 205 205 205 205 206 206 205 206 206 206 206 205 205 205 205 205 205 205 205 205 205 205 205 205 205 205 205 206 206 206 206 206 206 206 206 206 206 206 206 206 206 206 206 206 206 206 206 207 207 207 207 207 207 207 207 207 207 207 207 208 208 208 208 208 207 207 207 207 208 208 208 208 208 208 208 208 208 209 209 209 209 209 209 209 209 209 210 210 210 210 210 211 211 211 212 211 212 212 212 212 212 212 212 212 212 212 213 213 213 213 213 213 213 213 213 214 214 214 214 215 214 214 214 214 213 213 214 214 214 214 214 214 214 214 214 214 214 214 215 214 214 214 214 214 214 214 214 214 215 215 215 214 214 214 214 214 215 215 215 216 215 215 215 215 215 215 215 215 215 215 215 215 216 216 216 216 216 216 217 198 198 198 198 198 199 199 199 200 200 200 201 200 200 200 200 200 200 201 201 201 201 201 201 201 201 201 201 201 201 201 201 201 200 200 200 200 200 201 201 201 201 201 200 200 200 200 200 200 200 200 200 200 199 200 200 200 200 201 201 201 201 199 199 199 199 199 199 199 200 200 200 200 200 199 199 200 200 200 200 201 201 201 201 201 201 201 201 201 201 201 200 200 200 201 200 201 201 201 201 201 201 201 201 201 201 201 201 202 202 202 202 202 202 202 201 202 202 202 202 202 202 202 202 202 202 202 202 202 202 202 202 202 202 202 202 203 203 203 203 203 203 203 203 203 203 203 203 203 203 203 203 203 203 203 203 203 203 203 203 203 204 204 204 204 204 204 204 204 204 204 204 205 205 205 205 206 205 205 205 206 205 205 205 205 205 205 205 205 205 205 206 206 206 206 206 206 206 206 206 206 206 206 206 206 206 206 206 206 206 206 206 206 206 206 206 206 206 207 207 207 207 207 207 207 207 207 207 207 207 208 208 208 208 208 207 208 208 208 208 208 208 208 208 208 208 208 209 208 209 209 209 209 209 209 209 209 209 209 209 209 209 211 211 211 211 212 212 212 213 213 212 212 212 212 212 213 213 213 213 213 213 213 213 213 213 213 214 214 214 214 214 214 214 214 214 213 213 214 214 214 214 214 214 214 214 214 214 214 214 214 214 214 214 214 214 214 214 214 215 216 215 215 214 214 214 215 215 215 215 215 215 215 215 215 215 215 215 215 215 215 215 215 216 216 216 216 216 216 217 198 198 198 198 199 199 199 199 200 200 200 200 200 200 200 201 200 201 201 201 201 201 201 201 201 201 201 201 201 201 201 201 201 200 200 200 200 201 201 201 201 201 201 200 200 200 200 200 200 200 201 200 200 199 199 200 200 200 201 201 201 200 200 200 200 200 200 199 200 200 200 200 200 200 199 200 200 200 200 200 200 201 201 201 201 201 201 201 201 201 200 201 201 201 201 200 201 201 201 201 201 201 201 201 202 202 202 201 201 202 202 202 202 202 202 202 202 202 202 202 202 202 202 202 202 202 202 202 202 202 202 202 202 203 203 203 203 203 203 203 203 203 203 203 203 203 203 203 203 203 203 203 203 203 203 203 203 203 203 204 203 204 204 204 204 204 204 204 204 204 205 205 205 205 205 205 205 205 205 206 205 205 205 205 205 205 205 205 205 205 205 206 206 206 206 206 206 206 206 206 206 206 206 206 206 206 206 206 207 207 206 206 206 206 206 206 206 207 207 207 207 207 207 207 207 207 207 207 207 208 208 208 208 208 208 208 208 208 208 208 208 208 208 208 208 209 209 209 209 209 209 209 209 209 209 209 209 209 209 209 210 212 212 212 211 212 212 213 213 212 212 212 212 212 212 213 213 213 213 213 213 213 213 213 213 213 213 213 213 214 214 214 214 214 214 214 213 214 214 214 214 214 214 214 214 214 214 214 214 214 214 214 214 214 214 214 214 214 215 216 216 216 215 215 215 214 215 215 215 215 215 215 215 215 215 215 215 215 215 215 215 215 216 216 216 216 216 217 199 198 198 198 199 199 200 200 200 200 200 200 200 200 200 200 201 200 201 201 201 201 201 201 201 201 201 201 201 201 201 200 201 200 200 200 200 201 201 201 201 201 200 200 200 200 200 200 201 201 201 200 199 199 201 201 201 201 201 201 201 200 200 199 200 200 200 200 200 200 200 199 200 200 200 200 200 200 200 200 200 200 201 201 201 201 201 201 200 201 201 201 201 201 201 201 201 201 201 201 201 201 201 202 201 201 201 202 202 203 202 202 202 202 202 202 202 202 202 202 202 202 202 202 202 202 202 202 202 202 202 203 203 203 202 203 203 203 203 203 203 203 203 203 203 203 203 203 203 203 203 203 203 203 203 203 203 203 203 204 204 204 204 204 204 204 204 205 205 205 205 205 204 205 204 205 205 206 205 205 205 205 205 205 205 205 205 205 205 206 205 205 206 206 206 206 206 206 206 206 206 206 206 206 206 207 207 207 206 206 206 206 207 207 207 206 207 207 207 207 207 207 207 207 207 207 208 208 208 208 208 207 207 208 208 208 208 208 208 208 209 209 209 209 209 209 209 209 209 209 209 209 209 209 209 209 209 209 209 211 212 212 213 212 212 212 212 212 212 212 212 212 212 212 212 213 213 213 213 213 213 213 213 213 213 213 213 213 213 213 214 214 214 214 214 214 214 214 214 214 215 215 214 214 214 214 214 214 214 214 214 214 214 214 214 214 215 216 216 216 216 216 215 215 215 215 215 215 215 215 215 215 215 215 215 215 215 215 215 215 215 216 216 216 216 216 217 199 199 199 199 199 199 199 199 199 199 200 200 200 200 200 201 201 201 201 201 201 201 201 201 201 201 201 201 201 201 201 201 201 201 201 201 200 200 200 200 200 200 200 200 200 200 200 200 200 200 200 200 200 201 201 201 201 201 200 200 200 200 200 200 200 200 200 200 200 200 199 199 200 200 200 200 200 200 200 200 201 201 201 200 200 200 200 200 201 201 201 201 201 201 201 201 201 201 201 201 201 201 201 201 202 202 202 202 202 202 202 202 202 202 202 202 202 202 202 202 202 202 202 202 202 202 202 202 203 202 202 202 202 202 203 203 203 203 203 203 203 203 203 203 203 203 203 203 203 203 203 203 203 203 203 203 203 203 204 204 204 204 204 204 204 204 205 205 205 205 205 204 204 205 206 205 205 205 205 205 205 206 205 205 205 205 205 205 205 206 205 205 206 206 206 206 206 206 206 206 206 206 207 207 207 207 207 207 206 206 206 207 207 207 207 207 207 207 207 207 207 207 207 207 207 207 208 208 208 208 207 208 208 208 208 208 208 209 209 209 209 209 209 209 209 209 209 209 209 209 209 209 209 209 209 210 210 210 211 212 213 213 212 212 212 212 212 213 212 212 212 212 212 212 212 212 213 213 213 213 213 213 213 213 213 213 213 213 214 214 214 214 214 215 214 214 214 214 215 215 215 214 214 214 215 215 215 215 214 215 214 214 214 214 214 215 216 216 216 216 215 215 215 215 215 215 215 215 215 215 215 215 215 215 215 215 215 215 215 216 216 216 216 216 216 217 199 199 199 199 199 199 199 199 199 199 200 200 201 201 201 201 201 201 201 201 201 201 201 201 201 201 200 201 201 201 201 201 201 201 201 201 201 201 200 200 200 200 200 201 200 200 200 200 199 199 200 200 201 201 201 201 201 201 201 201 200 200 200 200 200 200 200 200 200 200 199 199 199 200 200 200 200 200 201 201 201 201 201 201 200 200 200 201 201 201 201 201 201 201 201 201 201 201 201 201 201 201 201 201 202 202 202 202 202 202 202 202 202 202 202 202 202 202 202 202 202 202 202 202 202 202 202 202 202 202 202 202 202 202 202 203 203 203 203 203 203 203 203 203 203 203 203 203 203 203 203 203 203 203 203 203 203 203 204 204 204 204 204 204 204 204 205 205 205 205 205 205 204 205 205 205 205 205 205 205 206 206 206 205 205 205 205 205 205 206 206 206 206 206 206 206 206 206 206 206 206 207 206 207 206 206 206 207 207 207 207 207 207 207 207 207 207 207 207 207 207 207 207 207 207 208 208 208 208 207 207 208 208 208 208 208 208 209 209 209 209 209 209 209 209 209 209 210 209 209 209 210 210 210 210 210 210 211 212 212 212 213 212 212 212 212 212 213 212 212 212 212 212 212 213 213 213 213 213 213 213 213 213 213 213 214 214 214 214 214 214 214 214 214 214 214 214 214 214 214 215 215 215 214 214 215 215 214 214 214 215 215 214 214 214 215 216 216 215 215 216 215 215 215 215 215 215 215 215 215 215 215 215 215 215 215 215 216 216 216 216 216 216 216 216 217 218 199 199 199 199 199 199 199 200 199 199 199 200 200 201 201 201 201 201 201 201 201 201 201 201 201 200 200 200 200 200 201 201 201 201 201 201 201 201 200 200 200 200 200 200 200 201 201 200 200 199 199 200 201 201 201 201 200 200 200 200 201 200 200 200 200 200 200 200 199 199 199 199 199 200 200 200 200 200 200 200 201 201 201 201 200 200 201 201 201 201 201 201 201 201 202 201 201 201 201 201 201 201 201 201 201 202 202 202 202 202 202 202 202 202 202 202 202 202 202 202 202 202 202 202 202 202 202 202 202 202 202 202 202 202 202 202 202 203 203 203 203 203 203 203 203 203 203 203 203 203 203 203 203 203 203 204 204 204 204 204 204 204 204 204 204 204 204 204 205 205 205 205 204 205 205 205 205 205 205 205 206 206 205 206 205 205 205 205 205 205 206 206 206 206 206 206 206 206 206 206 207 206 206 206 206 206 206 206 207 207 207 207 207 207 207 207 207 207 207 207 207 207 207 207 208 208 208 208 207 207 208 208 208 208 208 208 208 208 209 209 209 209 209 209 209 209 210 210 210 210 210 210 210 211 211 211 210 210 212 211 212 213 212 212 212 212 212 212 212 212 212 212 212 213 213 213 213 213 213 213 213 213 213 213 213 214 214 214 214 214 214 214 214 214 214 214 214 214 215 215 215 215 215 215 215 215 215 215 215 215 214 215 215 215 215 216 216 216 215 215 215 215 215 214 215 215 215 215 215 215 215 215 215 215 215 215 215 216 216 216 216 216 217 217 217 217 218 200 200 200 200 199 199 199 199 199 200 200 200 200 201 201 201 201 201 201 201 201 201 201 201 202 201 201 201 200 200 200 200 201 201 201 201 201 201 201 201 200 200 201 201 201 201 201 200 200 199 200 200 200 200 200 201 201 201 200 200 200 200 200 200 200 200 200 200 200 200 200 200 200 199 200 200 200 200 201 200 200 201 201 201 200 200 200 201 201 201 201 201 201 201 201 201 201 202 201 201 201 202 201 201 201 202 202 202 202 202 202 202 202 202 202 202 202 202 202 202 203 202 202 202 202 202 202 202 202 202 202 202 202 202 202 202 203 203 203 203 203 203 203 203 203 203 203 203 203 203 203 203 203 203 203 203 204 204 204 204 204 204 204 204 204 204 204 204 204 205 205 204 204 204 205 205 205 205 205 205 206 206 206 205 205 206 205 205 205 205 205 206 206 206 206 206 206 206 206 206 207 207 207 207 206 207 207 207 207 207 207 207 207 207 207 207 207 207 207 207 207 207 207 207 207 208 207 207 207 208 208 208 208 208 208 208 208 208 208 209 209 209 209 209 209 209 210 210 210 210 210 210 210 211 211 211 210 210 212 211 212 213 213 213 212 212 212 212 212 212 212 212 213 212 213 213 213 213 213 213 213 213 213 213 213 213 214 213 214 214 214 214 214 214 214 214 214 214 214 214 215 215 215 215 216 216 215 215 215 215 215 214 214 215 215 215 216 216 215 215 214 214 215 215 215 215 215 215 215 215 215 215 215 215 215 216 216 216 216 216 216 216 216 217 217 216 217 217 200 200 200 199 199 199 199 199 200 200 200 200 200 200 200 201 201 201 201 201 201 201 201 201 201 201 201 200 200 200 200 200 200 201 201 200 201 201 201 201 201 201 201 201 201 200 200 200 200 200 201 201 200 200 201 201 201 200 200 200 201 201 200 201 201 201 200 200 200 200 200 199 199 200 200 200 200 201 201 201 201 201 201 200 200 200 200 200 201 201 201 201 201 202 202 202 202 202 201 201 202 202 202 201 202 202 202 202 202 202 201 201 201 201 201 201 201 201 202 202 202 202 202 202 202 202 202 202 202 202 202 202 202 202 202 203 202 203 203 202 203 203 203 203 203 203 203 203 203 203 203 203 203 203 203 203 204 204 204 204 204 204 204 204 204 204 204 204 204 205 205 205 204 204 204 205 205 205 205 206 205 205 205 205 205 206 206 206 206 205 205 206 206 206 206 206 206 206 206 206 207 207 207 207 207 207 207 207 207 207 207 207 207 207 207 207 207 207 207 207 207 207 207 207 207 207 207 207 208 208 208 208 208 208 208 208 208 209 209 209 209 209 209 209 210 210 210 210 210 210 210 210 210 210 210 210 210 212 212 212 212 212 213 213 212 213 212 212 212 212 212 212 212 212 213 213 213 213 213 213 213 213 213 213 214 214 213 213 213 214 214 214 214 214 214 214 214 214 214 215 214 214 215 215 215 215 214 214 215 215 215 215 215 215 215 215 216 215 215 215 215 215 215 215 215 215 215 215 215 215 215 215 215 215 216 216 216 216 216 216 216 216 216 216 216 216 217 217 200 200 200 200 200 199 199 199 200 200 201 200 201 201 201 201 201 201 201 201 201 201 201 201 201 201 202 201 201 200 201 201 200 200 200 200 200 200 201 201 201 201 201 201 201 201 201 200 199 200 200 200 201 201 201 201 201 200 200 200 200 200 200 200 201 201 200 200 200 199 199 199 199 200 200 200 200 200 201 201 201 201 201 200 201 201 201 201 201 201 201 202 202 202 202 202 202 202 202 202 202 202 201 202 202 202 203 203 202 201 201 202 202 202 202 202 202 201 202 201 201 202 202 202 202 202 202 202 202 202 202 202 202 202 202 202 202 202 202 202 203 203 203 203 203 203 203 203 203 203 203 203 203 203 203 203 203 204 204 204 204 204 204 204 204 204 204 204 204 205 205 205 205 205 204 204 204 205 205 205 205 205 205 205 205 205 206 206 206 206 206 206 206 206 206 206 206 206 206 206 206 207 207 207 207 207 207 207 207 207 207 207 207 207 207 207 207 207 207 207 207 207 207 207 207 207 207 207 208 208 208 208 208 207 208 208 208 208 209 209 209 209 209 209 210 210 210 210 210 210 210 210 210 210 210 210 210 212 212 212 212 213 212 212 212 213 213 212 212 212 212 212 213 213 213 213 213 213 213 213 213 213 213 213 214 213 213 214 214 214 214 214 214 214 214 214 214 214 214 214 214 215 215 215 215 215 214 214 214 214 214 215 215 215 215 215 215 215 215 215 215 215 215 215 215 215 215 215 215 215 215 215 216 216 215 216 216 216 216 216 216 216 216 216 216 217 217 217 217 217 200 200 200 200 199 199 199 200 200 200 200 201 201 201 201 201 201 201 201 201 201 201 201 201 201 202 202 201 200 201 201 200 201 201 200 200 200 200 201 201 201 201 201 201 200 200 199 200 200 200 200 201 201 201 201 201 200 200 201 201 200 200 199 200 200 200 199 199 199 199 199 200 200 200 200 200 200 201 201 201 201 201 201 201 201 201 201 201 201 201 201 201 202 202 202 202 202 202 202 202 202 202 202 202 202 202 202 201 201 202 203 203 203 202 202 202 202 201 201 201 201 202 202 202 201 201 202 201 202 203 203 202 202 202 202 203 203 203 202 202 203 203 203 203 203 203 203 203 203 203 203 203 203 203 203 203 204 204 204 204 204 204 204 204 204 204 204 204 204 204 205 205 205 205 205 205 205 205 205 205 205 205 205 205 205 206 206 206 206 206 206 206 206 206 206 206 206 206 206 206 207 207 207 207 207 207 207 207 207 207 207 207 207 207 207 207 207 207 207 207 207 207 207 207 207 207 207 208 208 208 208 208 207 207 208 208 208 209 209 209 209 209 209 209 210 210 210 210 210 210 210 210 210 210 210 210 212 212 212 212 213 212 212 213 213 213 212 212 212 212 212 212 213 213 213 213 213 213 213 213 213 213 213 213 213 213 214 214 214 214 214 214 214 214 214 214 214 214 214 215 215 215 216 215 215 215 214 214 214 215 215 215 215 215 215 215 215 215 215 215 215 215 215 215 215 215 215 215 215 215 215 215 216 216 216 215 216 216 216 216 216 216 216 216 216 216 217 216 217 217 199 199 199 200 200 200 199 199 199 199 199 200 200 201 201 201 201 201 201 201 201 201 201 201 201 201 201 202 202 201 201 201 200 201 201 200 200 200 200 200 201 200 201 201 201 200 200 200 201 201 201 201 201 201 201 201 201 200 201 201 200 200 200 200 200 199 200 200 200 200 199 199 199 200 200 201 200 201 201 201 201 201 201 202 202 202 202 201 201 201 201 201 201 201 202 202 202 202 202 202 202 202 202 202 202 202 202 202 202 201 202 202 202 203 202 202 202 201 201 201 201 201 201 201 201 202 202 202 202 202 202 203 203 203 202 202 203 203 203 203 202 203 203 203 203 203 203 203 203 203 203 203 203 203 203 203 203 204 204 204 204 204 204 204 205 205 204 204 204 204 205 205 205 205 205 205 205 205 205 205 205 205 205 205 205 205 206 206 206 206 206 206 206 206 206 206 206 206 206 206 206 206 207 207 207 207 207 207 207 207 207 207 207 207 207 207 207 207 207 207 207 207 207 207 207 207 207 207 207 208 208 208 207 208 208 208 208 209 209 209 209 209 209 209 209 209 210 210 210 210 210 210 210 210 210 210 210 212 212 212 212 212 212 212 212 212 212 212 212 212 212 212 212 212 213 213 213 213 213 213 213 213 213 213 213 213 213 213 213 213 214 214 214 214 214 214 214 214 215 214 215 215 215 215 215 215 214 214 215 215 215 215 215 215 215 215 215 215 215 215 215 215 215 215 215 215 215 215 215 215 215 215 215 215 216 216 216 216 216 216 216 216 216 216 216 216 216 216 217 217 217 217 217 218 218 199 199 198 199 199 200 200 200 199 199 199 199 200 200 201 200 200 200 201 202 201 201 201 201 201 201 201 201 201 202 202 202 201 201 201 201 201 201 200 200 200 200 200 200 200 200 200 200 200 201 201 201 201 201 201 201 201 201 200 200 201 200 200 201 201 200 199 200 200 201 201 200 199 199 199 200 200 200 200 201 201 201 201 201 201 201 201 202 202 202 201 201 202 202 202 202 202 202 202 202 202 203 203 203 203 203 202 203 203 202 202 202 202 202 203 203 203 202 202 201 201 202 202 201 201 202 202 201 202 202 202 202 203 203 203 202 202 203 203 204 203 203 203 203 204 203 203 204 203 203 203 203 203 203 203 203 203 203 204 204 204 204 204 204 204 204 205 205 205 204 204 204 205 205 205 205 205 205 205 205 205 205 205 205 205 205 205 206 206 206 206 206 206 206 206 206 206 206 206 206 206 206 206 207 207 207 207 207 207 207 207 207 207 207 207 208 208 208 208 208 208 207 207 207 207 207 208 208 207 208 207 207 207 208 208 208 208 208 209 209 209 209 209 209 209 209 210 210 210 210 210 210 210 210 210 210 210 210 212 212 212 212 212 212 213 213 213 212 213 213 212 212 212 212 212 212 212 212 212 212 213 212 212 212 213 213 213 213 213 213 213 213 214 214 214 214 214 214 215 214 214 215 215 215 215 215 215 215 215 215 215 215 215 215 215 215 215 215 216 215 215 215 215 215 215 215 215 215 215 215 215 215 215 215 216 216 216 216 216 216 216 217 216 216 216 216 216 216 216 216 216 217 217 217 217 218 197 198 198 198 199 199 200 200 200 200 199 200 200 200 201 201 201 200 200 200 200 200 201 201 201 201 201 201 201 202 201 202 202 202 201 201 201 201 202 202 201 201 201 201 201 201 201 201 200 200 200 201 201 201 201 201 201 202 202 201 201 200 200 200 200 200 200 199 200 200 200 200 200 200 199 199 199 200 200 200 201 201 200 201 201 201 201 201 202 202 202 202 201 202 202 202 202 202 202 202 202 202 202 202 203 203 203 203 203 203 202 202 203 203 203 203 203 204 203 202 202 201 201 201 201 201 202 202 202 202 202 202 203 203 203 203 203 203 203 203 203 203 203 203 203 203 203 204 204 204 203 203 203 203 203 203 203 203 203 204 204 204 204 204 204 204 204 204 205 205 204 204 204 204 204 204 205 205 205 205 205 205 205 205 205 205 205 205 206 206 206 206 206 206 206 206 206 206 206 206 206 206 206 206 207 207 207 207 207 207 207 207 207 207 207 207 207 207 207 207 207 208 207 207 207 207 208 208 208 208 208 208 208 208 208 208 208 208 208 209 209 209 209 209 209 209 209 209 210 210 210 210 210 210 210 210 210 210 210 212 212 212 212 212 212 212 212 213 213 213 213 213 213 212 212 212 212 212 212 212 212 212 212 212 213 212 212 213 213 213 213 213 213 213 213 213 213 214 214 214 214 214 215 214 215 215 215 215 215 215 215 215 215 215 215 215 215 215 215 215 215 215 215 215 215 215 216 215 215 215 215 215 215 215 215 215 216 216 216 216 216 216 216 217 217 217 217 216 216 216 216 216 216 216 217 217 217 218 197 198 197 198 198 198 199 198 199 199 199 199 199 199 199 200 200 200 201 201 201 200 200 200 200 200 201 201 201 201 201 201 201 201 201 201 201 201 201 201 201 202 201 201 201 202 202 202 202 201 201 200 201 201 201 201 200 201 201 202 202 201 201 201 201 200 200 200 200 200 200 200 199 199 199 199 200 200 200 200 200 200 201 200 200 200 201 201 202 201 201 202 201 202 202 202 201 202 202 202 203 203 202 203 203 203 202 203 204 203 202 202 202 202 203 203 204 203 204 203 203 203 202 202 201 201 201 201 202 203 203 203 203 203 203 203 203 203 203 204 203 203 203 203 203 203 203 204 204 204 204 204 203 203 203 203 203 203 203 203 203 204 204 204 204 204 204 204 204 204 204 204 204 204 205 205 204 204 204 204 205 205 205 205 205 205 205 205 205 205 205 206 206 206 206 206 206 206 206 206 206 206 206 206 206 206 206 207 207 207 207 207 207 207 207 207 207 207 207 207 207 207 207 207 207 207 207 208 208 208 208 208 208 208 208 209 208 208 208 208 208 208 209 209 209 209 209 209 209 210 210 210 210 210 210 210 210 210 210 210 210 212 212 212 212 212 212 212 212 212 213 213 213 213 213 213 212 212 213 213 213 213 213 213 213 213 213 213 213 213 213 213 213 213 213 213 213 213 213 213 214 214 214 214 214 215 215 214 214 215 215 215 215 215 215 215 215 215 215 215 215 215 215 215 215 215 215 215 216 216 215 215 215 215 215 215 215 215 215 216 216 216 216 216 216 216 216 217 217 218 217 217 217 217 217 216 216 217 217 197 198 198 198 198 198 198 197 197 198 198 198 199 198 199 199 200 200 200 200 201 200 200 200 200 200 200 201 201 201 201 201 202 202 202 201 201 200 200 201 201 201 200 201 201 201 201 201 201 201 201 200 201 201 202 201 201 201 200 201 201 201 201 201 201 200 200 201 201 201 200 199 199 199 200 200 200 200 200 200 200 200 200 200 201 201 201 201 201 201 201 201 201 202 202 201 202 202 202 202 202 202 203 203 203 203 203 203 204 203 203 202 202 202 202 203 203 204 203 203 202 202 202 202 202 201 201 201 202 202 202 202 203 204 204 204 203 203 203 203 203 203 203 203 203 203 203 203 204 204 204 204 204 203 203 203 203 203 203 203 203 204 204 204 204 204 204 204 204 204 204 204 204 205 205 205 205 205 204 204 205 205 205 205 205 205 205 205 205 206 206 206 206 206 206 206 206 206 206 206 206 206 206 206 206 206 206 207 207 207 207 207 207 207 207 207 207 207 207 207 207 207 207 207 207 207 207 208 208 208 208 209 209 209 209 209 208 208 208 208 208 208 209 209 209 209 209 209 209 210 210 210 210 210 210 210 210 210 210 210 210 212 212 212 212 212 212 213 212 212 212 213 213 213 213 212 212 212 213 214 213 213 213 212 213 213 213 214 214 213 213 213 213 213 213 213 213 214 214 215 215 215 214 214 214 214 214 214 215 215 215 215 215 214 214 215 215 215 215 215 215 215 215 215 215 215 215 216 216 216 215 215 215 215 215 215 216 216 216 216 216 216 217 217 216 216 216 216 217 217 218 218 218 217 217 217 216 217 217 197 198 198 198 198 198 199 198 198 197 197 197 198 199 199 199 200 200 200 200 200 200 200 200 200 200 201 201 201 201 202 202 202 202 202 201 201 201 201 202 201 201 201 201 201 201 200 200 200 200 200 200 201 201 201 201 201 201 201 201 200 201 201 200 200 200 200 201 200 200 199 199 200 200 200 200 200 200 200 200 200 200 200 200 201 201 201 201 200 201 201 202 202 202 202 202 202 202 202 202 202 202 202 202 203 203 204 203 203 203 202 202 202 202 202 203 203 204 203 202 202 202 202 202 201 201 201 202 202 202 202 202 203 204 204 203 202 202 203 202 203 203 203 203 203 203 204 204 204 204 204 204 204 204 203 203 203 203 203 203 204 204 204 204 204 204 204 204 204 204 205 205 205 205 205 205 205 205 205 205 205 205 205 205 205 205 205 206 206 206 206 206 206 206 206 206 206 206 206 206 206 206 206 206 206 206 206 207 206 207 207 207 207 207 207 207 207 207 207 207 208 208 208 207 207 208 208 208 208 208 208 209 209 209 208 208 208 208 208 208 208 208 208 209 209 209 209 209 210 210 210 210 210 210 210 210 210 210 210 210 212 212 212 212 212 212 213 213 212 212 213 213 213 213 213 212 212 213 214 213 213 213 213 213 213 213 214 214 214 214 214 214 214 214 214 215 215 215 215 215 215 215 214 214 214 214 214 215 215 215 216 215 215 214 214 215 215 215 215 215 215 215 215 215 215 215 215 216 216 215 215 215 215 215 215 215 216 216 216 216 217 217 217 217 216 217 217 217 217 217 218 218 218 217 217 217 217 217 217 198 197 196 197 198 198 198 198 198 199 199 199 199 198 198 198 198 197 198 199 200 200 200 200 200 200 199 200 201 201 201 201 201 201 201 202 202 202 202 201 201 201 202 202 202 201 202 202 202 201 201 201 201 202 201 201 201 201 201 202 202 202 202 202 201 201 202 202 201 201 201 201 200 200 200 200 201 201 201 201 201 200 200 200 200 200 200 200 200 200 200 201 201 201 201 202 202 201 202 202 202 202 202 202 202 202 203 202 203 203 204 203 203 203 202 203 202 203 202 202 203 203 203 202 202 202 201 202 202 202 201 201 202 202 202 203 204 204 204 204 203 203 203 203 203 203 203 203 203 203 203 203 203 204 204 204 204 204 203 203 203 203 203 203 204 204 204 204 204 204 204 204 204 205 205 205 205 205 205 205 205 205 205 205 205 205 205 205 205 205 205 206 206 206 206 206 206 206 206 206 206 206 206 206 206 207 207 207 207 206 206 206 206 206 207 207 207 207 207 207 207 207 208 208 208 208 208 208 208 208 208 208 208 208 208 208 209 209 209 208 208 208 208 208 208 209 209 209 209 209 209 209 210 210 210 210 210 210 210 210 210 210 210 211 212 212 212 212 212 212 213 213 213 213 213 213 213 213 213 213 213 213 213 214 213 213 214 214 214 214 214 214 215 215 215 215 215 215 215 215 215 215 215 215 215 215 215 214 214 214 215 215 215 215 216 216 215 215 215 215 215 215 215 215 215 215 215 215 215 215 215 216 216 216 215 215 215 215 216 216 216 216 216 216 216 216 217 217 217 217 217 217 217 217 218 218 218 218 218 217 218 218 218 199 199 198 197 197 196 196 197 197 198 198 198 198 199 199 200 199 199 199 199 198 198 198 199 199 200 200 200 200 200 200 200 201 201 201 201 201 201 201 201 201 202 202 202 202 201 201 201 201 201 202 202 202 202 202 202 202 202 202 201 201 201 202 202 202 202 202 201 201 201 202 202 201 201 201 201 201 201 201 201 200 200 200 200 200 200 201 201 200 201 201 200 200 200 200 201 201 201 202 202 201 202 202 202 201 201 202 202 202 202 203 203 204 204 204 204 204 204 204 204 203 203 203 203 204 203 202 203 202 202 201 201 202 202 201 201 202 202 203 204 204 203 203 204 204 204 204 204 203 203 203 203 203 203 203 204 204 204 204 204 204 203 203 204 204 203 203 204 204 204 204 204 204 204 204 205 205 205 205 205 204 205 205 205 205 205 205 205 205 205 205 205 205 205 205 206 206 206 206 206 206 206 206 206 206 206 207 207 207 207 207 207 207 207 207 207 207 207 207 207 207 207 207 207 208 208 208 208 208 208 208 208 208 208 208 208 208 208 208 209 209 209 209 209 209 208 209 209 209 209 210 209 209 209 209 210 210 210 210 210 210 210 210 210 210 210 210 212 212 212 212 212 212 213 213 213 213 213 213 214 214 214 213 213 213 213 214 214 214 214 215 214 214 214 215 215 215 215 215 216 216 216 216 216 216 215 215 215 215 215 215 214 215 215 215 215 215 215 215 215 214 214 215 215 215 215 215 215 215 215 215 216 216 215 215 216 216 215 215 215 216 216 216 216 216 216 216 217 217 217 217 217 217 217 217 217 217 217 217 218 218 218 219 218 219 219 198 198 198 198 199 199 199 199 199 199 199 198 197 197 197 197 196 196 197 197 197 198 198 198 199 199 199 199 200 200 199 199 199 198 199 200 200 199 200 200 200 201 201 200 200 201 201 201 201 201 201 202 202 202 202 201 201 201 201 202 201 201 201 202 202 202 202 201 202 202 201 201 201 202 202 203 203 202 201 201 201 201 201 202 202 201 201 200 200 200 200 200 200 200 201 201 200 200 200 201 201 201 201 200 200 201 201 201 202 202 201 202 202 202 202 202 202 202 202 202 203 203 203 204 204 204 204 205 205 204 204 204 204 204 204 203 203 204 203 202 202 202 202 202 202 202 201 202 203 203 203 203 203 203 203 203 204 203 203 203 203 203 203 203 203 204 204 204 204 204 205 204 205 204 203 203 203 204 204 204 204 204 204 204 204 204 205 205 205 205 204 205 205 205 205 205 205 205 205 205 205 205 205 205 205 205 206 206 206 206 206 206 206 206 206 206 206 207 207 207 207 207 207 207 207 207 207 207 207 207 207 207 207 207 207 208 208 208 208 208 208 208 208 208 208 208 208 208 208 208 208 209 209 209 209 209 209 209 209 209 210 210 209 209 209 209 210 210 210 210 210 210 210 210 210 210 210 212 212 212 212 212 212 213 213 213 213 214 213 213 214 214 214 213 213 213 214 215 215 215 215 215 215 214 214 214 214 215 215 215 216 216 215 216 216 216 215 215 215 216 215 215 215 215 215 215 215 215 215 215 215 215 215 215 215 215 215 215 215 215 215 215 216 216 216 215 216 215 215 216 216 216 216 216 216 216 217 217 217 217 217 217 217 217 218 217 217 217 218 218 218 218 218 218 218 219 198 198 198 198 199 199 198 198 197 198 197 197 197 197 197 197 197 197 198 199 198 198 197 197 197 198 198 198 198 199 199 200 200 200 199 199 199 199 199 199 199 200 200 200 200 200 200 200 200 201 201 201 201 201 202 202 202 202 202 201 201 202 202 202 202 201 201 201 201 201 201 201 201 201 201 201 201 202 202 202 202 202 202 201 201 201 201 202 202 201 201 201 201 200 200 200 201 201 201 201 201 201 201 201 201 201 200 200 200 201 202 202 202 201 202 202 202 203 203 203 203 202 203 203 203 203 203 204 204 205 205 205 205 205 205 205 205 204 203 204 204 203 202 202 202 202 202 202 201 202 201 202 202 202 202 202 202 202 203 204 204 204 204 203 204 204 203 203 204 204 204 204 205 205 205 205 204 204 204 204 204 204 204 205 204 204 204 204 204 205 205 204 204 204 204 205 205 205 206 205 205 205 205 205 205 205 205 205 205 206 206 206 206 206 206 206 206 206 206 206 206 207 207 207 207 207 207 207 207 207 207 207 207 207 207 207 207 207 208 208 208 208 208 208 208 208 208 208 208 208 208 208 208 208 209 209 209 209 208 209 209 209 209 209 210 210 209 209 209 209 210 210 210 210 210 210 210 210 210 210 212 212 212 212 212 212 213 212 213 213 213 213 213 213 213 213 213 213 213 214 214 214 214 214 215 215 215 214 214 214 214 214 215 215 215 215 215 215 215 216 216 216 216 216 215 215 215 215 215 215 215 215 215 215 215 214 215 215 215 215 216 216 216 216 216 215 216 216 216 216 216 216 216 216 216 216 216 216 216 216 216 216 217 217 217 218 218 218 218 217 217 217 217 217 218 218 218 218 219 199 198 198 198 199 199 199 198 197 197 197 198 197 197 198 198 197 197 197 197 197 198 198 198 198 199 200 200 199 198 198 197 197 198 198 198 198 198 198 198 200 200 200 200 200 199 200 199 199 200 200 200 200 200 200 200 200 201 201 201 201 201 201 202 202 202 202 202 202 202 202 202 202 202 202 201 201 201 201 201 201 202 202 202 202 202 202 202 203 202 202 202 202 202 202 201 202 202 201 201 200 200 200 201 201 201 201 201 201 201 201 201 201 201 201 201 201 200 200 201 201 201 201 201 201 201 202 202 202 203 203 203 204 204 203 204 204 204 204 204 204 204 204 204 204 205 204 204 204 204 203 202 202 202 202 202 202 202 202 201 201 201 201 202 203 202 202 203 204 204 204 203 203 203 204 204 203 204 204 204 204 204 204 205 205 205 205 205 205 205 205 205 205 205 205 204 204 205 205 205 205 205 205 204 204 205 205 205 205 205 205 205 205 205 206 206 206 206 206 206 206 206 206 206 206 206 206 206 206 206 206 206 206 207 207 207 207 207 207 207 207 207 207 207 207 207 207 208 208 208 208 208 208 208 208 208 208 208 208 208 208 208 209 209 209 209 208 208 208 209 209 209 209 209 210 210 210 210 209 210 210 210 210 210 210 211 211 211 210 212 212 212 212 212 212 212 212 213 213 213 213 213 213 213 213 213 214 213 213 214 214 214 214 214 214 215 215 215 214 214 215 215 215 215 215 215 215 215 215 216 216 216 216 215 215 215 215 216 216 215 216 215 215 215 215 215 215 215 215 215 215 215 215 215 216 216 215 216 216 215 215 215 216 216 216 216 216 216 216 216 217 217 217 217 218 217 218 218 218 218 217 218 218 218 218 219 219 219 199 198 198 199 199 199 198 198 198 198 198 198 198 198 199 198 198 197 197 197 198 198 198 198 198 199 199 199 198 198 198 197 197 198 198 198 198 198 198 199 199 199 199 199 200 200 200 200 200 200 200 200 200 200 200 201 201 201 201 201 201 201 201 201 201 201 202 202 202 202 202 202 202 202 202 202 202 202 202 203 203 202 202 202 201 202 202 202 202 202 202 202 202 201 200 201 201 201 201 200 200 201 201 202 201 201 200 201 202 202 202 202 201 201 202 201 201 201 201 201 201 201 202 202 203 202 202 202 202 203 203 204 204 203 203 204 204 204 204 204 204 203 203 203 204 205 205 205 204 203 202 202 202 202 202 202 202 202 202 202 201 201 201 202 202 203 203 203 203 203 203 203 204 204 204 204 204 204 204 204 205 205 204 205 205 205 205 206 206 206 206 206 206 206 205 205 205 205 205 205 205 205 205 205 205 205 205 205 205 205 205 205 205 205 205 205 206 206 206 206 206 206 206 206 206 206 206 206 206 206 206 207 207 207 207 207 207 207 207 207 207 207 207 207 207 208 208 208 208 208 208 208 208 208 208 208 208 209 209 209 209 209 209 209 209 209 208 209 209 209 209 209 209 210 210 210 210 210 210 210 210 210 210 210 211 211 211 211 212 212 212 212 212 212 212 212 213 213 213 213 213 213 213 213 213 213 213 213 213 214 214 214 214 214 214 215 215 214 215 215 215 215 215 215 216 216 215 215 215 215 216 216 216 215 215 215 215 215 215 216 216 216 215 215 215 215 215 215 215 215 215 215 215 215 215 215 215 215 215 216 215 215 216 216 216 216 216 216 216 216 217 217 217 217 217 217 217 218 218 218 218 218 218 218 218 219 219 199 198 199 199 199 200 199 199 198 199 198 199 199 199 199 198 198 197 197 197 197 197 197 198 198 198 198 198 198 198 198 198 197 198 198 198 198 198 199 199 199 199 199 199 200 200 200 200 200 200 200 200 200 200 201 201 201 202 202 201 201 201 201 201 201 201 202 202 202 202 202 202 202 202 202 202 203 202 202 203 202 203 202 202 202 203 203 202 202 202 202 201 201 200 200 201 201 201 200 201 201 202 202 201 201 201 201 202 201 201 201 201 201 201 201 202 201 201 201 202 202 202 202 203 203 202 203 203 203 203 203 204 203 203 204 204 204 204 204 204 203 203 203 203 204 204 205 205 204 203 203 203 203 202 202 203 203 202 202 202 201 201 201 202 203 204 203 203 203 203 204 204 204 204 204 204 204 204 205 205 205 205 205 205 205 205 206 206 207 206 207 207 206 206 206 206 205 206 206 205 205 205 204 205 205 205 205 205 205 205 206 205 205 205 206 206 206 206 206 206 206 206 206 206 206 206 206 206 206 207 207 207 207 207 207 207 207 207 207 207 207 207 208 207 208 208 208 208 208 208 208 208 208 208 208 208 208 209 209 209 209 209 209 209 209 208 209 209 209 209 209 209 210 210 210 210 210 210 210 210 210 210 210 210 211 211 211 212 212 212 212 212 212 212 212 212 213 213 213 213 213 213 213 213 213 213 213 214 214 214 214 214 214 214 215 215 214 215 215 215 215 215 215 215 216 215 215 215 215 216 216 216 216 216 216 216 216 216 216 216 216 216 215 215 215 215 215 215 215 215 215 215 215 215 215 215 215 216 216 216 216 215 216 216 216 216 216 216 217 217 217 217 217 217 217 217 218 218 218 218 219 219 218 218 218 219 199 199 199 199 200 200 200 200 199 199 199 199 200 199 199 198 198 197 197 197 198 198 198 198 198 198 198 199 198 198 198 197 198 197 197 198 198 198 199 199 199 199 198 199 199 200 200 200 201 201 201 200 200 199 200 200 201 201 201 201 202 201 201 201 201 201 201 202 201 202 202 202 202 202 202 202 202 203 202 202 202 202 202 202 202 203 203 203 203 203 203 203 203 201 201 200 200 201 201 201 201 201 202 202 201 202 202 201 201 201 201 202 202 201 201 201 202 201 200 201 201 202 202 203 203 203 203 203 203 203 203 203 203 203 203 203 203 204 204 204 204 203 203 203 203 203 203 203 204 204 204 204 204 204 203 203 203 203 203 202 202 201 201 202 203 203 204 204 203 204 204 204 204 204 204 204 204 205 205 205 205 205 205 205 205 206 206 206 206 206 206 206 206 206 206 207 207 206 206 206 205 205 205 205 205 205 205 206 205 206 205 205 205 205 205 205 206 206 206 206 206 206 206 206 206 206 206 206 206 207 207 207 207 207 207 207 207 207 207 207 207 207 208 208 208 208 208 208 208 208 208 208 208 208 208 208 208 209 209 209 209 209 209 209 209 209 208 209 209 209 209 209 209 210 210 210 210 210 210 210 210 210 210 210 210 211 211 211 212 212 212 213 212 212 213 213 213 213 213 213 213 213 213 213 213 213 213 213 214 214 214 214 214 214 214 214 215 214 215 215 215 215 215 215 215 215 215 215 215 216 216 216 216 216 216 216 216 216 216 216 216 216 216 216 215 215 215 215 214 214 215 215 215 215 215 215 215 215 216 216 216 216 215 216 216 216 216 216 217 217 217 216 217 217 217 217 217 217 217 218 218 218 218 218 218 218 219 219 199 199 199 200 200 200 199 199 198 198 198 199 200 199 199 198 198 197 197 198 199 198 198 199 198 198 199 199 199 199 198 198 198 198 198 197 197 197 197 198 198 200 200 199 198 199 199 199 200 200 200 201 201 201 200 200 200 200 201 201 201 201 201 201 201 201 201 201 202 202 202 202 202 202 202 202 202 202 202 203 203 203 203 202 202 202 202 202 202 202 202 203 203 202 202 201 201 201 201 201 201 201 202 202 202 202 202 202 202 202 202 201 201 201 202 201 201 201 201 201 201 201 201 201 202 202 202 203 203 204 204 204 204 204 204 204 203 202 203 204 204 204 204 204 204 204 203 202 202 203 203 203 203 204 205 204 204 204 203 202 202 202 201 201 202 202 202 202 203 204 204 204 204 205 205 205 205 205 205 205 205 205 205 206 206 206 206 206 206 206 207 207 207 206 206 206 207 206 207 207 206 206 205 205 206 206 205 205 205 205 206 206 206 206 206 206 206 206 206 206 206 206 206 206 206 206 206 206 206 207 207 207 207 207 207 207 207 207 207 207 207 207 207 207 208 208 208 208 208 208 208 208 208 208 208 208 208 208 208 208 209 209 209 209 209 209 209 209 208 209 209 209 209 209 209 210 210 210 210 210 210 210 210 210 210 210 210 210 211 211 212 213 212 212 212 212 213 213 213 212 213 213 213 213 213 213 213 213 213 213 213 213 214 214 214 214 214 214 215 215 215 215 215 215 215 215 215 215 215 215 215 216 216 215 216 216 215 215 215 215 215 216 215 216 216 215 215 215 215 215 214 215 215 215 215 216 216 215 215 216 216 216 216 215 216 216 216 216 216 216 216 216 216 217 217 217 217 217 217 217 217 217 217 218 217 218 218 218 218 218 199 199 199 199 199 199 200 199 198 198 198 198 198 199 199 198 198 197 197 198 199 199 198 198 199 199 198 198 199 199 199 199 198 199 198 198 197 197 197 197 198 198 198 199 198 198 199 199 199 199 199 200 200 200 200 200 200 200 200 201 201 201 201 201 201 201 201 201 202 202 202 202 202 202 202 202 202 202 202 202 202 203 203 203 203 202 202 202 203 203 203 202 202 202 202 201 201 201 201 202 201 201 202 202 202 202 202 202 202 201 201 201 201 200 201 201 201 201 201 201 201 202 202 201 201 201 201 202 203 203 203 203 203 204 204 204 204 203 202 202 203 203 203 204 203 203 203 203 203 202 203 203 202 203 203 204 204 204 204 203 203 202 202 201 201 202 202 203 203 203 204 205 205 205 205 204 205 205 205 205 205 206 206 206 206 206 206 205 205 205 205 206 207 207 206 206 206 207 206 207 207 207 207 207 206 206 206 206 205 205 205 206 206 206 206 206 206 206 206 205 206 206 206 206 206 206 206 206 206 207 207 207 207 206 206 206 207 207 207 207 207 207 207 207 207 208 208 208 207 207 207 208 208 208 208 208 208 208 208 208 208 208 209 209 209 209 209 209 209 209 209 209 209 209 209 210 210 210 210 210 210 210 210 210 210 210 210 210 210 210 211 212 212 213 213 213 213 213 213 212 213 213 213 213 213 213 213 213 213 213 213 213 213 213 213 214 214 214 214 214 214 215 215 214 214 214 214 215 215 215 215 215 215 215 215 215 215 215 215 215 215 215 215 215 215 216 216 216 215 215 215 215 215 215 215 215 216 215 215 215 215 216 216 216 216 215 216 216 216 216 216 217 217 217 217 216 216 216 216 216 217 217 217 217 217 217 218 218 218 218 219 200 200 200 200 200 199 199 200 199 199 199 199 198 198 198 198 198 197 197 197 198 199 199 198 198 199 200 200 199 199 200 200 199 199 199 198 198 198 198 198 197 197 198 198 198 199 200 200 200 200 200 199 199 199 199 200 200 200 200 200 200 200 201 201 202 201 201 201 201 201 202 202 202 202 202 202 202 202 201 202 202 202 202 203 203 203 203 203 203 203 204 204 203 202 202 202 201 201 201 201 201 202 201 202 203 202 202 201 201 201 201 201 200 201 201 201 201 201 201 201 201 201 202 202 202 201 202 201 202 203 203 203 203 203 203 204 204 204 203 203 203 202 202 202 203 203 202 202 202 202 202 202 203 202 202 203 203 203 204 204 204 204 203 202 201 201 202 202 203 204 204 204 205 205 204 204 204 205 205 204 204 205 205 205 206 207 206 205 205 205 205 205 206 206 206 206 206 206 206 206 207 207 207 207 206 206 206 207 206 206 206 206 206 206 207 206 206 206 206 206 206 206 206 206 206 206 206 206 206 206 206 206 206 206 206 206 207 207 207 207 207 207 207 207 207 208 208 208 207 207 207 208 208 208 208 208 208 208 209 209 208 209 209 209 209 209 209 209 209 209 209 209 209 209 209 209 209 210 210 210 210 210 210 210 210 210 210 211 210 210 210 210 212 212 213 213 213 213 213 213 213 213 213 213 213 213 213 213 213 213 213 213 213 213 213 213 214 214 214 214 214 215 214 215 214 215 215 215 215 215 215 216 215 215 215 215 215 215 215 215 215 215 215 215 216 215 216 216 215 215 215 215 215 216 215 215 215 216 216 216 215 215 215 216 216 216 215 215 216 216 216 216 216 216 216 216 216 217 217 217 217 218 218 218 218 218 217 218 218 218 218 219 219 200 199 199 200 200 200 199 198 199 199 198 198 199 198 197 197 197 197 197 198 198 198 199 198 198 198 199 199 200 200 200 200 200 200 200 200 200 200 199 198 198 198 198 198 198 198 199 199 199 200 200 200 200 199 199 199 199 199 200 200 200 200 200 200 201 201 201 201 201 201 201 201 201 201 201 201 201 201 201 201 201 202 202 202 202 203 203 203 203 203 203 204 203 203 203 203 202 201 201 201 201 201 201 201 202 202 202 201 201 201 201 201 201 201 201 202 202 202 201 201 201 201 202 202 203 203 202 203 203 203 203 203 203 203 203 203 203 204 204 204 204 204 203 203 202 202 202 202 202 203 202 202 202 202 202 202 203 204 203 203 203 203 204 203 203 202 201 202 202 203 204 204 204 204 204 204 203 204 204 204 204 204 204 205 205 205 205 206 205 205 205 205 205 206 206 206 206 206 206 207 207 207 207 207 207 206 206 206 206 207 207 206 206 206 206 206 207 206 206 206 206 206 206 206 206 206 206 206 206 206 206 206 206 207 207 207 207 207 207 207 207 207 207 207 207 207 208 208 207 207 207 207 208 208 208 208 208 208 208 208 209 209 209 209 209 209 209 209 209 209 209 209 209 209 209 209 209 209 210 210 210 210 210 210 210 210 210 210 211 211 210 210 210 212 212 212 213 213 213 213 213 213 213 213 213 213 213 213 213 213 213 213 213 214 213 214 214 214 214 214 214 215 215 214 215 214 214 215 215 215 215 215 215 215 215 215 215 215 215 215 215 215 215 215 215 215 216 215 215 215 215 215 215 215 216 216 215 215 216 216 216 216 215 215 215 216 216 216 216 215 215 216 216 217 216 217 216 216 217 217 217 217 217 218 218 218 218 218 218 218 218 218 218 219 199 199 199 199 200 200 199 198 199 199 198 198 198 198 197 197 197 198 198 199 199 199 198 198 198 198 198 198 199 199 199 200 199 199 200 200 201 201 200 199 199 199 198 198 198 198 198 198 199 199 199 200 200 200 200 200 200 200 200 200 200 201 201 201 201 201 201 201 201 201 201 201 202 202 202 201 201 201 202 202 202 202 202 202 202 202 203 203 203 203 203 203 204 203 203 203 203 202 201 201 201 201 201 201 201 202 202 202 202 202 201 201 201 201 201 202 202 202 202 201 201 201 202 202 202 202 203 203 204 203 203 203 203 203 203 203 203 203 203 203 203 203 203 202 202 202 203 203 203 203 203 203 203 202 202 202 203 203 203 203 203 203 203 203 202 202 202 202 203 203 203 203 203 204 204 204 203 204 204 204 204 204 204 204 204 205 205 206 206 206 205 205 205 205 205 205 206 206 206 206 206 206 207 207 206 206 206 206 206 206 207 206 206 207 206 206 207 207 206 206 206 206 206 206 206 206 206 206 206 206 206 206 206 207 207 207 207 207 207 207 207 207 207 207 207 207 208 207 207 207 207 207 208 208 208 208 208 208 208 208 208 208 208 209 209 209 209 209 209 209 209 209 209 209 209 209 209 209 210 210 210 210 210 210 210 210 210 211 211 211 211 211 211 212 212 212 212 213 213 213 213 213 213 213 213 213 213 213 213 213 213 214 214 214 214 214 214 214 214 214 214 215 215 214 215 214 214 214 214 215 215 215 215 215 215 215 215 215 215 215 215 215 215 215 215 215 215 215 215 215 215 215 215 215 216 216 216 216 216 216 216 216 216 216 216 216 216 216 216 216 215 215 216 216 217 217 217 217 217 217 217 217 217 217 217 218 219 218 218 218 218 218 218 219 219 198 198 198 199 199 199 199 199 198 199 199 198 198 197 198 198 198 199 200 200 200 199 198 198 198 199 198 198 199 199 199 199 199 199 200 200 200 201 201 200 199 198 198 198 198 198 198 198 198 198 198 199 199 200 201 201 201 201 201 201 201 201 201 201 202 201 201 201 201 202 202 201 202 202 202 202 202 201 202 202 202 202 202 202 203 203 203 203 203 203 203 203 203 203 203 203 203 203 203 202 202 202 202 202 202 202 202 202 202 201 201 201 202 202 202 202 201 201 201 201 202 201 201 201 201 202 203 204 204 203 203 203 203 203 203 203 203 203 203 203 203 203 202 202 203 203 203 203 203 204 204 203 202 202 202 202 202 202 203 203 203 203 203 202 202 202 202 202 202 202 202 203 203 203 204 204 203 204 204 204 204 204 205 205 205 205 206 206 206 206 205 205 206 206 206 206 206 206 206 206 206 206 206 206 206 206 207 206 206 206 206 206 206 206 206 206 206 206 207 206 206 206 206 206 206 206 207 206 207 207 207 206 206 206 207 207 207 207 207 207 207 207 207 207 207 207 207 207 207 207 207 208 208 208 208 208 208 208 208 208 208 208 208 208 209 209 209 209 209 209 209 209 209 209 209 209 210 209 210 210 210 210 210 210 210 210 210 211 211 211 211 211 211 212 212 212 212 212 213 213 213 213 213 213 213 213 213 213 213 213 213 213 213 214 214 214 214 214 214 214 214 214 214 214 214 214 214 214 214 214 214 215 215 215 215 215 215 215 215 215 215 215 215 215 215 215 215 215 215 215 215 215 215 215 215 216 216 216 216 216 216 216 216 216 216 216 216 216 216 216 216 215 216 216 216 217 216 217 217 217 217 217 217 217 218 218 218 218 218 218 218 218 218 219 220 220 200 199 198 198 198 198 199 199 198 198 199 198 198 199 199 199 199 200 200 200 200 200 199 199 200 200 199 199 198 198 199 199 200 200 200 200 200 201 201 200 200 199 199 199 198 198 198 198 198 197 198 198 199 200 200 200 200 201 202 201 201 202 202 202 202 201 202 202 202 202 202 202 201 202 202 202 202 202 202 201 202 202 202 202 202 202 203 203 203 203 203 203 203 203 203 203 203 203 203 203 202 202 201 201 201 202 202 202 202 202 201 201 202 202 203 203 202 202 201 202 202 201 202 202 202 202 203 203 204 204 204 204 204 204 204 204 203 203 203 203 202 202 202 203 203 203 204 203 204 205 204 203 203 203 202 202 202 202 202 203 204 204 203 203 202 202 202 202 203 203 203 203 204 204 204 204 204 203 203 204 204 204 204 205 205 206 206 206 206 206 206 206 206 206 206 207 207 206 206 206 206 205 206 206 206 206 207 206 206 206 206 207 206 206 206 206 206 206 206 206 206 206 206 206 206 206 206 207 207 207 207 207 207 207 207 207 207 207 207 207 207 207 207 207 207 207 207 207 207 207 208 208 208 208 208 208 208 208 208 208 208 208 208 208 209 209 209 209 209 209 209 209 209 209 209 210 210 210 210 210 210 210 210 210 210 210 210 211 211 211 211 211 211 212 212 212 212 212 213 213 213 213 213 213 213 213 213 213 213 213 213 213 214 214 214 214 214 214 214 214 214 214 214 214 214 214 214 214 214 214 214 215 215 215 215 215 215 215 215 215 215 215 215 215 214 214 214 215 215 215 215 215 215 215 216 216 216 216 216 217 217 217 216 216 216 216 217 217 217 216 216 216 215 216 216 216 216 216 217 217 217 217 217 217 217 218 218 217 217 218 218 218 218 218 219 220 201 200 199 199 198 198 198 198 198 198 198 198 198 198 198 199 199 200 200 199 199 199 199 199 200 200 200 200 199 198 199 200 200 200 200 200 201 201 201 201 201 200 200 200 199 199 199 199 199 198 197 198 199 199 200 200 200 200 201 201 200 201 201 202 202 202 202 202 202 202 202 202 202 202 202 202 202 202 202 202 201 202 202 203 203 203 203 203 203 203 203 203 203 203 203 202 203 203 203 203 203 202 201 201 201 201 201 202 201 201 201 201 202 202 202 203 202 202 202 202 202 201 202 202 203 203 203 203 204 204 204 204 204 204 204 203 203 203 203 202 202 203 203 203 203 203 204 205 205 205 205 204 203 203 203 202 202 202 203 203 204 204 203 202 202 202 202 202 203 203 203 204 204 204 204 203 203 204 204 204 204 204 204 205 206 206 207 207 207 208 207 207 206 206 206 207 207 206 206 206 206 206 206 205 206 206 206 206 206 206 206 207 206 206 206 206 206 206 206 206 206 206 206 206 206 206 206 206 207 207 207 207 207 207 207 207 207 207 207 207 207 207 207 207 207 207 207 207 207 207 208 208 208 208 208 208 208 208 208 208 208 208 208 208 208 209 209 209 209 209 209 209 209 209 209 210 210 210 210 210 210 210 210 210 210 210 210 211 211 211 211 211 211 212 212 213 212 212 212 213 213 213 213 213 213 213 213 213 213 213 213 213 214 214 214 214 214 214 214 214 214 214 214 214 213 214 214 213 214 214 214 214 215 215 215 215 215 215 215 215 215 215 215 215 214 214 215 216 216 216 216 215 216 216 216 216 217 217 217 217 217 217 217 217 217 217 217 217 217 216 216 216 216 216 216 216 216 217 217 217 217 217 217 217 217 217 217 217 218 218 218 217 218 219 219 219 220 201 200 199 198 198 198 198 198 198 199 199 199 199 199 199 200 200 200 200 199 200 199 199 200 200 201 201 199 199 199 200 200 200 200 200 201 201 201 200 201 201 200 200 199 199 199 199 198 198 198 198 198 199 199 199 199 199 200 200 200 200 201 201 201 202 202 202 202 202 202 202 202 202 202 203 203 203 202 202 201 202 202 203 203 203 203 203 203 203 203 203 203 202 203 203 203 203 203 203 202 202 202 201 202 201 201 202 202 201 201 201 202 202 203 203 202 202 202 202 201 202 202 203 203 203 204 204 204 203 204 204 203 203 203 203 203 203 203 203 203 204 203 203 204 204 205 205 205 205 204 204 204 203 203 202 202 202 202 203 203 203 202 202 202 202 202 202 202 203 203 203 203 203 202 203 203 204 204 204 205 205 205 205 206 207 207 207 208 207 207 206 206 207 207 207 207 207 206 206 206 206 206 205 206 206 206 207 206 206 206 207 206 206 206 206 206 206 206 206 206 206 206 206 207 207 206 206 207 207 207 207 207 207 207 207 207 207 207 207 207 207 207 207 207 207 207 207 208 207 208 208 208 208 208 208 208 208 208 208 208 208 208 208 209 209 209 209 209 209 209 209 209 209 210 210 210 210 210 210 210 210 210 210 210 211 211 211 211 211 211 211 213 213 213 213 213 212 212 213 213 213 213 213 213 213 213 213 213 213 214 214 214 214 214 213 214 214 214 214 214 214 214 213 213 213 213 214 214 214 214 215 215 215 215 215 215 215 215 215 215 215 215 214 215 216 216 216 216 216 216 216 216 216 216 216 216 217 217 217 217 217 217 217 217 217 217 217 217 216 216 216 216 216 216 216 216 216 217 216 217 217 217 217 218 218 218 218 218 218 218 218 218 219 220 221 200 199 199 199 199 198 198 198 198 198 199 199 200 200 200 200 199 199 200 199 199 199 200 201 201 200 200 200 200 201 200 200 200 201 201 200 200 200 200 200 200 200 199 198 199 198 198 198 199 199 199 199 199 200 200 200 200 200 200 200 200 200 201 201 201 202 202 202 202 202 203 203 203 203 203 202 202 201 202 202 202 203 203 203 203 203 203 204 204 203 203 203 203 203 203 203 203 202 202 201 201 202 202 202 202 202 202 201 201 201 202 202 202 202 202 202 202 202 202 202 202 203 204 204 204 204 204 203 203 203 204 204 203 203 204 204 205 204 205 204 204 204 205 205 205 205 205 204 204 203 203 202 202 203 203 202 202 202 203 202 202 202 202 202 202 202 202 202 202 202 202 203 204 204 205 205 205 205 206 206 206 206 206 207 207 207 207 207 206 207 207 208 207 208 207 206 206 206 206 206 206 206 206 206 206 206 206 206 206 207 206 206 206 206 206 206 206 206 206 207 207 207 207 207 207 207 207 207 207 207 207 207 207 207 207 207 207 207 207 207 207 207 207 207 207 208 207 208 208 208 208 208 208 208 209 208 209 208 208 208 209 208 209 209 209 209 209 209 209 209 210 210 210 210 210 210 210 210 210 210 210 210 210 211 211 211 211 211 211 213 213 213 213 213 213 213 213 213 213 213 213 213 213 213 213 213 213 214 214 214 214 213 214 214 214 214 214 213 213 213 213 213 213 213 214 214 214 215 215 215 215 215 215 215 215 216 216 215 215 215 215 214 215 215 215 215 215 216 216 216 216 216 216 216 216 217 217 217 217 217 217 217 217 217 217 217 216 216 216 216 216 216 216 216 216 216 217 217 217 217 217 217 217 217 217 218 218 218 218 218 219 220 220 220 221 221 221 200 200 199 199 198 199 198 198 199 200 200 200 200 200 200 199 199 200 200 201 201 201 201 201 200 200 200 201 201 201 201 201 200 200 199 199 199 200 200 200 199 198 198 198 198 199 200 200 200 200 200 200 200 201 200 200 200 201 200 200 201 201 202 202 202 202 202 202 202 202 203 203 202 202 202 202 202 202 203 203 203 203 203 203 203 204 204 203 203 203 204 203 203 203 203 203 202 201 202 202 202 202 202 202 202 201 201 202 202 203 202 202 202 202 202 202 203 203 202 203 205 204 204 203 203 203 203 204 204 203 203 203 203 204 205 205 205 205 205 205 205 205 205 205 205 205 204 203 202 202 203 203 203 203 202 202 202 202 202 202 202 203 203 202 202 203 202 202 202 203 203 204 204 204 205 205 205 206 206 206 206 207 207 207 207 207 207 208 207 207 207 207 207 207 207 206 206 206 206 206 206 206 206 206 206 206 206 206 207 206 206 206 206 206 206 206 206 206 206 206 207 207 207 207 207 207 207 207 207 207 207 207 207 207 207 207 207 207 207 207 207 207 207 208 207 208 208 208 208 208 208 208 209 209 209 208 208 209 209 209 209 209 209 210 209 209 209 209 210 210 210 210 210 210 210 210 210 210 210 210 211 211 211 211 211 211 211 213 212 213 213 213 213 213 213 213 213 213 213 213 213 213 213 213 213 214 214 214 213 214 214 214 214 213 213 213 213 213 213 214 214 214 214 214 214 215 215 215 215 215 215 215 215 215 215 215 215 215 214 214 215 215 215 215 215 216 216 216 216 216 216 216 216 217 217 217 217 217 217 217 217 217 217 217 217 217 217 216 217 217 217 217 217 216 216 216 217 217 217 217 217 218 218 218 218 219 219 219 219 219 219 220 221 220 220 220 220 200 200 200 200 199 199 199 199 199 199 199 199 199 200 199 199 201 201 201 202 202 201 201 200 200 200 200 201 201 201 200 200 200 199 199 199 200 200 199 199 198 198 198 199 199 200 200 201 201 201 201 201 202 201 201 202 202 201 201 201 201 202 202 203 202 202 202 202 203 203 203 202 203 203 203 202 202 203 203 203 203 203 203 203 203 203 203 204 204 204 204 204 204 204 203 202 203 202 203 203 202 202 202 202 201 201 202 203 202 202 202 202 202 202 203 203 203 203 205 205 204 204 204 204 203 203 204 204 203 203 203 204 204 204 205 205 205 205 205 205 205 205 205 205 204 203 203 204 204 203 203 203 202 203 202 202 203 203 202 203 203 204 203 203 203 202 203 203 203 204 204 205 205 205 205 205 205 205 206 206 207 206 206 207 207 208 208 207 207 207 208 207 207 206 206 206 206 207 207 206 206 206 206 206 207 206 206 206 206 206 206 206 206 206 206 206 206 207 207 207 207 206 206 207 207 207 207 207 207 207 207 207 207 207 207 207 207 207 207 207 207 208 208 208 208 208 209 208 208 208 209 209 210 209 210 210 209 209 209 209 209 209 209 209 209 210 210 210 210 210 210 210 210 210 210 210 210 210 211 211 211 211 211 211 211 212 213 213 212 213 213 213 213 213 213 213 213 213 213 213 213 213 214 214 214 213 213 214 214 214 213 214 214 214 215 214 214 215 215 214 215 214 214 215 214 214 214 214 214 214 214 214 214 215 215 215 215 215 215 215 215 215 215 216 216 216 216 216 216 216 216 217 217 217 217 217 217 217 217 217 217 217 217 218 217 217 217 217 217 217 217 217 216 216 216 217 216 217 217 217 218 218 218 218 218 219 219 219 219 219 219 219 219 219 220 221 200 200 200 200 200 199 200 200 200 200 200 201 201 201 202 202 202 202 201 201 201 201 201 201 201 200 200 200 200 199 199 199 200 199 199 199 198 199 199 199 199 200 200 200 201 201 202 202 202 201 202 202 202 201 201 202 202 202 202 203 202 202 202 203 203 203 203 203 203 203 203 202 203 203 203 203 203 204 203 203 203 203 203 204 204 204 204 204 204 204 204 204 203 203 203 203 203 203 202 201 201 202 202 202 202 202 202 202 203 203 204 203 204 205 204 204 205 205 204 204 204 204 204 203 203 203 203 203 204 204 205 205 205 205 205 205 205 205 205 204 203 204 204 203 203 203 203 203 203 203 203 203 203 203 202 203 203 202 202 202 202 203 203 204 204 205 205 205 204 204 205 204 205 205 206 206 206 206 206 206 207 208 207 207 208 208 208 208 208 207 207 206 206 206 206 206 206 206 206 206 207 206 206 206 206 206 206 206 206 206 206 206 206 206 206 206 206 207 207 207 207 207 207 207 207 207 207 207 207 207 207 207 207 207 207 208 208 208 208 209 208 209 208 208 208 208 209 209 210 210 210 209 209 209 209 209 209 209 209 209 210 210 210 210 210 210 210 210 210 210 210 210 211 211 211 211 211 211 210 210 212 212 212 212 212 212 213 213 213 213 213 213 213 213 213 213 213 213 213 213 213 213 214 213 213 214 214 214 215 215 215 215 215 215 215 215 215 215 215 214 214 214 214 214 214 214 214 215 215 215 215 215 215 215 215 215 215 216 216 216 216 216 216 216 216 216 217 217 217 217 217 217 217 217 217 217 217 217 218 217 217 218 218 217 217 217 217 217 216 216 217 217 217 218 218 218 217 217 218 218 219 219 218 219 219 219 219 218 219 220 221 201 201 201 200 200 200 200 201 201 201 201 201 202 202 202 202 202 202 202 202 202 202 202 201 201 201 201 200 199 199 199 199 199 199 198 199 199 199 199 199 199 200 200 201 201 202 202 201 201 202 202 202 202 202 202 202 202 202 202 202 202 202 203 203 203 203 203 203 203 203 202 203 203 203 203 204 204 204 204 203 203 204 204 204 204 204 204 204 204 204 204 203 202 203 203 202 202 202 202 203 203 202 202 202 203 203 202 202 203 204 204 205 205 205 204 205 205 205 205 204 204 204 203 203 203 204 204 204 204 205 205 205 205 205 205 205 205 205 204 204 204 204 204 203 203 204 204 204 203 203 203 203 203 203 203 203 202 202 203 203 203 203 204 204 204 204 205 204 204 204 204 205 206 206 205 206 205 206 206 207 207 207 207 208 208 208 208 208 207 206 206 206 206 206 206 206 206 206 206 207 206 206 206 207 206 206 206 206 206 206 206 206 206 206 206 206 207 207 207 207 207 207 207 207 206 206 207 207 207 207 207 207 207 208 208 208 208 208 208 209 209 209 208 208 208 208 209 210 210 210 209 210 210 210 209 210 210 209 210 210 210 210 210 210 209 210 210 210 210 210 210 210 210 210 210 210 210 210 210 212 212 212 212 212 212 213 213 213 213 213 213 213 213 213 213 213 213 213 213 214 214 213 213 213 213 214 214 214 214 214 214 215 215 215 215 215 215 215 215 215 214 214 214 215 215 215 215 215 215 215 215 215 215 215 215 215 215 215 216 216 216 216 216 216 216 216 217 217 217 217 217 217 217 217 217 218 218 217 217 218 218 218 218 218 217 217 217 217 216 217 217 217 217 217 217 217 217 218 219 219 219 218 219 219 219 218 219 220 220 220 221 221 222 223 223 201 201 201 201 200 201 201 201 201 201 202 202 202 202 202 202 202 202 202 202 202 202 202 202 202 201 201 200 199 199 199 199 199 198 199 200 199 199 200 200 200 201 201 201 201 201 201 201 202 202 202 202 202 203 202 202 202 202 202 202 202 202 203 203 203 203 203 203 203 202 203 203 203 204 204 204 204 204 204 204 204 204 204 203 204 204 204 204 204 204 203 203 202 203 203 202 202 203 204 204 203 202 202 203 203 202 203 203 203 204 205 205 205 205 205 205 205 204 204 204 205 204 203 203 203 203 203 204 204 204 205 205 205 205 205 205 205 205 205 204 204 204 204 204 204 204 203 204 203 203 203 203 203 203 203 203 203 203 203 204 204 204 204 204 205 205 204 204 204 204 205 206 206 205 205 205 206 206 207 207 207 207 208 208 208 208 208 207 206 206 206 207 206 206 206 206 206 206 207 207 207 206 206 206 207 207 206 206 206 207 207 206 207 207 207 207 207 207 207 207 207 207 206 207 207 207 207 207 207 207 208 207 208 208 208 208 208 208 208 209 209 208 208 208 208 209 209 210 211 210 211 211 210 210 209 209 209 210 210 210 210 210 210 209 210 210 210 210 210 211 211 210 210 210 210 210 210 211 212 212 212 212 212 212 212 213 213 213 213 213 213 213 213 213 213 214 214 214 214 213 214 214 214 214 214 214 215 215 215 215 215 215 215 215 215 215 215 215 215 214 214 214 215 215 215 215 215 215 215 215 215 215 215 215 215 216 216 216 216 216 216 216 216 216 216 216 216 217 217 217 217 217 217 217 217 217 217 217 218 218 218 218 218 218 217 217 216 217 216 217 217 217 217 218 218 218 218 219 219 218 218 218 219 219 219 219 220 219 219 220 220 221 221 221 221 222 222 201 201 201 201 201 201 202 202 202 202 202 202 202 202 202 202 202 202 202 202 202 202 202 201 201 200 200 199 199 199 198 199 200 200 200 200 200 200 200 201 201 201 200 200 201 201 202 203 203 203 203 203 203 203 203 203 202 203 202 202 202 202 203 203 203 203 203 203 203 203 204 204 204 204 204 204 204 204 204 204 203 204 204 204 204 204 204 204 203 202 202 203 202 202 203 204 204 203 202 202 203 203 203 202 203 203 204 204 205 205 205 205 205 205 204 203 204 204 203 203 204 203 204 204 205 205 205 205 205 205 205 205 205 205 205 205 204 204 204 204 204 204 203 203 203 203 203 203 204 203 204 203 203 203 203 203 203 203 203 204 204 205 205 204 204 205 205 206 206 206 205 206 206 206 206 207 207 207 208 208 208 208 208 208 208 207 207 206 206 206 206 206 206 206 206 207 207 207 207 207 206 206 207 207 207 207 207 207 206 207 207 207 207 207 207 207 207 207 207 207 207 207 207 207 207 207 208 208 207 208 208 208 208 208 208 208 209 210 209 209 208 209 209 209 210 211 211 210 210 210 209 210 210 210 210 210 210 210 210 210 210 210 210 210 211 211 210 210 210 211 210 210 210 211 211 212 212 212 212 212 212 212 212 212 212 212 213 213 213 213 213 214 213 213 213 213 213 214 214 214 214 214 214 215 215 215 215 215 215 215 215 215 215 215 215 215 215 215 214 214 215 215 215 215 215 215 215 215 215 215 215 215 215 215 216 216 216 216 216 216 216 216 216 217 217 217 217 217 217 217 217 217 217 217 217 217 217 217 218 218 218 217 217 217 217 216 216 217 216 217 217 217 218 218 218 219 218 218 218 219 219 219 219 219 219 220 220 220 220 220 220 221 221 222 222 202 202 202 202 202 202 202 202 202 202 202 202 202 202 202 202 202 202 202 202 201 201 201 201 200 200 199 199 198 198 199 199 200 200 200 200 200 200 201 201 200 200 201 201 202 203 203 203 203 203 203 204 204 203 203 203 203 202 202 202 202 202 203 203 203 203 203 203 203 203 204 204 204 203 204 203 204 204 203 204 204 204 204 204 204 203 203 203 203 203 202 202 203 203 203 204 202 202 203 204 203 202 203 204 204 204 204 204 205 204 204 204 204 204 205 205 204 204 204 203 204 204 205 205 205 205 205 205 205 205 205 205 204 204 204 203 203 204 204 204 204 203 203 203 203 203 203 203 203 203 203 203 203 203 203 203 203 203 203 203 204 204 205 205 206 206 206 206 205 206 207 206 206 207 207 207 207 207 208 208 208 208 207 207 206 206 206 206 206 207 207 206 206 206 207 207 207 207 207 207 206 207 206 206 206 206 206 207 207 207 207 207 207 207 207 207 207 207 207 207 208 208 207 207 208 208 208 208 208 208 208 209 209 209 210 210 210 210 209 209 209 210 211 211 211 210 210 210 210 211 210 210 210 210 210 210 210 210 210 210 210 210 210 210 210 210 211 211 211 211 211 211 211 212 212 212 212 212 213 213 213 213 213 212 212 213 213 213 213 213 213 213 214 214 213 214 214 214 215 214 214 215 215 215 215 215 215 215 215 215 216 215 215 215 215 215 215 215 215 215 215 215 215 215 215 215 215 215 215 215 215 215 215 215 216 216 216 216 216 217 217 217 217 217 217 217 217 217 217 217 217 218 218 217 217 218 218 218 217 217 217 217 217 217 217 217 216 216 216 217 217 218 217 218 218 218 218 219 219 220 220 220 219 219 219 220 220 221 221 222 222 223 223 202 202 202 202 202 202 202 202 202 202 202 202 202 202 202 202 202 201 201 201 200 200 201 200 200 199 199 198 199 199 199 199 199 199 200 200 201 201 200 200 201 201 202 203 203 203 203 203 203 203 204 203 203 203 203 203 203 203 202 203 203 203 203 203 203 203 204 204 204 204 204 204 204 204 203 204 204 204 204 204 204 204 204 204 204 203 203 203 202 203 203 204 204 203 202 203 203 204 204 203 203 203 204 204 204 204 205 205 204 204 204 205 205 205 204 205 204 203 204 204 205 205 205 205 205 205 205 205 205 205 205 204 203 203 203 203 204 204 204 204 204 204 203 203 202 203 203 202 202 203 203 203 203 203 203 203 204 204 204 204 204 204 205 205 205 205 205 206 206 206 207 207 207 208 208 208 207 208 208 208 208 208 207 206 207 207 206 206 206 206 206 206 206 207 207 207 207 207 207 207 206 206 206 206 206 207 207 207 207 207 206 207 207 207 207 207 207 207 208 208 207 207 207 208 208 208 208 209 209 209 209 209 209 210 210 210 210 210 210 211 211 211 211 212 212 211 210 211 211 211 210 210 211 210 210 210 210 210 210 210 210 210 211 211 211 211 212 212 212 211 211 212 213 213 213 213 213 213 213 213 213 213 212 213 213 213 213 213 213 213 214 214 214 214 214 214 214 214 214 215 215 215 215 215 215 215 215 215 216 216 215 215 215 215 215 215 215 215 215 215 215 215 215 215 215 215 215 215 215 215 215 215 215 215 216 216 216 217 217 217 217 217 217 217 217 217 217 217 217 217 218 218 218 217 217 217 217 217 217 217 217 217 217 217 217 217 217 217 216 217 217 218 219 219 218 219 219 219 219 219 220 221 220 220 220 221 222 223 223 223 223 224 202 202 202 202 202 202 202 202 202 202 202 202 201 200 200 200 200 200 201 201 200 199 199 198 199 199 199 199 200 200 200 200 200 200 201 201 202 202 203 203 203 203 203 203 204 204 203 203 203 203 203 203 203 203 203 203 203 203 203 204 204 204 204 204 204 204 204 204 204 204 204 204 204 204 204 204 204 204 204 203 203 203 202 203 203 203 204 204 203 202 203 203 203 204 203 203 203 204 205 204 204 204 204 205 205 204 205 205 204 205 205 205 204 204 205 205 205 205 205 205 205 205 205 205 205 204 204 204 203 203 203 203 204 204 204 204 204 203 203 202 202 202 202 203 203 203 203 203 204 204 204 205 205 204 204 204 204 204 204 205 205 205 206 206 207 207 208 207 208 208 208 208 208 208 208 208 208 207 206 206 206 206 206 206 207 207 207 206 206 206 207 207 207 207 207 207 206 206 206 207 207 207 207 207 207 206 206 207 207 207 207 208 208 208 208 208 208 208 208 209 209 209 209 209 209 209 209 209 210 210 210 210 210 210 211 211 210 210 211 212 212 211 212 212 211 210 210 210 210 210 210 210 210 210 210 210 211 210 211 211 212 212 212 212 212 211 213 213 213 213 213 213 213 213 213 213 213 212 213 213 213 213 213 213 213 213 214 214 214 214 214 214 214 214 214 214 214 214 215 215 215 215 215 215 216 216 215 215 216 216 215 215 215 215 215 215 215 215 215 215 215 215 215 215 215 215 215 215 215 215 215 216 216 217 217 217 217 217 217 217 217 217 217 217 217 218 218 218 218 218 217 217 217 217 217 217 216 217 218 218 217 217 217 217 217 217 218 218 219 219 219 219 219 220 219 219 220 220 220 220 221 222 222 222 221 222 222 223 224 223 223 223 223 223 223 202 202 202 202 202 202 202 202 202 202 202 202 201 200 199 199 199 200 200 200 200 199 199 199 200 200 199 199 199 200 200 200 200 201 202 202 203 203 203 203 203 202 203 203 204 204 204 204 204 204 204 204 204 203 203 203 203 203 203 203 204 204 204 204 204 204 204 204 204 204 204 204 204 204 204 204 204 204 204 204 204 204 202 202 203 203 203 204 203 203 203 203 204 204 204 204 204 205 205 204 204 204 204 205 204 205 205 205 204 205 205 205 205 204 204 204 204 205 205 205 205 205 205 205 205 204 204 204 203 203 203 203 203 204 203 204 204 203 203 203 203 202 202 203 203 203 203 203 204 204 205 205 205 204 204 204 204 205 205 205 205 205 205 206 207 207 208 208 208 208 208 208 208 208 208 208 208 207 207 206 207 207 207 207 207 207 207 206 206 207 206 207 207 207 207 207 206 206 206 207 207 207 207 207 207 206 206 207 207 207 207 208 208 208 208 208 208 208 209 209 209 209 209 209 209 209 209 209 210 210 209 210 210 211 211 210 210 210 211 211 211 211 212 211 211 211 210 210 210 210 210 210 210 210 210 210 211 211 211 212 212 212 212 212 212 212 213 213 213 213 213 213 213 213 213 213 213 213 213 213 213 214 214 214 214 214 214 214 214 214 214 214 214 214 214 214 214 214 214 214 215 215 215 215 215 215 215 215 215 215 215 215 215 215 215 215 216 216 215 216 216 216 215 215 215 215 216 215 215 216 216 216 216 216 216 216 217 216 217 217 217 217 217 217 217 217 217 218 218 218 218 217 218 218 217 217 217 216 217 218 217 217 218 218 218 218 218 218 218 219 219 219 219 220 220 219 219 220 220 221 221 222 221 221 220 221 221 222 223 223 222 221 221 222 222 222 223 203 202 202 202 202 202 202 202 202 202 202 202 201 201 200 199 199 199 199 199 199 199 199 200 201 200 200 200 200 200 200 200 200 201 202 202 202 203 203 203 203 202 203 203 204 204 204 204 204 204 204 204 204 203 203 203 204 204 204 203 204 204 204 204 204 204 204 204 204 204 204 204 204 204 204 204 204 204 204 204 204 204 203 202 203 203 203 204 203 203 203 203 203 204 204 204 204 205 205 205 205 204 204 205 205 205 205 205 204 205 205 205 205 204 205 205 205 205 205 205 205 205 204 204 204 204 203 203 204 203 203 203 203 203 203 203 204 203 203 203 203 203 203 203 203 203 203 203 204 204 205 205 205 204 204 205 205 205 206 206 205 206 206 205 206 207 208 208 208 208 208 208 208 208 208 209 208 207 207 206 207 207 207 207 207 206 207 207 207 207 207 207 206 207 207 207 207 207 207 207 207 207 207 207 207 207 206 207 207 207 207 208 208 208 209 209 208 208 209 209 209 209 209 209 209 209 209 209 210 209 209 210 210 210 210 210 210 210 211 210 210 210 211 211 211 211 211 211 211 211 211 211 211 210 210 210 211 211 212 212 211 211 212 212 212 212 213 213 213 213 213 213 213 213 212 213 213 213 213 213 214 214 214 214 214 214 214 214 214 214 214 214 214 214 214 214 214 214 214 214 214 214 215 215 215 215 215 215 215 215 215 215 215 215 215 215 215 216 216 216 216 216 215 215 215 216 215 215 215 216 216 216 216 216 216 217 217 217 216 216 216 216 216 216 217 217 217 217 217 218 218 217 217 218 218 217 217 216 216 217 218 217 218 218 219 218 218 218 218 218 219 219 219 219 220 220 220 221 221 222 222 221 220 220 220 220 221 221 222 222 222 222 221 221 221 221 222 223 203 203 203 202 202 202 202 202 202 202 201 200 200 199 199 200 200 199 199 199 199 199 200 200 200 201 201 201 200 200 200 200 200 201 201 201 202 203 203 203 202 203 203 203 203 204 204 204 204 203 203 203 203 203 204 204 204 204 204 203 204 204 204 204 204 204 204 204 204 204 204 204 204 204 204 204 204 204 204 204 203 203 203 203 203 203 204 203 204 203 203 204 204 205 205 205 205 205 205 205 204 205 205 205 205 205 205 204 205 205 205 204 204 205 205 205 205 205 205 205 205 204 204 203 203 203 203 203 203 203 203 203 203 203 203 203 203 203 203 203 203 203 203 203 203 203 204 204 204 205 206 205 204 204 205 205 206 206 206 206 206 206 206 206 207 208 209 209 208 208 208 208 208 209 209 208 208 207 207 207 207 207 207 207 207 207 207 208 207 207 207 207 207 207 207 207 207 207 207 207 207 207 207 207 207 206 207 207 207 208 208 208 208 208 209 209 208 209 209 209 209 209 209 209 209 209 209 209 209 209 209 210 210 210 210 209 210 210 210 210 210 211 211 210 211 211 211 211 211 212 211 211 211 211 211 211 211 211 211 211 211 211 211 211 211 213 213 213 213 213 212 212 212 213 213 213 213 213 213 214 214 214 214 214 214 214 214 214 214 214 214 214 214 214 214 215 214 214 214 214 214 214 214 214 215 215 215 215 215 215 215 215 215 215 216 216 216 216 216 216 216 216 216 216 217 216 216 216 216 216 216 216 216 216 216 216 216 216 216 216 216 217 217 217 217 217 217 217 217 217 217 218 218 218 218 217 217 216 217 218 218 218 218 218 218 218 218 218 218 218 219 219 220 220 221 221 222 222 222 222 221 221 220 220 219 220 220 221 221 221 222 222 221 221 221 222 223 223 203 202 202 202 203 203 203 202 202 200 200 199 199 200 200 201 200 200 200 199 199 199 199 199 200 200 200 200 201 201 201 201 201 201 202 201 201 202 203 203 202 203 203 203 203 203 203 204 204 204 204 203 203 204 203 204 204 204 204 204 204 204 204 204 204 204 204 204 204 204 204 204 204 204 204 204 204 204 204 204 204 203 203 203 203 204 203 203 204 204 204 205 205 205 205 205 205 206 205 205 205 205 205 206 206 205 205 204 204 205 205 205 204 205 205 205 205 206 205 205 204 204 203 203 203 203 203 204 204 204 203 203 203 203 203 203 203 203 203 204 203 203 203 203 203 203 203 204 204 204 205 205 205 205 205 206 206 207 207 207 207 207 207 206 207 208 208 209 208 208 208 208 208 209 208 208 207 207 207 207 207 207 207 207 207 207 207 208 207 207 207 207 207 207 206 207 207 207 207 207 207 207 207 207 207 206 207 207 207 207 208 208 208 208 208 209 208 209 209 209 209 209 209 208 209 209 209 209 209 209 209 209 210 210 210 210 210 210 210 210 211 210 211 211 210 210 211 211 211 211 211 211 211 211 211 211 211 211 211 211 211 211 211 211 211 213 213 213 212 213 213 213 213 213 213 213 213 213 214 214 214 214 214 214 214 214 214 214 214 214 214 214 214 214 215 215 214 214 214 214 214 215 215 215 215 215 215 215 215 215 215 215 215 215 215 216 216 216 216 216 216 216 216 217 217 217 217 217 217 217 217 216 216 216 216 216 217 217 217 217 218 218 217 217 218 217 217 217 217 217 217 218 218 218 218 218 217 217 217 217 218 218 218 218 218 219 218 218 218 218 218 218 219 220 221 221 221 221 221 221 221 221 221 220 220 219 220 221 220 221 221 221 220 221 221 222 222 222 223 202 202 203 203 203 203 202 201 200 199 200 200 200 201 200 201 201 200 199 199 199 199 199 200 200 200 200 200 200 201 202 202 202 203 203 201 202 203 203 202 202 202 202 203 203 203 204 204 204 204 204 204 204 204 204 204 204 204 204 204 204 204 204 204 204 204 204 204 204 204 205 205 204 204 204 205 205 205 205 204 203 203 204 204 204 204 203 204 204 204 205 206 206 205 205 206 206 206 205 205 205 205 205 205 205 204 205 205 205 205 205 205 205 205 205 205 206 205 205 204 204 204 203 203 203 203 204 205 204 203 203 203 203 203 203 203 204 204 204 203 203 203 203 203 203 203 203 203 204 205 205 206 206 206 206 207 207 207 208 208 208 208 207 207 208 208 209 209 209 208 208 209 208 208 207 207 207 207 207 207 207 207 207 207 208 208 208 207 207 207 207 207 207 207 206 207 207 206 207 207 207 207 207 206 206 206 207 207 207 208 208 208 208 208 209 208 209 209 209 209 209 209 209 209 209 209 209 209 209 209 209 209 210 209 210 210 210 210 210 210 210 210 210 210 210 210 211 211 211 211 211 211 211 211 211 211 211 211 211 211 211 211 211 211 212 213 213 213 213 213 213 213 213 213 213 213 213 213 214 214 214 214 214 214 214 214 214 214 214 214 214 214 214 214 214 214 214 214 214 215 215 215 215 215 215 215 215 215 215 215 215 215 215 215 215 215 215 215 215 215 216 216 216 216 215 215 216 216 217 217 217 217 216 216 216 217 218 218 218 218 218 218 217 217 217 217 217 217 217 217 217 218 218 218 218 217 216 217 217 217 217 218 218 218 219 219 218 218 218 219 219 219 219 220 220 221 221 220 220 221 221 221 221 220 220 220 220 220 220 220 220 220 221 220 221 221 221 222 223 203 203 203 203 203 202 201 200 200 200 200 201 201 201 202 201 200 199 199 199 199 199 199 200 200 200 200 200 200 201 201 202 202 203 202 202 202 202 203 203 203 203 203 203 203 203 204 203 204 204 204 204 204 204 204 204 204 204 204 204 204 204 204 204 204 204 204 204 204 204 204 204 204 204 205 205 205 205 204 204 203 204 204 204 203 204 204 204 205 205 206 206 205 205 205 206 206 206 206 205 205 205 205 205 205 205 205 205 205 205 205 205 205 206 206 206 205 204 204 203 203 203 204 204 204 204 204 204 204 203 203 203 203 203 204 204 203 203 203 203 203 203 203 204 203 204 204 205 205 206 206 207 206 207 207 207 208 208 208 208 208 207 208 209 209 209 209 209 208 208 208 207 207 207 206 206 206 207 207 207 207 207 207 207 208 208 207 207 207 207 207 207 207 207 207 207 207 207 207 207 207 207 207 207 206 207 207 207 207 208 208 208 208 208 208 208 208 209 209 209 209 209 208 209 209 209 209 209 209 209 209 210 210 210 210 210 210 210 210 210 210 210 210 210 210 210 210 211 211 211 211 211 211 211 211 211 211 211 211 211 211 211 211 213 213 213 213 213 213 213 213 213 213 213 213 213 213 214 214 214 214 214 214 214 214 214 214 214 214 214 214 214 214 214 214 214 214 215 215 215 215 215 215 215 215 215 215 215 215 215 215 215 214 214 214 214 214 213 213 214 214 215 215 214 214 215 216 216 217 217 217 218 217 218 218 217 218 218 218 218 218 218 218 218 217 217 217 217 217 217 217 218 219 218 218 217 217 217 217 217 218 218 218 218 219 219 219 219 219 219 219 220 220 220 220 220 220 220 220 221 220 220 220 220 220 220 220 220 220 220 221 221 221 221 221 221 222 223 224 224 203 203 203 203 203 202 201 201 201 201 201 201 201 201 200 200 199 200 199 199 199 199 199 199 200 201 200 200 200 201 201 201 202 202 203 203 202 202 203 203 203 203 203 203 203 203 203 203 203 203 204 204 204 204 203 203 203 203 204 204 204 204 203 204 204 204 204 204 204 204 204 204 204 205 205 205 205 204 204 203 203 204 204 204 204 204 204 204 205 205 205 204 205 205 205 205 206 206 206 206 205 205 205 205 205 205 205 206 205 205 205 205 205 205 205 204 204 204 204 203 203 204 204 204 204 204 203 204 204 203 203 203 203 203 203 203 202 202 202 203 203 203 203 204 204 204 204 205 205 205 207 208 207 207 208 208 208 208 208 209 208 208 208 208 208 208 207 207 207 206 206 206 206 206 206 206 206 206 206 206 206 207 207 207 206 206 206 206 205 206 206 206 206 206 207 206 206 206 206 206 206 206 206 206 206 207 206 206 206 207 207 207 208 208 208 208 208 208 209 209 209 208 209 209 209 209 209 209 209 209 209 209 210 210 210 210 210 210 210 210 210 210 210 210 210 210 210 210 210 211 211 211 211 211 211 211 211 211 211 211 211 211 213 213 213 213 213 213 213 213 213 213 213 213 213 213 213 214 214 214 214 214 214 214 214 214 214 214 214 214 214 214 214 214 214 214 215 215 215 215 215 215 215 215 215 215 215 215 215 214 214 215 215 215 214 214 214 214 215 215 214 214 214 215 215 215 216 216 216 217 217 218 218 218 218 218 218 218 218 219 219 219 218 218 217 217 217 218 218 218 218 218 219 218 218 218 217 217 217 218 218 218 219 219 220 219 219 219 219 219 220 220 220 219 219 219 220 221 221 220 220 220 221 221 221 221 221 221 221 222 222 222 223 223 223 224 224 224 223 224 224 203 203 203 202 201 201 201 201 201 201 200 200 199 200 200 199 199 199 200 199 199 199 200 201 201 201 201 202 201 201 202 203 202 202 201 202 203 203 203 203 203 203 203 203 203 203 204 204 204 204 203 203 203 203 203 204 204 204 204 203 204 204 204 204 204 204 204 204 204 204 204 204 204 204 205 204 204 204 204 205 205 205 205 205 204 205 205 205 204 204 204 204 204 205 205 205 205 205 205 205 206 206 205 205 206 206 206 206 205 205 205 205 205 205 204 203 203 203 204 204 204 204 204 204 204 204 204 204 203 203 202 202 202 202 202 203 203 203 203 203 204 204 204 205 205 204 205 206 207 207 207 208 208 208 208 208 209 209 209 208 208 207 207 207 207 207 207 207 206 206 206 207 207 206 206 207 206 206 206 206 205 205 205 205 205 206 206 206 206 206 206 207 206 206 206 206 206 206 206 207 207 207 207 206 206 206 207 207 207 208 208 209 208 208 209 209 209 209 208 209 209 209 209 209 209 209 209 210 210 210 210 210 210 210 210 210 210 210 210 210 210 210 210 210 210 211 211 211 211 211 211 211 211 211 211 211 211 211 211 213 213 213 213 213 213 213 213 213 213 214 213 213 213 213 214 214 214 214 214 214 214 214 214 214 214 214 214 214 214 214 214 214 214 214 215 215 215 215 215 215 215 215 215 215 215 214 215 215 216 216 215 215 214 214 215 216 216 216 215 214 215 215 215 215 216 216 216 216 217 217 217 218 218 218 218 218 218 218 218 217 217 217 217 217 218 218 218 218 218 218 218 218 218 218 218 217 218 218 218 218 219 219 219 218 219 219 219 220 220 220 220 220 220 220 220 220 220 220 220 220 221 221 222 222 222 222 222 223 223 224 224 224 224 224 223 223 223 224 203 202 201 201 201 201 201 200 200 200 200 200 199 200 200 200 199 199 198 199 199 200 200 201 201 201 202 203 203 202 202 202 202 202 202 203 203 203 203 203 203 203 203 204 204 204 204 204 204 204 204 204 204 204 204 204 204 204 204 204 204 204 204 204 204 204 204 204 204 205 204 205 205 205 204 204 204 204 205 205 205 204 204 205 204 203 204 204 204 204 205 206 206 206 205 205 206 206 206 205 206 206 207 206 205 205 204 204 204 204 205 204 204 204 203 204 203 203 203 203 203 203 203 204 203 203 203 203 203 202 202 203 203 203 203 203 204 204 204 204 204 204 204 205 205 206 207 208 208 208 208 208 208 209 209 209 208 208 207 207 207 207 207 207 206 206 206 207 207 207 207 207 207 206 206 206 206 205 206 206 206 206 206 205 206 206 206 206 207 207 206 206 206 206 206 206 207 207 207 207 206 206 206 207 207 207 208 208 209 209 209 209 209 209 209 209 209 209 209 209 209 209 209 209 210 210 210 210 210 210 210 210 210 210 210 210 210 210 210 210 210 210 211 211 211 211 211 211 211 211 211 211 211 211 211 211 213 213 213 213 213 213 213 213 213 213 214 214 213 213 213 213 214 214 214 214 214 214 214 214 214 214 214 214 214 214 214 214 214 214 214 214 214 214 215 215 215 215 215 215 215 214 214 215 215 215 216 215 215 215 215 214 215 215 215 215 215 215 215 215 215 215 216 216 216 216 217 217 217 217 217 217 217 217 218 218 218 217 217 217 217 217 218 217 217 218 217 218 218 218 218 218 218 218 217 217 218 218 219 219 218 219 219 219 219 219 220 219 220 220 220 220 219 220 220 220 220 221 222 222 222 223 223 223 223 223 223 223 223 223 222 222 223 224 224 224 203 202 201 201 201 201 200 200 200 200 200 200 201 201 200 199 200 199 199 198 199 200 200 200 201 203 203 203 203 204 203 202 202 202 203 203 203 204 203 203 204 204 204 204 204 204 204 204 204 204 204 204 204 204 204 204 204 204 204 204 204 204 204 204 204 204 204 204 205 205 204 205 205 204 204 204 204 205 204 205 205 205 205 204 204 204 203 204 204 204 205 205 206 205 206 206 206 206 206 206 206 207 206 205 205 204 203 204 204 205 205 205 204 204 203 203 203 203 203 203 203 203 203 203 203 203 203 203 202 203 203 203 203 203 204 204 204 204 204 204 204 204 205 205 206 207 208 208 208 208 208 208 208 209 209 208 207 207 206 206 206 206 206 206 206 207 208 208 207 207 207 207 207 206 207 206 206 206 207 206 206 205 205 206 206 206 206 207 206 206 206 206 205 206 206 207 207 206 206 206 206 207 207 207 207 208 208 208 209 209 209 209 209 209 209 209 209 209 209 209 209 209 209 209 210 210 210 210 210 210 210 210 210 210 210 210 210 210 210 210 210 211 211 211 211 211 211 211 211 211 211 211 211 211 211 213 213 213 213 213 213 213 213 213 213 213 214 214 213 213 213 214 214 214 214 214 214 214 214 214 214 214 214 214 214 214 214 214 214 214 214 214 214 214 214 214 214 214 214 214 214 214 214 215 215 215 215 216 216 215 215 215 215 215 215 215 215 214 214 214 215 215 216 216 217 217 217 216 217 217 217 217 217 217 218 218 218 217 218 217 217 218 217 217 217 217 217 218 218 218 218 218 218 218 217 217 218 218 219 218 219 219 219 219 219 219 219 219 219 219 219 219 220 220 220 221 222 222 222 222 222 222 223 223 223 223 222 222 222 222 223 224 224 225 224 224 203 203 202 202 201 202 201 200 200 200 200 200 201 201 201 200 200 201 201 200 199 199 199 200 200 201 202 203 203 204 204 204 203 203 203 203 203 203 204 203 204 204 203 203 204 203 204 204 204 204 204 204 204 204 204 204 204 204 204 204 204 204 204 204 204 204 204 204 204 204 204 204 204 204 204 204 204 204 204 204 205 205 205 204 203 203 203 204 204 204 204 204 205 205 206 206 206 207 207 206 206 206 207 206 206 205 204 203 204 204 204 205 204 204 203 203 203 203 203 203 203 203 203 203 203 203 203 203 203 203 203 204 204 204 204 204 203 204 204 204 204 204 204 205 206 206 207 207 207 208 208 208 208 208 209 209 209 209 207 207 207 207 207 207 207 207 207 207 207 207 206 206 206 207 207 207 207 207 207 207 207 206 205 205 206 206 206 206 207 207 206 206 206 206 206 207 207 207 207 207 206 207 207 207 207 207 208 208 208 209 209 209 209 209 209 209 209 209 209 209 209 209 209 209 209 209 210 210 210 210 210 210 210 210 210 210 210 210 210 210 210 210 211 211 211 211 211 211 211 211 211 211 211 211 211 211 213 213 213 213 213 213 213 213 213 213 213 214 214 214 214 214 214 214 214 214 214 214 214 214 214 214 214 214 214 214 214 214 215 215 214 215 215 214 214 214 214 214 214 214 214 214 214 214 215 215 215 215 216 216 216 216 215 215 216 216 216 215 215 215 215 215 215 215 216 216 216 216 217 217 217 217 217 218 218 218 218 218 218 218 217 217 217 217 217 217 217 217 218 218 218 218 218 218 218 218 218 217 218 218 218 219 219 219 219 219 218 218 219 219 220 220 221 221 221 221 221 222 222 221 221 221 222 222 223 223 222 222 222 222 223 223 224 224 224 223 223 203 203 203 203 202 202 202 201 200 201 201 201 201 201 201 201 201 201 201 201 201 200 199 199 201 201 201 202 203 203 204 204 204 204 203 204 204 204 203 203 203 203 203 203 203 203 204 204 204 204 204 204 204 204 204 204 204 204 204 204 204 204 204 204 204 204 204 204 204 204 204 204 204 204 204 204 204 204 204 204 204 205 205 205 205 204 203 204 204 205 205 204 204 205 205 206 206 206 206 206 206 206 206 206 205 205 204 203 203 203 204 204 205 204 204 203 203 203 203 203 203 203 203 203 203 203 203 203 203 203 203 203 203 203 204 204 204 204 204 204 204 204 205 205 205 206 206 207 207 207 207 208 208 208 209 209 209 209 208 207 207 207 206 207 207 207 207 207 207 206 207 207 206 206 206 206 207 206 207 207 207 207 206 206 206 206 206 206 206 206 207 207 207 206 207 207 207 207 207 207 207 207 207 207 207 208 208 208 208 209 209 209 209 209 209 209 209 209 209 209 209 209 209 209 209 209 209 209 210 210 210 210 210 210 210 210 210 210 210 210 210 210 210 210 211 211 211 211 211 211 211 211 211 211 211 211 211 213 213 213 213 213 213 213 213 213 213 214 214 214 214 214 214 214 214 214 214 214 214 214 214 214 214 214 214 215 214 214 214 215 215 215 215 214 214 214 214 215 215 214 214 214 214 214 214 215 215 215 215 215 215 216 216 216 216 216 216 216 216 216 215 215 215 215 215 215 216 216 216 217 217 217 216 217 217 218 218 217 218 218 217 217 217 217 217 217 217 217 217 217 218 218 218 218 218 218 218 218 218 218 218 218 218 219 218 218 218 218 219 220 219 219 219 220 220 220 221 221 222 221 220 221 222 222 222 223 223 223 222 222 222 222 223 224 224 223 222 222 203 203 203 203 203 202 202 201 201 201 202 202 201 201 201 201 201 202 202 201 201 200 199 199 200 201 201 202 203 203 203 204 204 204 204 204 204 204 204 203 203 203 203 203 203 204 204 204 204 204 204 203 204 204 204 204 204 204 204 204 204 204 204 204 204 204 204 204 204 204 204 204 204 204 204 204 204 204 205 204 204 204 205 205 204 203 203 204 204 204 205 205 204 204 204 205 206 206 206 206 206 206 206 205 205 204 204 204 203 203 204 204 204 204 205 204 204 203 203 203 203 203 203 203 203 203 203 203 203 203 203 203 203 203 203 203 204 204 204 204 205 205 204 204 205 205 206 206 207 207 207 208 208 208 209 209 209 208 208 207 207 206 207 207 207 207 207 207 207 207 206 206 207 207 207 206 206 206 206 206 207 207 207 207 207 206 207 206 206 206 207 207 208 207 207 207 208 208 207 207 207 207 207 207 207 207 207 208 208 209 209 209 209 209 209 209 209 209 209 209 209 209 209 209 209 210 209 210 210 210 210 210 210 210 210 210 210 210 210 210 210 210 210 210 211 211 211 211 211 211 211 211 211 211 211 211 211 213 213 213 213 213 213 213 213 213 213 213 213 213 214 214 214 214 214 214 214 214 214 214 214 214 214 214 214 215 215 214 214 214 214 215 215 214 214 214 214 215 215 215 215 215 215 214 214 215 215 215 216 216 216 215 216 216 216 216 216 216 216 216 216 216 216 215 215 215 215 216 216 216 216 216 216 217 217 217 217 217 217 218 217 217 217 217 217 217 217 217 217 217 217 218 218 218 218 218 218 219 218 218 218 218 218 218 218 218 218 219 220 220 219 219 219 219 219 220 220 220 221 221 220 220 221 222 223 223 223 223 222 222 222 223 223 224 223 222 222 222 223 203 203 203 203 203 203 202 202 201 201 202 201 201 201 202 202 202 202 201 200 199 199 200 201 201 202 202 202 202 203 203 204 204 204 204 204 204 204 203 203 203 203 203 204 204 204 204 204 204 204 204 204 204 204 204 204 204 204 204 204 204 204 204 204 204 204 204 204 204 204 204 204 204 204 204 204 204 204 204 205 205 205 205 204 203 203 204 204 204 204 205 204 204 204 205 205 205 205 206 205 205 204 204 204 204 204 204 204 204 203 204 204 204 204 204 204 203 203 203 203 203 203 203 203 203 203 203 203 203 203 203 204 203 203 203 204 204 204 204 204 204 204 204 205 205 206 206 206 207 207 207 208 208 209 209 209 208 207 207 207 206 206 207 207 206 207 207 207 207 206 206 206 207 206 207 207 207 207 206 206 206 207 207 207 207 207 207 206 207 207 208 208 208 207 207 207 207 207 207 207 207 207 208 208 208 207 208 208 208 209 209 209 209 209 209 209 209 209 209 209 209 209 209 209 209 210 210 210 210 210 210 210 210 210 210 210 210 210 210 210 210 210 210 211 211 210 211 211 211 211 211 211 211 211 211 211 213 213 213 213 213 213 213 213 213 213 213 213 214 213 213 213 213 214 214 214 214 214 214 214 214 214 214 214 214 214 214 214 215 214 214 214 214 214 214 214 214 215 215 216 215 215 215 215 214 214 215 216 216 216 216 216 216 216 217 216 216 216 216 216 216 216 216 215 215 215 216 216 216 216 216 216 216 216 216 217 216 217 217 217 216 217 217 217 217 217 217 217 217 217 218 218 218 218 218 218 218 218 219 218 218 218 218 218 218 219 219 219 220 220 220 219 219 219 220 220 220 220 221 220 220 221 221 222 223 223 222 222 221 222 222 223 223 223 222 222 222 222 222 223 203 203 203 203 203 202 202 201 201 201 201 201 201 201 201 201 201 201 200 199 200 201 201 201 201 201 202 202 202 202 203 204 204 204 204 204 204 204 204 204 204 203 204 204 204 204 204 204 204 204 204 204 204 204 204 204 204 204 204 204 204 204 204 204 204 204 204 204 204 204 204 204 205 204 205 205 204 205 205 205 205 205 204 204 203 203 204 203 203 204 204 204 204 204 205 205 205 205 204 204 204 203 204 204 204 204 204 204 203 204 204 204 204 204 204 204 203 203 203 203 203 203 203 203 203 203 203 203 203 204 204 204 203 203 203 203 204 204 204 204 204 204 204 205 205 206 206 206 207 207 207 207 208 208 209 208 207 206 206 206 207 206 206 206 207 207 206 206 207 206 206 206 206 206 207 206 206 207 206 206 206 207 207 208 207 207 207 207 208 208 207 207 207 207 207 207 207 207 207 207 207 208 208 208 208 208 208 208 209 209 209 209 209 209 209 209 209 209 209 209 209 209 209 209 209 210 210 210 210 210 210 210 210 210 210 210 210 210 210 210 210 210 210 211 210 210 210 211 211 211 211 211 211 211 211 213 213 213 213 213 213 213 213 213 214 214 214 214 214 214 214 214 214 214 214 214 214 214 214 214 214 214 214 214 214 214 214 215 214 214 214 215 215 214 213 214 214 214 215 215 216 216 215 215 214 215 215 215 216 216 216 216 216 216 216 216 216 216 216 216 216 216 216 216 216 215 215 216 216 216 216 216 216 216 216 216 216 216 216 216 217 217 216 217 217 218 218 217 217 217 217 218 218 218 218 218 218 218 218 218 218 218 218 218 218 218 219 219 220 219 219 219 219 219 219 219 220 220 220 220 220 221 221 222 222 222 222 221 222 222 223 223 223 222 222 221 222 222 223 204 203 204 204 203 202 202 202 202 202 202 202 201 200 200 200 200 201 201 200 200 200 201 201 201 202 202 201 202 202 203 203 203 204 204 204 204 204 204 203 203 203 204 204 204 204 204 204 204 204 204 204 204 204 204 204 204 204 204 204 204 204 204 204 204 204 204 204 204 204 205 205 205 205 205 204 205 205 205 205 205 205 204 204 203 203 203 204 204 204 204 204 204 204 205 205 205 204 204 204 204 204 203 204 204 203 204 203 203 204 204 204 204 204 203 203 203 203 203 203 203 203 203 203 203 203 203 203 203 204 204 203 203 203 203 203 204 204 204 204 204 204 204 204 205 205 205 206 207 207 206 206 207 208 208 208 207 207 207 207 207 207 206 206 206 206 206 206 206 206 206 206 206 206 206 206 206 206 206 206 206 206 207 207 207 207 207 207 208 208 208 208 208 207 207 207 207 207 207 207 207 207 208 208 208 208 208 208 209 209 209 209 209 209 209 209 209 209 209 209 209 209 209 210 209 209 210 210 210 210 210 210 210 210 210 210 210 210 210 210 210 210 210 210 210 210 210 210 211 211 211 211 211 211 211 213 213 213 213 213 213 213 213 213 214 214 214 214 214 214 214 214 214 214 214 214 214 214 214 214 214 214 214 214 214 214 214 214 215 215 215 215 215 214 214 214 214 214 214 215 215 216 216 215 215 215 215 215 215 216 216 216 216 216 216 216 216 216 216 216 216 216 216 216 216 216 215 216 216 216 216 216 216 216 216 216 216 216 216 217 217 217 217 216 217 217 217 217 217 217 217 217 218 217 218 218 218 218 218 218 218 218 219 219 219 219 219 219 219 219 219 219 219 219 219 220 220 220 219 220 220 221 221 221 221 222 222 222 221 222 222 223 223 223 222 222 221 222 222 223 204 204 203 202 202 202 202 202 201 200 200 200 200 200 200 201 201 201 200 201 201 201 201 202 202 202 203 203 203 203 203 203 204 204 205 204 204 203 204 204 204 204 204 204 204 205 205 204 204 204 204 204 204 204 204 204 204 204 204 204 204 204 204 204 204 204 204 205 205 205 205 205 205 205 205 205 205 205 205 205 204 204 204 203 203 204 204 204 204 204 204 205 204 204 204 204 204 204 204 204 204 203 203 203 204 203 204 204 204 204 204 203 203 203 203 204 203 203 203 203 203 203 203 203 203 203 204 204 203 203 203 203 203 204 204 204 204 204 205 205 204 205 205 206 206 205 206 206 206 207 207 207 207 207 207 207 207 207 206 206 206 206 207 207 207 206 206 207 207 206 206 206 206 206 206 207 206 206 206 206 206 207 207 207 207 208 208 208 207 208 207 207 207 207 207 207 207 207 207 207 207 208 208 208 209 209 209 209 209 209 209 209 209 209 209 209 209 209 209 209 209 209 209 209 210 210 210 210 210 210 210 210 210 210 210 210 210 210 210 210 210 210 210 210 210 210 211 211 211 211 211 211 213 213 213 213 213 213 213 213 213 214 214 214 214 214 214 214 214 214 214 214 214 214 214 214 214 214 214 214 214 214 214 215 215 215 215 215 215 215 214 214 214 214 214 214 215 215 215 215 215 216 215 215 215 215 215 216 216 216 216 216 216 216 216 216 216 216 217 216 216 216 215 215 215 216 216 216 216 216 216 216 216 216 216 216 217 217 216 216 216 217 217 217 217 217 217 217 217 217 217 218 218 218 218 218 218 218 218 218 218 219 220 220 220 220 219 219 219 219 219 219 219 220 219 220 220 221 220 220 220 220 221 222 222 221 222 222 223 223 223 222 222 221 222 222 223 223 203 203 203 203 202 201 200 200 200 201 201 201 201 201 201 200 201 201 201 201 201 202 202 202 202 203 203 203 203 204 204 204 204 203 203 204 204 205 204 204 204 204 204 204 204 204 204 204 204 204 204 204 204 204 204 204 204 205 204 204 204 204 204 204 205 205 205 205 205 205 205 205 205 205 205 205 205 205 205 204 203 203 203 204 203 204 204 204 205 204 204 204 204 204 203 203 203 203 204 203 203 204 203 204 204 204 204 204 203 203 203 203 203 203 203 204 203 203 203 203 204 204 204 204 204 204 204 203 203 203 203 203 204 204 205 204 204 205 205 205 205 205 205 206 206 206 207 206 206 206 206 206 207 207 207 206 206 206 206 206 207 207 206 206 207 207 206 206 207 207 206 207 207 207 206 206 206 206 206 207 207 207 207 207 207 207 207 207 207 207 207 207 207 207 207 207 207 207 208 208 208 208 209 209 209 209 209 209 209 209 209 209 209 209 209 209 209 209 209 209 209 209 210 210 210 210 210 210 210 210 210 210 210 210 210 210 210 210 210 210 210 210 211 211 211 211 211 211 211 213 213 213 213 213 213 213 213 214 214 214 214 214 214 214 214 214 214 214 214 214 214 214 214 214 214 214 214 214 215 215 215 215 215 215 216 216 215 215 215 214 214 214 214 215 215 215 215 215 216 216 215 215 215 215 215 215 216 216 216 216 216 216 216 216 216 216 216 216 215 215 215 215 215 216 216 216 216 216 216 216 216 216 216 216 216 216 216 216 217 217 217 217 217 217 217 217 217 218 218 218 218 218 218 218 218 218 218 218 219 219 219 220 220 219 220 220 220 220 220 219 219 220 220 220 220 220 220 219 220 222 222 222 221 222 222 222 223 223 222 222 221 222 222 222 222 203 202 201 200 200 201 201 201 201 201 201 201 200 201 201 201 201 201 201 201 202 202 202 202 203 204 204 204 204 204 203 203 204 204 204 204 204 204 204 204 204 204 204 204 204 204 204 204 204 204 204 204 204 204 204 204 204 204 204 204 204 204 205 205 205 205 205 205 205 205 205 205 205 205 205 204 204 203 203 203 203 203 203 204 204 204 205 205 204 204 204 204 204 203 203 203 204 204 204 203 204 204 204 204 204 204 203 203 203 203 203 203 203 203 203 203 203 203 204 204 204 204 204 204 204 204 203 203 203 203 204 204 204 204 204 204 205 205 205 205 205 206 206 206 206 206 206 206 206 206 207 207 207 207 206 206 206 207 206 206 206 207 207 206 206 207 207 207 208 207 207 206 206 207 207 206 206 206 207 206 206 206 207 207 207 207 207 207 207 207 207 207 207 207 207 207 208 208 208 209 209 209 209 209 209 208 209 209 209 209 209 209 209 209 209 209 209 209 209 209 210 210 210 210 210 210 210 210 210 210 209 209 210 210 210 210 210 210 210 211 211 211 211 211 211 211 213 213 213 213 213 213 213 213 213 214 214 214 214 214 214 214 214 214 214 214 214 214 214 214 214 214 215 215 215 215 215 215 215 216 216 216 215 215 215 215 214 214 214 214 215 215 215 215 215 215 216 216 215 215 215 215 215 215 215 216 216 216 216 216 216 216 216 217 217 215 215 215 215 215 215 216 216 216 216 216 216 216 216 216 216 216 216 216 216 216 217 217 216 216 216 216 217 217 217 217 218 218 218 218 218 218 218 218 218 219 219 219 220 220 220 220 220 220 220 220 219 219 219 219 219 219 219 220 220 221 222 222 222 221 221 221 222 222 223 222 222 221 222 222 222 222 223 224 203 202 201 201 201 201 201 201 201 201 201 200 200 200 201 200 201 201 201 202 202 203 203 203 203 204 204 204 203 204 204 204 204 204 204 204 204 204 204 204 205 205 205 205 204 204 204 204 204 204 204 204 204 204 204 204 204 205 205 205 204 205 205 205 205 205 205 205 205 205 205 205 205 205 205 204 204 204 203 203 203 204 204 204 204 204 204 205 205 204 205 204 203 203 203 203 203 203 203 203 203 203 204 204 204 204 204 203 203 203 203 203 203 203 203 203 203 203 204 204 204 204 204 204 204 204 204 203 203 204 204 204 205 205 205 205 205 205 206 206 206 206 206 206 205 205 206 206 206 207 207 207 207 206 206 206 206 206 206 207 207 208 207 208 208 207 207 207 207 207 206 207 207 207 207 206 206 206 206 206 207 207 207 207 207 207 207 207 207 207 207 207 208 208 208 208 208 209 209 209 208 208 209 209 209 208 208 209 209 209 209 209 209 209 209 209 209 209 210 210 210 209 209 209 210 210 210 210 210 209 209 209 210 210 210 210 210 210 210 210 210 210 211 211 211 213 213 213 213 213 213 213 214 214 214 214 214 214 214 214 214 214 214 214 214 214 214 214 214 214 214 215 215 215 215 215 215 215 215 215 215 215 215 214 214 214 215 215 215 215 215 215 215 215 215 216 216 216 216 216 215 215 215 215 215 216 216 216 216 216 216 216 217 217 216 215 215 215 215 215 216 216 216 216 216 216 216 216 216 216 216 216 216 216 216 216 216 217 217 217 216 216 216 216 217 217 218 218 218 218 218 218 218 218 219 219 219 219 219 219 219 220 220 220 221 221 220 220 219 219 219 219 220 220 220 221 221 222 222 221 221 221 222 222 222 221 221 222 222 222 223 223 223 224 224 202 201 202 201 201 201 201 201 201 200 201 202 202 202 201 200 201 201 202 202 203 204 203 203 203 203 204 204 204 204 204 204 204 204 204 204 204 205 205 205 205 205 205 204 204 204 204 204 204 204 204 204 204 204 204 204 205 205 205 205 205 205 205 205 205 205 205 205 205 205 205 205 205 205 205 204 203 203 204 203 203 204 204 204 204 205 205 205 205 204 204 204 204 203 203 203 203 204 204 203 203 203 204 204 204 204 204 204 203 203 203 203 203 203 203 203 204 204 204 204 204 205 205 204 204 203 203 203 203 204 204 205 205 205 205 206 206 206 206 206 206 206 205 205 205 206 207 206 206 207 207 206 206 206 206 206 206 207 207 207 208 208 207 207 207 207 207 208 207 206 207 207 207 207 206 206 206 206 206 206 206 207 207 206 207 207 207 207 207 207 207 208 208 208 209 209 209 209 208 208 208 209 209 209 209 209 209 209 209 209 209 209 209 209 209 209 209 210 210 209 210 210 210 210 210 210 210 210 210 210 210 210 210 210 210 210 210 211 210 210 210 210 211 211 213 213 213 213 213 213 213 213 213 213 214 214 214 214 214 214 214 214 214 214 214 214 214 214 214 215 215 215 214 215 215 215 215 215 215 214 215 215 215 215 215 215 215 215 215 215 215 215 215 215 215 216 217 218 217 216 216 216 215 215 216 215 215 216 215 216 216 216 217 217 217 216 216 215 215 216 216 216 216 216 216 216 216 216 216 216 216 216 216 217 217 217 217 217 217 217 217 217 217 217 217 217 217 218 218 218 218 218 218 219 219 219 219 219 219 219 219 219 220 220 221 221 221 221 220 219 219 219 219 220 220 220 221 222 222 221 221 222 222 222 221 222 222 223 223 223 223 223 223 223 223 203 202 201 201 201 200 201 201 200 200 201 202 203 201 201 200 201 202 202 203 203 204 203 203 203 203 203 204 204 204 205 205 205 204 204 205 205 205 205 205 205 205 205 204 204 204 204 204 204 204 205 204 204 204 204 204 204 205 205 205 205 205 205 205 205 205 205 205 205 205 205 205 205 205 205 204 203 203 203 203 203 203 204 204 205 205 205 205 205 204 204 205 204 204 204 204 204 204 204 204 203 203 203 204 204 204 204 204 203 203 203 204 204 203 203 203 204 204 205 204 204 204 204 204 204 204 204 203 203 204 204 204 204 204 205 206 206 205 205 205 206 206 205 205 206 206 206 206 206 206 207 207 207 206 206 206 206 207 207 207 208 207 207 207 207 207 206 207 207 207 207 207 208 207 207 206 206 207 206 206 206 206 206 206 207 207 207 208 208 207 207 208 208 208 209 209 208 208 208 209 209 209 209 209 209 209 208 208 209 209 209 209 209 209 209 209 210 210 209 210 210 210 210 210 210 210 210 210 211 210 210 210 210 210 210 210 210 210 210 210 210 210 210 211 212 213 213 213 213 213 213 213 213 213 213 214 214 214 214 214 214 214 214 214 214 214 214 214 214 214 214 214 214 214 215 215 215 215 214 214 215 215 215 215 215 215 215 215 215 215 215 215 215 215 215 215 216 217 218 218 217 216 216 216 216 216 216 216 216 216 216 216 218 218 217 216 216 215 215 215 216 216 216 216 216 216 216 216 216 216 217 217 217 217 217 217 218 218 219 219 218 218 217 217 217 217 217 217 218 218 218 218 218 219 219 219 219 219 220 220 219 219 219 220 220 220 220 221 221 221 220 220 219 219 219 220 221 222 222 222 221 221 222 221 222 222 223 223 222 222 222 223 223 223 222 223 223 223 223 223 223 203 202 202 202 201 201 201 201 201 201 201 202 201 201 201 200 201 202 202 202 202 202 202 202 202 203 203 203 203 204 205 205 204 204 205 205 205 205 205 205 205 205 205 205 204 204 204 205 205 205 205 205 205 204 204 204 204 205 205 205 205 205 205 205 205 205 205 205 205 205 205 205 206 205 205 205 204 204 204 203 203 203 203 204 204 205 204 204 204 204 204 205 205 204 204 204 204 204 204 204 204 203 203 204 204 204 204 204 203 203 203 203 203 204 204 203 204 204 204 204 204 204 204 204 203 204 204 203 203 203 204 204 204 204 205 205 206 205 205 205 205 205 205 205 206 207 206 206 207 207 207 207 207 206 206 206 206 207 207 207 208 208 208 208 208 207 207 207 206 207 208 208 207 207 207 206 206 207 207 207 206 207 206 206 206 207 207 208 208 207 207 208 208 208 208 208 208 208 209 209 209 209 209 209 209 209 208 208 209 209 209 209 209 209 209 209 209 209 209 209 210 210 210 210 210 210 210 211 211 210 210 210 210 210 210 210 210 210 211 211 211 210 211 211 212 213 213 213 213 213 213 213 213 213 214 214 214 214 214 214 214 214 214 214 214 214 214 214 214 214 214 214 214 214 214 214 215 215 215 215 215 215 215 215 215 215 215 215 216 215 215 215 215 215 216 215 216 216 216 216 217 217 217 217 216 216 216 216 216 216 216 216 217 218 217 217 216 215 215 215 215 216 216 217 217 216 216 216 216 216 217 217 217 218 218 218 218 218 219 219 219 219 219 218 219 218 218 218 218 218 218 218 219 219 219 219 219 220 220 220 220 219 220 220 220 220 220 220 221 221 221 221 221 220 220 220 221 221 222 222 221 221 222 222 221 222 223 223 223 222 222 223 223 223 222 222 223 223 222 223 223 223 223 203 203 202 202 202 201 201 201 201 201 200 200 200 200 201 201 201 202 202 202 202 202 202 203 203 203 203 203 204 204 205 205 205 205 205 205 205 205 205 205 205 205 205 205 205 205 205 205 205 205 205 205 204 204 204 205 205 205 205 205 205 205 205 205 205 205 205 205 205 205 205 205 205 205 205 205 205 204 204 203 203 203 203 204 204 204 204 204 204 204 204 204 204 204 204 204 204 204 204 204 203 204 204 204 204 204 203 203 203 204 203 204 204 204 204 204 204 204 204 204 204 204 204 204 203 203 203 203 203 204 204 204 204 205 205 205 205 205 205 205 205 206 206 207 207 207 207 207 207 207 207 206 206 206 207 207 207 208 208 208 207 208 208 208 207 207 206 207 207 208 208 207 207 206 206 207 208 208 207 207 206 207 206 206 206 207 207 207 207 208 208 208 208 209 209 209 209 209 209 209 209 209 209 209 208 208 208 209 209 209 209 209 209 209 209 209 209 209 209 210 210 210 210 211 211 211 211 210 210 210 210 210 210 210 210 210 211 211 211 211 211 211 212 212 213 213 213 213 213 213 213 213 213 214 214 214 214 214 214 214 214 214 214 214 214 214 214 214 214 214 214 214 214 215 214 215 215 215 215 215 215 215 215 215 215 215 215 215 215 215 216 215 216 216 216 216 216 216 216 216 218 218 218 217 216 216 216 216 216 216 217 218 218 217 216 215 215 215 215 216 216 217 217 217 216 216 216 217 217 217 217 218 218 219 219 219 218 218 218 219 219 219 219 219 219 219 219 219 218 218 218 219 219 219 219 219 220 220 220 220 221 220 220 220 220 220 220 221 220 220 221 220 220 220 221 221 221 222 222 222 221 221 221 222 222 223 223 222 222 223 223 222 222 222 222 222 222 223 223 223 224 224 224 203 202 202 201 201 201 201 201 201 201 201 202 202 202 203 203 203 203 203 204 203 203 203 204 204 204 205 205 205 205 205 205 205 205 205 205 205 205 205 205 205 205 205 205 205 205 205 205 204 204 204 205 205 205 205 205 205 205 205 205 205 205 205 205 205 205 206 205 205 205 205 205 205 205 205 204 204 203 203 203 203 204 204 203 203 203 204 204 204 204 204 204 204 204 204 204 204 203 204 204 204 204 203 203 203 204 204 204 204 204 204 205 204 204 204 203 203 203 203 203 203 204 204 204 203 203 204 204 204 204 205 206 205 205 206 206 206 206 206 206 206 206 206 206 207 207 207 207 207 206 207 207 208 208 207 207 207 207 208 208 208 207 207 207 208 208 208 207 207 206 206 207 208 208 207 207 207 206 206 207 207 206 207 207 207 207 207 208 209 209 209 209 209 209 209 209 208 208 208 208 208 208 208 209 209 209 210 209 209 209 210 210 209 209 209 210 210 210 210 211 211 211 210 210 210 210 210 210 210 210 210 210 211 211 211 211 211 211 212 212 213 213 213 213 213 213 213 213 213 214 214 214 214 214 214 214 214 214 214 214 214 214 214 214 214 214 215 214 215 215 215 215 215 215 215 215 215 215 215 215 215 215 215 215 215 215 215 215 215 215 216 215 216 216 216 216 217 218 219 219 218 217 217 217 216 216 217 219 219 218 217 216 216 216 215 216 216 217 217 217 217 217 217 218 217 217 218 218 218 218 218 219 219 218 218 218 218 218 218 219 219 219 219 219 219 219 218 219 219 219 219 219 219 220 220 220 221 221 220 220 221 220 220 221 220 220 220 220 220 220 220 220 221 221 222 222 221 221 222 222 222 222 222 222 223 223 223 222 221 221 222 222 222 223 223 223 223 224 203 203 203 202 201 201 201 201 201 201 202 202 202 203 202 202 203 203 203 203 203 203 204 204 205 205 205 205 205 205 205 205 205 205 205 206 205 205 205 205 205 205 205 205 205 205 204 205 204 205 205 205 205 205 205 205 205 205 205 205 205 205 206 206 205 205 205 205 205 205 205 205 205 205 205 204 203 203 202 203 203 203 203 203 203 203 203 203 203 203 204 204 204 204 204 204 204 203 204 204 203 203 204 204 204 204 204 204 205 205 205 204 204 203 203 204 204 203 204 204 204 204 203 203 203 204 204 205 205 205 204 205 206 206 206 205 205 206 206 206 206 207 207 207 207 207 206 207 207 207 207 207 207 207 207 207 207 208 207 207 207 206 207 208 208 207 207 207 206 207 207 208 208 207 207 207 206 207 207 207 207 207 207 207 207 207 208 208 209 209 209 209 209 209 209 209 208 208 208 209 208 209 209 209 210 210 210 209 210 210 209 209 209 209 210 210 210 211 211 211 211 211 210 210 211 211 210 210 211 211 211 211 212 211 211 211 212 213 213 213 213 213 213 213 213 213 214 214 214 214 214 214 214 214 214 214 214 214 214 214 215 214 214 214 215 214 214 215 215 215 215 215 215 215 215 215 215 215 216 215 215 215 215 215 215 215 215 215 215 215 215 216 216 216 216 217 218 219 219 219 219 218 217 217 218 219 219 219 218 217 216 216 215 216 216 216 217 218 218 218 218 218 218 218 218 218 218 218 218 218 218 218 218 218 218 218 218 218 219 218 219 219 219 219 219 219 219 219 219 219 219 219 219 219 220 220 220 221 221 221 221 221 221 220 220 220 220 220 220 220 220 220 221 221 221 221 222 223 222 221 221 222 222 223 223 223 221 221 221 221 222 222 222 223 223 202 202 202 202 202 201 202 202 202 202 202 203 204 204 204 204 204 205 205 205 205 205 205 205 205 205 205 205 205 205 205 205 205 205 205 205 205 205 205 205 204 205 205 205 205 205 205 205 205 205 205 205 205 205 205 205 205 205 205 205 205 205 205 205 205 205 205 205 205 204 204 203 203 202 202 203 202 202 202 202 203 203 203 203 204 204 204 204 204 204 204 203 203 203 204 203 204 204 204 205 204 204 204 205 205 204 204 204 204 204 204 204 205 205 204 203 203 203 203 204 204 205 204 205 206 206 205 205 205 205 206 206 206 206 207 207 207 207 207 207 207 207 207 207 207 207 207 208 208 207 207 207 206 206 206 207 208 208 208 207 207 206 207 207 208 208 207 207 207 207 207 207 207 207 207 207 206 207 207 208 208 208 208 208 208 208 208 208 208 208 208 208 209 209 209 209 209 210 210 210 210 210 210 209 209 209 210 210 210 211 210 210 211 211 211 211 210 211 211 210 210 210 211 212 212 211 211 211 211 213 212 213 213 213 213 213 214 214 214 214 214 214 214 214 214 214 214 214 214 214 214 214 214 215 215 215 215 215 214 214 215 215 215 215 215 215 215 215 215 215 215 215 215 215 215 215 215 215 215 215 215 215 215 216 216 216 216 216 216 216 218 219 219 220 220 219 219 219 219 219 219 219 218 217 216 215 215 216 216 217 217 218 218 219 219 219 219 218 219 219 218 218 218 218 218 218 218 218 218 219 219 219 219 219 219 219 219 219 219 219 219 219 219 219 219 219 219 219 220 220 220 220 221 221 221 221 221 221 220 220 220 220 220 220 220 220 220 221 221 222 222 222 221 222 222 223 223 223 223 222 221 222 222 222 222 223 223 223 201 202 202 202 202 202 203 203 204 204 204 204 204 204 205 205 205 205 205 205 205 205 206 206 205 206 205 205 205 205 205 205 206 206 205 205 205 205 205 205 205 205 205 205 205 205 205 205 205 205 205 205 205 205 205 205 205 205 205 205 205 205 205 205 205 205 205 205 205 204 203 203 204 204 204 203 202 202 203 203 203 203 204 204 204 204 204 203 203 203 204 204 203 204 204 204 204 204 205 205 205 205 204 204 204 204 204 204 204 204 204 204 203 203 204 204 204 204 204 204 205 206 206 205 205 205 206 206 206 206 206 207 207 207 208 207 208 208 207 207 207 207 207 208 208 207 207 207 208 208 207 207 207 207 207 208 208 207 207 207 208 208 208 208 208 207 207 207 208 207 207 207 207 207 207 207 208 208 208 208 208 208 208 208 208 208 208 208 208 209 209 209 209 209 209 210 210 210 209 209 209 209 210 210 210 210 210 210 210 210 211 211 211 211 211 211 211 210 210 211 212 212 211 212 212 212 213 213 213 213 213 213 213 214 214 214 214 214 214 214 214 214 214 214 214 214 214 214 214 214 215 215 215 215 215 215 214 215 215 215 215 215 215 215 216 215 216 216 216 216 215 215 215 215 215 216 215 215 215 215 216 216 216 216 216 216 216 216 218 219 220 220 220 219 219 219 219 219 220 219 218 217 217 216 216 216 216 217 217 218 218 219 219 219 219 219 218 218 218 218 218 218 218 218 218 218 219 219 219 219 219 219 219 219 219 219 219 219 219 219 219 219 219 219 219 220 220 220 220 220 220 221 221 221 221 221 220 220 220 220 220 220 220 220 220 220 220 221 221 221 222 222 222 222 222 222 221 221 222 221 222 222 222 222 222 223 201 202 203 203 203 203 203 204 204 204 205 204 204 204 205 205 205 205 205 205 206 206 206 206 205 206 206 205 205 205 205 205 205 205 205 205 205 205 205 205 205 205 205 205 205 205 205 205 205 205 205 205 205 205 205 205 205 205 205 205 205 205 205 205 205 205 205 206 205 205 205 204 204 204 204 204 203 203 203 203 203 203 203 204 204 204 204 203 203 204 204 204 204 204 204 204 204 204 204 205 205 205 205 204 204 205 204 204 205 204 204 204 204 204 204 204 204 204 204 205 205 206 205 205 205 205 206 206 206 206 206 207 207 207 208 208 208 208 208 207 207 207 207 208 207 208 207 208 208 208 207 207 206 207 208 208 208 208 207 207 208 209 208 208 207 207 207 207 207 207 207 207 207 207 207 207 207 208 208 208 208 208 208 208 208 208 208 208 208 209 209 209 209 210 209 210 210 210 210 210 209 209 210 210 210 210 210 210 210 210 210 211 212 212 211 211 211 211 211 211 212 212 212 212 212 211 213 213 213 213 213 213 213 213 213 214 214 214 214 214 214 214 214 214 214 214 214 214 214 214 214 214 215 215 215 215 215 215 215 215 215 215 215 215 216 216 216 216 216 216 216 216 215 215 216 215 216 215 215 215 216 216 216 216 216 216 216 216 217 219 219 220 220 220 219 219 219 219 219 219 218 218 218 217 216 216 216 217 217 217 218 218 218 219 219 218 218 218 218 218 218 218 218 218 218 218 219 219 219 219 219 219 219 219 219 219 220 220 220 220 219 219 219 219 219 219 219 220 220 220 221 221 221 221 221 221 221 221 221 221 222 222 221 221 221 220 220 220 221 221 221 221 222 222 222 222 221 221 221 221 222 222 222 222 223 201 202 202 203 203 203 204 203 203 204 204 205 204 204 204 204 205 205 205 205 205 205 205 205 205 205 205 205 205 205 205 205 205 205 205 205 206 206 206 205 205 205 205 206 206 206 206 205 205 205 205 204 204 205 205 205 205 205 205 205 205 205 205 205 205 205 205 205 205 205 205 205 204 204 204 203 203 203 203 203 203 203 203 203 203 203 203 203 204 204 204 204 204 204 204 205 204 204 204 205 205 205 205 205 205 205 205 205 205 205 205 205 204 204 204 204 204 203 204 204 204 205 205 205 205 205 205 205 206 205 206 206 206 207 207 207 207 207 209 209 208 208 208 208 208 208 209 208 209 209 208 207 207 207 207 207 208 209 209 208 208 208 209 209 209 208 207 207 207 207 208 208 207 207 207 207 207 208 208 208 208 208 208 208 208 208 208 209 208 208 209 209 209 209 210 210 210 210 210 210 210 210 209 210 210 210 210 210 210 210 210 210 211 212 211 211 211 211 211 211 212 212 212 212 212 211 211 213 213 213 213 213 213 213 214 214 214 213 213 214 214 214 214 214 214 214 214 214 214 214 214 214 214 214 215 215 215 215 215 215 215 215 215 215 215 215 215 216 216 216 216 217 216 216 216 216 216 216 216 215 215 216 216 216 216 216 216 216 216 217 218 219 219 220 220 219 219 219 219 219 219 218 218 218 217 217 216 217 217 217 217 217 218 218 218 218 218 218 218 218 218 219 218 218 218 218 218 218 218 219 219 219 219 219 219 219 219 219 220 220 220 220 220 219 219 219 219 219 219 219 220 221 221 221 221 221 221 221 221 221 221 221 221 222 222 222 222 221 220 220 221 221 221 222 221 222 222 221 222 222 221 221 222 222 222 223 202 202 203 203 203 203 204 204 204 204 205 204 204 204 204 205 205 205 205 205 205 205 205 205 205 205 205 205 205 205 205 205 205 205 205 205 205 205 205 205 205 205 206 206 206 206 205 205 205 205 204 204 205 205 205 205 205 205 205 205 206 205 205 205 205 205 205 205 205 205 204 204 204 203 203 203 203 203 203 203 203 203 203 203 204 204 204 204 203 204 204 204 204 204 204 204 205 205 205 205 205 206 206 206 206 205 205 205 205 205 205 205 204 205 205 204 204 204 204 204 204 205 205 205 205 205 205 205 205 206 206 207 207 206 207 207 208 208 209 209 209 209 209 209 208 208 208 209 209 208 208 207 207 208 208 209 209 209 209 208 208 208 208 208 208 208 208 207 207 207 207 207 207 207 207 207 208 207 208 208 208 208 208 208 208 208 209 209 208 208 209 209 209 209 210 210 210 210 210 210 209 209 209 210 210 210 210 211 211 211 210 210 211 211 210 211 211 211 211 211 212 212 212 211 211 211 213 213 213 213 213 213 213 213 213 213 214 214 214 214 214 214 214 214 214 214 214 214 214 214 214 214 214 214 215 215 215 215 215 215 215 215 215 215 215 215 215 215 215 216 216 216 217 217 216 216 216 216 216 215 216 216 216 216 216 216 216 216 216 217 218 218 218 219 219 219 219 220 220 219 219 218 218 217 217 217 217 217 217 218 218 218 218 218 218 218 218 218 219 219 219 218 218 218 218 218 218 218 218 219 219 219 219 219 219 219 219 219 219 220 220 220 220 220 219 219 219 219 219 220 220 220 220 221 221 221 221 221 221 221 221 221 221 221 222 222 222 221 221 221 221 221 222 222 222 222 221 222 222 222 222 222 222 222 222 202 202 202 203 204 204 204 204 205 205 204 204 204 204 205 205 205 205 205 205 205 205 206 206 205 205 205 205 205 205 205 205 205 205 205 205 205 205 205 206 206 206 206 206 206 205 205 205 205 205 205 205 205 205 205 205 205 205 205 205 205 205 205 205 205 205 205 205 204 203 203 203 203 203 203 204 204 203 203 204 204 203 204 203 204 204 204 204 204 204 204 204 204 204 204 204 205 205 205 206 205 205 206 206 206 205 205 206 206 205 205 206 205 205 204 204 204 204 204 204 204 205 206 206 206 205 206 206 206 206 206 206 207 207 208 209 209 208 208 209 209 209 208 208 208 208 208 208 209 208 208 209 208 209 208 209 209 209 208 208 209 208 208 207 207 207 207 207 207 207 207 207 207 207 207 208 208 208 208 207 208 209 208 208 209 209 209 209 209 209 209 209 209 210 210 210 210 209 209 210 210 210 210 210 210 210 211 211 211 211 211 211 210 210 210 210 211 211 211 211 211 211 211 211 213 213 213 213 213 213 213 213 213 214 214 214 214 214 214 214 214 214 214 214 214 214 214 214 214 214 214 214 214 215 215 215 215 215 215 215 215 215 215 215 215 215 215 216 216 216 216 217 217 216 216 216 216 216 216 216 216 216 216 216 216 216 216 216 217 217 217 218 219 219 220 220 220 220 219 218 218 217 217 217 216 217 217 218 218 218 218 218 218 218 218 218 219 219 219 219 219 218 219 219 219 219 219 218 219 219 219 219 219 219 219 219 219 219 220 220 220 220 220 220 219 219 219 219 220 220 220 220 220 221 221 221 221 221 221 220 221 221 221 221 222 222 221 221 221 221 221 222 222 222 221 221 221 221 221 221 222 222 203 204 204 205 204 204 204 204 204 204 204 204 205 205 205 205 205 206 206 206 205 205 205 205 205 205 205 205 205 205 205 205 205 205 206 206 206 206 206 206 206 205 205 205 205 205 205 205 205 205 205 205 205 205 205 205 205 205 205 205 205 205 205 205 204 203 203 203 204 204 203 204 205 204 204 204 204 204 203 204 204 204 204 204 204 204 204 204 204 204 204 204 204 205 205 205 205 205 205 205 206 206 205 205 206 206 206 206 206 205 205 204 204 204 204 204 205 205 205 206 205 205 206 206 206 206 206 207 207 207 208 208 208 208 208 209 210 210 209 209 209 208 208 208 208 209 209 209 209 209 208 208 209 209 209 209 209 209 208 208 208 207 207 207 207 207 207 207 207 207 208 208 208 209 208 207 208 209 209 209 209 209 209 209 209 209 209 209 209 209 210 210 210 209 210 210 210 210 210 210 210 210 210 211 211 211 210 210 211 210 210 211 211 211 211 211 211 211 211 211 213 213 213 213 213 213 213 214 214 214 214 214 214 214 214 214 214 214 214 214 214 214 214 214 214 214 214 214 214 215 215 215 215 215 215 215 215 215 215 215 215 215 216 216 216 216 216 216 216 216 217 216 216 216 216 216 216 216 216 216 216 216 216 216 216 216 216 217 218 219 219 220 220 220 219 219 218 218 218 217 217 217 217 218 218 218 218 218 218 218 218 218 218 219 219 219 219 218 219 219 219 219 219 218 219 219 219 219 219 219 219 219 219 219 219 220 220 220 220 220 220 219 219 219 219 220 220 220 221 221 221 221 220 221 220 220 220 220 220 221 221 222 222 222 221 222 221 221 222 222 221 221 221 221 221 221 221 222 203 203 204 204 204 204 204 204 204 205 205 205 205 206 206 206 205 205 205 205 205 205 205 205 205 206 206 206 206 206 206 206 206 206 206 206 206 206 206 206 206 205 205 205 205 205 205 205 205 205 205 205 205 205 205 205 205 205 206 205 205 204 204 204 204 204 203 204 204 204 203 203 203 203 204 204 204 204 204 204 204 204 204 204 204 204 204 205 205 205 205 205 205 205 206 205 205 205 205 205 205 205 205 205 206 206 205 205 204 204 204 204 204 205 206 205 205 206 206 206 206 206 206 207 207 207 208 208 207 208 208 209 209 209 210 210 209 209 208 208 208 209 209 209 209 208 208 208 208 209 209 209 209 209 209 208 208 208 207 207 208 208 208 208 207 207 208 208 208 209 208 208 208 208 209 209 209 210 209 209 209 209 209 209 209 209 210 210 210 210 210 210 210 210 210 210 210 210 210 211 211 210 210 210 211 211 211 211 211 211 211 211 211 211 211 211 213 213 213 213 213 213 213 214 214 214 214 214 214 214 214 214 214 214 214 214 214 214 214 214 214 214 214 214 214 214 215 215 215 215 215 215 215 215 215 215 215 215 216 215 216 215 216 216 216 216 217 216 216 216 216 216 216 216 216 216 216 216 216 216 216 216 216 217 217 217 217 218 219 219 219 219 218 218 217 217 217 217 217 218 218 218 218 218 218 218 218 218 218 218 219 219 219 219 219 219 219 219 219 218 219 219 219 219 220 219 219 219 219 219 219 220 220 220 220 220 220 220 219 219 220 220 220 220 220 221 221 221 221 221 221 221 220 220 220 220 221 221 221 221 222 222 222 222 221 222 221 221 221 221 221 221 203 204 204 204 205 205 205 205 205 206 205 205 205 205 205 205 206 206 206 206 206 206 206 206 206 206 206 206 206 206 206 206 205 206 206 205 205 205 205 205 205 205 205 205 205 205 205 205 205 205 205 206 205 205 204 204 204 204 205 204 204 204 204 203 204 204 203 204 204 204 204 204 204 204 204 204 204 204 204 204 204 205 205 205 205 205 206 206 206 206 205 205 206 205 205 204 204 205 206 206 205 205 205 204 204 204 205 205 205 205 205 206 206 206 207 207 207 207 207 207 207 207 207 208 209 208 209 209 209 209 209 208 208 208 209 209 208 209 209 208 209 208 208 208 208 209 209 209 208 207 207 207 208 208 208 208 208 207 207 208 208 208 209 209 208 208 208 209 209 209 209 209 209 209 209 209 209 209 209 209 209 209 210 210 210 210 210 210 210 210 210 210 210 210 210 210 210 211 211 211 211 211 211 211 211 211 211 212 212 213 213 213 213 213 213 214 213 214 214 214 214 214 214 214 214 214 214 214 214 214 214 214 214 214 214 214 215 215 214 215 215 215 215 215 215 215 215 215 215 215 215 215 215 215 215 216 216 216 216 216 216 217 217 217 217 216 216 216 217 217 216 216 216 216 216 217 217 216 216 217 217 218 219 219 219 218 218 218 217 218 217 217 218 218 218 218 218 218 218 218 218 218 218 219 219 219 219 219 219 220 219 219 219 219 219 219 220 220 220 219 219 219 219 219 220 220 220 220 220 220 220 220 219 220 220 220 220 221 221 221 221 221 221 221 221 220 220 220 220 220 220 220 221 221 222 222 223 222 222 221 221 221 221 221 206 206 206 205 205 205 205 205 205 205 206 206 206 206 206 206 206 206 206 206 206 206 206 206 206 206 206 206 205 206 206 205 205 205 205 205 205 205 205 205 205 205 205 205 205 205 205 204 204 204 204 204 204 204 204 204 204 204 204 203 203 204 204 204 204 204 204 205 205 205 205 205 205 204 205 205 205 205 206 205 206 206 205 205 205 206 206 206 205 205 205 205 205 205 205 205 205 205 205 205 205 205 205 205 206 206 206 206 207 207 206 206 207 207 208 208 208 208 208 209 209 208 209 209 209 208 208 208 208 209 208 209 209 209 209 209 208 208 209 209 209 209 208 208 208 207 208 208 208 208 208 208 207 208 208 209 209 209 209 208 208 208 208 209 209 209 209 209 210 210 210 209 209 209 209 209 209 210 210 210 210 210 210 210 210 210 210 210 210 210 211 211 211 211 211 211 211 211 211 211 211 211 212 213 213 213 213 213 213 214 214 214 214 214 214 214 214 214 214 214 214 214 214 214 214 215 215 214 214 214 215 215 215 215 215 215 215 215 215 215 215 215 215 215 215 215 215 215 215 216 216 216 216 216 216 217 217 217 217 217 216 217 217 217 216 216 216 216 216 216 217 217 217 217 217 217 217 218 218 218 218 218 218 218 217 217 217 217 217 217 218 218 218 218 218 218 218 218 219 219 219 219 219 219 219 219 219 219 219 219 219 220 219 219 219 219 219 219 219 220 220 220 220 220 220 220 220 220 220 220 221 221 221 221 221 221 221 221 220 220 220 220 220 220 220 220 220 220 221 221 222 222 222 221 221 206 206 205 205 205 205 205 205 205 205 206 206 206 206 206 206 206 206 206 206 206 206 206 206 206 206 206 205 206 206 205 205 205 205 205 205 205 205 205 205 205 205 205 205 205 205 205 205 205 205 204 204 204 204 204 204 204 204 203 203 204 204 204 204 204 204 204 204 204 204 205 205 205 205 205 205 206 206 206 206 206 206 206 206 206 206 206 205 205 205 205 205 205 205 205 205 205 205 205 205 205 205 205 205 205 205 205 206 206 206 207 208 208 208 208 208 209 208 208 208 209 209 210 209 208 208 208 208 208 208 208 208 209 209 209 209 209 209 209 209 208 208 208 208 207 208 208 208 208 208 208 208 208 208 209 209 209 208 208 208 209 209 209 209 209 210 210 210 210 210 209 210 209 209 209 209 209 210 210 210 210 210 210 210 210 210 210 210 211 211 211 211 211 211 211 211 211 211 211 211 211 211 213 213 213 213 214 214 214 213 213 214 214 214 214 214 214 213 214 214 214 214 214 215 215 215 215 214 214 214 214 215 215 215 215 215 215 215 215 215 215 215 215 215 215 215 215 215 216 216 216 216 216 216 216 216 217 217 217 217 217 216 216 216 216 216 216 216 216 216 217 217 216 216 217 217 217 217 218 218 218 218 218 218 217 217 217 217 217 217 218 218 218 218 218 218 219 219 219 219 219 219 219 219 219 219 219 219 219 219 219 220 219 219 219 219 219 219 220 220 220 220 220 220 220 220 220 220 220 220 221 221 221 221 221 221 221 220 220 220 220 221 221 221 221 221 220 221 221 221 221 222 206 206 205 205 205 205 205 205 206 205 205 206 206 206 206 206 206 206 206 206 206 206 206 206 206 206 206 205 206 206 205 206 206 206 206 206 206 206 206 206 206 206 205 205 205 205 205 205 205 204 204 204 204 205 205 204 204 204 204 203 204 204 205 205 205 204 204 204 205 205 205 205 205 205 205 206 206 206 206 207 207 207 206 206 206 205 205 205 205 205 205 205 205 205 205 205 205 205 205 205 205 205 205 205 206 206 206 206 207 208 207 208 208 208 208 208 208 208 208 208 209 210 209 209 209 208 208 208 208 208 208 208 209 209 209 209 208 208 209 209 209 208 208 208 207 207 207 207 207 208 208 208 209 208 209 209 209 208 208 208 208 209 209 209 210 210 210 210 210 211 210 210 210 210 209 210 210 210 210 210 210 210 210 210 210 210 210 210 210 211 211 211 211 211 211 211 211 211 211 211 211 211 213 213 213 213 213 213 214 213 214 214 214 214 214 214 213 213 214 214 214 214 214 215 215 215 214 214 214 214 215 215 215 215 215 215 215 215 215 215 215 215 215 215 215 215 216 215 216 216 216 216 216 216 216 217 217 217 217 217 217 216 216 217 216 216 216 216 216 216 217 217 217 217 217 217 217 217 217 218 218 218 218 218 218 217 217 218 218 217 218 218 218 218 218 218 219 219 219 219 219 219 219 219 219 219 219 219 218 219 219 220 219 219 219 219 219 219 220 220 220 220 220 220 220 220 220 220 220 220 220 220 221 221 221 221 221 221 221 221 221 221 221 221 221 221 221 221 221 221 221 221 206 206 205 206 206 206 205 206 206 205 205 205 206 206 206 206 206 206 206 206 206 206 206 206 206 205 205 205 205 206 206 206 206 205 206 206 206 206 206 205 206 206 205 205 205 205 205 204 204 204 204 204 205 205 204 204 204 204 204 204 204 204 204 205 205 205 205 205 206 206 205 206 206 206 206 206 206 206 206 206 206 206 206 206 206 206 206 206 206 205 205 205 205 205 205 206 205 205 205 205 205 205 205 206 206 207 207 207 207 207 208 208 208 208 209 208 208 208 209 209 209 209 209 209 208 208 209 208 209 209 208 208 208 208 209 208 209 209 209 209 208 208 207 208 208 208 208 207 207 207 208 208 208 209 209 209 209 209 208 208 209 209 209 209 210 210 210 210 210 211 210 210 210 210 210 210 210 210 210 210 210 210 210 210 210 210 210 210 210 210 211 211 211 211 211 211 211 211 211 211 211 213 213 213 213 213 214 214 214 214 214 214 214 213 213 213 214 214 214 214 214 214 214 215 215 214 214 215 215 215 215 214 215 215 215 215 215 215 215 215 215 215 215 215 216 216 216 216 216 216 216 216 216 216 216 217 217 217 217 217 216 216 216 216 216 216 216 216 216 216 217 217 218 218 217 217 217 217 217 217 218 218 218 218 218 218 218 218 217 218 218 218 218 218 218 218 219 219 219 219 220 220 220 220 219 219 219 219 218 219 219 220 220 219 219 219 219 219 220 220 220 220 220 220 220 220 220 220 220 220 220 221 221 221 221 221 221 221 221 221 221 221 221 221 221 221 221 221 221 221 206 206 206 206 205 206 206 205 205 205 205 206 206 206 206 206 206 206 206 206 206 206 206 206 206 206 206 206 205 205 205 206 206 205 205 206 205 206 206 206 206 206 206 205 205 204 204 204 204 204 205 205 205 204 204 204 204 204 204 204 204 205 205 205 205 205 205 206 205 206 206 206 206 206 206 206 206 206 206 207 207 206 206 206 206 205 206 206 206 205 205 205 205 205 205 205 205 204 205 205 205 205 205 206 206 207 207 206 207 208 208 208 208 208 209 208 208 208 209 208 208 209 209 209 209 209 208 208 208 208 208 208 208 208 208 208 209 209 209 209 209 208 208 208 208 209 208 208 208 207 207 208 209 209 209 209 209 210 209 208 209 209 209 209 209 210 210 210 210 210 210 211 211 210 211 211 211 210 210 210 210 210 210 211 210 210 210 210 211 210 210 211 211 211 211 211 211 211 211 211 211 213 213 213 213 213 213 213 214 213 213 214 214 213 213 214 214 214 214 214 214 214 214 214 214 215 215 215 215 215 215 214 215 215 215 215 215 215 215 215 215 215 215 215 215 215 216 216 216 215 215 216 216 216 216 217 217 217 217 217 217 216 216 216 216 216 216 216 217 217 217 217 217 217 217 217 217 217 217 217 217 217 218 218 218 218 218 218 217 218 218 218 218 218 218 218 218 219 219 219 219 220 220 220 220 220 220 219 219 219 219 220 220 220 219 219 219 219 219 220 220 220 220 220 219 220 220 220 220 220 220 220 221 221 221 221 221 221 221 221 221 221 221 221 221 221 221 221 221 221 206 206 206 205 206 205 206 206 206 206 206 206 205 206 206 206 206 206 206 206 206 206 206 206 206 205 205 205 205 205 205 205 205 205 205 205 206 206 206 206 206 205 205 204 205 204 204 204 205 205 204 204 204 204 204 204 204 204 205 206 205 205 205 205 206 206 205 205 206 206 206 206 206 206 206 206 206 206 206 207 207 207 206 206 206 206 205 205 205 205 205 205 205 205 204 204 204 205 205 205 206 206 206 206 206 206 207 207 208 207 208 208 209 208 208 209 208 208 209 209 209 209 209 209 208 208 208 208 208 209 209 209 209 208 209 209 209 209 209 208 208 208 208 209 209 209 208 208 208 208 209 209 209 209 209 209 209 208 209 209 209 209 209 209 209 209 209 209 210 210 210 210 211 211 211 211 211 210 210 210 210 210 210 210 210 210 210 210 210 210 210 211 211 211 211 211 211 211 211 213 213 213 213 213 213 213 213 214 214 213 213 213 213 214 214 214 214 214 214 214 215 215 215 215 215 215 215 215 214 214 215 215 215 215 215 215 215 215 215 215 215 215 215 215 215 215 216 216 215 216 216 216 216 217 217 217 217 217 217 217 217 217 216 216 216 216 217 217 217 217 217 217 217 217 217 217 217 217 217 217 217 217 218 218 218 218 218 218 218 218 218 218 218 218 218 218 219 219 219 220 220 220 220 220 220 220 219 219 219 219 220 220 220 219 219 219 219 219 219 220 220 220 220 219 219 220 220 220 220 220 221 221 220 221 221 220 220 220 220 221 221 221 221 221 221 221 221 206 206 206 206 206 206 206 206 206 206 206 205 205 206 206 206 206 206 206 206 206 206 206 205 205 205 205 205 205 205 205 206 206 205 205 205 206 206 206 205 205 205 205 205 204 204 204 205 205 204 204 204 204 204 204 204 204 204 205 205 204 205 205 205 205 205 205 205 205 205 206 206 206 207 207 206 206 206 205 206 206 206 206 206 206 206 205 205 205 205 205 205 205 205 204 204 205 205 205 205 205 205 206 206 206 206 206 207 207 208 208 208 208 208 208 208 208 209 209 209 209 209 209 208 208 208 208 208 208 209 209 209 208 208 208 208 209 209 209 208 209 209 209 209 209 209 208 208 209 209 209 209 209 209 209 208 209 209 209 209 209 209 209 209 209 210 210 210 210 210 210 210 210 210 211 211 211 211 210 210 210 210 210 210 210 210 210 210 210 211 211 211 211 211 211 211 211 211 213 213 213 213 213 213 213 213 213 213 213 213 213 214 214 214 214 214 214 214 214 214 214 215 214 215 215 215 215 214 214 215 215 215 215 215 215 215 215 215 215 215 215 215 215 216 216 216 216 216 216 216 216 217 217 217 217 217 217 217 217 217 217 216 216 216 216 216 217 216 217 217 217 217 216 217 217 217 217 217 217 217 217 217 218 218 218 218 218 218 218 218 218 218 218 218 218 218 219 219 219 220 220 220 219 220 220 220 220 219 219 220 220 220 220 219 219 219 220 219 220 220 220 220 219 219 219 220 220 220 220 220 220 220 220 220 221 220 220 220 221 221 221 221 221 221 221 221 206 206 206 206 206 206 206 206 206 206 206 206 206 206 206 206 206 206 206 206 206 205 205 205 206 206 205 206 206 206 206 206 205 205 206 206 206 205 205 205 205 205 205 205 205 205 205 205 204 204 204 204 204 205 204 204 205 205 205 205 205 205 205 205 206 206 206 206 206 206 207 206 206 206 206 205 205 206 206 206 206 206 206 206 206 206 206 205 205 205 205 205 204 204 205 205 205 205 206 206 206 206 206 206 207 208 208 207 209 209 208 208 208 208 208 209 209 210 209 209 209 209 208 208 208 208 208 208 208 208 208 208 208 209 209 209 208 209 209 209 209 209 209 209 209 209 209 209 209 208 208 208 208 209 209 210 209 209 210 210 209 210 210 210 210 210 210 210 210 210 211 211 211 211 210 210 210 210 210 210 210 210 210 210 210 210 211 211 211 211 211 211 211 211 211 213 213 213 213 213 213 213 213 213 213 213 213 214 214 214 214 214 214 214 214 214 214 214 214 214 215 215 215 214 215 215 215 215 215 215 215 215 215 215 215 215 215 215 215 215 215 216 216 216 216 216 216 217 217 217 217 216 217 217 217 218 217 217 216 216 216 216 216 216 216 216 216 216 217 216 217 217 217 217 217 217 217 217 217 217 217 217 218 218 218 218 218 218 218 218 218 218 218 219 220 220 220 220 220 220 220 220 220 220 220 219 219 219 220 220 220 219 219 219 219 220 220 220 220 219 219 219 220 220 220 220 220 220 219 220 220 220 220 220 220 220 221 221 221 221 221 206 206 206 206 206 206 206 206 206 206 206 206 206 206 206 206 206 206 206 206 206 205 205 206 206 206 206 205 205 205 205 205 205 205 205 205 205 205 205 205 205 205 205 205 205 205 205 205 204 204 204 205 205 205 205 206 206 205 205 205 205 206 206 206 206 206 206 206 206 207 206 206 206 205 205 206 205 205 205 205 206 206 206 206 206 206 205 205 205 205 205 205 205 204 205 206 206 206 206 206 206 207 206 207 207 207 207 208 208 208 209 209 209 209 209 210 210 209 209 209 209 209 208 208 208 208 208 208 209 208 208 208 209 209 209 209 209 209 209 209 210 209 209 209 209 209 209 209 209 209 209 208 209 209 209 209 209 210 210 210 210 210 210 210 211 210 210 210 211 211 211 211 211 211 211 211 211 211 211 210 211 210 210 210 210 211 211 211 211 211 211 211 211 211 213 213 213 213 213 213 213 213 213 213 213 214 214 214 213 214 214 214 214 214 214 214 214 214 214 215 215 214 215 215 215 215 215 215 215 215 215 215 215 215 215 215 215 215 215 215 215 215 216 216 216 216 216 216 217 216 216 216 216 217 217 217 217 216 216 216 216 217 217 216 216 216 216 216 216 217 217 217 217 217 216 216 216 217 217 217 217 218 218 218 218 218 218 218 218 218 218 218 219 219 220 220 220 220 220 220 220 220 221 220 219 219 219 219 220 220 219 219 219 219 220 220 220 220 219 219 219 219 219 219 220 220 220 219 219 219 219 219 220 220 220 220 221 206 206 206 206 206 206 206 206 206 206 206 206 206 206 206 206 206 206 206 206 206 206 205 205 206 205 205 205 205 205 205 205 205 205 205 205 205 206 206 206 206 205 205 205 205 205 205 205 205 204 205 205 205 205 206 206 206 206 205 206 206 206 207 207 206 206 206 206 206 206 206 206 206 206 206 206 206 205 206 205 205 205 205 206 206 206 206 205 205 205 205 205 205 205 206 206 206 206 206 206 207 207 207 207 207 208 208 207 207 208 208 208 208 208 209 210 210 209 209 208 209 209 208 208 208 208 208 208 208 209 208 208 209 209 209 209 209 209 209 209 209 210 210 209 210 209 209 209 209 209 208 208 209 209 209 209 210 210 210 210 211 210 210 211 211 211 211 210 210 211 211 212 212 211 212 212 212 211 211 210 211 211 211 211 211 211 211 211 211 211 211 211 211 211 213 213 213 213 213 213 213 213 213 213 213 213 213 213 214 214 214 214 214 214 214 214 214 214 214 214 215 215 215 215 215 215 215 215 215 215 215 215 215 215 216 215 215 215 215 215 215 215 215 216 216 216 216 216 216 216 216 216 217 217 217 217 217 217 217 217 216 217 217 217 216 216 216 216 216 216 217 217 216 216 216 217 217 217 217 217 217 217 217 218 218 218 218 218 218 218 218 219 219 219 220 220 220 221 221 220 220 220 221 220 220 219 219 219 220 220 219 219 219 219 220 220 220 220 220 219 219 219 219 219 219 219 219 219 219 219 219 219 219 220 220 220 220 206 206 207 207 207 206 206 206 206 206 205 205 206 206 206 206 206 206 206 206 205 205 205 205 205 205 205 205 205 205 205 205 205 205 205 205 205 206 206 206 206 205 204 204 204 204 205 205 205 205 205 205 205 205 206 206 205 205 205 205 206 206 206 206 205 206 206 206 206 205 205 205 205 206 206 206 206 206 206 205 205 205 205 206 206 206 206 206 205 205 206 205 206 206 206 206 205 206 206 206 207 207 208 207 207 207 207 207 207 208 208 209 209 208 209 210 210 210 209 209 210 209 208 208 208 208 208 208 208 208 208 209 209 209 209 209 209 209 209 209 210 209 209 210 209 209 210 209 209 209 208 209 209 209 209 210 209 209 210 210 210 210 210 211 211 211 211 211 211 211 212 212 212 212 212 211 211 211 210 210 211 211 211 211 211 211 211 211 211 211 211 211 211 213 213 213 213 213 213 213 213 213 213 213 213 213 213 214 214 214 214 214 214 214 214 214 214 215 215 215 215 215 215 215 215 215 215 215 215 215 215 215 215 216 216 215 215 215 215 216 216 216 216 216 216 216 216 216 216 216 216 216 216 216 217 216 217 217 217 216 216 217 217 217 217 216 216 216 216 216 216 217 217 217 217 217 218 217 218 218 218 218 217 218 218 218 219 219 219 219 218 218 219 220 220 220 220 220 220 220 220 221 221 220 219 219 218 218 219 219 219 219 219 220 220 220 220 220 219 219 220 219 219 219 219 220 220 220 219 219 219 219 219 219 220 207 207 207 207 207 207 207 206 206 205 206 206 206 206 206 206 205 205 206 206 206 205 205 205 205 205 205 205 205 205 205 205 205 205 205 205 205 205 206 206 206 205 206 205 204 204 205 205 206 205 205 205 205 205 206 205 205 205 205 205 206 206 206 205 205 205 206 206 206 205 205 205 205 206 207 206 206 207 207 206 205 205 205 205 206 205 205 206 205 205 205 205 206 205 205 206 206 206 206 206 206 207 207 208 208 207 207 207 207 208 208 208 208 209 209 209 210 209 209 209 209 209 208 208 208 208 208 208 208 208 208 209 209 209 209 209 209 209 209 209 210 209 209 210 210 210 210 209 209 209 208 209 209 209 209 209 209 209 210 210 210 210 210 210 210 211 211 211 211 211 212 212 212 212 212 212 212 211 211 210 211 211 211 211 211 211 211 211 212 211 211 211 211 213 213 213 213 213 213 213 213 213 213 213 213 213 214 214 214 214 214 214 214 214 214 214 214 215 215 215 215 215 215 215 215 215 215 215 215 215 215 215 215 216 216 216 215 215 215 215 216 216 216 216 216 216 216 216 216 216 216 216 216 216 216 216 216 216 217 216 216 217 217 217 217 216 216 216 216 216 216 217 217 217 218 218 218 217 217 218 218 218 218 218 218 218 218 218 219 219 219 219 219 219 220 221 220 220 220 220 220 220 220 221 220 219 219 218 218 218 219 220 219 220 220 220 220 220 220 219 220 220 220 219 219 219 219 220 220 220 219 219 219 207 207 207 207 206 205 206 207 205 205 205 205 205 205 205 206 206 206 206 206 205 205 205 206 205 205 205 205 205 205 205 205 205 205 206 206 206 206 206 206 205 204 204 205 205 205 204 205 205 205 205 205 205 206 206 206 206 206 205 205 205 206 206 206 206 206 206 205 205 206 206 206 207 207 207 207 206 205 205 205 205 206 205 205 206 206 206 205 205 205 206 206 207 207 206 207 206 207 207 207 208 208 207 208 208 208 209 209 209 209 210 209 209 209 209 209 209 210 209 208 208 208 208 208 208 208 209 209 209 209 209 209 209 209 209 209 209 209 210 210 210 209 209 209 209 209 209 209 209 209 209 209 209 209 210 210 209 210 210 210 210 211 212 212 211 211 211 211 211 212 212 212 212 211 211 210 210 211 211 211 211 211 211 211 211 211 211 211 211 213 213 213 213 213 213 213 213 213 214 214 214 214 214 214 214 214 214 214 214 214 214 214 214 215 215 215 215 215 215 215 215 215 215 215 215 215 215 215 215 216 216 216 216 215 215 215 215 216 216 216 216 216 216 216 216 216 216 216 216 216 216 216 216 216 216 216 216 216 216 217 216 216 217 217 217 217 218 217 217 217 218 218 218 218 218 218 219 218 218 218 218 218 218 218 218 218 218 218 219 219 219 220 220 220 220 219 220 220 220 221 221 220 219 219 218 219 219 220 220 220 220 221 220 220 220 220 220 220 220 220 219 220 219 219 220 207 207 207 206 206 206 206 205 205 205 205 205 205 205 205 205 205 205 205 205 206 206 206 205 205 206 206 206 205 205 205 205 206 206 206 206 206 205 204 204 204 205 205 204 204 204 204 205 205 205 205 205 206 206 206 205 205 205 206 205 206 206 206 206 205 205 205 206 206 206 207 207 206 207 206 205 205 205 205 205 205 205 205 206 205 206 206 206 206 206 207 207 207 207 207 207 207 207 208 208 208 208 208 208 209 209 209 210 210 209 209 209 209 209 209 209 209 208 208 208 208 209 209 209 209 209 209 209 209 209 209 209 209 209 209 209 210 209 209 209 209 209 209 209 209 209 209 209 209 209 209 209 209 210 210 210 211 211 211 211 212 211 211 210 210 210 211 211 211 212 211 211 211 210 211 211 211 211 211 211 211 211 211 211 211 211 213 213 213 213 213 213 213 213 213 214 214 214 214 214 214 214 214 214 214 214 214 214 214 215 215 215 215 215 215 215 215 215 215 215 215 215 215 215 215 215 215 216 216 216 216 216 216 216 215 216 216 216 216 216 216 216 216 216 216 216 216 216 216 216 216 216 216 216 216 216 216 216 216 217 217 217 217 217 217 217 218 218 218 219 218 218 219 219 218 218 218 218 218 218 218 218 218 219 219 219 219 219 219 220 220 220 219 219 220 220 221 221 221 220 219 219 218 219 219 219 220 220 220 221 221 221 220 220 220 220 220 220 220 219 207 207 207 206 206 205 205 205 205 205 205 205 206 206 205 205 205 206 206 206 206 206 206 205 205 205 205 206 206 206 207 206 206 205 204 204 204 204 204 204 204 205 205 205 205 205 205 205 206 205 205 205 205 205 205 206 206 205 206 206 205 205 206 206 206 205 206 207 206 206 206 206 205 205 205 205 205 205 205 205 205 206 206 206 206 206 207 207 207 207 207 207 207 207 208 208 209 208 208 209 209 209 209 209 209 209 209 209 210 209 209 209 209 208 208 208 208 209 209 209 209 209 209 209 209 209 209 209 209 209 209 209 210 210 210 209 209 209 209 210 209 209 209 209 210 210 209 209 210 210 210 210 210 210 210 211 212 212 211 211 210 210 210 210 210 211 211 211 211 211 211 211 211 211 211 211 211 211 211 211 211 211 213 213 214 213 213 213 213 213 214 214 214 214 214 214 214 214 214 214 214 214 214 214 214 215 215 215 215 215 215 215 215 215 215 215 215 215 215 215 215 215 215 216 216 216 216 216 216 216 216 216 216 216 216 216 216 216 216 216 216 216 216 216 216 217 217 216 216 216 216 217 216 216 216 216 216 217 217 217 217 217 217 218 218 218 218 218 218 219 219 219 218 218 219 218 218 218 218 218 218 218 219 219 219 219 220 220 220 220 219 219 220 220 220 220 218 219 219 219 219 219 219 219 220 220 221 221 221 221 221 220 220 221 220 220 206 206 206 206 206 206 206 205 205 205 205 205 205 205 205 206 206 206 206 205 205 205 206 206 206 206 206 206 205 204 204 204 204 204 204 205 205 205 206 205 205 205 205 205 205 205 205 205 205 205 205 205 205 205 205 206 205 205 205 205 205 206 207 206 207 206 206 205 206 206 206 205 205 205 205 205 205 205 205 206 206 206 206 206 207 207 207 207 207 207 208 208 208 208 208 208 208 208 208 209 209 209 209 209 209 209 209 209 209 208 208 208 208 208 209 209 209 209 209 209 209 209 209 209 209 209 209 209 210 210 210 209 209 209 210 210 210 210 209 209 210 210 210 209 210 210 210 210 211 211 211 211 211 211 211 211 211 211 211 211 210 211 211 211 212 211 211 211 211 211 211 211 211 211 211 211 211 211 213 213 214 213 213 213 213 214 214 214 214 214 214 214 214 214 214 214 214 214 214 214 215 215 215 215 214 215 215 215 215 215 215 215 215 215 215 215 215 215 215 216 216 216 216 216 216 216 216 216 216 216 216 216 216 216 216 216 216 216 216 216 216 216 217 216 216 217 217 217 217 217 217 216 217 217 217 217 218 218 217 218 218 218 218 218 218 218 219 219 219 219 219 219 219 218 218 219 219 219 219 219 219 219 220 220 220 220 220 219 219 219 219 219 218 220 219 219 219 219 219 219 220 220 220 221 221 221 221 220 220 220 220 220 206 206 206 206 206 205 205 205 205 205 205 206 205 206 206 205 205 206 206 206 206 206 206 206 204 205 206 206 206 204 204 205 205 206 205 205 205 205 206 205 205 205 205 204 204 205 205 206 205 206 206 205 205 205 206 206 206 206 206 206 206 206 206 205 205 206 206 206 206 205 205 205 206 206 205 205 205 205 206 206 207 208 207 207 207 207 208 208 208 208 208 208 208 208 209 209 209 209 209 208 208 209 209 209 209 209 209 208 208 208 209 209 209 209 209 209 209 209 209 209 209 209 209 209 210 210 210 210 209 209 209 210 210 210 210 210 210 210 210 210 210 211 211 211 211 211 212 211 211 211 211 211 211 211 211 211 211 211 210 211 212 211 211 211 211 211 211 211 211 211 211 211 211 211 213 213 213 213 213 213 214 214 214 214 214 214 214 214 214 214 214 214 214 214 214 214 214 214 214 214 215 215 215 215 215 215 215 215 215 215 215 215 215 215 215 215 216 216 215 216 216 216 216 216 216 216 216 216 216 216 216 216 216 216 216 217 217 216 216 217 216 217 216 217 217 217 217 217 217 216 217 217 217 217 218 218 218 217 217 217 218 218 218 219 219 220 219 219 219 218 218 218 219 219 219 219 219 219 219 220 220 220 221 220 219 219 219 218 219 220 221 220 219 219 219 219 219 220 220 221 221 221 220 221 220 220 220 220 206 206 206 206 206 206 206 205 205 205 205 205 206 206 205 205 206 206 206 206 206 206 206 204 205 206 206 206 206 205 206 206 206 205 205 205 205 205 205 206 206 206 205 205 205 204 205 205 205 206 205 205 205 205 205 206 206 206 205 206 206 206 206 205 205 206 206 206 206 205 206 206 205 205 205 205 206 206 207 207 207 207 207 207 207 207 208 208 208 208 208 209 209 208 208 209 209 209 209 208 208 209 209 209 208 208 208 208 208 209 209 209 209 209 209 209 209 209 209 209 209 209 209 210 210 210 209 210 210 210 210 210 210 210 210 210 210 210 210 210 210 210 210 210 211 211 211 211 211 211 211 211 210 210 211 211 211 211 211 211 211 211 211 211 211 211 211 211 211 211 211 211 211 213 213 213 213 213 213 214 214 214 214 214 214 214 214 214 214 214 214 214 214 214 214 214 214 214 215 215 215 215 215 215 215 215 215 215 215 215 215 215 215 215 215 215 215 215 215 215 215 216 216 216 216 216 216 216 216 216 217 216 216 216 217 217 217 216 217 217 217 217 217 217 217 217 217 216 216 216 217 217 217 218 218 217 217 218 218 217 218 219 218 219 219 220 220 219 219 218 218 219 220 219 219 219 219 219 219 219 220 220 221 220 220 219 219 219 220 220 221 220 219 220 219 220 220 220 220 221 221 220 220 220 220 206 206 206 206 206 206 205 205 206 206 206 205 206 206 206 206 205 205 206 205 205 206 207 206 207 206 206 206 206 206 205 205 206 205 205 205 206 206 206 206 205 205 204 205 205 205 205 205 205 205 205 205 206 206 206 205 205 205 205 206 206 205 205 205 205 205 205 205 205 205 205 206 206 206 206 206 206 206 206 206 207 207 207 207 208 209 209 208 209 209 208 208 209 209 209 209 208 208 209 209 208 208 208 208 208 209 209 209 209 209 209 209 209 209 209 209 209 209 209 210 210 210 210 210 210 210 210 210 211 211 210 210 210 210 210 210 210 210 211 211 211 211 211 211 211 211 211 211 210 210 211 211 211 211 211 211 211 211 211 211 211 211 211 211 211 211 211 212 211 213 213 213 213 213 214 214 214 214 214 214 214 214 214 214 214 214 214 214 214 214 214 214 215 215 215 215 215 215 215 215 215 215 215 215 215 215 215 215 215 215 215 215 215 215 216 215 215 215 216 216 216 216 216 216 216 217 217 217 217 217 217 217 217 216 217 217 217 217 217 218 217 217 217 217 217 216 217 217 217 217 217 217 217 217 217 218 218 218 218 219 219 219 219 220 220 219 219 220 220 220 220 220 220 219 219 220 219 220 220 220 220 220 219 218 219 219 220 220 220 220 219 220 221 221 221 221 221 221 220 220 220 220 206 206 206 206 206 205 206 205 205 205 205 205 205 205 205 206 205 205 205 206 206 206 207 207 207 206 206 206 206 206 206 205 205 205 205 206 206 206 206 205 205 206 205 205 205 206 205 205 204 205 205 205 206 206 205 205 205 206 206 206 206 206 205 205 205 205 205 205 206 207 206 206 206 206 206 206 206 207 208 207 207 208 208 208 208 208 208 208 208 208 209 209 209 209 208 208 208 209 209 208 208 208 208 209 209 209 209 209 209 209 209 209 209 209 209 209 209 210 210 210 210 210 209 210 210 210 211 211 210 210 211 211 210 210 210 210 211 211 210 210 211 211 211 211 211 210 210 210 210 211 211 211 211 211 211 211 211 211 211 211 211 211 211 212 212 211 212 213 213 213 213 213 213 214 214 214 214 214 214 214 214 214 214 214 214 214 214 214 214 214 214 214 214 215 215 215 215 215 215 215 215 215 215 215 215 215 215 215 215 215 215 215 215 216 216 216 216 216 216 216 216 216 216 216 216 217 217 217 217 217 217 217 217 218 218 217 217 218 218 217 218 218 217 216 216 217 218 218 218 218 218 217 217 218 218 218 218 218 219 219 219 220 220 220 220 220 220 220 221 220 220 220 220 220 220 220 219 219 219 219 220 219 218 219 219 220 220 220 220 220 220 221 221 221 220 220 220 220 220 220 206 206 206 206 206 205 205 205 206 206 206 206 206 206 205 205 206 206 206 206 206 207 207 207 206 206 206 207 206 206 206 206 206 206 206 206 205 206 206 205 205 205 206 206 205 205 204 205 205 205 206 206 206 205 205 205 206 206 206 206 205 205 205 205 205 206 206 206 206 206 206 206 206 207 207 207 207 207 207 207 207 208 208 208 208 207 208 208 208 209 209 208 208 208 209 209 208 208 208 208 209 209 209 209 209 209 209 209 209 209 209 209 209 209 210 210 210 210 210 210 210 210 210 211 211 211 211 211 211 210 210 210 210 210 210 210 211 211 211 211 210 210 210 210 211 210 211 211 211 211 211 211 211 211 211 211 211 211 212 212 212 212 212 212 213 213 213 213 214 213 213 214 213 213 214 214 214 214 214 214 214 214 214 214 214 215 214 214 214 215 215 215 215 215 215 215 215 215 215 215 215 215 215 215 215 215 215 215 215 215 216 216 216 216 216 216 217 217 216 216 216 216 216 217 217 217 217 217 217 218 219 218 218 218 219 218 218 218 218 217 218 217 216 217 218 218 218 218 217 218 218 218 217 218 218 218 218 219 219 220 220 220 220 221 221 220 220 220 220 220 221 220 220 220 220 220 220 220 220 219 219 219 220 221 220 221 220 220 221 221 221 220 221 220 220 220 220 206 205 206 206 206 207 207 206 206 207 206 205 206 206 207 207 207 207 207 207 208 207 206 207 207 207 207 206 206 206 206 205 205 205 205 205 206 205 206 206 206 205 205 205 204 205 205 205 206 206 205 205 205 205 206 206 206 205 205 206 206 206 206 206 206 206 207 207 206 207 207 207 208 207 208 208 207 208 208 208 208 208 208 208 209 208 209 209 208 208 209 209 209 208 208 209 209 209 209 209 209 209 209 209 210 210 209 209 209 209 210 210 210 210 210 210 210 210 210 211 211 211 211 211 210 210 210 210 210 210 210 210 210 211 211 211 210 210 210 210 210 210 210 210 211 211 210 210 211 211 211 211 211 211 211 212 211 211 211 211 212 212 212 213 212 212 212 212 212 212 213 213 213 213 213 213 213 213 213 213 213 213 213 213 213 214 213 213 213 214 214 214 214 214 214 214 214 214 214 214 214 214 214 214 214 214 214 214 214 214 215 215 215 216 215 216 216 216 215 215 216 216 216 216 217 218 218 217 217 218 218 218 218 218 217 218 218 217 216 216 216 216 217 218 218 218 218 218 218 217 217 217 217 217 218 218 218 219 219 220 221 221 220 220 220 220 220 220 220 221 220 220 220 221 221 220 219 219 219 220 221 221 221 221 221 221 221 220 220 220 221 206 206 206 207 207 206 207 207 206 206 206 206 207 207 207 207 207 207 208 208 208 207 207 208 208 207 208 207 206 205 205 206 205 206 206 206 206 206 206 205 205 205 205 205 205 205 205 205 205 205 205 205 206 206 206 206 206 206 206 207 206 206 206 206 207 206 206 207 207 207 207 207 208 208 208 207 207 208 208 208 208 208 208 208 209 209 208 208 209 209 209 208 209 209 209 209 209 209 209 209 209 209 210 210 209 209 209 209 210 210 210 210 211 211 211 211 211 211 211 211 211 211 210 210 210 210 210 210 210 210 210 211 211 211 210 210 210 211 211 211 211 210 210 211 211 210 211 211 211 211 211 211 211 211 211 211 211 211 212 212 212 212 212 212 212 212 212 212 212 213 213 213 213 213 213 213 213 213 213 213 213 213 213 213 213 213 214 214 214 214 214 214 214 214 214 214 214 214 214 214 214 214 214 214 214 214 214 215 215 215 215 215 216 216 216 216 216 215 215 216 216 217 217 218 218 218 217 218 219 219 219 219 218 218 218 218 217 217 217 216 217 218 218 218 219 219 219 218 218 217 218 218 217 217 218 218 219 219 221 220 220 221 221 220 220 220 221 221 220 220 220 221 221 220 220 219 219 220 221 221 221 221 221 221 220 220 221 220 221 205 206 206 207 207 207 207 207 206 206 206 207 207 207 208 208 207 208 208 208 208 208 207 208 208 208 208 208 207 206 206 206 206 206 206 206 206 206 205 205 206 206 206 205 205 205 206 206 205 205 205 205 206 206 206 206 206 206 207 207 207 206 206 206 207 206 207 207 207 207 207 207 207 208 208 208 207 207 207 208 208 208 208 208 208 209 208 208 209 209 209 209 209 209 209 209 209 209 209 209 209 209 209 210 210 209 209 209 210 210 211 211 211 211 211 211 211 211 211 211 211 210 210 210 210 210 210 210 210 210 211 211 211 211 210 210 211 210 210 211 211 211 210 210 210 210 210 211 211 211 211 211 211 211 211 211 211 211 212 212 212 212 212 212 212 212 213 212 212 213 213 213 213 213 213 213 213 213 213 213 213 213 213 213 213 213 214 214 214 214 214 214 214 214 214 214 214 214 214 214 214 214 214 214 214 214 214 214 215 215 215 215 216 216 216 216 216 215 215 216 216 216 216 217 218 218 218 218 219 218 219 218 218 218 217 217 217 216 216 217 216 217 217 217 217 218 219 219 219 218 219 218 218 218 218 218 218 219 221 221 220 221 221 221 221 220 221 221 221 221 221 221 221 221 220 220 219 219 220 221 221 221 221 221 221 221 221 221 206 206 207 207 207 207 207 207 207 207 207 207 207 207 207 207 208 208 208 208 208 208 209 208 208 208 208 208 208 208 207 206 206 206 206 206 206 206 206 206 207 206 206 206 206 206 206 206 206 205 205 205 205 206 206 206 206 206 206 206 206 207 207 207 206 207 207 207 208 207 207 207 207 207 208 208 208 207 207 208 208 208 208 208 208 208 209 208 208 209 209 209 209 209 209 209 209 209 209 209 209 209 210 210 210 209 209 209 210 210 211 210 210 210 211 211 211 210 211 211 211 210 210 210 210 210 210 210 210 210 211 211 210 210 210 210 211 211 211 210 211 211 211 211 210 210 210 211 211 211 211 210 210 210 210 211 211 211 212 212 212 212 212 212 212 212 213 212 212 212 213 213 213 213 213 213 213 213 213 213 213 213 213 213 213 214 214 214 214 214 214 214 214 214 214 214 214 214 214 214 214 214 214 214 214 214 214 214 215 215 215 216 216 216 216 216 216 216 215 216 216 216 216 217 217 218 218 218 219 218 217 217 217 217 216 216 217 217 217 217 217 217 218 218 217 217 218 219 219 219 219 219 219 219 219 219 218 219 221 221 221 221 221 221 220 221 221 221 221 220 220 220 220 220 221 221 221 221 221 221 221 221 206 206 206 207 207 207 207 207 207 208 208 207 208 207 207 208 208 208 208 209 209 209 209 209 208 208 208 208 208 208 208 207 207 206 206 206 206 206 206 207 207 206 206 206 206 206 206 206 205 206 206 205 205 205 206 206 206 206 206 206 207 207 207 207 207 207 207 207 208 207 207 207 207 207 207 207 208 207 207 207 208 208 208 208 208 208 209 209 208 209 209 209 209 209 209 209 209 209 209 209 209 209 210 210 210 210 209 209 210 210 211 211 210 210 211 211 211 211 210 211 211 211 211 211 211 211 211 211 211 211 211 211 210 210 210 210 210 211 211 210 210 211 211 211 211 210 210 210 211 211 210 211 211 211 211 211 211 211 212 212 212 212 213 212 212 213 212 212 212 212 213 213 213 213 213 213 213 213 213 213 213 213 213 213 213 213 213 213 213 213 213 213 214 214 214 214 214 214 214 214 214 214 214 214 214 214 214 214 214 215 215 215 215 215 215 215 216 216 216 216 216 216 216 217 218 218 219 219 219 218 217 217 217 216 217 217 218 218 217 218 218 218 218 218 217 217 218 219 219 219 219 219 219 219 219 219 220 219 221 221 221 221 221 221 221 222 220 220 221 206 207 207 206 207 207 208 207 207 207 208 208 208 208 208 208 208 208 208 209 209 209 209 209 209 208 207 207 207 208 207 207 207 207 207 206 206 206 206 206 206 206 206 206 206 206 206 207 207 206 206 206 205 205 205 206 206 206 206 206 207 207 207 207 207 207 207 207 207 207 207 207 207 207 207 207 207 207 207 208 208 208 209 208 207 208 208 209 209 208 209 209 209 209 209 209 209 209 209 209 209 209 210 210 210 210 210 209 209 210 211 211 211 211 211 211 211 211 210 210 211 211 211 211 211 211 212 211 211 211 211 211 211 210 210 210 210 210 210 210 210 210 210 210 210 211 211 211 211 210 210 211 211 211 211 211 211 211 211 212 213 213 212 213 212 213 213 212 212 212 212 213 213 213 213 213 213 213 213 213 213 213 213 213 213 213 213 213 213 213 213 213 213 213 213 214 214 214 214 214 214 214 214 214 214 214 214 214 214 214 214 214 215 215 214 215 215 216 216 216 216 216 216 217 218 218 218 218 218 219 218 218 217 217 217 218 218 219 218 217 217 218 219 219 219 218 217 217 218 219 218 218 218 218 218 219 219 219 219 221 221 221 222 220 207 207 207 208 208 208 207 207 208 208 208 208 208 208 208 208 208 208 208 208 208 209 209 209 209 208 207 207 207 207 207 207 207 207 207 206 206 206 206 206 207 207 207 207 207 207 206 206 207 207 206 206 206 206 206 206 206 206 206 207 207 207 207 207 207 207 207 207 207 207 207 207 207 207 207 207 207 208 207 208 208 208 208 208 208 208 208 208 209 209 208 209 209 209 209 209 209 209 209 209 209 209 210 210 210 210 210 210 209 210 210 211 211 211 211 211 211 211 210 210 211 211 211 211 211 211 211 211 211 211 211 211 211 211 210 210 210 211 211 210 211 211 210 210 210 210 211 211 211 210 210 211 211 211 211 211 211 211 211 212 213 212 212 213 213 213 213 212 212 212 212 213 213 213 213 213 213 213 213 213 213 213 213 213 213 213 213 213 213 213 213 214 213 213 213 214 214 214 214 214 214 214 214 215 215 214 214 214 214 215 215 215 214 214 214 215 215 215 215 216 216 216 216 217 218 217 217 217 218 218 218 218 217 217 218 218 219 219 218 218 218 218 219 219 218 218 218 218 218 218 218 218 218 218 219 219 218 219 219 220 221 208 207 208 208 208 208 208 209 209 208 208 208 209 209 209 208 208 208 208 208 208 208 208 207 207 206 207 207 207 206 207 206 206 207 207 206 206 206 207 207 207 207 207 207 207 207 206 206 207 206 206 206 206 206 207 206 206 206 206 207 207 207 207 207 207 207 207 207 207 207 207 207 207 207 207 208 208 207 208 208 208 208 208 208 208 208 208 209 209 208 209 209 209 209 209 209 209 209 209 209 209 210 210 210 210 210 210 210 210 210 210 211 211 211 211 211 211 210 210 211 210 211 211 211 211 211 211 211 211 211 212 211 211 211 211 211 211 211 211 211 211 210 210 210 210 210 211 211 210 211 211 211 211 211 211 211 211 211 212 213 212 213 213 213 213 212 212 212 212 212 213 213 213 213 213 213 213 213 213 213 213 213 213 213 213 213 213 213 213 214 214 214 214 213 214 214 214 214 215 214 214 214 215 215 214 214 214 214 214 215 215 215 214 214 214 215 215 215 215 216 217 217 217 217 217 217 217 218 218 218 218 217 217 218 218 219 219 219 219 218 219 219 218 218 219 218 218 219 219 219 219 218 218 219 219 218 219 219 221 209 208 209 209 209 209 209 209 209 209 208 208 209 209 209 209 209 209 208 208 208 208 207 206 207 206 207 206 206 206 206 206 206 207 206 206 206 206 207 207 206 206 207 207 207 207 207 206 206 207 207 206 206 206 206 206 206 206 207 207 207 207 207 207 207 207 207 207 207 207 207 207 207 207 207 208 207 208 208 208 208 208 208 208 208 208 208 209 209 209 209 209 209 209 209 209 209 209 209 209 209 210 210 210 210 210 210 210 210 210 210 211 211 211 211 211 211 210 210 211 210 211 211 211 211 211 211 211 212 212 211 211 211 211 211 211 211 211 211 211 211 211 211 210 210 210 210 210 210 211 211 211 211 211 211 212 211 212 212 213 212 213 213 213 213 213 212 212 212 212 213 213 213 213 213 213 213 213 213 213 213 213 213 213 213 213 213 213 213 214 215 215 214 213 214 214 215 215 215 214 214 215 215 215 215 215 214 214 214 215 215 215 215 214 214 214 215 216 216 216 217 217 217 217 217 217 217 218 218 218 218 217 217 218 218 218 219 220 219 219 219 219 218 219 219 218 218 219 219 219 219 219 219 219 220 219 219 210 209 209 209 209 209 209 209 209 209 209 209 209 209 209 208 208 208 208 208 207 206 206 206 206 206 206 206 205 205 206 206 206 206 206 206 206 207 207 207 206 207 207 207 207 207 207 207 207 207 206 206 206 206 206 207 207 207 207 207 207 207 207 207 207 207 207 207 207 207 207 207 207 208 208 208 208 208 208 208 208 208 208 208 208 208 209 209 209 209 209 209 209 209 209 209 209 209 209 209 210 210 210 210 210 210 210 210 210 210 210 211 211 210 211 211 210 210 210 211 211 211 211 211 211 211 211 211 211 211 211 210 211 210 211 211 211 211 211 211 211 211 211 211 210 210 210 210 210 211 211 211 211 211 212 212 212 213 213 213 213 213 212 213 213 212 212 212 212 212 213 213 213 213 213 212 213 213 213 213 213 213 213 213 214 214 214 213 214 214 215 214 214 214 215 215 215 215 214 214 215 215 215 215 215 215 214 215 215 215 215 215 214 214 215 215 216 215 216 216 216 217 217 217 217 217 218 218 219 218 218 217 218 218 218 219 220 220 220 220 219 219 219 220 219 219 219 219 219 219 219 219 219 220 219 209 208 209 209 210 209 209 210 210 210 209 209 209 209 209 209 208 209 209 208 208 208 208 208 208 208 208 207 206 206 206 206 206 205 206 206 206 205 206 206 206 206 206 206 207 207 207 206 206 206 207 207 207 207 207 207 206 207 207 207 207 207 206 206 207 207 207 207 207 207 207 207 207 207 207 207 207 207 207 207 208 208 208 208 208 208 208 208 208 208 208 208 208 209 209 209 209 209 209 209 209 209 209 209 209 209 209 209 210 210 210 209 210 210 210 210 210 210 210 210 210 210 210 211 211 210 210 210 211 211 211 211 211 211 211 211 211 211 211 210 211 210 211 211 211 211 211 211 211 211 211 211 211 211 210 210 211 211 211 211 211 211 211 212 212 213 213 212 212 212 212 212 213 213 213 212 212 212 213 213 213 213 213 212 213 213 213 213 213 213 213 214 214 214 214 213 214 215 215 214 214 215 215 214 214 214 214 214 215 215 215 215 215 214 214 215 215 215 214 214 214 214 214 214 215 215 215 216 216 217 217 217 217 217 217 218 219 219 218 218 218 219 219 219 220 220 220 220 220 220 220 220 219 219 219 219 220 220 220 220 209 209 209 209 210 210 210 210 209 209 210 209 209 208 209 210 209 208 208 208 208 208 208 208 208 207 207 207 207 206 206 205 205 206 206 205 206 206 206 206 206 206 206 206 206 206 206 206 206 206 207 207 207 207 207 207 207 207 207 207 207 207 207 207 207 206 207 207 207 207 207 207 207 207 207 207 207 208 207 207 207 207 208 208 208 208 208 208 208 208 208 208 208 208 208 208 209 208 209 209 209 209 209 209 209 209 209 209 209 209 209 209 209 210 210 210 210 210 210 210 210 211 210 210 210 210 210 210 210 211 211 211 211 211 211 211 211 211 211 211 210 211 211 211 210 210 210 210 211 211 211 211 211 211 211 211 210 210 211 211 211 211 211 211 212 212 212 212 212 212 212 213 213 212 213 213 213 213 212 212 213 213 213 213 213 213 213 213 213 213 213 213 213 214 214 214 214 214 214 214 215 214 214 215 215 214 214 214 214 214 215 215 215 215 215 214 214 215 215 214 214 213 214 214 215 215 215 215 215 215 216 217 218 218 217 217 217 218 219 219 219 218 218 219 219 219 220 220 220 220 220 220 220 219 219 218 219 219 220 220 209 209 209 209 209 209 210 210 209 209 209 209 209 209 209 209 208 209 209 209 207 207 207 207 207 207 207 207 207 207 207 207 206 205 206 206 205 206 205 205 206 206 206 206 206 206 206 206 206 206 206 206 206 207 207 207 207 207 207 207 207 207 206 207 207 207 207 207 207 207 207 208 207 207 207 207 207 207 207 207 207 207 207 207 207 208 208 208 208 208 208 208 208 208 208 208 208 208 208 208 208 208 209 209 209 209 209 209 209 209 209 209 209 209 210 210 210 210 210 210 210 210 210 211 211 211 211 210 210 210 210 210 211 211 211 211 211 211 211 211 211 211 210 210 211 211 211 211 211 211 211 210 211 211 211 211 211 211 211 210 210 210 211 211 211 211 211 212 212 212 212 212 212 212 213 213 212 212 213 213 212 212 212 213 213 213 213 212 213 213 213 213 213 213 213 214 214 214 214 214 214 215 215 215 214 214 215 215 214 215 215 214 214 215 215 215 215 214 214 214 214 214 214 214 214 214 214 215 216 216 216 216 216 217 217 218 218 218 217 217 218 219 219 219 218 218 218 219 219 219 219 220 220 220 220 220 220 219 219 218 219 219 219 209 208 209 209 209 209 209 209 208 208 208 208 209 209 209 208 208 208 208 207 206 206 206 207 207 206 207 206 207 206 205 205 205 205 205 205 205 206 206 206 206 206 206 206 206 206 206 206 206 206 206 206 206 207 207 207 207 207 207 207 207 207 206 207 207 207 207 207 207 208 208 207 207 207 207 207 207 207 207 207 207 207 207 207 208 208 208 208 208 208 208 208 208 208 208 208 208 208 208 208 208 209 209 209 209 209 209 209 209 209 209 209 209 210 210 210 210 210 210 211 210 210 211 211 211 211 210 210 210 211 211 211 211 211 211 211 211 211 212 211 210 210 210 210 210 211 211 211 211 211 211 211 211 211 211 211 211 211 210 211 211 211 211 211 212 212 212 212 212 213 212 212 212 213 213 212 212 213 213 213 212 212 213 213 213 212 212 212 213 213 213 213 214 214 214 214 215 215 214 214 215 216 215 214 214 215 215 215 215 215 214 214 215 215 215 215 214 214 213 213 213 213 213 214 215 215 215 216 216 216 216 216 217 217 218 218 218 218 218 218 219 219 219 219 218 219 219 219 219 219 219 219 220 220 220 220 219 219 219 218 219 219 208 209 209 209 208 209 208 207 207 208 208 209 208 208 207 207 207 207 206 206 205 206 206 206 206 206 205 205 205 205 205 205 205 205 205 206 206 206 206 206 206 206 206 206 206 206 206 206 206 206 206 206 207 207 207 207 207 207 207 207 207 206 206 207 207 207 207 207 208 208 207 208 208 207 207 208 208 207 207 207 207 208 208 208 208 208 208 208 208 208 208 208 208 208 208 208 208 208 209 209 209 209 209 209 209 209 209 209 209 209 209 209 209 210 210 210 210 210 210 210 211 211 211 211 211 211 210 210 211 211 211 211 211 211 211 211 211 211 211 211 210 211 210 210 210 210 210 210 211 211 211 211 211 211 210 210 210 210 211 211 211 211 212 212 212 212 212 212 213 212 212 212 213 213 212 212 213 213 212 212 212 213 213 213 213 212 212 213 213 214 214 214 215 214 215 215 215 214 214 215 216 216 215 215 215 215 215 214 215 215 215 215 216 215 215 214 213 213 213 213 214 214 215 215 216 216 216 216 216 217 217 217 217 217 218 218 219 218 219 219 220 219 218 219 219 220 220 219 219 219 220 220 221 220 219 219 218 219 218 219 219 219 208 207 208 208 207 207 207 207 207 206 207 207 207 207 206 206 206 206 205 205 205 205 205 205 205 204 204 204 205 205 205 205 205 206 206 206 206 206 206 206 206 206 206 206 206 206 206 206 206 206 207 206 207 207 207 207 207 207 207 207 207 207 206 207 207 207 207 207 207 208 207 207 208 208 207 208 208 207 207 207 207 207 207 208 208 208 208 208 208 208 208 208 208 208 208 208 208 208 208 208 209 209 209 209 209 209 209 209 209 210 209 209 209 210 209 210 210 210 210 210 211 211 211 211 211 211 210 211 211 211 211 211 211 211 211 211 211 211 211 210 210 210 210 210 210 211 211 210 211 211 211 210 210 210 210 211 211 211 210 211 211 211 211 211 211 212 212 212 213 213 213 212 212 212 212 212 212 212 212 212 213 213 213 213 213 212 212 212 213 213 213 214 215 215 215 215 215 214 214 215 215 216 216 216 215 215 215 214 214 214 215 215 215 214 214 214 213 213 213 213 215 215 215 216 216 215 216 217 216 217 217 217 218 218 218 218 218 218 219 219 219 219 219 219 220 220 220 219 220 220 220 220 220 220 219 219 218 218 219 219 219 219 219 208 208 206 207 206 206 205 205 205 205 205 205 205 205 205 205 205 205 204 204 205 205 205 205 205 205 205 205 205 205 206 206 206 206 206 206 206 206 206 206 206 206 206 206 206 206 206 206 207 207 207 207 207 207 207 207 207 207 207 207 207 207 207 207 207 207 207 207 207 207 207 207 207 207 207 207 207 207 207 207 207 207 207 207 208 208 208 208 208 208 208 208 208 208 208 208 208 208 208 208 209 209 209 209 209 209 209 209 209 210 210 209 209 209 209 210 210 210 211 210 211 211 211 211 210 210 211 211 211 211 211 211 211 211 211 211 211 211 211 211 210 210 210 210 211 211 211 211 211 211 211 210 211 211 211 211 211 211 210 210 211 211 211 211 211 211 212 212 213 213 213 213 212 212 212 213 213 212 212 212 213 213 213 213 213 213 212 213 213 214 214 214 215 215 215 215 215 215 215 215 215 216 216 215 215 215 215 214 214 214 214 215 215 214 214 213 214 214 213 213 215 216 216 215 215 215 216 216 217 217 217 217 217 218 218 218 218 219 219 219 220 219 219 219 220 220 220 220 220 220 220 220 220 219 219 219 219 219 219 219 219 219 219 209 209 209 209 209 209 210 210 209 208 207 206 205 205 205 205 205 205 205 205 205 205 205 205 205 205 205 205 205 205 205 205 205 205 205 206 206 206 206 206 206 206 206 206 206 206 206 206 206 206 206 206 206 206 206 206 206 207 207 207 207 207 207 207 207 207 207 207 207 207 207 207 207 207 207 207 207 208 207 207 207 207 207 207 208 207 207 207 207 207 207 207 207 208 208 208 208 208 208 208 208 208 208 208 208 208 208 208 209 209 209 209 209 209 209 209 209 209 210 210 210 210 210 210 209 210 210 211 210 210 211 211 211 210 211 211 210 211 211 211 211 211 211 211 211 211 211 211 210 210 210 210 210 211 211 211 210 210 210 210 210 211 211 211 211 211 211 211 211 210 210 211 211 211 212 212 212 213 213 213 213 212 212 213 213 213 213 212 212 213 213 213 213 213 212 212 213 213 214 214 214 215 214 215 215 215 215 215 215 215 216 216 216 215 215 214 215 214 214 213 214 215 214 214 214 214 214 213 214 214 215 215 215 216 216 216 216 217 217 217 217 217 217 218 218 218 219 219 219 220 219 219 219 220 220 220 220 220 220 220 220 219 219 219 219 219 219 219 219 219 219 219 220 209 209 209 209 209 209 209 209 209 210 211 211 209 209 211 210 208 207 206 206 205 205 205 205 205 205 205 205 205 205 205 205 205 205 205 205 205 205 206 206 206 206 206 206 206 206 206 206 206 206 206 206 206 206 206 206 206 206 206 206 206 206 206 206 207 207 207 207 207 207 207 207 207 207 207 207 207 207 207 207 207 207 207 207 208 208 208 208 207 207 207 207 208 208 208 207 207 207 207 207 208 208 208 208 208 208 208 208 208 208 208 208 208 208 208 209 209 208 209 209 209 209 209 209 209 209 209 210 210 210 210 210 210 210 210 211 211 211 211 211 211 211 211 210 211 211 211 211 211 211 212 211 211 211 211 211 210 211 210 210 210 210 210 210 210 211 211 210 211 211 211 211 211 211 211 211 211 211 210 211 211 211 211 212 213 213 213 213 212 213 213 213 213 213 212 213 213 213 213 213 213 213 212 213 213 214 214 214 215 214 214 214 215 215 216 215 216 216 216 216 216 215 214 214 215 215 214 213 214 214 214 214 214 214 214 214 214 214 215 215 216 216 216 216 217 217 217 217 217 218 218 218 218 219 219 219 220 219 219 220 219 219 219 219 220 220 220 220 219 219 219 219 219 219 219 219 219 219 219 219 220 209 210 209 208 209 209 208 209 209 209 209 209 210 211 211 210 209 210 210 211 211 211 210 209 208 206 206 205 205 205 205 205 206 206 206 205 206 206 206 206 206 206 206 206 206 206 206 206 206 206 206 206 206 206 206 206 206 206 206 206 206 206 206 206 206 206 206 206 206 207 207 207 207 207 207 207 207 207 207 207 207 207 207 207 207 207 207 207 207 207 207 208 208 208 208 208 207 207 207 207 208 208 208 207 207 207 207 208 208 208 208 208 208 208 208 208 208 208 208 208 208 208 208 208 208 208 208 209 209 209 209 209 210 209 209 210 210 210 210 210 210 211 210 211 211 211 211 211 211 211 210 211 211 211 211 211 211 212 212 211 211 211 211 211 211 211 210 211 211 210 210 210 211 210 210 210 211 211 211 211 212 211 211 211 211 211 211 211 211 211 212 213 212 213 213 213 214 213 213 213 213 213 214 214 213 213 213 213 213 213 213 214 214 214 214 214 214 214 214 214 215 216 216 216 215 215 215 216 215 215 214 214 214 214 214 213 214 214 213 214 214 214 215 215 216 216 216 216 216 216 216 216 216 217 217 217 218 218 218 218 219 219 220 220 220 219 220 219 219 219 219 219 219 220 220 219 219 219 219 219 219 219 219 219 219 219 219 220 220 210 209 209 208 208 209 209 208 209 209 208 208 209 209 209 209 209 209 209 210 210 210 210 209 210 210 211 211 211 210 209 208 206 205 205 205 205 205 205 206 206 206 206 206 206 206 206 206 206 206 206 206 206 206 206 206 206 206 206 206 206 206 206 206 206 206 206 206 206 206 206 206 206 206 206 207 207 207 207 207 207 207 207 207 207 207 207 207 207 207 207 207 207 207 207 207 207 207 208 208 208 208 208 208 208 207 208 208 208 208 208 207 207 207 207 207 208 208 208 208 208 208 208 208 208 208 208 208 208 208 208 208 209 209 209 209 209 209 209 209 210 210 210 210 210 210 210 210 210 211 211 211 211 211 211 211 211 211 210 211 211 211 211 211 212 212 212 211 211 211 211 211 211 211 211 212 211 211 211 210 210 211 211 211 211 212 212 211 211 211 211 211 211 211 211 211 211 211 212 212 213 213 213 213 213 213 213 213 213 214 213 213 213 213 213 213 213 213 214 214 214 214 214 214 214 214 215 215 216 216 215 215 215 216 216 215 215 215 215 215 214 214 214 214 214 214 214 214 215 215 215 216 216 216 216 216 217 217 217 217 217 217 217 218 217 217 217 218 218 219 220 220 220 220 219 219 219 219 219 220 220 220 220 219 219 219 219 219 219 219 219 219 219 219 219 220 220 220 209 209 208 209 208 209 209 208 208 208 208 208 209 209 209 208 208 207 208 208 209 210 210 209 209 210 211 211 210 210 209 207 206 206 205 204 205 205 206 206 206 206 206 206 206 206 206 206 206 206 206 206 206 206 206 206 206 206 206 206 206 206 206 206 206 206 206 206 206 206 206 206 206 206 207 206 207 207 207 207 207 207 207 207 207 207 207 207 207 207 207 207 207 207 207 207 207 207 208 208 208 208 208 208 208 208 208 208 208 208 208 208 208 207 207 207 208 208 208 208 208 208 208 208 208 208 208 208 208 208 209 209 209 209 209 209 209 209 209 209 210 210 210 210 210 210 210 210 211 211 211 211 211 211 211 211 211 210 210 210 211 211 211 211 211 212 211 211 211 211 211 211 211 211 211 211 212 212 211 211 211 211 211 211 212 212 212 212 212 211 211 212 212 212 211 211 211 211 212 212 213 213 213 213 213 213 213 214 214 214 214 213 213 214 213 213 213 213 213 214 214 214 214 214 214 215 215 215 215 215 215 215 215 215 216 215 215 215 215 215 215 214 214 214 214 214 215 215 215 215 215 215 215 215 216 216 216 216 216 217 217 217 217 217 217 217 217 217 218 219 219 220 220 220 220 219 219 219 219 219 220 220 220 220 219 219 219 219 219 220 219 219 219 220 219 219 220 220 209 209 208 209 208 209 209 209 209 209 208 208 208 209 208 208 207 207 208 209 209 210 210 209 210 210 210 210 209 209 208 207 206 205 205 205 205 205 206 206 206 206 206 206 206 206 206 206 206 206 206 206 206 206 206 206 206 206 206 206 206 206 206 206 206 206 206 206 206 206 206 206 207 207 206 207 207 207 207 207 207 207 207 207 207 207 207 207 207 207 207 207 207 207 207 207 207 207 208 208 208 208 208 208 208 208 208 208 208 208 208 208 208 208 207 207 207 208 208 208 208 208 208 208 208 208 208 208 209 209 209 209 209 209 209 209 209 209 209 209 210 210 210 210 210 210 210 210 211 211 211 211 211 211 211 210 211 211 211 210 211 211 211 211 211 212 211 211 211 211 211 211 211 211 211 211 211 211 212 212 211 211 212 212 212 212 212 212 212 212 212 212 212 212 211 212 212 211 212 212 213 213 213 213 213 213 214 214 214 213 213 213 213 214 214 213 213 213 213 214 214 214 214 214 214 214 214 215 215 215 215 215 214 215 215 215 215 215 215 214 215 215 214 214 214 214 214 215 215 215 215 215 215 215 215 216 216 216 216 216 217 217 217 217 217 217 217 218 218 218 219 220 220 220 220 220 219 219 219 219 220 220 220 220 219 219 219 219 219 220 219 219 219 219 219 220 220 220 209 209 209 209 209 209 209 208 208 208 208 208 208 208 207 207 207 208 209 209 210 209 208 209 209 209 209 209 208 207 207 207 206 205 205 205 206 206 206 206 206 206 206 206 206 206 206 206 206 206 206 206 206 206 206 206 206 206 206 206 206 206 206 206 206 206 206 206 206 207 207 207 207 207 207 207 207 207 207 207 207 207 207 207 207 207 207 207 207 207 207 207 207 207 207 207 207 208 208 208 208 208 208 208 208 208 208 208 208 208 208 208 208 207 207 207 208 208 208 208 208 208 208 208 208 208 209 209 209 209 209 209 209 209 209 209 209 209 209 210 210 210 210 210 210 210 210 211 211 211 211 211 211 210 211 211 211 211 211 211 211 211 211 211 212 211 211 212 211 211 211 211 211 211 211 211 212 212 212 212 212 212 212 212 212 212 212 212 212 212 212 212 212 212 212 212 212 212 212 212 213 213 213 213 213 214 214 214 214 214 214 213 214 214 214 213 213 213 213 213 214 214 214 214 214 214 215 215 215 215 215 214 215 215 215 215 215 215 214 214 214 214 214 214 214 214 215 215 215 215 215 215 215 215 215 215 216 216 216 216 217 217 218 218 218 218 218 218 219 219 220 220 220 220 220 219 219 219 219 220 220 220 220 220 220 219 219 219 220 220 219 219 219 219 220 209 208 208 208 208 209 209 209 209 209 209 208 208 208 208 207 207 208 208 208 209 209 209 208 208 207 207 209 209 208 207 206 206 206 205 205 205 206 206 206 206 206 206 206 206 206 206 206 206 206 206 206 206 206 206 206 206 206 206 206 206 206 206 206 206 206 206 206 206 207 207 207 207 207 207 207 207 207 207 207 207 207 207 207 207 207 207 207 207 207 207 207 207 207 207 207 207 207 208 208 208 208 208 208 208 208 208 208 208 208 208 208 208 208 208 207 207 208 208 208 208 208 208 208 208 208 209 209 209 209 209 209 209 209 209 209 209 209 209 209 210 209 209 209 209 210 210 210 210 210 210 211 211 211 210 211 211 211 211 211 211 211 211 212 212 212 212 211 211 211 211 211 211 211 211 211 211 211 211 212 212 212 212 212 212 212 212 212 212 212 212 212 212 212 212 212 212 212 212 212 213 213 213 213 213 213 213 214 214 214 214 214 214 214 214 214 214 213 213 213 213 214 214 214 214 214 214 215 215 215 215 214 214 214 214 214 214 214 215 215 214 214 214 214 214 214 214 215 215 215 215 215 215 215 215 215 215 216 216 216 216 216 217 217 217 217 218 218 218 218 219 219 219 219 219 219 219 219 219 219 220 220 220 220 220 220 219 219 219 219 220 220 220 219 220 209 208 208 208 208 209 209 209 208 208 207 207 207 207 208 207 207 208 208 208 209 209 208 207 207 208 208 207 206 206 205 205 205 205 206 206 206 206 206 206 206 206 206 206 206 206 206 206 206 206 206 206 206 206 206 206 206 206 206 206 206 206 206 206 206 206 206 206 206 207 207 207 207 207 207 207 207 207 207 207 207 207 207 207 207 207 207 207 207 207 207 207 207 207 207 207 208 208 208 208 208 208 208 208 208 208 208 208 208 208 208 208 208 208 207 207 208 208 208 208 208 208 208 209 209 209 209 209 209 209 209 209 209 209 209 209 209 209 209 209 209 209 209 209 209 210 210 210 210 210 211 211 211 211 211 211 211 211 211 211 211 211 211 211 211 211 211 211 211 211 211 211 211 211 211 212 211 211 212 212 212 212 212 212 212 212 213 213 213 212 212 212 212 212 212 212 212 212 213 213 213 213 213 213 213 214 214 214 214 214 214 214 214 214 213 213 213 213 214 214 214 214 214 214 214 215 215 215 215 215 214 214 214 214 214 215 214 214 215 215 214 214 214 214 214 215 215 215 215 215 215 215 215 215 215 215 216 216 216 216 217 216 216 217 218 217 217 218 219 218 218 219 219 219 219 219 219 220 220 220 220 220 220 220 220 220 220 220 221 221 221 220 220 209 210 209 207 207 208 207 207 207 207 207 207 207 206 206 206 207 207 208 208 209 209 209 208 206 206 206 206 205 205 205 205 206 206 206 206 206 206 206 206 206 206 206 206 206 206 206 206 206 206 206 206 206 206 206 206 206 206 206 206 206 206 206 206 206 206 206 206 207 207 207 207 207 207 207 207 207 207 207 207 207 207 207 207 207 207 207 207 207 207 207 207 207 207 207 208 208 208 208 208 208 208 208 208 208 208 208 208 208 208 208 208 208 208 208 208 208 208 208 208 208 208 208 209 209 209 209 209 209 209 209 209 209 209 209 209 209 209 209 210 210 210 209 209 209 210 210 210 210 210 211 211 211 211 211 211 211 211 211 210 210 210 211 211 211 211 211 211 211 211 210 211 211 211 211 212 211 212 212 212 212 212 212 212 212 212 212 213 212 212 212 212 212 212 212 213 213 214 214 213 213 214 214 214 214 214 214 214 214 214 214 214 214 213 213 214 214 214 214 214 214 214 214 214 215 215 215 215 215 215 214 214 215 214 215 215 215 214 214 214 214 214 214 214 215 215 215 215 215 215 215 215 215 215 215 215 216 216 216 216 216 216 216 217 217 217 218 218 219 218 218 219 220 219 220 220 220 220 220 220 220 220 221 221 221 221 221 221 221 221 221 221 208 208 207 207 207 207 207 208 208 208 208 208 207 207 206 206 206 207 208 209 210 209 208 207 207 207 206 206 206 206 206 206 206 206 206 206 206 206 206 206 206 206 206 206 206 206 206 206 206 206 206 206 206 206 206 206 206 206 206 206 206 206 206 206 206 207 207 207 207 207 207 207 207 207 207 207 207 207 207 207 207 207 207 207 207 207 207 208 207 207 207 207 207 207 208 208 208 208 208 208 208 208 208 208 208 208 208 208 208 208 208 208 208 208 208 208 208 208 208 208 208 208 208 209 209 209 209 209 209 209 209 209 209 209 209 209 209 209 209 209 210 210 210 210 210 210 210 210 210 210 210 211 211 211 212 212 211 211 210 211 210 210 210 211 210 211 210 211 210 211 211 211 211 211 212 212 211 212 211 212 212 212 212 212 212 212 212 212 212 212 212 212 212 212 213 213 214 214 213 214 214 214 214 214 213 213 214 214 213 213 213 213 213 214 214 213 213 213 214 214 214 214 214 215 215 215 214 214 214 215 214 214 214 214 214 215 215 215 215 214 214 214 214 215 215 215 215 215 215 215 215 216 216 215 215 215 215 215 216 216 216 217 217 217 217 217 218 218 218 219 219 219 220 220 220 220 220 220 220 221 221 221 221 221 221 221 221 221 221 208 208 208 209 210 209 210 210 208 208 208 206 206 208 207 208 209 208 208 207 207 206 206 206 206 206 206 206 206 206 206 206 206 206 206 206 206 206 207 207 206 206 206 206 206 206 206 206 206 206 206 206 206 206 206 206 206 206 207 207 207 207 207 207 207 207 207 207 207 207 207 207 207 207 207 207 207 207 207 207 207 207 207 208 208 207 207 207 207 207 208 208 208 208 208 208 208 208 208 208 208 208 208 208 208 208 208 208 208 208 208 208 208 208 208 208 208 208 208 209 209 209 209 209 209 209 209 209 209 209 209 209 209 209 209 209 209 210 210 210 211 210 210 210 210 210 210 210 210 211 211 211 211 211 210 210 210 210 210 210 211 211 211 211 210 210 211 211 211 211 212 212 211 212 212 212 212 212 213 212 212 212 212 212 212 212 212 212 212 212 214 214 213 213 214 213 214 213 214 214 213 214 213 214 214 214 214 214 214 214 214 213 213 214 214 214 214 214 214 214 215 215 214 215 215 215 214 215 214 214 214 214 214 215 215 214 214 214 215 215 215 216 216 216 215 215 215 215 215 216 216 215 216 216 216 216 216 217 217 218 217 217 217 218 218 219 219 220 220 220 220 220 220 220 220 221 221 221 221 221 221 221 221 221 221 222 222 210 210 210 210 210 211 211 211 209 210 210 210 205 205 206 207 207 206 207 206 205 205 205 206 206 206 206 206 206 206 206 206 206 206 206 207 207 207 207 206 206 206 206 206 206 206 206 206 206 206 206 206 206 206 206 206 206 206 207 207 207 207 207 207 207 207 207 207 207 207 207 207 207 207 207 207 207 207 207 207 207 207 207 207 207 207 207 207 207 207 208 208 208 208 208 208 208 208 208 208 208 208 208 208 208 208 208 207 208 208 208 208 208 208 208 208 208 208 208 208 209 209 209 209 209 209 209 209 209 209 209 209 209 209 209 209 209 210 210 210 210 210 210 210 210 210 210 210 210 211 211 211 211 210 210 210 211 211 211 211 211 211 211 211 211 210 211 211 211 211 211 212 211 212 212 211 211 212 212 212 212 212 212 212 212 212 212 212 213 213 214 214 213 213 213 213 214 214 213 214 213 213 213 214 214 214 214 214 213 213 213 214 213 214 214 214 214 214 214 214 214 215 214 214 214 215 214 214 215 214 214 214 214 214 214 214 214 215 215 215 215 215 216 216 216 216 215 215 215 215 216 216 216 216 216 217 217 218 218 219 218 218 218 218 218 218 219 219 220 220 219 220 220 220 221 221 221 221 221 220 221 221 222 222 221 221 222 211 212 212 212 212 211 211 211 211 210 209 208 206 205 206 205 205 205 205 205 205 205 206 206 206 206 206 207 207 207 207 207 207 207 207 207 207 207 206 206 206 206 206 206 206 206 206 206 206 206 206 206 206 206 206 207 207 207 207 207 207 207 207 207 207 207 207 207 207 207 207 207 207 207 207 207 207 207 207 208 208 207 207 207 207 207 207 207 208 208 208 208 208 208 208 208 208 208 208 208 208 208 208 208 208 208 208 208 208 208 208 208 208 208 208 208 208 209 209 209 209 209 209 209 209 209 209 209 209 209 209 209 209 210 210 210 210 210 210 210 210 210 210 210 210 210 210 211 211 211 211 211 211 211 211 211 211 211 211 211 211 211 210 210 210 210 211 211 212 212 211 212 212 211 211 212 212 212 212 213 212 212 212 212 212 212 213 213 213 214 213 213 213 213 213 213 213 213 213 214 214 214 214 214 214 214 214 214 214 214 214 214 214 214 214 214 214 214 215 214 214 214 214 214 214 215 215 215 215 215 214 215 214 214 215 215 215 215 215 216 216 216 215 215 215 215 215 215 215 216 217 217 217 217 217 218 218 219 219 218 219 219 218 218 219 219 219 220 219 220 220 220 221 220 221 221 220 221 221 221 221 221 221 222 212 212 212 212 211 211 211 211 210 209 208 208 207 206 206 207 206 205 206 206 206 206 206 206 206 206 207 207 207 207 207 207 207 207 207 207 207 206 206 206 206 206 206 207 206 206 206 206 206 206 206 206 206 206 207 207 207 207 207 207 207 207 207 207 207 207 207 207 207 207 207 207 207 207 207 207 207 207 208 208 207 207 207 208 207 207 207 208 208 208 208 208 208 208 208 208 208 208 208 208 208 208 208 208 208 208 208 208 208 208 208 208 208 208 208 209 209 209 209 209 209 209 209 209 209 209 209 209 209 209 209 209 209 210 210 210 210 210 210 210 210 210 210 210 210 210 211 211 211 211 211 211 211 211 211 212 211 211 211 211 211 210 211 211 211 211 210 211 212 211 211 211 211 211 212 212 212 212 212 212 213 212 212 212 212 212 213 213 213 213 213 213 213 213 213 213 213 213 214 214 214 215 215 215 214 214 214 214 215 214 214 214 214 214 215 215 215 215 214 214 214 214 214 214 214 214 214 214 215 215 214 214 214 215 215 215 215 215 215 215 215 215 215 216 216 216 216 216 216 217 217 218 218 218 217 218 218 219 219 219 219 218 218 219 219 220 220 220 220 220 221 220 220 220 220 220 221 221 221 221 221 221 211 211 210 210 211 211 211 211 210 209 208 208 208 208 209 209 209 207 206 206 206 206 206 206 206 206 206 207 207 207 207 207 207 207 207 207 207 207 206 206 206 206 206 207 207 207 207 207 207 206 206 206 206 206 206 206 206 207 207 207 207 207 207 207 207 207 207 207 207 207 207 207 207 207 207 207 207 207 208 208 207 207 207 208 208 208 207 207 208 208 208 208 208 208 208 208 208 208 208 208 208 208 208 208 209 208 208 208 208 208 208 208 208 208 208 208 209 209 209 209 209 209 209 209 209 209 209 209 209 209 209 209 209 209 209 210 210 210 210 210 210 210 210 210 210 210 210 211 211 211 211 211 210 211 210 211 211 211 211 210 210 210 210 211 211 211 210 210 211 211 211 211 211 211 211 212 212 212 212 212 212 213 212 212 212 211 212 213 213 213 213 213 213 213 213 213 213 213 214 214 214 215 215 215 215 215 215 215 214 214 214 214 214 214 214 214 214 215 215 214 214 214 214 214 214 214 214 214 214 215 215 214 214 214 215 215 215 215 215 215 215 216 216 216 216 217 216 217 217 216 216 217 217 218 219 218 219 218 219 220 220 219 219 218 219 219 220 220 220 220 220 220 220 220 220 220 220 221 221 221 220 221 222 211 210 210 209 210 210 210 210 210 210 210 210 210 209 211 210 209 208 207 207 206 206 205 206 206 206 206 207 207 207 207 207 207 207 207 207 207 207 207 206 206 206 206 206 206 206 207 206 207 207 207 207 206 206 206 206 206 207 207 207 207 207 207 207 207 207 207 207 207 207 207 207 207 207 207 207 207 207 207 208 208 207 208 208 208 208 208 208 207 207 208 208 208 208 208 208 208 208 208 208 208 208 208 208 209 209 208 208 208 208 208 208 208 208 209 208 208 209 209 209 209 209 209 209 209 209 209 209 209 209 209 209 209 209 209 209 209 209 209 210 210 210 210 210 210 210 211 211 211 211 211 211 211 210 210 210 210 210 210 210 210 210 210 211 211 211 211 211 211 211 211 211 211 211 210 211 211 211 212 212 212 212 212 212 212 212 211 212 212 213 213 213 213 213 213 213 213 213 214 214 214 214 215 215 215 215 215 215 215 215 214 214 214 214 214 214 214 215 215 215 215 215 215 214 214 214 214 214 214 214 214 214 214 214 214 214 215 215 215 215 215 215 215 216 216 217 217 218 218 218 217 216 217 218 218 219 219 219 219 219 220 220 219 219 218 218 219 219 220 221 221 221 220 220 220 220 220 220 220 221 220 221 221 221 221 211 210 210 210 210 209 209 210 210 211 212 212 211 211 212 211 209 208 207 207 206 205 205 206 206 206 206 207 207 207 207 207 207 207 207 207 207 207 207 206 206 206 206 206 206 206 206 206 207 207 207 207 207 206 206 206 206 206 207 206 206 206 207 207 207 206 206 206 207 207 207 207 207 207 207 207 207 207 207 207 207 208 208 208 207 207 207 207 207 207 208 208 208 208 208 208 208 208 208 208 208 208 208 208 208 209 209 209 208 208 208 208 208 208 209 208 209 209 209 209 209 209 209 209 209 209 209 209 209 209 209 209 209 210 210 209 209 209 209 209 210 210 210 210 211 211 211 210 210 211 211 211 211 211 210 210 211 211 210 210 210 211 211 211 212 211 211 211 211 211 211 211 211 211 210 211 211 211 211 211 212 212 212 212 212 212 211 211 212 212 213 213 213 213 213 213 213 214 214 214 214 215 215 215 215 215 215 215 215 215 214 214 214 213 214 214 214 215 216 215 215 215 215 215 215 215 214 214 214 214 214 214 214 214 214 214 215 215 215 215 215 216 215 215 215 216 217 217 218 218 218 217 217 218 219 219 219 219 219 220 220 220 220 219 218 218 219 220 221 221 220 221 220 220 220 220 220 220 221 220 220 221 221 221 212 211 211 212 212 211 210 210 209 210 211 211 211 211 211 211 212 210 209 209 209 208 207 206 205 206 206 206 207 207 207 207 207 207 207 207 207 207 207 207 207 206 206 206 206 206 206 206 206 206 206 206 207 207 207 207 206 206 206 207 207 206 206 206 207 206 207 207 207 206 206 207 207 206 206 207 207 207 207 207 207 207 208 207 208 207 207 207 208 208 207 208 207 208 208 208 208 208 208 208 208 208 208 208 208 208 209 209 209 209 208 208 208 208 208 208 208 209 209 209 209 209 209 209 209 209 209 209 209 209 209 209 209 209 209 210 210 209 209 209 209 210 210 210 210 210 211 211 211 210 210 211 211 211 211 211 210 211 211 211 211 211 211 211 212 212 211 211 211 211 211 211 212 211 211 211 210 211 211 211 211 211 211 212 212 212 211 211 211 211 212 212 212 213 213 213 213 214 213 213 214 214 214 214 214 214 214 214 215 214 215 215 215 215 214 214 214 214 214 215 215 215 214 214 214 214 214 215 215 214 214 214 214 214 214 214 214 214 214 215 215 215 215 216 216 217 216 216 216 217 217 217 218 218 217 217 218 218 218 218 219 219 220 220 220 219 219 219 220 220 220 220 220 220 221 220 221 221 220 220 220 220 220 221 221 222 211 211 212 212 211 211 211 210 209 209 210 210 209 209 209 210 211 210 210 210 210 209 207 206 205 205 206 206 206 207 207 207 207 207 207 207 207 207 207 207 207 206 207 207 206 206 206 206 206 206 206 206 207 207 207 207 207 206 206 207 207 206 206 207 207 207 207 207 207 207 207 207 207 207 207 206 207 207 207 207 207 207 207 207 207 207 207 208 208 208 208 208 207 207 208 208 208 208 208 208 208 208 208 208 209 209 209 209 209 209 208 208 208 208 208 208 209 209 209 209 209 209 209 209 209 209 209 209 209 209 209 209 209 209 209 209 210 209 209 209 210 210 210 210 210 210 210 210 210 210 210 210 211 211 211 211 210 211 211 212 211 212 211 211 211 211 211 211 211 211 211 211 212 212 212 211 210 210 211 211 211 211 211 211 211 211 211 211 211 211 212 212 212 213 213 213 213 214 214 214 214 214 214 214 214 214 214 214 214 215 215 215 215 215 214 214 214 215 215 215 214 214 214 213 214 214 213 214 215 214 214 214 213 213 214 214 214 214 215 214 215 215 216 216 216 217 217 217 216 217 218 218 218 219 218 218 218 218 218 218 219 219 219 220 221 220 220 220 220 220 220 220 220 220 220 221 221 221 220 220 221 221 221 221 221 212 212 212 211 210 210 210 210 209 208 209 209 209 209 209 210 211 212 211 211 210 209 208 206 205 205 206 206 207 207 207 207 207 207 207 207 207 207 207 207 207 207 207 207 207 206 206 206 206 206 206 206 206 206 207 207 207 207 207 207 207 207 207 207 207 207 207 207 207 207 207 207 207 207 207 207 207 207 207 207 207 207 207 207 207 208 207 208 208 208 208 209 208 207 208 208 208 208 208 208 208 208 208 208 208 208 208 209 209 209 208 208 208 208 208 208 209 209 209 209 209 209 209 209 209 209 209 209 209 209 209 209 209 209 209 209 209 209 209 210 210 211 210 210 211 211 210 211 210 210 210 211 211 211 211 211 210 211 211 211 211 211 211 211 211 211 211 211 211 211 211 211 212 211 211 211 211 210 211 211 211 211 211 211 212 212 212 211 211 212 212 212 212 213 213 213 214 214 214 214 214 214 214 214 214 213 214 214 214 214 214 215 215 215 215 214 214 215 215 215 214 214 213 213 213 213 213 214 215 214 214 214 213 214 214 214 214 215 215 215 215 215 216 216 216 217 217 218 217 216 217 218 218 218 219 219 219 219 218 218 219 219 220 220 220 220 221 221 221 221 221 221 220 220 220 221 221 221 221 220 221 221 221 221 221 212 211 210 211 210 209 209 209 209 209 208 208 208 209 209 210 211 212 211 209 208 208 207 206 206 206 206 207 207 207 207 207 207 207 207 207 207 207 207 207 207 207 207 207 207 207 207 207 207 207 207 207 207 207 207 207 207 207 207 207 206 206 207 207 207 207 207 207 207 207 207 207 207 207 207 207 207 208 207 207 208 207 207 207 207 208 207 207 207 208 208 208 207 208 208 208 208 208 208 208 208 208 208 208 209 208 208 208 208 208 208 208 208 208 209 209 209 209 209 209 209 209 209 209 209 209 209 209 209 209 209 209 209 209 209 209 209 209 209 210 211 210 210 210 211 211 211 211 210 210 210 211 211 211 211 211 211 211 211 211 211 211 211 211 211 211 211 211 211 212 212 211 211 211 211 211 211 211 211 211 211 211 211 212 212 212 212 211 212 211 212 212 213 213 213 214 214 214 214 214 214 214 213 214 214 214 214 215 215 215 215 215 215 215 214 214 215 215 215 215 214 214 213 213 213 213 213 214 214 214 213 214 214 214 214 214 214 215 215 215 216 216 216 217 217 217 218 218 217 217 217 218 218 219 219 219 219 219 218 219 219 220 220 220 220 220 221 221 221 220 220 220 220 220 220 220 221 220 220 220 220 221 221 221 212 211 211 212 211 211 210 210 210 209 208 208 208 208 209 208 210 210 210 208 208 207 207 206 206 206 206 207 207 207 207 207 207 207 207 207 207 207 207 207 207 207 207 207 207 207 207 207 207 207 207 207 207 207 207 207 207 207 207 207 206 207 207 207 207 207 207 208 208 207 208 208 208 208 208 208 208 208 207 207 207 207 208 208 208 208 208 208 207 208 208 208 208 208 208 208 208 208 208 208 208 208 208 208 208 208 208 208 208 208 208 208 208 208 209 209 209 209 209 209 209 209 209 209 209 209 209 209 209 209 209 209 209 209 209 209 209 210 210 210 211 211 211 211 211 211 211 211 211 210 210 210 211 211 211 211 211 211 211 211 211 211 211 211 211 211 211 211 211 212 212 211 211 211 211 211 211 211 211 211 211 211 211 212 212 212 211 211 212 211 212 213 213 213 213 213 213 213 213 213 213 213 213 214 214 214 215 215 215 215 215 215 215 214 215 214 214 215 215 215 214 214 213 213 213 213 213 214 213 213 214 214 214 214 214 214 214 215 215 215 216 216 217 217 217 218 218 218 218 217 217 218 218 218 218 218 219 219 219 219 220 221 220 220 220 220 220 219 219 219 219 220 220 220 221 221 220 221 221 220 220 220 221 212 212 213 211 210 209 209 209 209 209 209 208 207 208 208 208 209 210 208 207 206 206 206 206 206 206 207 207 207 207 207 207 207 207 207 207 207 207 207 207 207 207 207 207 207 207 207 207 207 207 207 207 207 207 207 207 207 207 206 207 207 207 207 207 207 207 207 208 207 208 208 208 208 208 208 208 208 207 207 207 207 207 208 208 208 208 207 207 208 208 208 208 208 208 208 208 208 208 208 208 208 208 208 208 208 208 209 208 208 208 208 208 209 209 209 209 209 209 209 209 209 209 209 209 209 209 209 209 209 209 209 209 209 209 209 209 210 210 210 210 211 211 211 211 211 211 211 211 211 211 210 211 211 211 211 211 211 211 212 211 211 211 211 211 211 211 211 211 211 212 211 211 211 211 211 211 211 211 211 211 211 211 212 212 212 211 211 211 212 212 213 213 212 212 213 213 213 213 213 213 213 214 214 214 215 215 215 215 215 214 215 214 214 214 214 213 214 214 214 214 213 213 213 213 213 213 213 214 214 214 214 214 214 214 214 214 214 214 214 215 216 216 216 217 218 218 218 218 218 218 218 218 218 218 219 219 219 219 220 220 220 220 220 220 220 219 219 219 219 219 219 219 220 220 221 220 220 220 219 220 220 221 212 212 212 212 211 210 210 210 211 211 210 209 209 208 207 207 208 209 210 209 208 207 207 206 206 206 207 207 207 207 207 207 207 207 207 207 207 207 207 207 207 207 207 207 207 207 207 207 207 207 207 207 207 207 207 207 207 207 207 207 206 207 207 207 207 207 207 207 207 207 207 207 208 208 208 208 208 208 208 208 208 208 208 208 208 208 208 208 207 207 208 207 208 208 208 208 208 208 208 208 208 208 208 208 209 209 209 209 209 208 208 208 208 208 209 209 209 209 209 209 209 209 209 209 209 209 209 209 209 209 209 209 209 210 210 210 210 209 210 209 210 211 210 211 211 211 210 211 211 211 211 211 211 211 211 211 211 211 211 211 211 211 211 211 211 211 211 211 211 211 212 212 212 211 211 211 211 211 211 211 211 211 211 212 212 212 211 211 212 212 212 212 212 212 212 212 213 212 213 213 213 213 213 214 214 215 215 215 214 214 214 214 214 214 213 213 213 213 213 213 213 213 213 213 213 213 214 214 214 214 214 214 214 214 214 215 215 215 215 214 215 215 216 216 216 217 217 218 218 218 218 219 218 218 219 219 219 219 219 220 220 220 220 219 219 219 220 221 220 220 219 219 219 219 220 220 219 219 219 220 220 221 221 212 212 211 210 210 211 212 212 212 212 211 210 209 208 207 207 207 207 208 208 207 207 207 206 206 206 207 207 207 207 207 207 207 207 207 207 207 207 207 207 207 207 207 207 207 207 207 207 207 207 207 207 207 207 207 207 207 207 207 207 207 207 207 207 207 207 207 207 207 207 207 207 207 207 208 208 208 208 208 208 207 207 208 208 208 208 208 208 207 207 208 208 208 208 208 208 208 208 208 208 208 208 208 208 208 208 209 209 209 208 208 208 208 209 209 209 209 209 209 209 209 209 209 209 209 209 209 209 209 209 209 209 209 209 209 210 209 209 209 210 211 211 210 210 210 210 210 211 211 211 211 211 211 211 211 211 211 211 211 211 212 211 211 211 211 211 211 211 211 211 211 212 212 211 211 211 211 211 211 211 211 211 211 211 212 212 212 212 212 212 212 212 212 212 213 213 213 213 213 213 213 213 213 213 214 214 214 214 214 214 213 213 213 213 213 213 213 213 213 213 213 213 213 213 213 213 214 214 214 214 214 214 214 214 214 215 215 215 216 216 215 215 215 215 216 216 216 217 218 218 218 219 218 218 218 218 219 220 220 220 220 220 220 220 220 220 220 221 220 220 220 219 219 219 219 220 219 220 220 220 221 221 221 221 221 220 213 212 212 211 211 212 212 211 211 211 211 210 209 209 208 208 208 207 207 206 206 207 206 206 207 207 207 207 207 207 207 207 207 207 207 207 207 207 207 207 207 207 207 207 207 207 207 207 207 207 207 207 207 207 207 207 207 207 207 207 207 207 207 207 207 207 207 207 207 207 207 207 207 207 208 208 208 208 208 208 208 208 208 207 208 208 208 208 208 207 208 208 208 208 208 208 208 208 208 208 208 208 208 208 208 208 208 208 209 208 208 208 208 209 209 209 209 209 209 209 209 209 209 209 209 209 209 209 209 209 209 209 209 209 209 209 209 210 210 210 210 210 210 210 211 211 211 211 211 211 211 211 211 210 211 211 211 211 211 211 212 212 211 211 212 212 211 211 211 211 211 211 212 212 212 211 211 211 211 211 211 211 211 211 212 212 212 212 212 212 212 212 212 213 213 213 212 213 213 213 213 213 214 213 214 214 214 214 214 213 213 213 213 213 213 213 213 213 213 213 213 213 213 213 213 214 214 214 214 213 214 214 215 215 215 215 215 216 216 216 216 215 216 216 217 216 217 218 218 218 218 219 219 218 219 219 219 219 220 220 220 220 220 220 220 220 220 221 221 220 219 219 219 219 219 219 219 219 220 220 221 220 221 221 220 220 220 213 212 211 211 212 212 212 211 210 210 209 209 208 208 208 208 208 208 207 207 206 206 207 207 207 207 207 207 207 207 207 207 207 207 207 207 207 207 207 207 207 207 207 207 207 207 207 207 207 207 207 207 207 207 207 207 207 207 207 207 207 207 207 207 207 207 207 207 207 207 207 207 207 208 208 208 208 208 208 208 208 208 207 207 207 208 208 207 207 208 208 208 208 208 208 208 208 208 208 208 208 208 208 208 208 209 209 208 208 208 208 208 209 209 209 209 209 209 209 209 209 209 209 209 209 209 209 209 209 209 209 209 210 210 210 210 210 210 210 210 210 210 211 211 211 211 210 211 211 211 211 211 210 211 211 211 212 212 212 212 212 211 211 212 212 212 212 211 212 211 211 212 212 211 211 211 211 211 211 211 211 211 211 212 212 212 212 212 212 212 212 212 212 212 212 213 213 213 213 213 213 213 213 213 214 214 213 213 213 213 213 213 213 213 213 213 213 213 214 214 214 213 214 214 214 214 214 214 214 214 214 214 214 215 215 215 216 216 216 216 216 216 217 217 217 216 217 218 218 218 219 219 219 219 219 219 220 220 219 219 219 220 220 220 221 221 221 221 220 220 219 219 219 220 220 219 218 219 219 219 220 221 220 220 220 220 220 220 213 212 212 213 213 213 212 211 210 210 209 209 209 210 209 208 207 207 207 207 207 207 207 207 207 207 207 207 207 207 207 207 207 207 207 207 207 207 207 207 207 207 207 207 207 207 207 207 207 207 207 207 207 207 207 207 207 207 207 207 207 207 207 207 207 207 207 207 207 207 207 207 207 208 208 208 208 207 207 207 207 208 208 208 208 208 208 207 208 208 209 208 208 208 208 208 208 208 208 208 208 208 209 209 209 209 208 208 208 208 208 209 209 209 209 209 209 209 209 209 209 209 209 209 209 209 209 209 209 210 210 210 210 210 210 210 210 210 210 210 211 211 210 210 210 210 210 211 211 211 211 211 211 211 211 212 212 212 212 211 211 211 211 211 212 212 212 212 212 211 212 212 212 211 211 211 211 211 211 211 211 211 211 212 212 212 212 212 212 212 212 212 212 213 213 213 213 214 214 214 213 213 213 213 213 213 213 213 213 213 213 213 213 213 213 214 214 214 214 214 214 214 214 214 214 214 214 214 214 215 214 214 215 215 215 215 216 216 216 216 216 217 218 217 217 217 217 217 218 218 219 219 219 219 220 220 220 220 220 219 219 219 220 220 221 220 220 220 220 219 219 220 220 220 220 219 218 218 218 219 219 220 220 220 220 220 220 220 213 213 214 213 213 212 211 211 210 210 210 210 210 209 209 208 207 207 206 207 207 207 207 207 207 207 207 207 207 207 207 207 207 207 207 207 207 207 207 207 207 207 207 207 207 207 207 207 207 207 207 207 207 207 207 207 207 207 207 207 207 207 207 207 207 207 207 207 207 207 207 207 207 207 207 207 207 208 208 208 208 208 208 208 208 208 208 208 209 209 209 209 208 208 208 208 208 208 208 208 209 209 209 209 209 209 208 208 208 208 209 209 209 209 209 209 209 209 209 209 209 209 209 209 209 209 210 210 209 210 209 210 210 210 210 210 210 210 210 210 210 210 210 210 211 211 211 211 211 211 211 210 211 211 211 212 211 211 211 211 211 211 212 212 212 212 212 211 211 212 212 212 211 211 211 211 211 211 211 211 211 211 211 212 212 212 212 212 212 212 213 213 213 213 213 213 213 214 214 213 213 213 213 213 213 213 213 213 213 213 213 213 213 213 214 214 214 214 214 214 214 214 214 214 214 214 215 215 215 215 215 214 214 215 215 215 216 216 216 216 217 218 218 218 218 218 218 218 219 219 219 219 220 220 221 220 220 220 220 219 219 220 221 220 219 219 220 220 220 219 220 221 221 221 220 220 219 219 218 218 219 220 220 219 219 220 220 222 213 213 212 211 211 210 210 210 210 209 208 209 209 208 207 207 206 207 207 207 207 207 207 207 207 207 207 207 207 207 207 207 207 207 207 207 207 207 207 207 207 207 207 207 207 207 207 207 207 207 207 207 207 207 207 207 207 207 207 207 207 207 207 207 207 207 207 207 207 207 207 207 207 208 208 208 208 208 208 208 208 208 208 208 207 208 208 209 209 209 209 208 208 208 208 208 208 208 208 209 209 209 208 208 208 208 208 209 209 209 209 209 209 209 209 209 209 209 209 209 209 209 209 210 210 210 210 210 210 210 210 210 210 210 210 210 210 210 210 210 210 210 210 211 211 211 211 211 211 210 210 211 211 211 211 211 211 211 211 211 211 211 211 211 211 211 211 211 211 211 211 211 211 211 211 211 211 211 211 211 211 211 211 212 212 212 213 213 213 213 213 213 213 213 213 213 214 214 213 213 213 213 213 213 213 213 213 213 213 213 213 213 214 214 214 214 214 214 214 214 214 214 214 214 214 214 215 215 215 215 214 214 215 215 216 215 216 217 217 217 217 218 218 218 218 218 219 219 219 220 220 220 220 220 219 219 220 219 219 220 220 220 220 219 219 220 220 219 219 220 221 220 220 220 220 220 220 219 219 219 220 219 219 220 220 221 221 222 212 212 212 211 211 210 209 208 208 208 208 208 207 206 207 207 207 207 207 207 207 207 207 207 207 207 207 207 207 207 207 207 207 207 207 207 207 207 207 207 207 207 207 207 207 207 206 206 207 207 207 207 207 207 207 207 207 207 207 207 207 207 207 207 207 207 207 207 207 208 208 208 208 208 208 208 208 208 208 208 208 208 208 208 209 209 209 208 209 208 208 208 208 208 208 208 209 209 209 209 208 209 209 209 209 209 209 209 209 209 209 209 209 209 209 209 209 209 209 209 210 210 210 210 210 210 210 210 210 210 210 210 210 210 210 210 211 211 211 210 210 211 211 211 211 211 211 210 211 211 211 211 211 211 212 211 211 211 211 211 211 211 211 211 211 211 212 211 211 211 211 211 211 211 211 211 211 211 211 212 212 212 213 213 213 213 213 213 213 213 213 213 213 213 213 213 213 213 212 213 213 213 213 213 213 213 213 213 214 214 214 214 214 214 214 214 214 214 214 214 214 214 214 215 215 215 215 215 215 214 215 215 216 216 217 217 217 217 217 217 218 218 219 218 218 218 219 220 220 220 220 219 219 219 219 219 220 220 219 219 219 219 219 219 219 219 220 220 220 219 220 220 219 220 220 219 219 220 219 219 220 220 221 221 221 222 222 212 213 212 210 210 209 208 207 207 207 207 207 207 207 207 207 207 207 207 207 207 207 207 207 207 207 207 207 207 207 207 207 207 207 207 207 207 207 207 207 207 206 206 206 207 207 207 207 207 207 207 207 207 207 207 207 207 207 207 207 207 207 207 207 207 207 208 208 208 208 208 208 208 208 208 208 208 208 208 208 208 208 209 209 209 209 208 208 208 208 208 208 208 208 208 209 209 209 209 209 209 209 208 208 209 209 209 209 209 209 209 209 209 209 209 209 209 210 210 210 210 210 210 210 210 210 210 210 210 210 210 210 211 211 211 211 211 211 211 211 211 211 211 211 211 211 211 211 211 211 211 211 211 211 211 211 211 211 211 211 211 211 211 211 212 212 211 211 211 211 211 211 211 211 211 211 211 211 211 212 213 212 212 213 213 213 213 213 213 213 213 212 212 212 212 213 213 213 213 213 213 213 213 213 214 214 214 214 214 214 214 214 214 214 214 214 214 215 215 215 215 215 215 215 216 215 215 215 215 215 215 215 216 216 216 217 216 217 218 218 218 217 218 218 219 220 220 221 221 220 220 219 220 219 219 219 219 219 219 219 219 219 219 220 221 220 220 219 219 219 219 219 219 219 219 219 219 219 220 219 221 221 221 222 222 222 213 212 211 211 210 209 208 208 207 206 206 207 207 207 207 207 207 207 207 207 207 207 207 207 207 207 207 207 207 207 207 207 207 207 207 208 207 207 207 207 207 207 207 207 207 207 207 207 207 207 207 207 207 207 207 207 207 207 207 207 207 207 207 207 207 208 208 208 208 208 208 208 208 208 208 208 208 208 208 208 208 208 209 209 208 208 208 208 208 208 208 207 207 208 208 209 209 209 209 209 209 208 209 209 209 209 209 209 209 209 209 209 209 209 209 209 209 209 209 209 209 209 209 210 210 210 210 210 210 210 210 210 211 211 211 211 211 211 211 211 212 211 211 211 211 211 211 211 211 211 211 211 211 211 211 211 211 211 211 211 211 211 211 211 211 212 211 211 211 211 211 211 211 211 211 211 211 211 212 211 212 212 212 212 212 213 212 212 212 212 212 212 212 212 212 213 213 213 213 213 213 213 213 213 213 213 213 213 213 213 214 214 214 214 214 214 214 214 214 215 215 215 215 215 215 216 215 215 216 216 215 215 216 215 216 215 216 217 217 217 217 217 217 217 218 219 219 219 219 219 218 218 219 219 219 219 219 219 219 219 218 218 218 219 220 220 219 218 218 218 218 218 218 218 218 218 218 218 218 219 219 219 219 219 220 220 211 211 210 210 209 208 208 207 207 207 206 207 207 207 207 207 207 207 207 207 207 207 207 207 207 207 207 207 207 207 207 207 207 207 208 207 207 207 207 206 206 206 207 207 207 207 207 207 207 207 208 207 207 207 207 207 207 207 207 207 207 207 207 207 208 208 208 208 208 208 208 208 208 208 208 208 208 208 208 208 208 209 208 208 208 208 208 208 208 208 207 207 208 208 208 209 209 209 209 209 209 208 209 209 209 209 209 209 209 209 209 209 209 209 209 209 209 209 210 210 209 209 209 210 210 209 210 209 210 210 210 210 211 211 211 211 211 211 211 211 211 211 211 211 211 211 211 211 211 211 211 211 211 211 211 211 211 211 211 211 211 211 212 211 212 212 212 211 211 211 211 211 211 212 212 212 212 212 211 211 211 211 212 212 213 212 212 212 212 212 212 212 212 213 213 213 213 213 213 213 213 213 213 213 213 213 213 213 213 213 213 214 214 214 214 214 214 214 214 214 215 215 216 216 216 216 216 216 216 216 216 216 216 217 216 216 216 217 217 217 217 217 218 218 219 219 219 218 218 218 219 219 219 219 219 219 220 220 219 219 219 219 219 218 219 219 218 219 218 218 219 219 219 219 219 218 218 218 219 219 219 219 219 220 220 220 211 211 210 210 209 208 208 207 207 206 206 207 207 207 207 207 207 207 207 207 207 207 207 207 207 207 207 207 207 207 207 207 207 207 207 207 207 207 206 206 206 207 207 207 207 207 207 207 207 208 208 208 207 207 207 207 207 208 207 207 207 207 207 207 208 208 208 208 208 208 208 208 208 208 208 208 208 208 208 208 209 209 209 209 209 209 208 208 208 208 208 208 208 208 208 209 209 209 209 209 209 208 209 209 209 209 209 209 209 209 209 209 209 209 209 209 209 210 210 209 209 209 209 210 210 210 210 210 210 210 210 210 211 211 211 211 211 211 211 211 211 211 211 211 211 211 211 211 211 211 211 211 211 211 211 211 211 211 211 212 212 212 212 211 212 212 211 211 211 211 211 212 212 212 212 212 212 211 211 211 211 212 212 212 212 212 212 212 212 212 213 213 213 213 213 213 213 213 213 213 213 213 213 213 213 213 213 214 213 214 214 214 214 214 214 214 215 215 215 215 215 216 216 216 217 217 217 216 216 216 216 216 217 216 216 216 217 217 217 217 217 217 218 219 219 219 219 219 219 219 220 220 219 219 220 220 220 219 219 219 219 219 219 219 219 219 220 219 219 219 219 219 219 218 218 218 218 219 219 219 219 219 220 220 220 211 210 210 209 208 208 207 207 207 206 206 207 207 207 207 207 207 207 207 207 207 207 207 207 207 207 207 207 207 207 207 207 207 207 207 207 207 207 206 206 207 207 207 207 207 207 207 207 207 207 207 208 208 208 207 207 208 208 208 207 207 207 207 207 208 208 208 208 208 207 208 208 208 208 208 208 208 208 208 208 208 208 209 208 208 208 208 209 208 208 208 208 208 208 209 209 209 209 209 209 209 208 209 209 209 209 209 209 209 209 209 209 209 209 209 209 210 210 210 210 209 209 209 210 210 210 210 210 210 210 211 210 210 211 211 211 211 211 211 211 211 211 211 211 211 211 211 211 211 211 211 211 211 211 211 211 212 211 212 212 212 212 212 211 211 211 211 211 211 211 211 212 212 212 212 212 212 211 212 212 211 212 212 212 212 212 212 212 212 213 213 213 213 213 213 213 213 213 213 213 213 213 213 213 213 213 213 214 214 214 214 214 214 214 214 214 214 214 215 215 215 216 216 216 216 217 217 217 217 217 217 217 217 217 217 217 217 217 217 217 217 218 219 219 219 220 220 219 219 220 220 219 219 219 220 220 219 219 219 219 219 219 219 219 219 220 220 220 220 219 219 219 218 219 218 218 218 219 219 219 219 220 220 220 209 209 208 208 207 207 206 206 207 207 207 207 207 207 207 207 207 207 207 207 207 207 207 207 207 207 207 207 207 207 207 207 207 207 207 207 207 207 207 206 207 207 206 206 207 207 206 207 207 208 208 208 208 207 208 208 208 208 208 207 208 208 208 208 208 208 208 208 207 208 208 208 208 208 208 208 208 208 208 208 208 208 209 209 209 209 209 209 209 209 208 208 208 209 209 209 209 209 209 208 208 209 209 209 209 209 209 209 209 209 209 209 210 210 210 210 210 210 210 209 209 209 210 210 210 210 210 211 211 211 211 211 211 211 211 211 211 211 211 211 211 211 211 211 211 211 211 211 211 211 211 211 211 211 212 212 212 212 212 212 212 212 212 211 211 211 211 211 211 212 212 212 212 212 212 212 212 212 212 211 212 212 212 212 212 212 213 213 213 213 213 213 213 213 213 213 213 213 213 213 213 213 213 213 214 214 214 214 214 214 214 214 214 214 215 215 215 215 215 216 216 216 217 217 217 217 217 218 218 218 217 218 217 217 217 217 217 218 218 218 219 219 219 219 220 220 220 220 219 220 219 220 220 220 220 219 219 219 220 220 219 219 219 219 220 220 220 220 219 219 218 218 218 219 218 218 219 219 219 220 220 208 208 207 207 207 207 206 206 206 207 207 207 207 207 207 207 207 207 207 207 207 207 207 207 207 207 207 207 207 207 207 207 207 207 207 207 207 207 207 207 207 207 207 207 207 207 207 207 207 207 207 208 208 208 207 207 208 208 208 208 208 208 208 208 208 208 208 208 208 208 208 208 208 208 208 208 208 208 208 208 208 208 208 208 209 209 209 209 209 209 209 208 208 208 208 208 208 208 209 209 209 209 209 209 209 209 209 209 209 209 209 209 210 210 210 210 210 210 210 209 209 209 209 210 210 210 210 211 211 211 211 211 211 211 211 211 212 212 211 211 211 211 211 211 211 212 212 211 211 211 211 212 212 212 212 212 212 212 211 211 212 212 212 212 212 211 211 211 211 212 212 212 212 212 212 212 212 212 212 212 212 212 212 212 212 212 213 213 213 213 213 213 213 213 213 213 213 213 213 213 213 213 213 213 213 213 214 214 214 214 214 214 214 214 214 214 214 215 215 216 217 216 216 217 217 218 218 218 217 218 218 218 218 218 217 218 218 218 219 219 219 220 219 219 219 219 219 220 220 220 220 220 220 220 220 219 219 219 219 220 220 219 219 220 220 220 220 220 219 219 218 218 218 218 219 219 218 219 219 220 220 220 208 207 207 207 208 207 207 207 207 207 207 207 207 207 207 207 207 207 207 207 207 207 207 207 207 207 207 207 207 207 207 207 207 207 207 207 207 207 207 207 207 207 207 207 207 207 207 207 207 208 208 208 207 207 208 208 208 207 207 207 207 207 207 207 208 208 208 208 208 208 208 208 208 208 208 208 208 208 208 208 208 209 209 209 208 209 208 208 208 208 208 208 209 209 209 208 208 209 209 209 209 209 209 209 209 209 209 209 209 210 210 210 210 210 210 210 210 210 210 210 210 209 210 210 210 210 211 211 211 211 211 211 211 211 212 212 211 211 211 211 211 211 211 211 212 211 211 211 211 211 212 212 212 212 212 212 211 212 212 212 212 212 212 211 211 211 211 212 212 212 212 212 212 212 212 212 212 212 212 212 212 212 212 212 213 213 213 213 213 213 213 213 213 213 213 213 213 213 213 213 213 213 213 213 214 214 214 214 214 214 215 215 214 214 215 215 216 216 217 216 216 216 217 217 217 218 218 219 218 218 218 218 218 219 219 219 219 219 219 219 219 219 219 219 219 219 219 219 220 220 220 220 220 219 219 219 219 220 220 219 219 220 220 220 219 219 219 219 219 218 219 219 219 219 219 219 219 219 219 220 208 208 207 207 207 207 207 207 207 207 207 207 207 207 207 207 207 207 207 207 207 207 207 207 207 207 207 207 207 207 207 207 207 207 207 207 207 207 207 207 207 207 207 207 207 207 207 207 207 207 207 207 207 207 207 208 208 208 208 208 207 207 207 207 207 207 208 208 208 208 208 208 208 208 208 208 208 208 208 208 209 209 209 209 209 208 208 209 209 209 209 209 209 209 209 209 208 208 209 209 209 209 209 209 209 209 209 209 209 210 210 210 210 210 210 210 210 210 210 210 210 210 210 210 210 210 211 211 211 211 211 211 211 211 212 212 212 211 211 211 211 211 211 211 211 211 211 211 211 211 212 212 212 212 212 212 211 212 212 212 212 212 211 211 211 211 212 212 212 212 212 212 212 212 212 212 212 212 212 212 212 212 212 213 213 213 213 213 213 213 213 213 213 213 213 213 213 213 213 213 213 214 213 213 214 214 214 214 214 214 215 215 215 215 215 215 216 216 217 216 216 216 216 216 216 217 218 218 218 218 218 218 218 219 219 219 219 219 218 219 219 218 219 219 219 219 219 220 220 220 220 220 219 219 219 220 220 220 220 220 220 220 220 220 220 220 219 219 219 219 219 219 219 219 219 219 219 219 219 220 207 207 206 207 207 207 207 207 207 207 207 207 207 207 207 207 207 207 207 207 207 207 207 207 207 207 207 207 207 207 207 207 207 207 207 207 207 207 207 207 207 207 207 207 207 207 207 207 207 207 206 207 207 208 208 208 208 208 207 207 207 207 207 207 207 208 208 207 208 208 208 208 208 208 208 208 208 208 208 208 209 208 208 209 209 209 209 209 209 209 209 209 209 209 208 208 208 209 209 209 209 209 209 209 209 209 209 210 210 210 210 210 210 210 210 210 210 210 210 210 210 210 210 211 211 211 211 211 211 211 211 211 211 211 211 211 211 211 211 211 211 211 211 211 211 211 211 211 211 212 212 212 212 211 211 211 211 211 211 211 211 211 211 211 212 212 212 212 212 212 212 212 212 212 212 212 212 212 212 212 213 213 212 213 213 213 213 213 213 213 213 213 213 213 213 213 213 213 213 214 214 214 214 214 214 214 215 214 214 215 215 215 215 215 215 216 216 216 215 216 216 216 216 216 217 218 218 218 218 218 218 219 219 218 219 219 219 218 219 218 219 219 218 219 219 219 219 220 220 220 220 220 219 220 220 221 221 220 221 221 221 220 220 219 218 219 219 219 219 219 220 219 220 220 219 219 220 207 207 207 207 207 207 207 207 207 207 207 207 207 207 207 207 207 207 207 207 207 207 207 207 207 207 207 207 207 207 207 207 207 207 207 207 207 207 207 207 207 207 207 207 207 207 207 207 207 207 207 207 207 208 208 208 208 208 207 207 207 207 207 207 207 207 207 207 207 207 208 208 208 208 208 208 208 208 208 208 208 209 209 208 208 208 209 209 209 209 209 208 208 208 209 209 208 209 209 209 209 209 209 209 209 209 209 209 210 210 210 210 210 210 210 210 210 210 210 210 210 210 210 211 211 211 211 211 211 211 211 211 211 211 211 211 211 211 211 211 212 211 211 211 211 211 211 211 211 212 212 212 211 211 212 212 212 212 212 211 212 211 211 211 212 212 212 212 212 213 213 212 212 212 212 212 212 212 212 212 213 212 213 213 213 213 213 213 213 213 213 213 213 213 213 213 213 213 213 214 214 214 214 214 214 214 215 215 214 215 215 215 215 215 215 215 216 215 216 216 217 217 217 217 218 218 219 218 218 218 218 218 219 218 219 219 218 218 219 218 219 218 219 219 219 219 219 220 220 220 220 220 220 221 221 221 221 221 221 221 221 220 220 219 219 219 219 219 219 219 219 219 219 219 219 219 219 207 207 207 207 207 207 207 207 207 207 207 207 207 207 207 207 207 207 207 207 207 207 207 207 207 207 207 207 207 207 207 207 207 207 207 207 207 207 207 207 207 207 207 207 207 207 207 207 207 207 207 207 207 207 208 208 208 208 208 208 208 207 207 207 207 207 207 207 207 208 208 208 208 208 208 208 208 208 208 208 208 208 208 208 208 208 209 209 209 210 209 209 209 208 208 208 208 209 209 209 209 209 209 209 209 209 209 209 209 210 210 210 210 210 210 210 210 210 210 210 210 210 210 211 211 211 211 211 211 211 211 211 211 211 211 211 211 211 211 211 211 211 211 211 211 211 211 212 212 212 212 212 212 212 212 212 212 212 213 212 212 212 211 211 211 212 212 212 212 212 213 213 212 212 212 212 212 212 212 212 212 213 213 213 213 213 213 213 213 213 213 213 213 213 214 213 213 213 213 214 214 214 214 214 214 214 215 215 215 215 215 215 215 215 216 215 215 215 216 216 217 216 216 217 218 218 217 218 218 218 217 218 218 218 219 219 219 218 218 218 218 218 219 220 219 219 219 219 219 220 221 220 220 220 221 221 220 221 221 220 220 220 220 220 220 219 219 219 219 219 219 219 219 219 219 219 207 207 207 207 207 207 207 207 207 207 207 207 207 207 207 207 207 207 207 207 207 207 207 207 207 207 207 207 207 207 207 207 207 207 207 207 207 207 207 207 207 207 207 207 207 207 207 207 207 207 207 207 207 207 207 207 207 207 208 208 208 208 208 208 207 208 208 208 208 207 207 207 208 208 208 208 208 208 208 208 208 208 208 208 208 208 208 209 209 209 209 209 209 208 208 209 209 209 208 208 209 209 209 209 209 209 209 209 209 209 209 210 210 210 210 210 210 210 210 210 210 210 210 210 210 211 211 211 211 211 211 211 211 211 211 211 211 211 211 211 211 211 211 211 211 211 211 211 212 212 212 212 212 212 212 212 212 212 212 212 212 212 212 212 211 211 211 212 212 212 212 212 212 212 212 212 212 212 212 212 212 213 213 213 213 213 213 213 213 213 213 213 213 213 213 213 213 214 213 213 213 214 214 214 214 214 214 214 215 215 215 215 215 215 215 215 215 215 215 215 216 216 216 216 216 217 217 217 216 217 217 218 218 217 217 218 218 218 218 218 219 219 219 218 219 219 220 220 219 219 220 220 221 220 220 220 220 220 220 220 221 220 220 220 220 220 220 219 219 218 218 218 219 219 219 219 219 220 208 207 207 207 207 207 207 207 207 207 207 207 207 207 207 207 207 207 207 207 207 207 207 207 207 207 207 207 207 207 207 207 207 207 207 207 207 207 207 207 207 207 207 207 207 207 207 207 207 207 207 207 207 207 207 207 207 208 208 208 208 208 208 208 208 208 208 208 207 207 207 207 208 208 208 208 208 208 208 208 208 208 208 208 208 208 209 209 209 209 208 209 209 209 209 209 209 209 209 209 209 209 209 209 209 209 209 209 209 209 210 210 210 210 210 210 210 210 210 210 210 210 210 210 211 211 211 211 211 211 211 211 211 211 211 211 211 211 211 211 211 211 211 212 211 211 211 212 212 212 212 212 212 212 212 212 212 212 212 212 212 212 212 211 211 211 212 212 212 212 212 212 212 212 212 212 212 212 212 212 213 213 213 213 213 213 213 213 213 213 213 213 213 213 214 213 214 213 213 213 214 214 214 214 214 214 214 215 215 215 215 215 215 215 215 215 215 215 215 216 215 215 216 216 217 217 216 216 216 216 217 217 217 218 218 219 219 219 218 219 219 219 219 219 219 219 220 220 219 219 220 221 221 220 220 220 220 220 220 220 220 220 219 220 220 220 220 219 218 218 219 220 220 220 208 208 208 207 207 207 207 207 207 207 207 207 207 207 207 207 207 207 207 207 207 207 207 207 207 207 207 207 207 207 207 207 207 207 207 207 207 207 207 207 207 207 207 207 207 207 207 207 207 207 207 207 207 207 207 207 207 207 207 208 208 208 207 207 208 208 207 207 207 207 207 207 208 208 208 208 208 208 208 208 208 208 208 208 208 208 209 209 209 209 209 209 210 209 209 209 209 209 209 209 209 209 209 209 209 209 210 210 209 210 210 210 210 210 210 210 210 210 210 210 210 210 210 211 211 211 211 211 211 211 211 211 211 211 211 211 211 211 211 211 211 211 211 211 211 211 212 212 212 212 212 212 212 212 212 212 212 212 212 212 212 212 212 211 211 212 212 213 213 212 212 212 212 212 212 212 212 213 213 213 213 213 213 213 213 213 213 213 213 214 213 214 214 213 214 214 214 214 214 213 214 214 214 214 214 214 215 215 214 214 214 214 214 214 215 215 215 215 215 215 215 215 216 217 216 216 216 216 216 217 218 218 218 218 219 219 219 219 219 219 219 219 219 219 219 219 220 220 220 220 221 220 220 220 221 220 220 220 220 220 220 219 219 219 220 219 219 219 219 219 220 208 207 207 207 206 206 207 207 207 207 207 207 207 207 207 207 207 207 207 207 207 208 207 207 207 207 207 207 207 207 207 207 207 207 207 207 207 207 207 207 207 207 207 207 207 207 207 207 207 207 207 207 207 207 207 207 207 207 207 207 208 207 208 208 207 208 208 207 207 207 207 208 208 208 208 208 208 208 208 208 208 208 208 208 208 209 209 209 210 210 210 210 209 209 209 209 209 209 209 209 209 209 209 209 210 210 210 210 210 210 210 210 210 210 210 210 210 210 210 210 210 211 211 211 211 211 211 211 211 211 211 211 211 211 211 211 211 211 211 211 211 211 211 211 212 212 211 211 211 212 212 212 212 212 212 212 212 213 212 212 212 212 211 212 212 213 212 212 212 212 212 212 212 212 212 213 213 213 213 213 213 213 213 213 213 213 214 214 214 214 214 213 213 213 213 214 214 214 214 214 214 214 214 215 215 215 214 214 214 214 214 214 215 215 215 215 215 215 215 215 216 216 216 215 216 216 217 218 218 219 218 218 219 220 219 219 219 219 219 219 220 219 219 219 220 220 220 220 221 221 221 221 221 221 220 220 220 220 221 220 220 219 219 219 219 220 220 220 208 208 208 207 207 207 207 207 207 207 207 207 207 207 207 207 207 207 207 207 207 207 207 207 207 207 207 207 207 207 207 207 207 207 207 207 207 207 207 207 207 207 207 207 207 207 207 207 207 207 207 207 207 207 207 207 207 207 207 207 207 207 207 207 207 207 207 207 208 208 208 208 208 208 208 208 208 208 208 208 208 208 208 209 209 209 209 209 209 210 210 210 209 209 209 209 210 210 209 209 209 209 209 209 209 209 210 210 210 210 210 210 210 210 210 210 210 210 210 210 210 211 211 211 211 211 211 211 211 211 211 211 211 211 211 211 211 211 211 211 211 211 211 211 211 212 212 211 211 212 212 212 212 212 212 212 213 213 213 212 212 212 212 212 212 213 212 212 212 212 212 212 213 213 213 213 213 213 213 213 213 213 213 213 213 214 214 214 214 214 214 213 213 213 213 214 213 214 214 214 214 214 215 215 215 214 214 214 214 215 215 215 215 215 215 216 216 216 215 215 215 216 216 216 217 217 217 217 218 218 219 218 219 219 219 219 220 219 219 220 220 219 219 219 220 221 221 221 220 220 220 221 220 220 220 219 219 220 220 220 219 219 219 220 221 209 208 208 208 208 208 207 207 207 207 207 207 207 207 207 207 207 207 207 207 207 208 207 207 207 207 207 207 207 207 207 207 207 207 207 207 207 207 207 207 207 207 207 207 207 207 207 207 207 207 207 207 207 208 207 207 207 207 208 207 207 207 208 207 207 207 207 208 208 208 208 208 208 208 208 208 208 208 208 208 208 208 208 209 209 209 210 209 210 210 209 209 209 209 209 209 209 209 210 210 209 209 209 209 209 209 210 210 210 210 210 210 210 210 210 210 210 210 210 210 210 211 211 211 211 211 211 211 211 211 211 211 211 211 211 211 212 212 212 212 211 211 211 211 211 212 212 212 211 211 211 212 212 212 212 213 213 213 213 213 212 212 212 213 213 212 212 212 213 213 213 213 213 213 213 213 213 213 213 213 213 213 213 213 213 214 214 214 214 214 214 213 213 213 213 214 214 214 214 214 215 215 215 215 214 214 214 214 215 215 216 215 215 215 215 215 216 216 216 215 215 215 216 217 217 217 217 217 217 218 219 219 219 219 219 219 219 220 220 220 220 220 219 220 220 221 221 220 220 220 220 219 219 219 219 219 219 219 219 219 220 220 208 208 207 207 207 207 207 207 207 207 207 207 207 207 207 207 207 208 207 207 207 208 208 207 207 207 207 207 207 207 207 207 207 207 207 207 207 207 207 207 207 207 207 207 207 207 207 207 207 207 207 207 208 208 208 207 208 208 208 207 207 207 207 207 207 208 208 208 208 208 208 208 208 208 208 208 208 208 208 208 208 208 209 209 209 209 210 210 210 210 209 209 209 209 210 210 210 209 210 210 210 209 209 209 209 209 209 209 210 210 210 210 210 210 210 210 210 210 210 210 210 211 211 211 211 211 211 211 211 211 211 211 211 211 211 212 212 212 212 212 212 211 212 212 211 212 212 212 211 211 211 212 212 212 212 213 213 213 213 213 212 212 212 212 212 212 212 212 213 213 213 213 212 213 213 213 213 213 213 213 213 213 213 213 213 214 214 214 214 214 213 214 214 213 214 214 214 214 214 215 215 214 214 214 214 215 215 215 216 215 216 216 215 216 216 216 216 216 216 216 216 215 216 216 216 216 217 217 218 218 218 219 219 219 219 219 219 219 220 220 220 220 220 219 220 220 220 220 219 220 220 220 219 219 219 219 219 219 220 220 220 208 207 207 207 207 207 207 207 207 207 207 207 207 207 207 207 207 207 207 207 208 208 208 208 208 207 207 207 207 208 207 207 207 207 207 207 207 207 207 207 207 207 207 207 207 207 207 207 207 207 207 208 208 208 208 208 208 208 208 207 207 207 208 208 208 208 208 208 208 208 208 208 208 208 208 208 208 208 208 208 208 208 208 208 208 208 209 210 210 209 209 209 209 209 210 210 209 209 210 209 209 209 209 209 209 209 209 209 209 210 210 210 210 210 210 210 210 210 210 210 210 211 211 211 211 211 211 211 211 211 211 211 211 212 212 212 212 212 212 212 212 211 211 212 212 212 212 212 212 211 211 211 212 212 212 213 213 213 213 212 212 212 213 212 212 212 212 212 213 213 213 213 212 212 213 213 213 213 213 213 213 213 213 213 213 214 214 214 213 213 213 213 214 214 214 214 214 214 214 214 214 214 214 214 214 215 215 215 216 216 216 216 216 216 216 216 217 216 216 216 216 216 216 217 217 217 217 217 218 218 219 219 219 219 219 219 219 219 219 220 220 220 219 220 220 219 220 219 220 220 220 219 219 220 220 220 220 220 220 208 208 208 208 207 207 207 207 207 207 208 207 207 207 207 207 207 207 207 207 207 208 208 208 208 207 207 207 207 207 207 208 208 208 207 207 207 207 207 207 207 207 207 207 207 207 207 207 207 207 207 208 208 208 208 208 208 208 207 207 208 208 208 208 208 208 208 208 208 208 208 208 208 208 208 208 208 208 208 208 208 208 208 208 209 209 209 210 210 210 209 209 209 209 210 210 209 210 210 209 209 209 209 209 209 209 209 209 209 209 210 210 210 210 210 210 210 210 210 210 210 211 211 211 211 211 211 211 211 211 211 211 212 212 212 212 212 212 212 212 211 212 212 212 212 212 212 212 212 212 212 211 211 212 212 212 213 213 212 212 213 213 213 213 213 212 212 212 213 213 212 212 212 212 213 213 213 213 213 213 213 213 213 213 214 214 214 214 214 213 213 214 214 214 214 215 215 214 214 214 214 214 214 215 215 216 216 217 217 217 217 217 217 217 217 217 217 216 216 216 216 217 217 217 217 217 218 218 219 219 219 219 219 220 220 220 219 220 219 219 219 219 219 220 220 220 220 220 220 220 221 208 208 208 208 208 208 208 207 207 208 208 208 207 207 207 207 207 207 207 208 208 208 208 208 207 207 207 207 207 207 208 208 208 208 208 208 207 207 207 207 207 207 207 207 207 207 207 207 207 207 208 208 207 208 208 208 208 208 208 208 208 208 208 208 208 208 208 208 208 208 208 208 208 208 208 208 208 208 208 208 208 208 208 208 209 210 210 211 211 210 209 209 209 209 210 210 209 209 210 210 210 209 209 209 209 209 210 209 209 209 209 210 210 210 210 210 210 210 210 210 210 211 211 211 211 211 211 211 211 211 211 211 211 212 212 212 212 212 212 211 211 212 212 212 212 212 212 212 212 212 212 212 211 211 212 212 213 213 213 213 213 213 213 213 213 212 212 212 212 212 212 212 212 213 213 213 213 213 213 213 213 213 213 213 214 214 214 214 214 214 213 213 214 214 214 214 214 214 213 214 214 214 215 215 215 216 216 216 217 217 217 217 216 216 216 216 216 216 216 216 217 217 217 217 217 218 218 219 220 220 220 220 220 220 220 220 220 220 220 209 209 208 208 208 208 208 207 207 207 207 208 208 208 208 208 208 207 207 207 207 207 207 208 208 208 208 208 208 208 207 207 207 207 207 207 207 207 207 207 207 207 207 207 207 208 208 208 208 208 208 208 208 208 208 208 208 208 208 208 208 208 208 208 208 208 208 208 208 208 208 208 208 208 208 208 208 209 210 210 211 211 210 210 210 210 210 210 209 210 210 211 210 210 209 209 209 209 209 209 209 209 209 210 210 210 210 210 210 210 210 210 210 211 211 211 211 211 211 211 211 211 211 211 211 211 211 211 211 211 211 211 211 211 211 212 212 212 212 212 213 212 212 212 212 211 212 212 212 213 213 213 213 213 213 213 213 212 212 212 212 212 212 212 213 213 213 213 213 213 213 213 213 213 213 213 214 214 214 214 214 213 213 214 214 214 214 213 214 214 214 215 216 216 217 217 217 217 217 217 217 217 217 216 216 216 217 217 218 217 218 218 220 220 220 220 208 207 208 207 207 207 207 208 208 208 208 207 207 207 207 207 207 207 207 208 208 208 208 208 208 207 207 207 207 207 207 207 207 207 207 207 207 207 207 208 208 208 208 208 208 208 208 208 208 208 208 208 208 208 208 208 208 208 208 208 208 208 208 208 208 208 208 208 209 209 209 209 210 211 211 211 211 211 211 211 211 210 210 211 211 211 211 210 210 210 210 209 209 209 209 209 209 210 210 210 210 210 210 210 210 210 210 211 211 211 211 211 211 211 211 211 211 211 211 211 211 211 211 211 211 211 211 212 212 212 212 212 212 212 212 213 212 212 212 211 211 212 212 213 213 213 213 213 213 213 213 213 212 212 212 212 212 213 213 213 213 213 213 213 213 213 213 213 213 213 213 214 214 214 214 213 213 213 213 213 213 214 215 215 216 216 216 217 217 217 217 217 217 216 217 217 216 216 217 218 208 208 208 207 207 208 208 208 208 208 208 208 207 207 207 207 207 208 208 208 208 208 207 208 207 207 207 207 207 207 207 207 207 207 207 207 208 208 207 208 208 208 208 208 208 208 208 208 208 208 208 208 208 208 208 208 208 208 208 208 208 208 208 208 208 208 208 209 209 210 210 210 211 211 211 210 211 212 212 211 211 211 211 210 211 210 210 210 210 209 209 209 209 209 209 210 210 210 210 210 210 210 210 210 210 211 211 211 211 211 211 211 211 211 211 211 211 211 211 211 211 211 211 212 211 212 212 212 212 212 212 212 212 212 213 212 212 211 211 211 212 213 213 213 213 213 213 213 213 212 212 212 212 212 212 213 213 213 213 213 213 213 213 213 213 213 213 214 214 214 214 214 214 213 214 215 216 216 216 217 217 217 217 208 208 208 208 208 208 208 209 208 207 207 207 207 207 207 207 207 208 208 207 207 207 207 207 207 207 207 207 207 207 207 207 207 207 207 207 207 208 208 208 208 208 208 208 208 208 208 208 208 208 208 208 208 208 208 208 208 208 208 208 208 208 209 209 209 209 209 209 210 211 211 210 210 210 210 211 212 212 211 210 209 210 210 209 210 209 209 209 209 209 209 209 210 210 210 210 210 210 210 210 210 210 211 211 211 211 211 211 211 211 211 211 211 211 211 211 211 211 212 212 212 212 212 212 212 211 211 212 212 212 212 212 212 212 212 211 212 212 212 213 213 213 213 212 213 213 213 212 212 212 212 212 213 213 213 213 213 213 213 213 213 214 213 213 214 214 214 214 213 209 208 208 208 208 208 208 208 208 207 207 207 206 206 207 207 207 207 207 207 207 207 207 207 207 207 207 207 207 207 207 207 207 207 207 207 207 207 208 208 208 208 208 208 208 208 208 208 208 208 208 207 207 208 207 207 208 208 208 208 208 208 208 209 210 210 209 209 210 211 211 210 210 209 210 210 211 211 211 210 209 210 210 210 210 210 210 210 210 210 210 210 210 210 210 210 210 210 210 210 210 210 211 211 211 211 211 211 211 211 211 211 211 211 211 211 211 211 211 212 212 212 212 212 211 211 211 212 212 212 212 213 213 213 212 211 211 212 212 212 213 213 213 213 213 213 213 213 212 212 212 212 213 213 213 213 213 213 213 213 213 214 214 214 214 214 213 208 208 208 208 208 208 208 208 207 207 207 207 207 207 207 207 207 207 207 207 207 207 207 208 208 208 207 207 207 207 207 208 208 208 208 208 208 208 208 208 208 208 208 208 208 207 207 207 207 207 208 208 208 208 208 209 209 208 209 208 209 210 211 211 210 211 212 212 211 211 210 209 210 210 211 211 210 209 210 210 210 210 209 210 210 210 210 210 210 210 210 210 210 210 210 210 210 210 210 211 211 211 211 211 211 211 211 211 211 212 211 211 211 212 212 211 212 212 212 212 212 212 212 212 212 213 213 213 213 212 212 212 212 212 212 213 213 213 213 212 212 212 212 212 212 212 212 213 213 213 213 213 213 213 213 213 213 214 214 214 214 209 209 209 208 208 207 207 207 207 206 207 207 207 207 207 207 208 208 208 208 208 208 207 207 207 207 207 208 208 208 208 208 208 208 208 208 208 208 208 208 208 208 208 208 208 209 209 209 209 209 210 210 209 209 210 210 209 210 211 212 211 211 211 211 210 210 211 210 210 210 210 211 211 210 210 210 210 210 210 209 209 209 209 209 209 209 209 209 210 210 210 210 210 210 210 211 211 211 211 211 211 211 211 212 212 211 211 211 211 212 212 212 212 212 212 213 212 212 213 213 213 212 212 212 212 213 212 213 213 213 212 212 212 213 213 212 212 212 213 213 213 213 213 213 213 213 213 214 214 214 214 210 209 209 209 208 208 207 206 206 207 208 207 206 207 207 208 208 208 207 207 207 207 207 207 207 208 208 208 208 208 208 208 208 208 208 208 208 208 208 207 207 208 209 209 209 210 211 211 210 211 210 209 210 210 211 211 211 211 211 211 211 212 211 210 210 210 210 210 210 210 210 210 210 209 209 209 209 209 209 209 209 209 209 209 209 209 209 210 210 210 210 210 210 210 210 211 211 211 211 212 211 212 212 211 211 211 211 212 212 212 212 212 212 212 212 213 213 213 212 212 212 212 213 213 213 213 213 213 213 213 213 213 213 212 212 212 213 213 213 213 213 213 214 214 214 214 210 210 209 209 208 208 207 206 207 208 207 206 207 208 208 208 207 207 207 207 207 207 208 208 208 208 208 208 208 208 208 208 208 208 208 208 208 207 208 207 208 209 209 210 210 211 211 212 212 211 210 211 212 211 211 210 210 210 210 211 211 211 211 211 210 210 210 210 210 210 210 210 209 209 209 209 209 210 209 210 210 210 209 209 209 209 210 210 210 210 210 210 210 210 211 211 211 211 211 212 212 211 211 211 211 211 212 212 212 212 212 212 212 212 213 213 212 212 212 212 213 213 213 213 213 213 212 212 213 213 213 213 213 213 210 209 209 209 209 208 208 208 207 207 208 208 208 208 207 207 208 208 207 207 208 208 208 208 208 208 208 208 208 208 208 208 208 208 208 208 208 208 208 208 209 209 209 210 210 211 212 212 212 212 212 212 211 211 210 210 210 210 211 211 211 211 211 210 210 210 210 210 210 210 210 210 210 210 210 211 210 210 211 210 210 210 210 209 209 209 209 209 209 209 210 210 210 211 211 211 212 212 212 212 211 211 212 211 211 212 212 213 213 213 213 213 213 212 213 213 213 213 213 209 209 210 209 209 208 208 208 208 208 208 208 207 207 207 208 208 207 207 208 208 208 208 208 208 208 208 208 208 208 208 208 208 207 208 208 209 209 209 210 209 209 210 211 212 212 213 213 213 213 212 212 211 210 210 210 210 210 210 210 211 210 210 210 210 210 210 211 210 211 211 211 210 210 211 212 211 211 210 210 210 209 210 210 210 210 209 209 209 209 210 210 211 211 211 212 212 212 212 211 211 212 212 212 212 211 214 214 213 213 210 211 211 211 210 209 208 208 208 208 208 208 207 207 207 208 207 207 208 208 208 208 208 208 208 208 208 208 208 208 208 208 208 208 208 208 208 209 209 210 210 210 210 211 212 212 211 212 212 211 211 211 211 211 211 211 211 211 210 210 210 210 210 210 211 211 211 211 212 211 212 211 211 211 212 212 211 211 211 210 210 210 210 210 210 210 210 210 209 209 210 210 211 211 211 211 211 212 212 211 211 212 212 212 212 211 212 211 210 209 208 208 208 208 208 207 207 207 207 207 208 208 208 208 208 208 208 208 208 208 208 208 208 208 208 208 208 209 209 208 209 209 210 211 211 211 211 212 213 212 211 211 210 211 210 210 211 211 211 211 210 210 210 210 210 211 210 211 211 211 211 211 212 212 213 213 212 213 213 212 212 212 211 211 210 210 210 210 210 210 210 210 210 210 210 210 211 211 211 211 212 212 212 211 212 212 212 211 210 209 208 207 207 208 208 208 208 208 207 208 208 208 208 208 208 208 208 208 208 208 208 208 208 208 208 208 209 209 209 209 210 210 211 211 212 212 213 213 212 212 211 211 210 210 210 210 210 210 210 210 210 210 211 211 210 211 211 211 211 212 212 212 211 212 213 214 214 215 214 213 212 211 211 211 210 211 211 211 210 210 210 210 209 210 210 210 211 211 211 211 212 212 212 212 212 211 210 209 208 208 207 207 208 207 207 207 207 207 208 208 208 208 208 208 208 208 208 208 208 208 208 208 207 208 209 209 209 209 210 210 211 211 211 211 211 212 213 213 212 212 211 211 211 211 211 211 210 210 211 211 210 211 211 210 211 211 211 211 212 213 213 212 213 215 213 212 211 210 210 210 210 211 211 211 211 210 210 209 209 210 211 211 211 211 211 211 212 212 209 209 208 207 207 207 207 207 207 207 207 207 208 208 208 208 208 208 208 208 208 208 208 207 208 208 208 208 207 207 208 208 209 211 211 211 211 210 210 211 211 212 213 213 214 213 213 213 212 212 212 212 211 211 211 211 211 211 210 211 212 213 212 213 214 214 214 215 210 210 210 210 211 211 211 210 210 210 210 209 211 210 211 211 211 211 212 212 208 207 207 207 207 207 207 207 207 208 208 208 208 207 207 207 207 208 208 208 208 208 208 208 208 208 208 208 208 208 208 208 209 209 210 210 209 209 210 210 210 211 211 211 212 212 212 212 212 212 213 213 212 211 211 212 211 212 212 212 213 213 214 215 210 210 210 210 210 211 211 211 210 210 210 209 210 210 211 211 211 211 211 211 207 207 207 207 207 207 207 207 208 208 208 208 207 207 207 207 207 207 207 207 208 208 208 208 209 209 209 209 209 209 209 208 208 208 208 209 209 209 209 209 209 209 209 210 210 210 210 210 211 211 212 212 212 211 212 212 212 212 213 213 213 214 215 210 210 210 210 210 210 210 210 210 209 209 209 209 210 210 211 211 210 211 207 207 207 207 207 207 207 208 207 207 208 208 208 207 207 208 208 207 207 208 207 208 209 210 210 210 209 209 209 209 209 209 208 208 209 209 209 209 209 209 209 209 209 210 210 210 210 211 211 211 212 212 212 212 213 213 213 213 213 214 215 210 210 210 211 210 209 210 209 209 210 210 209 209 209 210 210 210 207 207 207 207 207 207 207 207 207 207 207 208 208 208 208 208 208 208 207 207 208 207 208 209 209 209 210 210 210 209 210 209 209 209 209 210 210 210 209 210 210 210 210 210 211 211 211 211 212 212 213 212 213 214 213 214 214 215 215 210 210 211 211 210 210 210 210 211 211 210 209 209 209 210 210 207 207 208 208 208 208 208 208 208 208 208 209 209 209 208 209 209 208 208 208 208 208 208 209 209 210 211 210 210 210 209 209 209 209 210 210 211 210 210 210 211 211 210 211 212 212 213 213 213 214 213 214 215 214 215 216 215 210 210 210 211 210 211 211 211 211 211 210 209 209 209 210 208 209 208 208 209 209 209 209 209 209 210 210 210 210 210 210 210 210 210 209 209 209 209 210 211 211 211 210 210 210 210 210 210 209 209 210 210 210 211 211 212 211 212 214 214 214 215 215 215 215 215 216 216 210 210 210 210 210 210 211 210 210 210 209 209 209 209 209 209 210 210 210 210 210 210 210 210 210 210 210 211 211 211 211 211 211 211 211 211 211 211 211 211 211 211 210 211 211 210 210 210 209 210 211 212 212 213 213 214 215 215 215 216 210 210 210 210 210 211 210 210 210 210 209 210 210 210 210 210 211 211 210 210 210 211 211 211 211 211 211 211 211 211 211 211 211 211 211 211 212 212 211 210 210 211 212 211 210 210 210 210 211 211 212 213 214 216 215 210 210 210 210 211 211 211 210 210 210 209 211 211 212 212 211 211 211 210 210 210 211 211 211 211 211 211 211 211 211 211 211 211 211 211 211 212 212 212 211 210 211 212 212 211 210 211 211 211 212 212 212 214 210 210 210 210 211 211 211 211 210 210 210 209 212 212 212 212 212 211 211 210 210 210 211 211 211 211 211 211 211 211 211 211 211 211 211 211 211 212 212 212 211 211 211 212 212 212 212 212 212 212 213 213 214 210 210 210 210 211 211 211 211 211 211 211 210 213 213 212 211 211 211 211 211 211 211 211 211 211 211 211 211 211 211 211 211 211 211 211 212 212 213 213 213 212 212 211 212 214 214 214 215 214 214 214 214 209 210 209 210 211 211 211 211 213 213 212 211 210 210 211 211 211 211 210 211 211 211 211 211 211 211 211 211 212 212 212 213 213 214 214 214 213 213 212 213 215 209 210 210 211 214 214 214 213 211 210 210 210 210 211 211 211 211 212 212 211 211 211 212 212 212 212 212 212 213 214 214 215 215 214 213 214 214 215 214 213 212 211 211 210 210 210 211 211 211 211 211 211 211 212 211 212 212 213 213 214 213 213 214 215 213 213 212 211 210 210 210 210 211 211 211 211 211 211 211 211 212 212 212 212 213 214 214 214 214 215 216 211 211 210 210 210 210 211 211 211 211 211 211 211 211 212 212 212 212 213 213 214 215 215 214 215 210 209 210 210 211 211 211 211 211 211 211 211 211 212 212 212 213 214 214 215 216 209 211 211 211 211 211 211 211 211 211 211 212 212 212 212 213 213 214 214 215 210 210 211 211 211 210 210 211 211 211 212 212 212 213 213 213 214 214 214 215 211 211 211 211 211 210 211 211 212 212 213 213 213 214 214 215 215 215 216 213 212 212 211 211 211 211 211 212 212 213 213 214 215 215 215 215 216 215 212 213 212 212 212 212 211 211 211 211 212 213 214 214 215 214 215 215 212 212 212 212 213 212 212 212 211 212 213 213 213 214 213 214 216 213 212 212 213 213 213 213 213 213 213 212 212 213 213 213 215 216 213 212 212 213 213 213 213 213 214 214 213 213 213 214 214 215 216 213 212 212 212 213 213 213 214 215 214 213 213 214 215 215 215 216 213 212 212 213 213 213 214 215 214 214 213 214 214 214 214 215 213 213 212 213 214 214 214 215 215 214 213 214 215 214 214 215 216 214 213 213 213 214 214 214 215 215 215 214 214 215 216 216 216 217 214 213 213 212 213 213 214 214 214 215 215 214 214 215 216 217 215 214 213 213 213 213 213 214 214 214 215 216 215 215 216 216 216 215 215 215 214 214 214 214 214 215 215 214 214 216 216 215 215 216 216 216 215 215 215 215 215 215 215 215 214 214 215 216 215 215 216 216 216 216 216 216 216 217 215 215 215 215 216 216 215 215 215 215 215 215 216 216 216 215 215 216 216 216 216 216 217 214 215 215 215 215 215 215 215 215 215 216 216 216 216 216 216 216 216 216 216 216 215 215 215 214 215 215 215 215 215 215 215 215 216 216 216 216 216 216 216 217 215 215 215 215 216 216 215 215 215 215 215 215 215 215 215 216 216 217 216 216 215 216 216 215 215 214 215 215 215 215 216 216 216 216 217 215 215 215 215 215 215 215 215 215 215 216 216 214 215 215 215 216 216 216 