147 147 147 147 147 147 147 147 147 147 148 148 147 147 147 147 147 147 147 147 147 147 147 147 147 146 146 146 146 146 146 146 146 146 146 146 146 146 147 147 147 147 147 147 147 147 147 147 147 147 147 147 147 147 147 147 147 147 147 147 147 146 146 146 146 146 146 146 146 146 146 146 146 146 146 146 146 146 147 147 147 147 147 147 147 147 147 147 147 147 147 147 147 147 147 147 147 147 147 147 147 147 147 146 146 146 146 146 146 146 146 146 146 146 146 146 146 146 146 146 146 146 146 146 146 146 146 146 147 147 147 147 147 147 147 147 147 147 147 147 147 147 147 147 147 147 147 147 147 147 147 147 147 147 147 147 147 147 147 146 146 146 146 146 146 146 146 146 146 146 146 146 146 146 146 146 146 146 146 146 146 146 146 146 146 146 146 146 146 146 146 145 145 145 145 145 145 145 147 147 147 147 147 147 147 147 147 147 147 147 147 147 147 147 147 147 147 147 147 147 147 147 147 147 147 146 146 146 146 146 146 146 146 146 146 146 146 146 146 146 146 146 146 146 146 146 146 146 146 146 146 146 146 146 146 146 146 146 146 146 146 146 146 146 146 145 145 145 145 145 145 145 145 145 145 145 145 145 147 147 147 147 147 146 146 146 147 147 147 147 147 147 147 147 147 147 146 146 146 146 146 146 146 146 146 146 146 146 146 146 146 146 146 146 146 146 146 146 146 146 146 146 146 146 146 146 146 146 146 146 146 146 146 146 146 146 146 145 145 145 145 145 145 145 145 145 145 145 145 145 145 145 145 145 145 145 145 145 145 145 145 145 145 145 146 146 146 146 146 146 146 147 147 147 147 147 147 147 146 146 146 146 146 146 146 146 146 146 146 146 146 146 146 146 146 146 146 146 146 146 146 146 146 146 146 146 146 146 146 146 146 146 146 146 146 146 146 146 146 146 146 145 145 145 145 145 145 145 145 145 145 145 145 145 145 145 145 145 145 145 145 145 145 145 145 145 145 145 145 145 145 146 146 146 146 146 146 146 146 146 147 147 147 146 146 146 146 146 146 146 146 146 146 146 146 146 146 146 146 146 146 146 146 146 146 146 146 146 146 146 146 146 146 146 146 146 146 146 146 146 146 146 146 146 146 145 145 145 145 145 145 145 145 145 145 145 145 145 145 145 145 145 145 145 145 145 145 145 145 145 145 145 145 145 145 145 145 145 145 145 145 145 145 146 146 146 146 146 146 146 146 146 146 146 146 146 146 146 146 146 146 146 146 146 146 146 146 146 146 146 146 146 146 146 146 146 146 146 146 146 146 146 146 146 146 146 146 146 146 146 145 145 145 145 145 145 145 145 145 145 145 145 145 145 145 145 145 145 145 145 145 145 145 145 145 145 145 145 145 145 145 145 145 145 145 145 145 145 145 145 145 145 145 145 145 145 146 146 146 146 146 146 146 146 146 146 146 146 146 146 146 146 146 146 146 146 146 146 146 146 146 146 146 146 146 146 146 146 146 146 146 146 146 146 146 146 146 146 146 146 146 146 146 145 145 145 145 145 145 145 145 145 145 145 145 145 145 145 145 145 145 145 145 145 145 145 145 145 145 145 145 145 145 145 145 145 145 145 145 145 145 145 145 145 145 145 145 145 145 145 145 145 145 145 146 146 146 146 146 146 146 146 146 146 146 146 146 146 146 146 146 146 146 146 146 146 146 146 146 146 146 146 146 146 146 146 146 146 146 146 146 146 146 145 145 145 145 145 145 145 145 145 145 145 145 145 145 145 145 145 145 145 145 145 145 145 145 145 145 145 145 145 145 145 145 145 145 145 145 145 145 145 145 145 145 145 145 145 145 145 145 145 145 145 144 144 144 144 144 144 144 144 144 144 146 146 146 146 146 146 146 146 146 146 146 146 146 146 146 146 146 146 146 146 146 146 146 146 146 146 146 146 146 146 146 146 146 146 146 146 145 145 145 145 145 145 145 145 145 145 145 145 145 145 145 145 145 145 145 145 145 145 145 145 145 145 145 145 145 145 145 145 145 145 145 145 145 145 145 145 145 145 145 145 145 145 144 144 144 144 144 144 144 144 144 144 144 144 144 144 144 144 144 144 144 144 146 146 146 146 146 146 146 146 146 146 146 146 146 145 145 145 146 146 146 146 146 146 146 146 146 146 146 146 146 145 145 145 145 145 145 145 145 145 145 145 145 145 145 145 145 145 145 145 145 145 145 145 145 145 145 145 145 145 145 145 145 145 145 145 145 145 145 145 145 145 145 145 145 145 144 144 144 144 144 144 144 144 144 144 144 144 144 144 144 144 144 144 144 144 144 144 144 144 144 144 144 144 144 146 146 146 146 146 146 146 146 146 145 145 145 145 145 145 145 145 145 146 146 146 146 146 146 146 146 145 146 145 145 145 145 145 145 145 145 145 145 145 145 145 145 145 145 145 145 145 145 145 145 145 145 145 145 145 145 145 145 145 145 145 145 145 145 145 145 145 145 145 145 144 144 144 144 144 144 144 144 144 144 144 144 144 144 144 144 144 144 144 144 144 144 144 144 144 144 144 144 144 144 144 144 144 144 144 144 144 146 146 146 146 146 145 145 145 145 145 145 145 145 145 145 145 145 145 145 146 146 146 145 145 145 145 145 145 145 145 145 145 145 145 145 145 145 145 145 145 145 145 145 145 145 145 145 145 145 145 145 145 145 145 145 145 145 145 145 145 145 145 145 145 145 145 145 145 145 144 144 144 144 144 144 144 144 144 144 144 144 144 144 144 144 144 144 144 144 144 144 144 144 144 144 144 144 144 144 144 144 144 144 144 144 144 144 144 144 146 146 146 146 146 145 145 145 145 145 145 145 145 145 145 145 145 145 145 145 145 145 145 145 145 145 145 145 145 145 145 145 145 145 145 145 145 145 145 145 145 145 145 145 145 145 145 145 145 145 145 145 145 145 145 145 145 145 145 145 145 145 145 144 144 144 144 144 144 144 144 144 144 144 144 144 144 144 144 144 144 144 144 144 144 144 144 144 144 144 144 144 144 144 144 144 144 144 144 144 144 144 144 144 144 144 144 144 144 144 144 144 144 144 147 147 147 146 146 146 146 146 145 145 145 145 145 145 145 145 145 145 145 145 145 145 145 145 145 145 145 145 145 145 145 145 145 145 145 145 145 145 145 145 145 145 145 145 145 145 145 145 145 145 145 145 145 145 145 145 145 145 145 145 145 145 145 145 145 145 145 145 144 144 144 144 144 144 144 144 144 144 144 144 144 144 144 144 144 144 144 144 144 144 144 144 144 144 144 144 144 144 144 144 144 144 144 144 144 144 144 144 144 144 144 144 144 144 144 144 144 144 144 144 144 144 144 147 147 147 147 147 147 146 146 146 146 145 145 145 145 145 145 145 145 145 145 145 145 145 145 145 145 145 145 145 145 145 145 145 145 145 145 145 145 145 145 145 145 145 145 145 145 145 145 145 145 145 145 145 145 145 145 145 145 145 145 145 145 145 145 145 145 145 145 144 144 144 144 144 144 144 144 144 144 144 144 144 144 144 144 144 144 144 144 144 144 144 144 144 144 144 144 144 144 144 144 144 144 144 144 144 144 144 144 144 144 144 144 144 144 144 144 144 144 144 144 144 144 144 144 144 144 144 144 144 147 147 147 147 147 147 147 145 145 145 145 145 145 145 145 145 145 145 145 145 145 145 145 145 145 145 145 145 145 145 145 145 145 145 145 145 145 145 145 145 145 145 145 145 145 145 145 145 145 145 145 145 145 145 145 145 145 145 145 145 145 145 145 145 145 145 144 144 144 144 144 144 144 144 144 144 144 144 144 144 144 144 144 144 144 144 144 144 144 144 144 144 144 144 144 144 144 144 144 144 144 144 144 144 144 144 144 144 144 144 144 144 144 144 144 144 144 144 144 143 143 143 143 143 143 143 143 143 143 143 143 143 143 143 147 147 147 146 146 146 146 146 145 145 145 145 145 145 145 145 145 145 145 145 145 145 145 145 145 145 145 145 145 145 145 145 145 145 145 145 145 145 145 145 144 144 144 144 145 145 145 145 145 145 145 145 145 145 145 145 145 145 145 145 144 144 144 144 144 144 144 144 144 144 144 144 144 144 144 144 144 144 144 144 144 144 144 144 144 144 144 144 144 144 144 144 144 144 144 144 144 144 144 144 144 144 144 144 144 144 144 144 144 144 144 144 143 143 144 144 143 143 143 143 143 143 143 143 143 143 143 143 143 143 143 143 143 143 143 143 143 146 146 146 146 146 146 146 146 146 146 145 145 145 145 145 145 145 145 145 145 145 145 145 145 145 145 145 145 145 145 145 145 145 145 145 144 144 144 144 144 144 144 144 144 144 145 145 145 145 145 145 145 144 145 144 144 144 144 144 144 144 144 144 144 144 144 144 144 144 144 144 144 144 144 144 144 144 144 144 144 144 144 144 144 144 144 144 144 144 144 144 144 144 144 144 144 144 144 144 143 143 143 143 143 143 143 143 143 143 143 143 143 143 143 143 143 143 143 143 143 143 143 143 143 143 143 143 143 143 143 143 143 143 143 143 143 143 146 146 146 146 146 146 146 146 146 146 146 146 145 145 145 145 145 145 145 145 145 145 145 145 145 145 145 145 145 145 145 145 145 145 145 145 145 145 144 144 144 144 144 144 144 144 144 144 144 144 144 144 144 144 145 144 144 144 144 144 144 144 144 144 144 144 144 144 144 144 144 144 144 144 144 144 144 144 144 144 144 144 144 144 144 144 144 144 144 144 144 144 144 144 144 144 144 144 144 144 143 144 144 144 143 143 143 143 143 143 143 143 143 143 143 143 143 143 143 143 143 143 143 143 143 143 143 143 143 143 143 143 143 143 143 143 143 143 143 143 143 143 143 143 143 143 143 146 146 146 146 146 146 146 146 146 146 146 145 145 145 145 145 145 145 145 145 145 145 145 145 145 145 145 145 145 145 145 145 145 145 145 145 145 145 145 145 144 144 144 144 144 144 144 144 144 144 144 144 144 144 144 144 144 144 144 144 144 144 144 144 144 144 144 144 144 144 144 144 144 144 144 144 144 144 144 144 144 144 144 144 144 144 144 144 144 144 144 144 144 144 144 144 144 144 144 144 144 144 144 144 144 144 143 143 143 143 143 143 143 143 143 143 143 143 143 143 143 143 143 143 143 143 143 143 143 143 143 143 143 143 143 143 143 143 143 143 143 143 143 143 143 143 143 143 143 143 143 143 143 143 143 146 146 146 146 146 146 146 146 146 146 146 145 145 145 145 145 145 145 145 145 145 145 145 145 145 145 145 145 145 145 145 145 145 145 145 145 145 144 144 144 144 144 144 144 144 144 144 144 144 144 144 144 144 144 144 144 144 144 144 144 144 144 144 144 144 144 144 144 144 144 144 144 144 144 144 144 144 144 144 144 144 144 144 144 144 144 144 144 144 144 144 144 144 144 144 144 144 144 144 144 144 144 143 143 143 143 143 143 143 143 143 143 143 143 143 143 143 143 143 143 143 143 143 143 143 143 143 143 143 143 143 143 143 143 143 143 143 143 143 143 143 143 143 143 143 143 143 143 143 143 143 143 143 143 143 143 143 146 146 146 146 146 146 146 146 145 145 145 145 145 145 145 145 145 145 145 145 145 145 145 145 145 145 145 145 145 145 145 145 144 144 144 144 144 144 144 144 144 144 144 144 144 144 144 144 144 144 144 144 144 144 144 144 144 144 144 144 144 144 144 144 144 144 144 144 144 144 144 144 144 144 144 144 144 144 144 144 144 144 144 144 144 144 144 144 144 144 144 144 144 144 143 143 143 143 143 143 143 143 143 143 143 143 143 143 143 143 143 143 143 143 143 143 143 143 143 143 143 143 143 143 143 143 143 143 143 143 143 143 143 143 143 143 143 143 143 143 143 143 143 143 143 143 143 143 143 143 143 143 143 143 143 143 143 143 143 146 146 146 146 146 146 146 146 146 146 146 145 145 145 145 145 145 145 145 145 145 145 145 145 145 145 145 145 145 145 145 144 144 144 144 144 144 144 144 144 144 144 144 144 144 144 144 144 144 144 144 144 144 144 144 144 144 144 144 144 144 144 144 144 144 144 144 144 144 144 144 144 144 144 144 144 144 144 144 144 144 144 144 144 144 144 144 144 144 144 144 144 144 143 143 143 143 143 143 143 143 143 143 143 143 143 143 143 143 143 143 143 143 143 143 143 143 143 143 143 143 143 143 143 143 143 143 143 143 143 143 143 143 143 143 143 143 143 143 143 143 143 143 143 143 143 143 143 143 143 143 143 143 143 143 143 143 143 143 143 143 143 143 143 143 143 143 143 143 143 143 143 143 143 146 146 146 146 146 146 146 145 145 145 145 145 145 145 145 145 145 145 145 145 145 145 145 145 145 145 145 145 144 144 144 144 144 144 144 144 144 144 144 144 144 144 144 144 144 144 144 144 144 144 144 144 144 144 144 144 144 144 144 144 144 144 144 144 143 143 143 143 143 143 144 144 144 144 144 144 144 144 144 144 144 144 144 144 144 144 143 143 143 143 143 143 143 143 143 143 143 143 143 143 143 143 143 143 143 143 143 143 143 143 143 143 143 143 143 143 143 143 143 143 143 143 143 143 143 143 143 143 143 143 143 143 143 143 143 143 143 143 143 143 143 143 143 143 143 143 143 143 143 143 143 142 143 143 143 143 142 142 142 142 142 142 142 142 142 142 142 142 142 142 143 143 143 143 143 143 143 143 146 146 145 145 145 145 145 145 145 145 145 145 145 145 145 145 145 145 145 145 145 145 145 144 144 144 144 144 144 144 144 144 144 144 144 144 144 144 144 144 144 144 144 144 144 144 144 144 144 144 144 144 144 144 144 144 144 144 144 143 143 143 143 143 143 143 143 143 143 143 144 144 144 144 144 144 144 144 144 143 143 143 143 143 143 143 143 143 143 143 143 143 143 143 143 143 143 143 143 143 143 143 143 143 143 143 143 143 143 143 143 143 143 143 143 143 143 143 143 143 143 143 142 142 143 143 143 143 143 143 143 143 143 143 143 142 142 142 142 142 142 142 142 142 142 142 142 142 142 142 142 142 142 142 142 142 142 142 142 142 142 142 142 142 142 142 142 142 142 142 143 143 143 143 143 143 143 143 145 145 145 145 145 145 145 145 145 145 145 145 145 145 145 145 145 145 145 145 144 144 144 144 144 144 144 144 144 144 144 144 144 144 144 144 144 144 144 144 144 144 144 144 144 144 144 144 144 144 144 144 144 144 143 143 143 143 143 143 143 143 143 143 143 143 143 143 143 143 143 143 143 143 143 143 143 143 143 143 143 143 143 143 143 143 143 143 143 143 143 143 143 143 143 143 143 143 143 143 143 143 143 143 143 143 143 143 143 143 143 143 143 143 143 143 143 143 143 143 142 142 142 142 142 142 142 142 142 142 142 142 142 142 142 142 142 142 142 142 142 142 142 142 142 142 142 142 142 142 142 142 142 142 142 142 142 142 142 142 142 142 142 142 142 142 142 142 142 142 143 143 143 143 143 143 143 143 143 145 145 145 145 145 145 145 145 145 145 145 145 145 145 145 145 145 145 145 145 145 145 145 145 145 145 144 144 144 144 144 144 144 144 144 144 144 144 144 144 144 144 144 144 144 144 144 144 144 144 144 144 144 144 144 143 143 143 143 143 143 143 143 143 143 143 143 143 143 143 143 143 143 143 143 143 143 143 143 143 143 143 143 143 143 143 143 143 143 143 143 143 143 143 143 143 143 143 143 143 143 143 143 143 143 143 143 143 143 143 143 143 143 143 143 143 143 143 143 143 143 143 143 143 143 143 142 142 142 142 142 142 142 142 142 142 142 142 142 142 142 142 142 142 142 142 142 142 142 142 142 142 142 142 142 142 142 142 142 142 142 142 142 142 142 142 142 142 142 142 142 142 142 142 142 142 142 142 142 142 142 142 142 142 142 145 145 145 145 145 145 145 145 145 145 145 145 145 145 145 145 145 145 145 145 145 145 145 145 145 145 145 145 145 145 145 144 144 144 144 144 144 144 144 144 144 144 144 144 144 144 144 144 144 144 144 144 144 144 144 144 144 144 144 143 143 143 143 143 143 143 143 143 143 143 143 143 143 143 143 143 143 143 143 143 143 143 143 143 143 143 143 143 143 143 143 143 143 143 143 143 143 143 143 143 143 143 143 143 143 143 143 143 143 143 143 143 143 143 143 143 143 143 143 143 143 143 143 143 143 143 143 143 142 142 142 142 142 142 142 142 142 142 142 142 142 142 142 142 142 142 142 142 142 142 142 142 142 142 142 142 142 142 142 142 142 142 142 142 142 142 142 142 142 142 142 142 142 142 142 142 142 142 142 142 142 142 142 142 142 142 142 142 142 142 142 142 142 142 145 145 145 145 145 145 145 145 145 145 145 145 145 145 145 145 145 145 145 145 145 145 145 145 145 145 145 145 144 144 144 144 144 144 144 144 144 144 144 144 144 144 144 144 144 144 144 144 144 144 144 144 144 144 144 144 143 143 143 143 143 143 143 143 143 143 143 143 143 143 143 143 143 143 143 143 143 143 143 143 143 143 143 143 143 143 143 143 143 143 143 143 143 143 143 143 143 143 143 143 143 143 143 143 143 143 143 143 143 143 143 143 143 143 143 143 143 143 143 143 143 142 143 143 143 142 142 142 142 142 142 142 142 142 142 142 142 142 142 142 142 142 142 142 142 142 142 142 142 142 142 142 142 142 142 142 142 142 142 142 142 142 142 142 142 142 142 142 142 142 142 142 142 142 142 142 142 142 142 142 142 142 142 142 142 142 142 142 142 142 142 142 142 142 142 142 142 145 145 145 145 145 145 145 145 145 145 145 145 145 145 145 145 145 145 145 145 145 145 145 145 145 145 145 145 145 144 144 144 144 144 144 144 144 144 144 144 144 144 144 144 144 144 144 144 144 144 144 144 144 144 144 143 143 143 143 143 143 143 143 143 143 143 143 143 143 143 143 143 143 143 143 143 143 143 143 143 143 143 143 143 143 143 143 143 143 142 142 143 143 143 143 143 143 143 143 143 143 143 143 143 143 143 143 143 143 143 143 143 142 142 142 142 142 142 142 142 142 142 142 142 142 142 142 142 142 142 142 142 142 142 142 142 142 142 142 142 142 142 142 142 142 142 142 142 142 142 142 142 142 142 142 142 142 142 142 142 142 142 142 142 142 142 142 142 142 142 142 142 142 142 142 142 142 142 142 142 142 142 142 142 142 142 142 142 142 142 142 142 142 142 142 142 142 142 142 142 142 142 142 142 142 145 145 145 145 145 145 145 145 145 145 145 145 145 145 145 145 145 145 145 145 145 145 145 144 144 144 144 144 144 144 144 144 144 144 144 144 144 144 144 144 144 144 144 144 144 144 143 143 143 143 143 143 143 143 143 143 143 143 143 143 143 143 143 143 143 143 143 143 143 143 143 143 143 143 143 143 143 143 143 143 143 143 143 143 142 142 142 142 142 142 142 143 143 143 143 143 143 143 143 143 143 143 143 143 143 143 142 142 142 142 142 142 142 142 142 142 142 142 142 142 142 142 142 142 142 142 142 142 142 142 142 142 142 142 142 142 142 142 142 142 142 142 142 142 142 142 142 142 142 142 142 142 142 142 142 142 142 142 142 142 142 142 142 142 142 142 142 142 142 142 142 142 142 142 142 142 142 142 142 142 142 142 142 142 142 142 142 142 142 142 142 142 142 142 142 142 142 142 142 142 142 142 142 142 142 142 142 142 145 145 145 145 145 145 145 145 145 145 145 145 145 145 145 144 144 144 144 144 144 144 144 144 144 144 144 144 144 144 144 144 144 144 144 144 144 144 144 144 144 143 143 143 143 143 143 143 143 143 143 143 143 143 143 143 143 143 143 143 143 143 143 143 143 143 143 143 143 143 143 143 143 143 143 143 143 143 142 142 142 142 142 142 142 142 142 142 142 142 142 143 143 142 142 142 142 142 142 142 142 142 142 142 142 142 142 142 142 142 142 142 142 142 142 142 142 142 142 142 142 142 142 142 142 142 142 142 142 142 142 142 142 142 142 142 142 142 142 142 142 142 142 142 142 142 142 142 142 142 142 142 142 142 142 142 142 142 142 142 142 142 142 142 142 142 142 142 142 142 142 142 142 142 142 142 142 142 142 142 142 142 142 142 142 142 142 142 142 142 142 142 142 142 142 142 142 142 142 142 142 142 142 142 142 142 142 142 142 142 145 145 145 145 145 145 145 145 144 144 144 144 144 144 144 144 144 144 144 144 144 144 144 144 144 144 144 144 144 144 144 144 144 144 144 144 144 144 144 144 143 143 143 143 143 143 143 143 143 143 143 143 143 143 143 143 143 143 143 143 143 143 143 143 143 143 143 143 143 143 143 143 142 142 142 142 142 142 142 142 142 142 142 142 142 142 142 142 142 142 142 142 142 142 142 142 142 142 142 142 142 142 142 142 142 142 142 142 142 142 142 142 142 142 142 142 142 142 142 142 142 142 142 142 142 142 142 142 142 142 142 142 142 142 142 142 142 142 142 142 142 142 141 141 141 142 142 142 142 142 142 141 141 141 141 141 141 141 141 141 141 141 141 141 141 141 141 141 141 141 141 141 141 141 141 141 141 141 141 141 141 141 141 141 141 141 141 141 141 141 142 142 142 142 142 142 142 142 142 142 142 142 142 142 142 142 142 142 142 145 145 144 144 144 144 144 144 144 144 144 144 144 144 144 144 144 144 144 144 144 144 144 144 144 144 144 144 144 144 144 144 144 144 144 144 144 143 143 143 143 143 143 143 143 143 143 143 143 143 143 143 143 143 143 143 143 143 143 143 143 143 143 143 143 143 142 142 142 142 142 142 142 142 142 142 142 142 142 142 142 142 142 142 142 142 142 142 142 142 142 142 142 142 142 142 142 142 142 142 142 142 142 142 142 142 142 142 142 142 142 142 142 142 142 142 142 142 142 142 142 142 142 142 142 142 142 142 142 142 142 142 142 142 142 142 142 142 142 142 141 141 141 141 141 141 141 141 141 141 141 141 141 141 141 141 141 141 141 141 141 141 141 141 141 141 141 141 141 141 141 141 141 141 141 141 141 141 141 141 141 141 141 141 141 141 141 141 141 141 142 142 142 142 142 142 142 142 142 142 142 142 142 142 142 142 142 142 142 142 144 144 144 144 144 144 144 144 144 144 144 144 144 144 144 144 144 144 144 144 144 144 144 144 144 144 144 144 144 144 143 143 143 143 143 143 143 143 143 143 143 143 143 143 143 143 143 143 143 143 143 143 143 143 143 143 143 143 142 142 142 142 142 142 142 142 142 142 142 142 142 142 142 142 142 142 142 142 142 142 142 142 142 142 142 142 142 142 142 142 142 142 142 142 142 142 142 142 142 142 142 142 142 142 142 142 142 142 142 142 142 142 142 142 142 142 142 142 142 142 142 142 142 142 142 142 142 142 142 142 142 142 142 142 142 141 141 141 141 141 141 141 141 141 141 141 141 141 141 141 141 141 141 141 141 141 141 141 141 141 141 141 141 141 141 141 141 141 141 141 141 141 141 141 141 141 141 141 141 141 141 141 141 141 141 141 141 141 141 141 142 142 142 142 142 142 142 142 142 142 142 142 142 142 142 142 142 142 142 142 142 142 144 144 144 144 144 144 144 144 144 144 144 144 144 144 144 144 144 144 144 144 144 144 144 143 143 143 143 143 143 143 143 143 143 143 143 143 143 143 143 143 143 143 143 143 143 143 143 143 143 143 143 143 142 142 142 142 142 142 142 142 142 142 142 142 142 142 142 142 142 142 142 142 142 142 142 142 142 142 142 142 142 142 142 142 142 142 142 142 142 142 142 142 142 142 142 142 142 142 142 142 142 142 142 142 142 142 142 142 142 142 142 142 142 142 142 142 142 142 142 142 142 142 142 141 141 141 141 141 141 141 141 141 141 141 141 141 141 141 141 141 141 141 141 141 141 141 141 141 141 141 141 141 141 141 141 141 141 141 141 141 141 141 141 141 141 141 141 141 141 141 141 141 141 141 141 141 141 141 141 141 141 141 141 141 141 141 141 141 141 141 141 141 141 141 141 141 141 142 142 142 142 142 142 142 142 142 142 142 142 142 142 142 144 144 144 144 144 144 144 144 144 144 144 144 144 144 144 144 143 143 143 143 143 143 143 143 143 143 143 143 143 143 143 143 143 143 143 143 143 143 143 143 143 143 142 142 142 142 142 142 142 142 142 142 142 142 142 142 142 142 142 142 142 142 142 142 142 142 142 142 142 142 142 142 142 142 142 142 142 142 142 142 142 142 142 141 141 141 141 142 142 142 142 142 142 142 142 142 142 142 142 142 142 142 142 142 142 142 142 142 142 142 141 141 141 141 141 141 141 141 141 141 141 141 141 141 141 141 141 141 141 141 141 141 141 141 141 141 141 141 141 141 141 141 141 141 141 141 141 141 141 141 141 141 141 141 141 141 141 141 141 141 141 141 141 141 141 141 141 141 141 141 141 141 141 141 141 141 141 141 141 141 141 141 141 141 141 141 141 141 141 141 141 141 141 141 141 141 141 141 141 141 141 141 141 141 141 141 142 142 142 142 142 142 142 144 144 144 144 144 144 144 144 144 144 143 143 143 143 143 143 143 143 143 143 143 143 143 143 143 143 143 143 143 143 143 143 143 143 143 143 143 143 143 142 142 142 142 142 142 142 142 142 142 142 142 142 142 142 142 142 142 142 142 142 142 142 142 142 142 142 142 142 142 142 142 142 142 142 142 141 141 141 141 141 141 141 141 141 141 141 141 142 142 142 142 142 141 141 141 142 142 142 142 142 141 141 141 141 141 141 141 141 141 141 141 141 141 141 141 141 141 141 141 141 141 141 141 141 141 141 141 141 141 141 141 141 141 141 141 141 141 141 141 141 141 141 141 141 141 141 141 141 141 141 141 141 141 141 141 141 141 141 141 141 141 141 141 141 141 141 141 141 141 141 141 141 141 141 141 141 141 141 141 141 141 141 141 141 141 141 141 141 141 141 141 141 141 141 141 141 141 141 141 141 141 141 141 141 141 141 141 141 141 141 141 141 141 142 142 143 143 143 143 143 143 143 143 143 143 143 143 143 143 143 143 143 143 143 143 143 143 143 143 143 143 143 142 142 142 142 142 142 142 142 142 142 142 142 142 142 142 142 142 142 142 142 142 142 142 142 142 142 142 142 142 142 142 142 142 142 142 142 142 142 142 142 142 142 142 142 141 141 141 141 141 141 141 141 141 141 141 141 141 141 141 141 141 141 141 141 141 141 141 141 141 141 141 141 141 141 141 141 141 141 141 141 141 141 141 141 141 141 141 141 141 141 141 141 141 141 141 141 141 141 141 141 141 141 141 141 141 141 141 141 141 140 140 140 140 140 140 140 140 140 140 140 140 140 140 140 140 140 140 140 140 140 140 140 140 140 140 140 140 140 140 140 140 140 140 140 140 140 140 140 140 140 140 140 140 140 140 140 140 140 140 140 141 141 141 141 141 141 141 141 141 141 141 141 141 141 141 141 141 141 141 141 141 141 141 141 141 141 141 141 141 143 143 143 143 143 143 143 143 143 143 143 143 143 143 143 143 143 143 143 143 143 143 142 142 142 142 142 142 142 142 142 142 142 142 142 142 142 142 142 142 142 142 142 142 142 142 142 142 142 142 142 142 142 142 142 142 142 142 142 142 142 142 142 142 142 141 141 141 141 141 141 141 141 141 141 141 141 141 141 141 141 141 141 141 141 141 141 141 141 141 141 141 141 141 141 141 141 141 141 141 141 141 141 141 141 141 141 141 141 141 141 141 141 141 141 141 140 140 140 140 141 141 140 140 140 140 140 140 140 140 140 140 140 140 140 140 140 140 140 140 140 140 140 140 140 140 140 140 140 140 140 140 140 140 140 140 140 140 140 140 140 140 140 140 140 140 140 140 140 140 140 140 140 140 140 140 140 140 140 140 140 140 140 140 140 140 140 140 141 141 141 141 141 141 141 141 141 141 141 141 141 141 141 141 141 141 141 141 141 141 141 141 141 141 141 141 141 143 143 143 143 143 143 143 143 143 143 143 143 143 143 143 143 142 142 142 142 142 142 142 142 142 142 142 142 142 142 142 142 142 142 142 142 142 142 142 142 142 142 142 142 142 142 142 142 142 142 142 142 142 142 142 142 142 142 142 141 141 141 141 141 141 141 141 141 141 141 141 141 141 141 141 141 141 141 141 141 141 141 141 141 141 141 141 141 141 141 141 141 141 141 141 141 141 141 141 141 141 141 141 141 141 141 141 141 141 141 141 140 140 140 140 140 140 140 140 140 140 140 140 140 140 140 140 140 140 140 140 140 140 140 140 140 140 140 140 140 140 140 140 140 140 140 140 140 140 140 140 140 140 140 140 140 140 140 140 140 140 140 140 140 140 140 140 140 140 140 140 140 140 140 140 140 140 140 140 140 140 140 140 140 140 140 140 140 140 140 141 141 140 140 141 141 141 141 141 141 141 141 141 141 141 141 141 141 141 141 141 141 141 141 141 141 143 143 143 143 143 143 143 143 143 143 143 143 143 142 142 142 142 142 142 142 142 142 142 142 142 142 142 142 142 142 142 142 142 142 142 142 142 142 142 142 142 142 142 142 142 142 142 142 141 141 142 141 141 141 141 141 141 141 141 141 141 141 141 141 141 141 141 141 141 141 141 141 141 141 141 141 141 141 141 141 141 141 141 141 141 141 141 141 141 141 141 141 141 141 141 141 141 141 141 141 141 140 140 140 140 140 140 140 140 140 140 140 140 140 140 140 140 140 140 140 140 140 140 140 140 140 140 140 140 140 140 140 140 140 140 140 140 140 140 140 140 140 140 140 140 140 140 140 140 140 140 140 140 140 140 140 140 140 140 140 140 140 140 140 140 140 140 140 140 140 140 140 140 140 140 140 140 140 140 140 140 140 140 140 140 140 140 140 140 140 140 140 140 140 140 140 141 141 141 141 141 141 141 141 141 141 141 141 141 141 141 141 141 141 141 141 141 143 143 143 143 143 143 143 143 142 142 142 142 142 142 142 142 142 142 142 142 142 142 142 142 142 142 142 142 142 142 142 142 142 142 142 142 142 142 142 142 142 142 142 142 142 141 141 141 141 141 141 141 141 141 141 141 141 141 141 141 141 141 141 141 141 141 141 141 141 141 141 141 141 141 141 141 141 141 141 141 141 141 141 141 141 141 141 140 140 140 140 140 140 140 140 140 140 140 140 140 140 140 140 140 140 140 140 140 140 140 140 140 140 140 140 140 140 140 140 140 140 140 140 140 140 140 140 140 140 140 140 140 140 140 140 140 140 140 140 140 140 140 140 140 140 140 140 140 140 140 140 140 140 140 140 140 140 140 140 140 140 140 140 140 140 140 140 140 140 140 140 140 140 140 140 140 140 140 140 140 140 140 140 140 140 140 140 140 140 140 140 140 140 140 140 140 140 140 140 140 140 140 141 141 141 141 141 141 141 141 141 141 141 141 141 141 141 141 143 142 142 142 142 142 142 142 142 142 142 142 142 142 142 142 142 142 142 142 142 142 142 142 142 142 142 142 142 142 142 142 142 141 142 141 141 142 142 141 141 141 141 141 141 141 141 141 141 141 141 141 141 141 141 141 141 141 141 141 141 141 141 141 141 141 141 141 141 141 141 141 141 141 141 141 141 141 141 141 141 140 140 140 140 140 140 140 140 140 140 140 140 140 140 140 140 140 140 140 140 140 140 140 140 140 140 140 140 140 140 140 140 140 140 140 140 140 140 140 140 140 140 140 140 140 140 140 140 140 140 140 140 140 140 140 140 140 140 140 140 140 140 140 140 140 140 140 140 140 140 140 140 140 140 140 140 140 140 140 140 140 140 140 140 140 140 140 140 140 140 140 140 140 140 140 140 140 140 140 140 140 140 140 140 140 140 140 140 140 140 140 140 140 140 140 140 140 140 140 140 140 140 140 140 140 141 141 141 141 141 141 141 141 141 141 141 141 141 142 142 142 142 142 142 142 142 142 142 142 142 142 142 142 142 142 142 142 142 142 142 142 142 142 142 141 141 141 141 141 141 141 141 141 141 141 141 141 141 141 141 141 141 141 141 141 141 141 141 141 141 141 141 141 141 141 141 141 141 141 141 141 141 141 141 141 141 141 141 141 141 141 141 140 140 140 140 140 140 140 140 140 140 140 140 140 140 140 140 140 140 140 140 140 140 140 140 140 140 140 140 140 140 140 140 140 140 140 140 140 140 140 140 140 140 140 140 140 140 140 140 140 140 140 140 140 140 140 140 140 140 140 140 140 139 139 139 139 139 139 140 140 140 140 140 140 140 140 140 140 140 140 140 139 140 140 140 140 140 140 140 140 140 140 140 140 140 140 140 140 140 140 140 140 140 140 140 140 140 140 140 140 140 140 140 140 140 140 140 140 140 140 140 140 140 140 140 140 140 140 140 140 140 140 140 141 141 141 141 141 141 141 141 141 141 141 141 141 141 142 142 142 142 142 142 142 142 142 142 142 142 142 142 142 142 142 142 142 142 141 141 141 141 141 141 141 141 141 141 141 141 141 141 141 141 141 141 141 141 141 141 141 141 141 141 141 141 141 141 141 141 141 141 141 141 141 141 141 141 141 141 141 141 141 141 141 140 140 140 140 140 140 140 140 140 140 140 140 140 140 140 140 140 140 140 140 140 140 140 140 140 140 140 140 140 140 140 140 140 140 140 140 140 140 140 140 140 140 140 140 140 140 140 140 140 140 140 140 140 140 140 140 140 140 140 140 140 140 140 140 140 140 139 139 139 139 139 139 139 139 139 139 139 139 139 139 139 139 139 139 139 139 139 139 139 139 139 140 140 140 140 140 140 140 140 140 140 140 140 140 140 140 140 140 140 140 140 140 140 140 140 140 140 140 140 140 140 140 140 140 140 140 140 140 140 140 140 140 140 140 140 140 140 140 140 140 140 140 141 141 141 141 141 141 141 141 141 141 141 141 141 142 142 142 142 142 142 142 142 142 142 142 142 142 142 142 142 141 141 141 141 141 141 141 141 141 141 141 141 141 141 141 141 141 141 141 141 141 141 141 141 141 141 141 141 141 141 141 141 141 141 141 141 141 141 141 141 141 141 141 140 140 140 140 140 140 140 140 140 140 140 140 140 140 140 140 140 140 140 140 140 140 140 140 140 140 140 140 140 140 140 140 140 140 140 140 140 140 140 140 140 140 140 140 140 140 140 140 140 140 140 140 140 140 140 140 140 140 139 139 139 139 139 139 139 139 139 139 139 139 139 139 139 139 139 139 139 139 139 139 139 139 139 139 139 139 139 139 139 139 139 139 139 139 139 139 139 139 139 139 139 139 139 139 139 139 139 139 139 140 140 140 140 140 140 140 140 140 140 140 140 140 140 140 140 140 140 140 140 140 140 140 140 140 140 140 140 140 140 140 140 140 140 140 140 140 140 140 140 140 140 140 140 140 141 141 141 141 141 141 141 141 142 142 142 142 142 142 142 142 142 141 141 141 141 141 141 141 141 141 141 141 141 141 141 141 141 141 141 141 141 141 141 141 141 141 141 141 141 141 141 141 141 141 141 141 141 141 141 141 141 140 140 140 140 140 140 140 140 140 140 140 140 140 140 140 140 140 140 140 140 140 140 140 140 140 140 140 140 140 140 140 140 140 140 140 140 140 140 140 140 140 140 140 140 140 140 140 140 140 140 140 140 140 140 140 139 139 139 139 139 139 139 139 139 139 139 139 139 139 139 139 139 139 139 139 139 139 139 139 139 139 139 139 139 139 139 139 139 139 139 139 139 139 139 139 139 139 139 139 139 139 139 139 139 139 139 139 139 139 139 139 139 139 139 139 139 139 139 139 139 139 139 139 139 139 139 139 140 140 140 140 140 140 140 140 140 140 140 140 140 140 140 140 140 140 140 140 140 140 140 140 140 140 140 140 140 140 140 140 140 140 140 140 140 140 140 140 141 141 141 141 141 141 141 141 141 141 141 141 142 142 142 142 142 141 141 141 141 141 141 141 141 141 141 141 141 141 141 141 141 141 141 141 141 141 141 141 141 141 141 141 141 141 141 141 141 141 141 141 141 141 141 141 141 140 140 140 140 140 140 140 140 140 140 140 140 140 140 140 140 140 140 140 140 140 140 140 140 140 140 140 140 140 140 140 140 140 140 140 140 140 140 139 139 139 140 140 140 140 140 140 140 140 140 139 139 139 139 139 139 139 139 139 139 139 139 139 139 139 139 139 139 139 139 139 139 139 139 139 139 139 139 139 139 139 139 139 139 139 139 139 139 139 139 139 139 139 139 139 139 139 139 139 139 139 139 139 139 139 139 139 139 139 139 139 139 139 139 139 139 139 139 139 139 139 139 139 139 139 139 139 139 139 139 139 139 139 139 139 139 140 140 140 140 140 140 140 140 140 140 140 140 140 140 140 140 140 140 140 140 140 140 140 140 140 140 140 140 140 140 140 140 140 140 140 140 140 141 141 141 141 141 141 141 141 141 141 141 141 141 141 141 141 141 141 141 141 141 141 141 141 141 141 141 141 141 141 141 141 141 141 141 141 141 141 141 141 141 141 141 141 141 141 141 141 141 141 140 140 140 140 140 140 140 140 140 140 140 140 140 140 140 140 140 140 140 140 140 140 140 140 140 140 140 140 140 140 140 140 140 140 140 140 140 140 140 140 140 140 140 139 139 139 139 139 139 139 139 139 139 139 139 139 139 139 139 139 139 139 139 139 139 139 139 139 139 139 139 139 139 139 139 139 139 139 139 139 139 139 139 139 139 139 139 139 139 139 139 139 139 139 139 139 139 139 139 139 139 139 139 139 139 139 139 139 139 139 139 139 139 139 139 139 139 139 139 139 139 139 139 139 139 139 139 139 139 139 139 139 139 139 139 139 139 139 139 139 139 139 139 140 140 140 140 140 140 140 140 140 140 140 140 140 140 140 140 140 140 140 140 140 140 140 140 140 140 140 140 140 140 140 140 140 140 140 140 140 140 141 141 141 141 141 141 141 141 141 141 141 141 141 141 141 141 141 141 141 141 141 141 141 141 141 141 141 141 141 141 141 141 141 141 141 141 140 140 140 140 141 140 140 140 140 140 140 140 140 140 140 140 140 140 140 140 140 140 140 140 140 140 140 140 140 140 140 140 140 140 140 140 140 140 140 140 140 140 140 140 140 140 140 140 140 140 140 139 139 139 139 139 139 139 139 139 139 139 139 139 139 139 139 139 139 139 139 139 139 139 139 139 139 139 139 139 139 139 139 139 139 139 139 139 139 139 139 139 139 139 139 139 139 139 139 139 139 139 139 139 139 139 139 139 139 139 139 139 139 139 139 139 139 139 139 139 139 139 139 139 139 139 139 139 139 139 139 139 139 139 139 139 139 139 139 139 139 139 139 139 139 139 139 139 139 139 139 139 139 139 139 140 140 140 140 140 140 140 140 140 140 140 140 140 140 140 140 140 140 140 140 140 140 140 140 140 140 140 140 140 140 140 140 140 140 140 140 140 140 140 140 141 141 141 141 141 141 141 141 141 141 141 141 141 141 141 141 141 141 141 141 141 141 141 141 141 141 141 141 140 140 140 140 140 140 140 140 140 140 140 140 140 140 140 140 140 140 140 140 140 140 140 140 140 140 140 140 140 140 140 140 140 140 140 140 140 140 140 140 140 140 140 140 140 140 140 140 140 140 139 139 139 139 139 139 139 139 139 139 139 139 139 139 139 139 139 139 139 139 139 139 139 139 139 139 139 139 139 139 139 139 139 139 139 139 139 139 139 139 139 139 139 139 139 139 139 139 139 139 139 139 139 139 139 139 139 139 139 139 139 139 139 139 139 139 139 139 139 139 139 139 139 139 139 139 139 139 139 139 139 139 139 139 139 139 139 139 139 139 139 139 139 139 139 139 139 139 139 139 139 139 139 139 139 139 139 139 139 139 139 139 139 139 139 140 140 140 140 140 140 140 140 140 140 140 140 140 140 140 140 140 140 140 140 140 140 140 140 140 140 140 140 140 140 140 140 140 140 140 140 140 141 141 141 141 141 141 141 141 141 141 141 141 141 141 141 141 141 141 141 141 140 140 140 140 140 140 140 140 140 140 140 140 140 140 140 140 140 140 140 140 140 140 140 140 140 140 140 140 140 140 140 140 140 140 140 140 140 140 140 139 139 139 139 140 140 140 139 139 139 139 139 139 139 139 139 139 139 139 139 139 139 139 139 139 139 139 139 139 139 139 139 139 139 139 139 139 139 139 139 139 139 139 139 139 139 139 139 139 139 139 139 139 139 139 139 139 139 139 139 139 139 139 139 139 139 139 139 139 139 139 139 139 139 139 138 138 138 138 138 139 139 139 139 139 139 139 139 139 139 139 139 139 139 139 139 139 139 139 139 139 139 139 139 139 139 139 139 139 139 139 139 139 139 139 139 139 139 139 139 139 139 139 139 139 139 139 139 139 139 139 139 139 139 139 140 140 140 140 140 140 140 140 140 140 140 140 140 140 140 140 140 140 140 140 140 140 140 140 140 140 140 140 140 140 140 140 140 140 140 141 141 141 141 141 141 141 141 141 141 141 141 141 140 140 140 140 140 140 140 140 140 140 140 140 140 140 140 140 140 140 140 140 140 140 140 140 140 140 140 140 140 140 140 140 140 140 140 140 140 140 140 140 140 140 139 139 139 139 139 139 139 139 139 139 139 139 139 139 139 139 139 139 139 139 139 139 139 139 139 139 139 139 139 139 139 139 139 139 139 139 139 139 139 139 139 139 139 139 139 139 139 139 139 139 139 139 139 139 139 139 139 139 139 139 139 139 139 139 139 139 138 138 138 138 138 139 139 139 139 139 138 138 138 138 138 138 138 138 138 138 138 138 138 138 138 138 138 138 138 138 138 138 139 139 139 139 139 139 139 139 139 139 139 139 139 139 139 139 139 139 139 139 139 139 139 139 139 139 139 139 139 139 139 139 139 139 139 139 139 139 139 139 139 139 139 140 140 140 140 140 140 140 140 140 140 140 140 140 140 140 140 140 140 140 140 140 140 140 140 140 140 140 140 140 140 140 140 141 141 141 141 140 140 140 140 140 140 140 140 140 140 140 140 140 140 140 140 140 140 140 140 140 140 140 140 140 140 140 140 140 140 140 140 140 140 140 140 140 140 140 140 140 140 140 139 139 139 139 139 139 139 139 139 139 139 139 139 139 139 139 139 139 139 139 139 139 139 139 139 139 139 139 139 139 139 139 139 139 139 139 139 139 139 139 139 139 139 139 139 138 138 139 139 139 139 139 139 139 138 138 138 138 138 138 138 138 138 138 138 138 138 138 138 138 138 138 138 138 138 138 138 138 138 138 138 138 138 138 138 138 138 138 138 138 138 138 138 138 138 138 138 138 138 138 138 138 138 138 138 138 138 138 139 139 139 139 139 139 139 139 139 139 139 139 139 139 139 139 139 139 139 139 139 139 139 139 139 139 139 139 139 139 139 139 139 139 139 139 139 139 139 139 139 139 140 140 140 140 140 140 140 140 140 140 140 140 140 140 140 140 140 140 140 140 140 140 140 140 140 140 140 140 140 140 140 140 140 140 140 140 140 140 140 140 140 140 140 140 140 140 140 140 140 140 140 140 140 140 140 140 140 140 140 140 140 140 140 140 140 140 140 140 139 139 139 139 139 139 139 139 139 139 139 139 139 139 139 139 139 139 139 139 139 139 139 139 139 139 139 139 139 139 139 139 139 139 139 139 139 139 139 139 139 139 139 139 139 139 139 138 138 138 138 138 138 138 138 138 138 138 138 138 138 138 138 138 138 138 138 138 138 138 138 138 138 138 138 138 138 138 138 138 138 138 138 138 138 138 138 138 138 138 138 138 138 138 138 138 138 138 138 138 138 138 138 138 138 138 138 138 138 138 138 138 138 138 138 138 138 138 138 138 138 139 139 139 139 139 139 139 139 139 139 139 139 139 139 139 139 139 139 139 139 139 139 139 139 139 139 139 139 139 139 139 139 139 139 139 139 139 139 140 140 140 140 140 140 140 140 140 140 140 140 140 140 140 140 140 140 140 140 140 140 140 140 140 140 140 140 140 140 140 140 140 140 140 140 140 140 140 140 140 140 140 140 140 140 140 140 140 140 139 140 140 140 140 140 139 139 139 139 139 139 139 139 139 139 139 139 139 139 139 139 139 139 139 139 139 139 139 139 139 139 139 139 139 139 139 139 139 139 139 139 139 139 139 139 139 139 139 139 139 138 138 138 138 138 138 138 138 138 138 138 138 138 138 138 138 138 138 138 138 138 138 138 138 138 138 138 138 138 138 138 138 138 138 138 138 138 138 138 138 138 138 138 138 138 138 138 138 138 138 138 138 138 138 138 138 138 138 138 138 138 138 138 138 138 138 138 138 138 138 138 138 138 138 138 138 138 138 138 138 138 138 138 138 138 138 138 138 139 139 139 139 139 139 139 139 139 139 139 139 139 139 139 139 139 139 139 139 139 139 139 139 139 139 139 139 139 139 139 139 139 139 139 140 140 140 140 140 140 140 140 140 140 140 140 140 140 140 140 140 140 140 140 140 140 140 140 140 140 140 140 140 140 140 140 140 140 140 140 140 140 140 140 140 139 139 139 139 139 139 139 139 139 139 139 139 139 139 139 139 139 139 139 139 139 139 139 139 139 139 139 139 139 139 139 139 139 139 139 139 139 139 139 139 139 139 139 139 139 139 139 139 139 139 139 139 139 138 138 138 138 138 138 138 138 138 138 138 138 138 138 138 138 138 138 138 138 138 138 138 138 138 138 138 138 138 138 138 138 138 138 138 138 138 138 138 138 138 138 138 138 138 138 138 138 138 138 138 138 138 138 138 138 138 138 138 138 138 138 138 138 138 138 138 138 138 138 138 138 138 138 138 138 138 138 138 138 138 138 138 138 138 138 138 138 138 138 138 138 138 138 138 138 139 139 139 139 139 139 139 139 139 139 139 139 139 139 139 139 139 139 139 139 139 139 139 139 139 139 139 139 139 139 139 139 139 140 140 140 140 140 140 140 140 140 140 140 140 140 140 140 140 140 140 140 140 140 140 140 140 140 140 140 140 140 140 140 140 140 139 139 139 139 139 139 139 139 139 139 139 139 139 139 139 139 139 139 139 139 139 139 139 139 139 139 139 139 139 139 139 139 139 139 139 139 139 139 139 139 139 139 139 139 138 138 138 138 138 138 138 138 138 138 138 138 138 138 138 138 138 138 138 138 138 138 138 138 138 138 138 138 138 138 138 138 138 138 138 138 138 138 138 138 138 138 138 138 138 138 138 138 138 138 138 138 138 138 138 138 138 138 138 138 138 138 138 138 138 138 138 138 138 138 138 138 138 138 138 138 138 138 138 138 138 138 138 138 138 138 138 138 138 138 138 138 138 138 138 138 138 138 138 138 138 138 138 138 138 138 138 138 138 138 138 138 138 138 138 139 139 139 139 139 139 139 139 139 139 139 139 139 139 139 139 139 139 139 139 139 139 139 139 139 139 139 139 139 139 140 140 140 140 140 140 140 140 140 140 140 140 140 140 140 140 140 140 140 140 140 140 140 140 140 140 139 139 139 139 139 139 139 139 139 139 139 139 139 139 139 139 139 139 139 139 139 139 139 139 139 139 139 139 139 139 139 139 139 139 139 139 139 139 139 139 139 139 139 139 139 139 138 138 138 138 138 138 138 138 138 138 138 138 138 138 138 138 138 138 138 138 138 138 138 138 138 138 138 138 138 138 138 138 138 138 138 138 138 138 138 138 138 138 138 138 138 138 138 138 138 138 138 138 138 138 138 138 138 138 138 138 138 138 138 138 138 138 138 138 138 138 138 138 138 138 138 138 138 138 138 138 138 138 138 138 138 138 138 138 138 138 138 138 138 138 138 138 138 138 138 138 138 138 138 138 138 138 138 138 138 138 138 138 138 138 138 138 138 138 138 138 138 139 139 139 139 139 139 139 139 139 139 139 139 139 139 139 139 139 139 139 139 139 139 139 139 139 139 139 139 139 140 140 140 140 140 140 140 140 140 140 140 140 140 140 140 140 140 140 140 140 140 139 139 139 139 139 139 139 139 139 139 139 139 139 139 139 139 139 139 139 139 139 139 139 139 139 139 139 139 139 139 139 139 139 139 139 139 139 139 139 139 139 139 139 139 139 138 138 138 138 138 138 138 138 138 138 138 138 138 138 138 138 138 138 138 138 138 138 138 138 138 138 138 138 138 138 138 138 138 138 138 138 138 138 138 138 138 138 138 138 138 138 138 138 138 138 138 138 138 138 138 138 138 138 138 138 138 138 138 138 138 138 138 138 138 138 138 138 138 138 138 138 138 138 137 137 137 138 138 138 138 138 138 138 138 138 138 138 138 138 138 138 138 138 138 138 138 138 138 138 138 138 138 138 138 138 138 138 138 138 138 138 138 138 138 138 138 138 138 138 138 138 138 138 139 139 139 139 139 139 139 139 139 139 139 139 139 139 139 139 139 139 139 139 139 139 139 139 139 139 139 139 139 139 139 139 140 140 140 140 140 140 140 140 140 140 140 140 140 139 139 139 139 139 139 139 139 139 139 139 139 139 139 139 139 139 139 139 139 139 139 139 139 139 139 139 139 139 139 139 139 139 139 139 139 139 139 139 139 139 139 139 138 138 138 138 138 138 138 138 138 138 138 138 138 138 138 138 138 138 138 138 138 138 138 138 138 138 138 138 138 138 138 138 138 138 138 138 138 138 138 138 138 138 138 138 138 138 138 138 138 138 138 138 138 138 138 137 137 137 137 137 137 137 137 137 137 137 137 137 137 137 137 137 137 137 137 137 137 137 137 137 137 137 137 137 137 137 137 137 137 137 137 137 137 137 137 137 137 137 137 137 138 138 138 138 138 138 138 138 138 138 138 138 138 138 138 138 138 138 138 138 138 138 138 138 138 138 138 138 138 138 138 138 138 138 138 138 138 138 139 139 139 139 139 139 139 139 139 139 139 139 139 139 139 139 139 139 139 139 139 139 139 139 139 139 139 139 139 139 139 139 140 140 140 140 140 140 140 140 140 139 139 139 139 139 139 139 139 139 139 139 139 139 139 139 139 139 139 139 139 139 139 139 139 139 139 139 139 139 139 139 139 139 139 139 139 138 138 138 138 138 138 138 138 138 138 138 138 138 138 138 138 138 138 138 138 138 138 138 138 138 138 138 138 138 138 138 138 138 138 138 138 138 138 138 138 138 138 138 138 138 138 138 138 138 137 137 137 137 137 137 137 137 137 137 137 137 137 137 137 137 137 137 137 137 137 137 137 137 137 137 137 137 137 137 137 137 137 137 137 137 137 137 137 137 137 137 137 137 137 137 137 137 137 137 137 137 137 137 137 137 137 137 137 137 137 137 137 137 138 138 138 138 138 138 138 138 138 138 138 138 138 138 138 138 138 138 138 138 138 138 138 138 138 138 138 138 138 138 138 138 138 138 138 138 139 139 139 139 139 139 139 139 139 139 139 139 139 139 139 139 139 139 139 139 139 139 139 139 139 139 139 139 139 140 140 140 140 140 140 140 140 139 139 139 139 139 139 139 139 139 139 139 139 139 139 139 139 139 139 139 139 139 139 139 139 139 139 139 139 138 138 138 139 139 138 138 138 138 138 138 138 138 138 138 138 138 138 138 138 138 138 138 138 138 138 138 138 138 138 138 138 138 138 138 138 138 138 138 138 138 138 138 138 138 138 138 138 138 138 138 138 138 137 137 137 137 137 137 137 137 137 137 137 137 137 137 137 137 137 137 137 137 137 137 137 137 137 137 137 137 137 137 137 137 137 137 137 137 137 137 137 137 137 137 137 137 137 137 137 137 137 137 137 137 137 137 137 137 137 137 137 137 137 137 137 137 137 137 137 137 137 137 137 137 137 137 137 137 137 138 138 138 138 138 138 138 138 138 138 138 138 138 138 138 138 138 138 138 138 138 138 138 138 138 138 138 138 138 138 138 138 138 139 139 139 139 139 139 139 139 139 139 139 139 139 139 139 139 139 139 139 139 139 139 139 139 139 139 139 139 140 140 140 140 140 139 139 139 139 139 139 139 139 139 139 139 139 139 139 139 139 139 139 139 139 138 138 138 138 138 138 138 138 138 138 138 138 138 138 138 138 138 138 138 138 138 138 138 138 138 138 138 138 138 138 138 138 138 138 138 138 138 138 138 138 138 138 138 138 138 138 138 138 138 138 138 138 138 137 137 137 137 137 137 137 137 137 137 137 137 137 137 137 137 137 137 137 137 137 137 137 137 137 137 137 137 137 137 137 137 137 137 137 137 137 137 137 137 137 137 137 137 137 137 137 137 137 137 137 137 137 137 137 137 137 137 137 137 137 137 137 137 137 137 137 137 137 137 137 137 137 137 137 137 137 137 137 137 137 137 137 137 137 137 137 137 138 138 138 138 138 138 138 138 138 138 138 138 138 138 138 138 138 138 138 138 138 138 138 138 138 138 138 138 138 138 138 138 138 139 139 139 139 139 139 139 139 139 139 139 139 139 139 139 139 139 139 139 139 139 139 139 139 139 139 139 140 140 139 139 139 139 139 139 139 139 139 139 139 139 139 139 139 139 138 138 138 138 138 138 138 138 138 138 138 138 138 138 138 138 138 138 138 138 138 138 138 138 138 138 138 138 138 138 138 138 138 138 138 138 138 138 138 138 138 138 138 138 138 138 138 138 138 138 138 137 137 137 137 137 137 137 137 137 137 137 137 137 137 137 137 137 137 137 137 137 137 137 137 137 137 137 137 137 137 137 137 137 137 137 137 137 137 137 137 137 137 137 137 137 137 137 137 137 137 137 137 137 137 137 137 137 137 137 137 137 137 137 137 137 137 137 137 137 137 137 137 137 137 137 137 137 137 137 137 137 137 137 137 137 137 137 137 137 137 137 137 137 137 137 137 137 137 137 138 138 138 138 138 138 138 138 138 138 138 138 138 138 138 138 138 138 138 138 138 138 138 138 138 138 138 138 138 138 138 139 139 139 139 139 139 139 139 139 139 139 139 139 139 139 139 139 139 139 139 139 139 139 139 139 139 139 139 139 139 139 139 139 139 138 138 138 138 138 138 138 138 138 138 138 138 138 138 138 138 138 138 138 138 138 138 138 138 138 138 138 138 138 138 138 138 138 138 138 138 138 138 138 138 138 138 138 138 138 138 138 138 138 137 137 137 137 137 137 137 137 137 137 137 137 137 137 137 137 137 137 137 137 137 137 137 137 137 137 137 137 137 137 137 137 137 137 137 137 137 137 137 137 137 137 137 137 137 137 137 137 137 137 137 137 137 137 137 137 137 137 137 137 137 137 137 137 137 137 137 137 137 137 137 137 137 137 137 137 137 137 137 137 137 137 137 137 137 137 137 137 137 137 137 137 137 137 137 137 137 137 137 137 137 137 137 137 137 137 137 137 137 137 137 137 138 138 138 138 138 138 138 138 138 138 138 138 138 138 138 138 138 138 138 138 138 138 138 138 138 138 138 138 138 139 139 139 139 139 139 139 139 139 139 139 139 139 139 139 139 139 139 139 139 139 139 139 139 139 139 139 139 139 138 138 138 138 138 138 138 138 138 138 138 138 138 138 138 138 138 138 138 138 138 138 138 138 138 138 138 138 138 138 138 138 138 138 138 138 138 138 138 138 138 138 138 138 138 138 138 137 137 137 137 137 137 137 137 137 137 137 137 137 137 137 137 137 137 137 137 137 137 137 137 137 137 137 137 137 137 137 137 137 137 137 137 137 137 137 137 137 137 137 137 137 137 137 137 137 137 137 137 137 137 137 137 137 137 137 137 137 137 137 137 137 137 137 137 137 137 137 137 137 137 137 137 137 137 137 137 137 137 137 137 137 137 137 137 137 137 137 137 137 137 137 137 137 137 137 137 137 137 137 137 137 137 137 137 137 137 137 137 137 137 137 137 137 137 137 137 137 137 137 138 138 138 138 138 138 138 138 138 138 138 138 138 138 138 138 138 138 138 138 138 138 138 138 138 138 138 138 139 139 139 139 139 139 139 139 139 139 139 139 139 139 139 139 139 139 139 139 139 139 139 138 138 138 138 138 138 138 138 138 138 138 138 138 138 138 138 138 138 138 138 138 138 138 138 138 138 138 138 138 138 138 138 138 138 138 138 138 138 138 138 138 138 138 138 137 137 137 137 137 137 137 137 137 137 137 137 137 137 137 137 137 137 137 137 137 137 137 137 137 137 137 137 137 137 137 137 137 137 137 137 137 137 137 137 137 137 137 137 137 137 137 137 137 137 137 137 137 137 137 136 136 136 136 137 136 136 136 136 136 136 136 136 136 136 136 136 136 136 136 136 136 136 136 136 136 136 136 136 136 136 137 137 136 136 137 136 136 137 137 137 137 137 137 137 137 137 137 137 137 137 137 137 137 137 137 137 137 137 137 137 137 137 137 137 137 137 137 137 137 137 137 137 137 137 137 137 137 137 138 138 138 138 138 138 138 138 138 138 138 138 138 138 138 138 138 138 138 138 138 138 138 138 138 138 138 139 139 139 139 139 139 139 139 139 139 139 139 139 139 139 139 139 139 139 139 139 139 139 138 138 138 138 138 138 138 138 138 138 138 138 138 138 138 138 138 138 138 138 138 138 138 138 138 138 138 138 138 138 137 137 137 138 138 138 137 138 138 137 137 137 137 137 137 137 137 137 137 137 137 137 137 137 137 137 137 137 137 137 137 137 137 137 137 137 137 137 137 137 137 137 137 137 137 137 137 137 137 137 137 137 137 137 137 137 136 136 136 136 136 136 136 136 136 136 136 136 136 136 136 136 136 136 136 136 136 136 136 136 136 136 136 136 136 136 136 136 136 136 136 136 136 136 136 136 136 136 136 136 136 136 136 136 136 136 136 136 136 136 136 136 136 136 137 137 137 137 137 137 137 137 137 137 137 137 137 137 137 137 137 137 137 137 137 137 137 137 137 137 137 137 137 137 137 137 137 137 137 137 137 137 137 138 138 138 138 138 138 138 138 138 138 138 138 138 138 138 138 138 138 138 138 138 138 138 138 138 139 139 139 139 139 139 139 139 139 139 139 139 139 139 139 139 139 139 139 139 139 139 138 138 138 138 138 138 138 138 138 138 138 138 138 138 138 138 138 138 138 138 138 138 138 138 137 137 137 137 137 137 137 137 137 137 137 137 137 137 137 137 137 137 137 137 137 137 137 137 137 137 137 137 137 137 137 137 137 137 137 137 137 137 137 137 137 137 137 137 137 137 137 137 137 137 137 137 137 137 137 137 137 137 137 136 136 136 136 136 136 136 136 136 136 136 136 136 136 136 136 136 136 136 136 136 136 136 136 136 136 136 136 136 136 136 136 136 136 136 136 136 136 136 136 136 136 136 136 136 136 136 136 136 136 136 136 136 136 136 136 136 136 136 136 136 136 136 136 136 136 137 137 137 137 137 137 137 137 137 137 137 137 137 137 137 137 137 137 137 137 137 137 137 137 137 137 137 137 137 137 137 137 137 137 138 138 138 138 138 138 138 138 138 138 138 138 138 138 138 138 138 138 138 138 138 138 138 138 138 138 138 139 139 139 139 139 139 139 139 139 139 139 139 139 139 139 139 139 139 139 139 139 138 138 138 138 138 138 138 138 138 138 138 138 137 137 137 137 137 137 137 137 137 137 137 137 137 137 137 137 137 137 137 137 137 137 137 137 137 137 137 137 137 137 137 137 137 137 137 137 137 137 137 137 137 137 137 137 137 137 137 137 137 137 137 137 137 137 137 137 137 137 137 136 136 136 136 136 136 136 136 136 136 136 136 136 136 136 136 136 136 136 136 136 136 136 136 136 136 136 136 136 136 136 136 136 136 136 136 136 136 136 136 136 136 136 136 136 136 136 136 136 136 136 136 136 136 136 136 136 136 136 136 136 136 136 136 136 136 136 136 136 136 136 136 136 136 136 136 136 137 137 137 137 137 137 137 137 137 137 137 137 137 137 137 137 137 137 137 137 137 137 137 137 137 137 137 137 137 137 137 137 138 138 138 138 138 138 138 138 138 138 138 138 138 138 138 138 138 138 138 138 138 138 138 138 138 138 138 139 139 139 139 139 139 139 139 139 139 139 139 139 139 139 139 139 139 139 139 138 138 138 138 138 137 137 137 137 137 137 137 137 137 137 137 137 137 137 137 137 137 137 137 137 137 137 137 137 137 137 137 137 137 137 137 137 137 137 137 137 137 137 137 137 137 137 137 137 137 137 137 137 137 137 137 137 137 137 136 136 136 136 136 136 136 136 136 136 136 136 136 136 136 136 136 136 136 136 136 136 136 136 136 136 136 136 136 136 136 136 136 136 136 136 136 136 136 136 136 136 136 136 136 136 136 136 136 136 136 136 136 136 136 136 136 136 136 136 136 136 136 136 136 136 136 136 136 136 136 136 136 136 136 136 136 136 136 136 136 136 136 136 136 136 136 136 136 136 137 136 137 137 137 137 137 137 137 137 137 137 137 137 137 137 137 137 137 137 137 137 137 137 137 137 137 137 137 138 138 138 138 138 138 138 138 138 138 138 138 138 138 138 138 138 138 138 138 138 138 138 138 138 138 138 138 139 139 139 139 139 139 139 139 139 139 139 139 139 139 139 139 139 139 137 137 137 137 137 137 137 137 137 137 137 137 137 137 137 137 137 137 137 137 137 137 137 137 137 137 137 137 137 137 137 137 137 137 137 137 137 137 137 137 137 137 137 137 137 137 136 136 136 136 136 136 136 136 136 136 136 136 136 136 136 136 136 136 136 136 136 136 136 136 136 136 136 136 136 136 136 136 136 136 136 136 136 136 136 136 136 136 136 136 136 136 136 136 136 136 136 136 136 136 136 136 136 136 136 136 136 136 136 136 136 136 136 136 136 136 136 136 136 136 136 136 136 136 136 136 136 136 136 136 136 136 136 136 136 136 136 136 136 136 136 136 136 136 136 136 136 136 136 137 137 137 137 137 137 137 137 137 137 137 137 137 137 137 137 137 137 137 137 137 137 137 137 137 137 137 138 137 138 138 138 138 138 138 138 138 138 138 138 138 138 138 138 138 138 138 138 138 138 138 138 138 138 138 139 139 139 139 139 139 139 139 139 139 139 139 139 139 139 139 139 137 137 137 137 137 137 137 137 137 137 137 137 137 137 137 137 137 137 137 137 137 137 137 137 137 137 137 137 136 136 136 136 136 136 136 136 136 136 136 136 136 136 136 136 136 136 136 136 136 136 136 136 136 136 136 136 136 136 136 136 136 136 136 136 136 136 136 136 136 136 136 136 136 136 136 136 136 136 136 136 136 136 136 136 136 136 136 136 136 136 136 136 136 136 136 136 136 136 136 136 136 136 136 136 136 136 136 136 136 136 136 136 136 136 136 136 136 136 136 136 136 136 136 136 136 136 136 136 136 136 136 136 136 136 136 136 136 136 136 136 136 136 136 137 137 137 137 137 137 137 137 137 137 137 137 137 137 137 137 137 137 137 137 137 137 137 137 137 137 137 138 138 138 138 138 138 138 138 138 138 138 138 138 138 138 138 138 138 138 138 138 138 138 138 138 139 139 139 139 139 139 139 139 139 139 139 139 139 139 139 137 137 137 137 137 137 137 137 137 137 137 137 137 137 137 137 137 137 136 136 136 136 136 136 136 136 136 136 136 136 136 136 136 136 136 136 136 136 136 136 136 136 136 136 136 136 136 136 136 136 136 136 136 136 136 136 136 136 136 136 136 136 136 136 136 136 136 136 136 136 136 136 136 136 135 135 135 135 135 135 135 135 135 135 135 135 135 135 135 135 135 135 135 135 135 135 135 135 135 136 136 136 136 136 136 136 136 136 136 136 136 136 136 136 136 136 136 136 136 136 136 136 136 136 136 136 136 136 136 136 136 136 136 136 136 136 136 136 136 136 136 136 136 136 137 137 137 137 137 137 137 137 137 137 137 137 137 137 137 137 137 137 137 137 137 137 137 137 137 137 138 138 138 138 138 138 138 138 138 138 138 138 138 138 138 138 138 138 138 138 138 138 138 138 138 139 139 139 139 139 139 139 139 139 139 139 139 136 137 136 136 136 136 136 136 137 136 136 136 136 136 136 136 136 136 136 136 136 136 136 136 136 136 136 136 136 136 136 136 136 136 136 136 136 136 136 136 136 136 136 136 136 136 136 136 136 136 136 136 136 136 136 136 136 136 135 135 135 135 135 135 135 135 135 135 135 135 135 135 135 135 135 135 135 135 135 135 135 135 135 135 135 135 135 135 135 135 135 135 135 135 135 135 135 135 135 135 135 135 135 135 135 135 135 135 135 136 136 136 135 136 136 136 136 136 136 136 136 136 136 136 136 136 136 136 136 136 136 136 136 136 136 136 136 136 136 136 136 136 136 136 136 136 137 137 137 137 137 137 137 137 137 137 137 137 137 137 137 137 137 137 137 137 137 137 137 137 137 137 138 138 138 138 138 138 138 138 138 138 138 138 138 138 138 138 138 138 138 138 138 138 138 139 139 139 139 139 139 139 139 139 136 136 136 136 136 136 136 136 136 136 136 136 136 136 136 136 136 136 136 136 136 136 136 136 136 136 136 136 136 136 136 136 136 136 136 136 136 136 136 136 136 136 136 136 136 136 136 136 136 136 136 136 136 136 136 136 136 136 135 135 135 135 135 135 135 135 135 135 135 135 135 135 135 135 135 135 135 135 135 135 135 135 135 135 135 135 135 135 135 135 135 135 135 135 135 135 135 135 135 135 135 135 135 135 135 135 135 135 135 135 135 135 135 135 135 135 136 136 136 136 136 136 136 136 136 136 136 136 136 136 136 136 136 136 136 136 136 136 136 136 136 136 136 136 136 136 136 136 136 136 137 137 137 137 137 137 137 137 137 137 137 137 137 137 137 137 137 137 137 137 137 137 137 137 138 138 138 138 138 138 138 138 138 138 138 138 138 138 138 138 138 138 138 138 138 138 138 139 139 139 139 139 136 136 136 136 136 136 136 136 136 136 136 136 136 136 136 136 136 136 136 136 136 136 136 136 136 136 136 136 136 136 136 136 136 136 136 136 136 136 136 136 136 136 136 136 136 136 136 136 136 136 136 135 135 135 135 135 135 135 135 135 135 135 135 135 135 135 135 135 135 135 135 135 135 135 135 135 135 135 135 135 135 135 135 135 135 135 135 135 135 135 135 135 135 135 135 135 135 135 135 135 135 135 135 135 135 135 135 135 135 135 135 135 135 135 135 135 135 135 135 135 135 136 136 136 136 136 136 136 136 136 136 136 136 136 136 136 136 136 136 136 136 136 136 136 136 136 136 136 136 136 136 136 136 137 137 137 137 137 137 137 137 137 137 137 137 137 137 137 137 137 137 137 137 137 137 137 138 138 138 138 138 138 138 138 138 138 138 138 138 138 138 138 138 138 138 138 138 138 139 139 139 136 136 136 136 136 136 136 136 136 136 136 136 136 136 136 136 136 136 136 136 136 136 136 136 136 136 136 136 136 136 136 136 136 136 136 136 136 136 136 136 136 136 136 136 136 136 136 136 135 135 135 135 135 135 135 135 135 135 135 135 135 135 135 135 135 135 135 135 135 135 135 135 135 135 135 135 135 135 135 135 135 135 135 135 135 135 135 135 135 135 135 135 135 135 135 135 135 135 135 135 135 135 135 135 135 135 135 135 135 135 135 135 135 135 135 135 135 135 135 135 135 135 135 135 135 135 135 135 135 135 135 135 135 136 136 136 136 136 136 136 136 136 136 136 136 136 136 136 136 136 136 136 136 136 136 136 136 136 136 136 136 136 136 137 137 137 137 137 137 137 137 137 137 137 137 137 137 137 137 137 137 137 137 137 137 137 138 138 138 138 138 138 138 138 138 138 138 138 138 138 138 138 138 138 138 138 138 138 139 136 136 136 136 136 136 136 136 136 136 136 136 136 136 136 136 136 136 136 136 136 136 136 136 136 136 136 136 136 136 136 136 136 136 136 136 136 136 136 136 136 136 136 136 135 135 135 135 135 135 135 135 135 135 135 135 135 135 135 135 135 135 135 135 135 135 135 135 135 135 135 135 135 135 135 135 135 135 135 135 135 135 135 135 135 135 135 135 135 135 135 135 135 135 135 135 135 135 135 135 135 135 135 135 135 135 135 135 135 135 135 135 135 135 135 135 135 135 135 135 135 135 135 135 135 135 135 135 135 135 135 135 135 135 135 135 135 135 135 135 135 135 136 136 136 136 136 136 136 136 136 136 136 136 136 136 136 136 136 136 136 136 136 136 136 136 136 136 136 136 136 137 137 137 137 137 137 137 137 137 137 137 137 137 137 137 137 137 137 137 137 137 137 138 138 138 138 138 138 138 138 138 138 138 138 138 138 138 138 138 138 138 138 138 139 139 139 139 139 139 139 136 136 136 136 136 136 136 136 136 136 136 136 136 136 136 136 136 136 136 136 136 136 136 136 136 136 136 136 136 136 136 136 136 136 136 136 135 135 135 135 135 135 135 135 135 135 135 135 135 135 135 135 135 135 135 135 135 135 135 135 135 135 135 135 135 135 135 135 135 135 135 135 135 135 135 135 135 135 135 135 135 135 135 135 135 135 135 135 135 135 135 135 135 135 135 135 135 135 135 135 135 135 135 135 135 135 135 135 135 135 135 135 135 135 135 135 135 135 135 135 135 135 135 135 135 135 135 135 135 135 135 135 135 135 135 135 135 135 135 135 135 135 135 135 136 136 136 136 136 136 136 136 136 136 136 136 136 136 136 136 136 136 136 136 136 136 136 136 136 136 136 137 137 137 137 137 137 137 137 137 137 137 137 137 137 137 137 137 137 137 137 137 137 137 138 138 138 138 138 138 138 138 138 138 138 138 138 138 138 138 138 138 138 138 138 139 139 139 139 139 139 140 140 136 136 136 136 136 136 136 136 136 136 136 136 136 136 136 136 136 135 135 135 135 136 136 136 136 135 135 135 135 135 135 135 135 135 135 135 135 135 135 135 135 135 135 135 135 135 135 135 135 135 135 135 135 135 135 135 135 135 135 135 135 135 135 135 135 135 135 135 135 135 135 135 135 135 135 135 135 135 135 135 135 135 135 135 135 135 134 134 134 134 134 134 134 134 134 134 134 134 134 134 134 134 134 134 134 134 135 135 135 135 135 135 135 135 135 135 135 135 135 135 135 135 135 135 135 135 135 135 135 135 135 135 135 135 135 135 135 135 135 135 135 135 135 135 135 135 135 136 136 136 136 136 136 136 136 136 136 136 136 136 136 136 136 136 136 136 136 136 136 136 136 136 137 137 137 137 137 137 137 137 137 137 137 137 137 137 137 137 137 137 137 137 137 137 137 137 138 138 138 138 138 138 138 138 138 138 138 138 138 138 138 138 138 138 138 138 138 139 139 139 139 140 140 140 140 136 136 136 136 136 136 136 136 136 136 136 136 135 136 135 135 135 135 135 135 135 135 135 135 135 135 135 135 135 135 135 135 135 135 135 135 135 135 135 135 135 135 135 135 135 135 135 135 135 135 135 135 135 135 135 135 135 135 135 135 135 135 135 135 135 135 135 135 135 135 135 135 134 134 134 134 134 134 134 134 134 134 134 134 134 134 134 134 134 134 134 134 134 134 134 134 134 134 134 134 134 134 134 134 134 134 134 134 134 134 134 134 134 134 134 134 134 134 134 135 135 135 135 135 135 135 135 135 135 135 135 135 135 135 135 135 135 135 135 135 135 135 135 135 135 135 135 135 135 135 135 135 136 136 136 136 136 136 136 136 136 136 136 136 136 136 136 136 136 136 136 136 136 136 136 136 137 137 137 137 137 137 137 137 137 137 137 137 137 137 137 137 137 137 137 137 137 137 137 138 138 138 138 138 138 138 138 138 138 138 138 138 138 138 138 138 138 138 138 139 139 139 140 140 140 140 140 136 136 136 136 136 135 135 135 135 135 135 135 135 135 135 135 135 135 135 135 135 135 135 135 135 135 135 135 135 135 135 135 135 135 135 135 135 135 135 135 135 135 135 135 135 135 135 135 135 135 135 135 135 135 135 135 135 135 135 135 135 135 135 135 135 135 135 135 135 135 135 134 134 134 134 134 134 134 134 134 134 134 134 134 134 134 134 134 134 134 134 134 134 134 134 134 134 134 134 134 134 134 134 134 134 134 134 134 134 134 134 134 134 134 134 134 134 134 134 134 134 135 135 135 135 135 135 135 135 135 135 135 135 135 135 135 135 135 135 135 135 135 135 135 135 135 135 135 135 135 135 135 135 135 135 136 136 136 136 136 136 136 136 136 136 136 136 136 136 136 136 136 136 136 136 136 136 137 137 137 137 137 137 137 137 137 137 137 137 137 137 137 137 137 137 137 137 137 137 138 138 138 138 138 138 138 138 138 138 138 138 138 138 138 138 138 138 138 138 139 139 140 140 140 140 140 140 135 135 135 135 135 135 135 135 135 135 135 135 135 135 135 135 135 135 135 135 135 135 135 135 135 135 135 135 135 135 135 135 135 135 135 135 135 135 135 135 135 135 135 135 135 135 135 135 135 135 135 135 135 135 135 135 135 135 135 135 135 135 134 134 134 134 134 134 134 134 134 134 134 134 134 134 134 134 134 134 134 134 134 134 134 134 134 134 134 134 134 134 134 134 134 134 134 134 134 134 134 134 134 134 134 134 134 134 134 134 134 134 134 134 134 134 134 134 134 134 134 134 134 134 135 135 135 135 135 135 135 135 135 135 135 135 135 135 135 135 135 135 135 135 135 135 135 135 135 135 135 135 135 135 135 135 136 136 136 136 136 136 136 136 136 136 136 136 136 136 136 136 136 136 136 136 136 136 137 137 137 137 137 137 137 137 137 137 137 137 137 137 137 137 137 137 137 137 137 137 138 138 138 138 138 138 138 138 138 138 138 138 138 138 138 138 138 138 138 139 139 140 140 140 140 135 135 135 135 135 135 135 135 135 135 135 135 135 135 135 135 135 135 135 135 135 135 135 135 135 135 135 135 135 135 135 135 135 135 135 135 135 135 135 135 135 135 135 135 135 135 135 135 135 135 134 134 134 134 134 134 134 134 134 134 134 134 134 134 134 134 134 134 134 134 134 134 134 134 134 134 134 134 134 134 134 134 134 134 134 134 134 134 134 134 134 134 134 134 134 134 134 134 134 134 134 134 134 134 134 134 134 134 134 134 134 134 134 134 134 134 134 134 134 134 134 134 134 134 134 134 135 135 134 135 135 135 135 135 135 135 135 135 135 135 135 135 135 135 135 135 135 135 135 135 135 135 135 135 135 135 136 136 136 136 136 136 136 136 136 136 136 136 136 136 136 136 136 136 136 136 136 136 137 137 137 137 137 137 137 137 137 137 137 137 137 137 137 137 137 137 137 137 137 138 138 138 138 138 138 138 138 138 138 138 138 138 138 138 138 138 138 138 139 139 140 140 135 135 135 135 135 135 135 135 135 135 135 135 135 135 135 135 135 135 135 135 135 135 135 135 135 135 135 135 135 135 135 135 135 135 135 135 135 135 134 134 134 134 134 134 134 134 134 134 134 134 134 134 134 134 134 134 134 134 134 134 134 134 134 134 134 134 134 134 134 134 134 134 134 134 134 134 134 134 134 134 134 134 134 134 134 134 134 134 134 134 134 134 134 134 134 134 134 134 134 134 134 134 134 134 134 134 134 134 134 134 134 134 134 134 134 134 134 134 134 134 134 134 134 134 134 134 134 134 134 134 135 135 135 135 135 135 135 135 135 135 135 135 135 135 135 135 135 135 135 135 135 135 135 135 135 135 135 136 136 136 136 136 136 136 136 136 136 136 136 136 136 136 136 136 136 136 136 136 136 137 137 137 137 137 137 137 137 137 137 137 137 137 137 137 137 137 137 137 137 137 138 138 138 138 138 138 138 138 138 138 138 138 138 138 138 138 138 139 139 139 139 140 140 140 135 135 135 135 135 135 135 135 135 134 134 134 134 134 134 134 135 134 134 134 134 134 134 134 134 134 134 134 134 134 134 134 134 134 134 134 134 134 134 134 134 134 134 134 134 134 134 134 134 134 134 134 134 134 134 134 134 134 134 134 134 134 134 134 134 134 134 134 133 133 133 133 133 133 133 133 133 133 133 133 133 133 133 133 133 133 133 133 133 133 133 133 133 133 133 133 133 133 133 133 133 133 133 133 134 134 134 134 134 134 134 134 134 134 134 134 134 134 134 134 134 134 134 134 134 134 134 134 134 134 134 134 134 135 135 135 135 135 135 135 135 135 135 135 135 135 135 135 135 135 135 135 135 135 135 135 135 135 136 136 136 136 136 136 136 136 136 136 136 136 136 136 136 136 136 136 136 136 136 136 136 137 137 137 137 137 137 137 137 137 137 137 137 137 137 137 137 137 137 137 137 138 138 138 138 138 138 138 138 138 138 138 138 138 138 138 139 139 139 139 139 139 139 139 139 139 140 135 135 135 135 135 134 134 134 134 134 134 134 134 134 134 134 134 134 134 134 134 134 134 134 134 134 134 134 134 134 134 134 134 134 134 134 134 134 134 134 134 134 134 134 134 134 134 134 134 134 134 134 134 134 134 134 134 134 134 134 134 134 134 134 134 134 134 133 133 133 133 133 133 133 133 133 133 133 133 133 133 133 133 133 133 133 133 133 133 133 133 133 133 133 133 133 133 133 133 133 133 133 133 133 133 133 133 133 133 133 133 133 134 134 134 134 134 134 134 134 134 134 134 134 134 134 134 134 134 134 134 134 134 134 134 134 134 135 135 135 135 135 135 135 135 135 135 135 135 135 135 135 135 135 135 135 135 135 135 135 135 135 136 136 136 136 136 136 136 136 136 136 136 136 136 136 136 136 136 136 136 136 136 137 137 137 137 137 137 137 137 137 137 137 137 137 137 137 137 137 137 137 137 138 138 138 138 138 138 138 138 138 138 138 138 138 138 139 139 139 139 139 139 139 139 139 139 139 135 134 134 134 134 134 134 134 134 134 134 134 134 134 134 134 134 134 134 134 134 134 134 134 134 134 134 134 134 134 134 134 134 134 134 134 134 134 134 134 134 134 134 134 134 134 134 134 134 134 134 134 134 134 134 134 134 134 134 134 134 134 134 134 134 134 134 134 134 134 133 133 133 133 133 133 133 133 133 133 133 133 133 133 133 133 133 133 133 133 133 133 133 133 133 133 133 133 133 133 133 133 133 133 133 133 133 133 133 133 133 133 133 133 133 133 133 133 133 133 133 133 133 134 134 134 134 134 134 134 134 134 134 134 134 134 134 134 134 134 134 134 134 134 134 134 135 135 135 135 135 135 135 135 135 135 135 135 135 135 135 135 135 135 135 135 135 135 135 135 136 136 136 136 136 136 136 136 136 136 136 136 136 136 136 136 136 136 136 136 136 137 137 137 137 137 137 137 137 137 137 137 137 137 137 137 137 137 137 137 138 138 138 138 138 138 138 138 138 138 138 138 138 139 139 139 139 139 139 139 139 139 139 139 139 134 134 134 134 134 134 134 134 134 134 134 134 134 134 134 134 134 134 134 134 134 134 134 134 134 134 134 134 134 134 134 134 134 134 134 134 134 134 134 134 134 134 134 134 134 134 134 134 134 134 134 134 134 134 134 134 134 134 134 134 134 133 133 133 133 133 133 133 133 133 133 133 133 133 133 133 133 133 133 133 133 133 133 133 133 133 133 133 133 133 133 133 133 133 133 133 133 133 133 133 133 133 133 133 133 133 133 133 133 133 133 133 133 133 133 133 133 133 133 133 133 133 133 133 134 134 134 134 134 134 134 134 134 134 134 134 134 134 134 134 134 134 134 134 134 134 134 134 134 134 134 135 135 135 135 135 135 135 135 135 135 135 135 135 135 135 135 135 135 135 135 135 135 136 136 136 136 136 136 136 136 136 136 136 136 136 136 136 136 136 136 136 136 137 137 137 137 137 137 137 137 137 137 137 137 137 137 137 137 137 137 137 137 138 138 138 138 138 138 138 138 138 138 138 139 139 139 139 139 139 139 139 139 139 139 139 134 134 134 134 134 134 134 134 134 134 134 134 134 134 134 134 134 134 134 134 134 134 134 134 134 134 134 134 134 134 134 134 134 134 134 134 134 134 134 134 134 134 134 134 134 134 134 134 134 134 134 133 133 133 133 133 133 133 133 133 133 133 133 133 133 133 133 133 133 133 133 133 133 133 133 133 133 133 133 133 133 133 133 133 133 133 133 133 133 133 133 133 133 133 133 133 133 133 133 133 133 133 133 133 133 133 133 133 133 133 133 133 133 133 133 133 133 133 133 133 133 133 133 133 134 134 134 134 134 134 134 134 134 134 134 134 134 134 134 134 134 134 134 134 134 134 134 134 134 134 134 134 135 135 135 135 135 135 135 135 135 135 135 135 135 135 135 135 135 135 135 135 135 135 136 136 136 136 136 136 136 136 136 136 136 136 136 136 136 136 136 136 136 136 136 137 137 137 137 137 137 137 137 137 137 137 137 137 137 137 137 137 137 137 138 138 138 138 138 138 138 138 138 138 139 139 139 139 139 139 139 139 139 139 139 139 139 139 134 134 134 134 134 134 134 134 134 134 134 134 134 134 134 134 134 134 134 134 134 134 134 134 134 134 134 134 134 134 134 134 134 134 134 134 134 134 134 134 133 133 133 133 133 133 133 133 133 133 133 133 133 133 133 133 133 133 133 133 133 133 133 133 133 133 133 133 133 133 133 133 133 133 133 133 133 133 133 133 133 133 133 133 133 133 133 133 133 133 133 133 133 133 133 133 133 133 133 133 133 133 133 133 133 133 133 133 133 133 133 133 133 133 133 133 133 133 133 133 133 133 133 133 133 134 134 134 134 134 134 134 134 134 134 134 134 134 134 134 134 134 134 134 134 134 134 134 134 134 134 134 134 134 135 135 135 135 135 135 135 135 135 135 135 135 135 135 135 135 135 135 135 135 136 136 136 136 136 136 136 136 136 136 136 136 136 136 136 136 136 136 136 136 136 137 137 137 137 137 137 137 137 137 137 137 137 137 137 137 137 137 137 137 138 138 138 138 138 138 138 138 138 139 139 139 139 139 139 139 139 139 139 139 139 139 139 140 134 134 134 134 134 134 134 134 134 134 134 134 134 134 134 134 134 133 133 133 133 134 134 134 134 134 133 133 133 133 133 133 133 133 133 133 133 133 133 133 133 133 133 133 133 133 133 133 133 133 133 133 133 133 133 133 133 133 133 133 133 133 133 133 133 133 133 133 133 133 133 133 133 133 133 133 133 133 133 133 133 133 133 133 133 133 133 133 133 133 133 133 133 133 133 133 133 133 133 133 133 133 133 133 133 133 133 133 133 133 133 133 133 133 133 133 133 133 133 133 133 133 133 133 133 133 134 134 134 134 134 134 134 134 134 134 134 134 134 134 134 134 134 134 134 134 134 134 134 134 134 134 134 135 135 135 135 135 135 135 135 135 135 135 135 135 135 135 135 135 135 135 135 135 136 136 136 136 136 136 136 136 136 136 136 136 136 136 136 136 136 136 136 136 137 137 137 137 137 137 137 137 137 137 137 137 137 137 137 137 137 137 137 138 138 138 138 138 138 138 138 139 139 139 139 139 139 139 139 139 139 139 139 139 139 139 140 140 134 134 134 134 134 133 134 133 134 133 133 133 133 133 133 133 133 133 133 133 133 133 133 133 133 133 133 133 133 133 133 133 133 133 133 133 133 133 133 133 133 133 133 133 133 133 133 133 133 133 133 133 133 133 133 133 133 133 133 133 133 133 133 133 133 133 133 133 133 133 133 133 133 133 133 133 133 133 133 133 133 133 133 133 133 133 133 133 133 133 133 132 132 132 132 132 132 132 132 132 133 133 133 133 133 133 133 133 133 133 133 133 133 133 133 133 133 133 133 133 133 133 133 133 133 133 133 134 134 134 134 134 134 134 134 134 134 134 134 134 134 134 134 134 134 134 134 134 134 134 134 134 134 135 135 135 135 135 135 135 135 135 135 135 135 135 135 135 135 135 135 135 135 135 136 136 136 136 136 136 136 136 136 136 136 136 136 136 136 136 136 136 136 137 137 137 137 137 137 137 137 137 137 137 137 137 137 137 137 137 137 137 138 138 138 138 138 138 138 139 139 139 139 139 139 139 139 139 139 139 139 139 139 139 139 140 140 133 133 133 133 133 133 133 133 133 133 133 133 133 133 133 133 133 133 133 133 133 133 133 133 133 133 133 133 133 133 133 133 133 133 133 133 133 133 133 133 133 133 133 133 133 133 133 133 133 133 133 133 133 133 133 133 133 133 133 133 133 133 133 133 133 133 133 133 133 133 132 132 132 132 132 132 132 132 132 132 132 132 132 132 132 132 132 132 132 132 132 132 132 132 132 132 132 132 132 132 132 132 132 132 132 132 133 133 133 133 133 133 133 133 133 133 133 133 133 133 133 133 133 133 133 133 133 133 133 134 134 134 134 134 134 134 134 134 134 134 134 134 134 134 134 134 134 134 134 134 134 134 134 134 135 135 135 135 135 135 135 135 135 135 135 135 135 135 135 135 135 135 135 135 136 136 136 136 136 136 136 136 136 136 136 136 136 136 136 136 136 136 136 136 137 137 137 137 137 137 137 137 137 137 137 137 137 137 137 137 137 138 138 138 138 138 138 138 138 139 139 139 139 139 139 139 139 139 139 139 139 139 139 139 140 140 140 133 133 133 133 133 133 133 133 133 133 133 133 133 133 133 133 133 133 133 133 133 133 133 133 133 133 133 133 133 133 133 133 133 133 133 133 133 133 133 133 133 133 133 133 133 133 133 133 133 133 133 133 133 133 133 133 133 133 133 132 132 132 132 132 132 132 132 132 132 132 132 132 132 132 132 132 132 132 132 132 132 132 132 132 132 132 132 132 132 132 132 132 132 132 132 132 132 132 132 132 132 133 133 133 133 133 133 133 133 133 133 133 133 133 133 133 133 133 133 133 133 133 133 134 134 134 134 134 134 134 134 134 134 134 134 134 134 134 134 134 134 134 134 134 134 134 134 134 135 135 135 135 135 135 135 135 135 135 135 135 135 135 135 135 135 135 135 136 136 136 136 136 136 136 136 136 136 136 136 136 136 136 136 136 136 136 136 137 137 137 137 137 137 137 137 137 137 137 137 137 137 137 137 138 138 138 138 138 138 138 139 139 139 139 139 139 139 139 139 139 139 139 139 139 139 139 140 140 140 140 133 133 133 133 133 133 133 133 133 133 133 133 133 133 133 133 133 133 133 133 133 133 133 133 133 133 133 133 133 133 133 133 133 133 133 133 133 133 133 133 133 133 133 133 133 133 133 133 133 133 133 133 132 132 132 132 132 132 132 132 132 132 132 132 132 132 132 132 132 132 132 132 132 132 132 132 132 132 132 132 132 132 132 132 132 132 132 132 132 132 132 132 132 132 132 132 132 132 132 132 132 132 132 133 133 133 133 133 133 133 133 133 133 133 133 133 133 133 133 133 133 133 133 133 133 133 134 134 134 134 134 134 134 134 134 134 134 134 134 134 134 134 134 134 134 134 134 134 134 135 135 135 135 135 135 135 135 135 135 135 135 135 135 135 135 135 135 136 136 136 136 136 136 136 136 136 136 136 136 136 136 136 136 136 136 136 136 137 137 137 137 137 137 137 137 137 137 137 137 137 137 137 137 138 138 138 138 138 138 138 139 139 139 139 139 139 139 139 139 139 139 139 139 139 139 140 140 140 140 140 140 140 133 133 133 133 133 133 133 133 133 133 133 133 133 133 133 133 133 133 133 133 133 133 133 133 133 133 133 133 133 133 133 133 133 133 133 133 133 133 133 132 132 132 132 132 132 132 132 132 132 132 132 132 132 132 132 132 132 132 132 132 132 132 132 132 132 132 132 132 132 132 132 132 132 132 132 132 132 132 132 132 132 132 132 132 132 132 132 132 132 132 132 132 132 132 132 132 132 132 132 132 132 132 132 132 132 132 132 133 133 133 133 133 133 133 133 133 133 133 133 133 133 133 133 133 133 133 133 133 134 134 134 134 134 134 134 134 134 134 134 134 134 134 134 134 134 134 134 134 134 134 134 135 135 135 135 135 135 135 135 135 135 135 135 135 135 135 135 135 136 136 136 136 136 136 136 136 136 136 136 136 136 136 136 136 136 136 136 136 137 137 137 137 137 137 137 137 137 137 137 137 137 137 137 137 138 138 138 138 138 138 138 139 139 139 139 139 139 139 139 139 139 139 139 139 139 139 140 140 140 140 140 140 140 140 140 141 141 141 133 133 133 133 133 133 133 133 133 133 133 133 133 133 133 133 133 133 133 133 133 133 133 133 133 133 133 133 132 132 132 132 132 132 132 132 132 132 132 132 132 132 132 132 132 132 132 132 132 132 132 132 132 132 132 132 132 132 132 132 132 132 132 132 132 132 132 132 132 132 132 132 132 132 132 132 132 132 132 132 132 132 132 132 132 132 132 132 132 132 132 132 132 132 132 132 132 132 132 132 132 132 132 132 132 132 132 132 133 133 133 133 133 133 133 133 133 133 133 133 133 133 133 133 133 133 133 133 133 133 133 133 133 134 134 134 134 134 134 134 134 134 134 134 134 134 134 134 134 134 134 134 134 135 135 135 135 135 135 135 135 135 135 135 135 135 135 135 135 135 136 136 136 136 136 136 136 136 136 136 136 136 136 136 136 136 136 136 136 137 137 137 137 137 137 137 137 137 137 137 137 137 137 137 137 138 138 138 138 138 138 138 139 139 139 139 139 139 139 139 139 139 139 139 139 139 140 140 140 140 140 140 140 140 140 140 140 140 141 141 141 141 132 132 132 132 132 132 132 132 133 133 133 133 133 132 132 132 132 132 132 132 132 132 132 132 132 132 132 132 132 132 132 132 132 132 132 132 132 132 132 132 132 132 132 132 132 132 132 132 132 132 132 132 132 132 132 132 132 132 132 132 132 132 132 132 132 132 132 132 132 132 132 132 132 132 132 132 132 132 132 132 132 132 132 132 132 132 132 132 132 132 132 132 132 132 132 132 132 132 132 132 132 132 132 132 132 132 132 132 133 133 133 133 133 133 133 133 133 133 133 133 133 133 133 133 133 133 133 133 133 133 133 133 133 133 133 133 134 134 134 134 134 134 134 134 134 134 134 134 134 134 134 134 134 134 134 135 135 135 135 135 135 135 135 135 135 135 135 135 135 135 135 136 136 136 136 136 136 136 136 136 136 136 136 136 136 136 136 136 136 136 137 137 137 137 137 137 137 137 137 137 137 137 137 137 137 137 138 138 138 138 138 138 139 139 139 139 139 139 139 139 139 139 139 139 139 139 139 140 140 140 140 140 140 140 140 140 140 140 140 141 141 141 141 141 141 141 132 132 132 132 132 132 132 132 132 132 132 132 132 132 132 132 132 132 132 132 132 132 132 132 132 132 132 132 132 132 132 132 132 132 132 132 132 132 132 132 132 132 132 132 132 132 132 132 132 132 132 132 132 132 132 132 132 132 132 132 132 132 132 132 132 132 132 132 132 132 132 132 132 132 132 132 132 132 132 132 132 132 132 132 132 132 132 132 132 132 132 132 132 132 132 132 132 132 132 132 132 132 132 132 132 132 132 133 133 133 133 133 133 133 133 133 133 133 133 133 133 133 133 133 133 133 133 133 133 133 133 133 133 133 133 133 133 134 134 134 134 134 134 134 134 134 134 134 134 134 134 134 134 134 134 134 134 135 135 135 135 135 135 135 135 135 135 135 135 135 135 136 136 136 136 136 136 136 136 136 136 136 136 136 136 136 136 136 136 137 137 137 137 137 137 137 137 137 137 137 137 137 137 137 137 138 138 138 138 138 138 138 139 139 139 139 139 139 139 139 139 139 139 139 139 139 139 140 140 140 140 140 140 140 140 140 140 140 140 140 141 141 141 141 141 141 141 141 141 141 132 132 132 132 132 132 132 132 132 132 132 132 132 132 132 132 132 132 132 132 132 132 132 132 132 132 132 132 132 132 132 132 132 132 132 132 132 132 132 132 132 132 132 132 132 132 132 132 132 132 132 132 132 132 132 132 132 132 132 132 132 132 132 132 132 132 132 132 132 132 132 132 132 132 132 132 132 132 132 132 132 132 132 132 132 132 132 132 132 132 132 132 132 132 132 132 132 132 132 132 132 132 132 132 132 132 132 132 133 133 133 133 133 133 133 133 133 133 133 133 133 133 133 133 133 133 133 133 133 133 133 133 133 133 133 133 133 133 134 134 134 134 134 134 134 134 134 134 134 134 134 134 134 134 134 135 135 135 135 135 135 135 135 135 135 135 135 135 135 135 136 136 136 136 136 136 136 136 136 136 136 136 136 136 136 136 136 136 137 137 137 137 137 137 137 137 137 137 137 137 137 137 137 137 138 138 138 138 138 138 138 139 139 139 139 139 139 139 139 139 139 139 139 139 139 140 140 140 140 140 140 140 140 140 140 140 140 140 140 141 141 141 141 141 141 141 141 141 132 132 132 132 132 132 132 132 132 132 132 132 132 132 132 132 132 132 132 132 132 132 132 132 132 132 132 132 132 132 132 132 132 132 132 132 132 132 132 132 132 132 132 132 132 132 132 132 132 132 132 132 131 132 132 132 132 132 132 132 132 132 132 132 132 132 132 132 132 132 132 132 132 132 132 132 132 132 132 132 132 132 132 132 132 132 132 132 132 132 132 132 132 132 132 132 132 132 132 132 132 132 132 132 132 132 132 132 133 133 133 133 133 133 133 133 133 133 133 133 133 133 133 133 133 133 133 133 133 133 133 133 133 133 133 133 134 134 134 134 134 134 134 134 134 134 134 134 134 134 134 134 134 135 135 135 135 135 135 135 135 135 135 135 135 135 135 135 135 136 136 136 136 136 136 136 136 136 136 136 136 136 136 136 136 136 137 137 137 137 137 137 137 137 137 137 137 137 137 137 137 137 138 138 138 138 138 138 139 139 139 139 139 139 139 139 139 139 139 139 139 139 140 140 140 140 140 140 140 140 140 140 140 140 140 140 141 141 141 141 141 141 141 141 141 141 132 132 132 132 132 132 132 132 132 132 132 132 132 132 132 132 132 132 132 132 132 132 132 132 132 132 132 132 132 132 132 132 132 132 132 132 132 132 132 132 132 132 132 132 132 132 132 132 132 131 131 131 131 131 131 131 131 131 131 131 131 131 131 131 131 131 131 131 131 131 131 131 131 131 131 131 131 131 131 131 131 131 131 131 132 132 132 132 132 132 132 132 132 132 132 132 132 132 132 132 132 132 132 132 132 132 132 133 133 133 133 133 133 133 133 133 133 133 133 133 133 133 133 133 133 133 133 133 133 133 133 133 133 133 133 134 134 134 134 134 134 134 134 134 134 134 134 134 134 134 134 135 135 135 135 135 135 135 135 135 135 135 135 135 135 135 135 135 136 136 136 136 136 136 136 136 136 136 136 136 136 136 136 136 137 137 137 137 137 137 137 137 137 137 137 137 137 137 137 138 138 138 138 138 138 138 139 139 139 139 139 139 139 139 139 139 139 139 139 139 140 140 140 140 140 140 140 140 140 140 140 140 140 141 141 141 141 141 141 141 141 141 141 141 132 132 132 132 132 132 132 132 132 132 132 132 132 132 132 132 132 132 132 132 132 132 132 132 132 132 132 132 132 132 132 132 132 132 132 131 131 131 131 131 131 131 131 131 131 131 131 131 131 131 131 131 131 131 131 131 131 131 131 131 131 131 131 131 131 131 131 131 131 131 131 131 131 131 131 131 131 131 131 131 131 131 131 131 131 132 132 132 132 132 132 132 132 132 132 132 132 132 132 132 132 132 132 132 132 132 132 133 133 133 133 133 132 133 133 133 133 133 133 133 133 133 133 133 133 133 133 133 133 133 133 133 133 134 134 134 134 134 134 134 134 134 134 134 134 134 134 134 135 135 135 135 135 135 135 135 135 135 135 135 135 135 135 135 135 135 136 136 136 136 136 136 136 136 136 136 136 136 136 136 136 136 137 137 137 137 137 137 137 137 137 137 137 137 137 137 138 138 138 138 138 138 138 139 139 139 139 139 139 139 139 139 139 139 139 139 139 140 140 140 140 140 140 140 140 140 140 140 140 140 140 141 141 141 141 141 141 141 141 141 141 131 131 131 131 131 131 131 131 131 131 131 131 131 131 131 131 131 131 131 131 131 131 131 131 131 131 131 131 131 131 131 131 131 131 131 131 131 131 131 131 131 131 131 131 131 131 131 131 131 131 131 131 131 131 131 131 131 131 131 131 131 131 131 131 131 131 131 131 131 131 131 131 131 131 131 131 131 131 131 131 131 131 131 131 132 132 132 132 132 132 132 132 132 132 132 132 132 132 132 132 132 132 132 132 132 132 132 132 132 132 132 132 133 133 133 133 133 133 133 133 133 133 133 133 133 133 133 133 133 133 133 134 134 134 134 134 134 134 134 134 134 134 134 134 134 134 135 135 135 135 135 135 135 135 135 135 135 135 135 135 135 135 135 135 135 135 136 136 136 136 136 136 136 136 136 136 136 136 136 136 137 137 137 137 137 137 137 137 137 137 137 137 137 138 138 138 138 138 138 138 138 139 139 139 139 139 139 139 139 139 139 139 139 139 139 140 140 140 140 140 140 140 140 140 140 140 140 140 141 141 141 141 141 141 141 141 141 141 141 131 131 131 131 131 131 131 131 131 131 131 131 131 131 131 131 131 131 131 131 131 131 131 131 131 131 131 131 131 131 131 131 131 131 131 131 131 131 131 131 131 131 131 131 131 131 131 131 131 131 131 131 131 131 131 131 131 131 131 131 131 131 131 131 131 131 131 131 131 131 131 131 131 131 131 131 131 131 131 131 131 131 131 131 131 132 132 132 132 132 132 132 132 132 132 132 132 132 132 132 132 132 132 132 132 132 132 132 132 132 133 133 133 133 133 133 133 133 133 133 133 133 133 133 133 133 133 133 133 134 134 134 134 134 134 134 134 134 134 134 134 134 134 134 134 135 135 135 135 135 135 135 135 135 135 135 135 135 135 135 135 135 135 136 136 136 136 136 136 136 136 136 136 136 136 136 136 136 136 137 137 137 137 137 137 137 137 137 137 137 138 138 138 138 138 138 138 138 139 139 139 139 139 139 139 139 139 139 139 139 139 139 140 140 140 140 140 140 140 140 140 140 140 140 140 141 141 141 141 141 141 141 141 141 141 141 141 141 141 131 131 131 131 131 131 131 131 131 131 131 131 131 131 131 131 131 131 131 131 131 131 131 131 131 131 131 131 131 131 131 131 131 131 131 131 131 131 131 131 131 131 131 131 131 131 131 131 131 131 131 131 131 131 131 131 131 131 131 131 131 131 131 131 131 131 131 131 131 131 131 131 131 131 131 131 131 131 131 131 131 131 131 131 132 132 132 132 132 132 132 132 132 132 132 132 132 132 132 132 132 132 132 132 132 132 132 132 133 133 133 133 133 133 133 133 133 133 133 133 133 133 133 133 133 133 134 134 134 134 134 134 134 134 134 134 134 134 134 134 134 134 135 135 135 135 135 135 135 135 135 135 135 135 135 135 135 135 135 136 136 136 136 136 136 136 136 136 136 136 136 136 136 136 136 137 137 137 137 137 137 137 137 137 137 137 138 138 138 138 138 138 138 138 138 139 139 139 139 139 139 139 139 139 139 139 139 139 139 140 140 140 140 140 140 140 140 140 140 140 140 140 141 141 141 141 141 141 141 141 141 141 141 141 141 141 142 142 142 142 142 142 131 131 131 131 131 131 131 131 131 131 131 131 131 131 131 131 131 131 131 131 131 131 131 131 131 131 131 131 131 131 131 131 131 131 131 131 131 131 131 131 131 131 131 131 131 131 131 131 131 131 131 131 131 131 131 131 131 131 131 131 131 131 131 131 131 131 131 131 131 132 132 132 132 132 132 132 132 132 132 132 132 132 132 132 132 132 132 132 132 132 132 132 132 132 133 133 133 133 133 133 133 133 133 133 133 133 133 133 133 133 133 134 134 134 134 134 134 134 134 134 134 134 134 134 134 134 135 135 135 135 135 135 135 135 135 135 135 135 135 135 135 135 135 135 136 136 136 136 136 136 136 136 136 136 136 136 136 136 136 136 137 137 137 137 137 137 137 137 137 138 138 138 138 138 138 138 138 138 139 139 139 139 139 139 139 139 139 139 139 139 139 139 140 140 140 140 140 140 140 140 140 140 140 140 140 141 141 141 141 141 141 141 141 141 141 141 141 141 141 142 142 142 142 142 142 142 142 142 142 143 143 131 131 131 131 131 131 131 131 131 131 131 131 131 131 131 130 131 131 131 130 130 130 130 130 130 130 130 130 130 130 130 130 130 130 131 131 131 131 131 131 131 131 131 130 130 130 130 130 130 130 131 131 131 131 131 131 131 131 131 131 131 131 131 131 131 131 131 131 131 132 132 132 132 132 132 132 132 132 132 132 132 132 132 132 132 132 132 132 132 132 132 132 132 132 132 132 133 133 133 133 133 133 133 133 133 133 133 133 133 133 133 133 133 134 134 134 134 134 134 134 134 134 134 134 134 134 134 134 135 134 135 135 135 135 135 135 135 135 135 135 135 135 135 135 135 136 136 136 136 136 136 136 136 136 136 136 136 136 136 136 137 137 137 137 137 137 137 137 137 138 138 138 138 138 138 138 138 138 138 139 139 139 139 139 139 139 139 139 139 139 139 139 139 140 140 140 140 140 140 140 140 140 140 140 140 141 141 141 141 141 141 141 141 141 141 141 141 141 141 142 142 142 142 142 142 142 142 142 142 142 143 143 143 143 143 143 131 131 131 131 131 131 131 131 131 131 131 130 130 131 130 130 130 130 130 130 130 130 130 130 130 130 130 130 130 130 130 130 130 130 130 130 130 130 130 130 130 130 130 130 130 130 130 130 130 130 131 131 131 131 131 131 131 131 130 131 131 131 131 131 131 131 131 131 131 132 132 132 132 132 132 132 132 132 132 132 132 132 132 132 132 132 132 132 132 132 132 132 132 132 132 132 132 132 133 133 133 133 133 133 133 133 133 133 133 133 133 133 133 133 134 134 134 134 134 134 134 134 134 134 134 134 134 134 134 135 135 135 135 135 135 135 135 135 135 135 135 135 135 135 136 136 136 136 136 136 136 136 136 136 136 136 136 136 136 136 136 137 137 137 137 137 137 137 138 138 138 138 138 138 138 138 138 138 139 139 139 139 139 139 139 139 139 139 139 139 139 139 140 140 140 140 140 140 140 140 140 140 140 140 140 141 141 141 141 141 141 141 141 141 141 141 141 142 142 142 142 142 142 142 142 142 142 142 142 143 143 143 143 143 143 143 143 143 143 143 131 131 131 131 130 130 130 130 130 131 131 131 130 130 130 130 130 130 130 130 130 130 130 130 130 130 130 130 130 130 130 130 130 130 130 130 130 130 130 130 130 130 130 130 130 130 130 130 130 130 130 130 130 131 131 131 131 130 131 131 130 131 130 130 131 131 131 131 131 131 131 131 131 131 132 132 132 132 132 132 132 132 132 132 132 132 132 132 132 132 132 132 132 132 132 132 132 132 132 132 132 132 133 133 133 133 133 133 133 133 133 133 133 133 133 133 133 134 134 134 134 134 134 134 134 134 134 134 134 134 134 134 134 135 135 135 135 135 135 135 135 135 135 135 135 135 135 135 136 136 136 136 136 136 136 136 136 136 136 136 136 136 136 136 136 137 137 137 137 137 137 138 138 138 138 138 138 138 138 138 138 138 139 139 139 139 139 139 139 139 139 139 139 139 139 140 140 140 140 140 140 140 140 140 140 140 140 140 141 141 141 141 141 141 141 141 141 141 141 141 141 142 142 142 142 142 142 142 142 142 142 142 142 143 143 143 143 143 143 143 143 143 143 131 131 131 131 130 131 131 131 130 130 130 130 130 130 130 130 130 130 130 130 130 130 130 130 130 130 130 130 130 130 130 130 130 130 130 130 130 130 130 130 130 130 130 130 130 130 130 130 130 130 130 130 130 130 130 130 130 130 130 130 130 130 131 130 131 130 130 130 130 131 131 131 131 131 131 131 131 131 132 132 132 132 132 132 132 132 132 132 132 132 132 132 132 132 132 132 132 132 132 132 132 132 132 132 133 132 133 133 133 133 133 133 133 133 133 133 133 133 133 133 133 133 134 134 134 134 134 134 134 134 134 134 134 134 134 134 134 135 135 135 135 135 135 135 135 135 135 135 135 135 135 135 135 136 136 136 136 136 136 136 136 136 136 136 136 136 136 136 137 137 137 137 137 137 138 138 138 138 138 138 138 138 138 138 138 139 139 139 139 139 139 139 139 139 139 139 139 139 139 140 140 140 140 140 140 140 140 140 140 140 140 141 141 141 141 141 141 141 141 141 141 141 141 141 142 142 142 142 142 142 142 142 142 142 142 142 143 143 143 143 143 143 143 143 143 143 143 144 144 144 131 131 131 131 131 130 130 130 131 131 130 130 130 130 130 130 130 130 130 130 130 130 130 130 130 130 130 130 130 130 130 130 130 130 130 130 130 130 130 130 130 130 130 130 130 130 130 130 130 130 130 130 130 130 130 130 130 130 130 130 130 130 130 130 130 130 130 130 130 130 130 130 130 130 130 130 130 131 131 131 131 131 131 131 131 131 131 131 132 132 132 132 132 132 132 132 132 132 132 132 132 132 132 132 132 132 132 132 132 132 132 133 133 133 133 133 133 133 133 133 133 133 133 133 133 133 133 133 133 134 134 134 134 134 134 134 134 134 134 134 134 134 134 135 135 135 135 135 135 135 135 135 135 135 135 135 135 135 135 135 135 136 136 136 136 136 136 136 136 136 136 136 136 136 137 137 137 137 137 137 138 138 138 138 138 138 138 138 138 138 138 138 139 139 139 139 139 139 139 139 139 139 139 139 139 140 140 140 140 140 140 140 140 140 140 140 140 140 141 141 141 141 141 141 141 141 141 141 141 141 142 142 142 142 142 142 142 142 142 142 142 142 143 143 143 143 143 143 143 143 143 143 143 144 144 144 144 144 130 130 130 130 130 130 130 130 130 130 130 130 130 130 130 130 130 130 130 130 130 130 130 130 130 130 130 130 130 130 130 130 130 130 130 130 130 130 130 130 131 130 130 130 130 130 130 130 130 130 130 130 130 130 130 130 130 130 131 130 130 130 130 130 130 130 130 130 130 130 131 130 130 130 130 130 130 130 130 130 131 131 131 131 131 131 131 131 131 131 131 131 131 131 131 131 131 131 131 131 131 131 131 131 132 132 132 132 132 132 132 132 132 133 133 133 133 133 133 133 133 133 133 133 133 133 133 133 133 133 134 134 134 134 134 134 134 134 134 134 134 134 134 134 135 135 135 135 135 135 135 135 135 135 135 135 135 135 135 135 135 136 136 136 136 136 136 136 136 136 136 136 136 136 137 137 137 137 137 137 137 138 138 138 138 138 138 138 138 138 138 138 138 139 139 139 139 139 139 139 139 139 139 139 139 140 140 140 140 140 140 140 140 140 140 140 140 140 141 141 141 141 141 141 141 141 141 141 141 141 142 142 142 142 142 142 142 142 142 142 142 142 142 143 143 143 143 143 143 143 143 143 143 143 143 144 144 144 144 130 130 130 130 130 130 130 130 130 130 130 130 130 130 130 130 130 130 130 130 130 130 130 130 130 130 130 130 130 130 130 130 130 130 130 130 130 130 130 130 130 130 130 130 130 130 130 130 130 130 130 130 130 130 130 130 130 130 130 130 130 130 130 130 130 130 130 130 130 130 130 130 130 130 130 131 130 130 130 130 130 130 130 130 130 130 131 130 130 130 130 130 131 131 131 131 131 131 131 131 131 131 131 131 131 131 131 131 131 131 132 132 132 132 132 131 131 132 132 132 132 132 132 132 132 133 133 133 133 133 133 133 133 133 133 133 133 133 133 133 133 134 134 134 134 134 134 134 134 134 134 134 134 134 134 134 135 135 135 135 135 135 135 135 135 135 135 135 135 135 135 135 136 136 136 136 136 136 136 136 136 136 136 136 136 137 137 137 137 137 137 137 138 138 138 138 138 138 138 138 138 138 138 138 139 139 139 139 139 139 139 139 139 139 139 139 139 140 140 140 140 140 140 140 140 140 140 140 140 141 141 141 141 141 141 141 141 141 141 141 141 142 142 142 142 142 142 142 142 142 142 142 142 142 142 142 142 143 143 143 143 143 143 143 143 143 144 144 144 144 144 144 144 130 130 130 130 130 130 130 130 130 130 130 130 130 130 130 130 130 130 130 130 130 130 130 130 130 130 130 130 130 130 130 130 130 130 130 130 130 130 130 130 130 130 130 130 130 130 130 130 129 130 130 130 130 130 130 130 130 130 130 130 130 130 130 130 130 130 130 130 130 130 130 130 131 130 130 130 130 130 130 130 130 131 131 131 130 130 130 130 130 130 130 130 130 131 130 131 131 131 131 131 131 131 131 131 131 131 131 131 131 131 131 131 131 131 131 132 132 132 132 132 132 132 132 132 131 131 132 132 132 132 132 132 132 132 133 133 133 133 133 133 133 133 133 133 133 133 133 133 134 134 134 134 134 134 134 134 134 134 134 134 134 134 134 134 135 135 135 135 135 135 135 135 135 135 135 135 135 135 135 136 136 136 136 136 136 136 136 136 136 136 136 136 137 137 137 137 137 137 137 138 138 138 138 138 138 138 138 138 138 138 138 138 139 139 139 139 139 139 139 139 139 139 139 139 140 140 140 140 140 140 140 140 140 140 140 140 141 141 141 141 141 141 141 141 141 141 141 141 141 142 142 142 142 142 142 142 142 142 142 142 142 142 142 142 142 142 143 143 143 143 143 143 143 143 143 144 144 144 144 144 144 130 130 130 130 130 130 130 130 130 130 130 130 130 130 130 130 130 130 130 130 130 130 130 130 130 130 130 130 130 130 130 130 130 130 130 130 130 130 130 130 130 130 130 130 130 130 130 130 130 129 130 130 130 130 130 130 130 130 130 130 130 130 130 130 131 130 130 130 130 130 130 130 130 130 130 130 130 131 130 131 131 131 131 131 131 131 131 130 130 130 130 130 130 131 131 131 131 131 131 131 131 131 131 131 131 131 131 131 131 131 131 131 131 131 131 131 131 131 131 131 131 132 132 132 132 132 132 132 132 132 132 132 132 132 132 132 133 133 133 133 133 133 133 133 133 133 133 133 133 133 133 134 134 134 134 134 134 134 134 134 134 134 134 134 134 134 135 135 135 135 135 135 135 135 135 135 135 135 135 135 135 136 136 136 136 136 136 136 136 136 136 136 136 137 137 137 137 137 137 138 138 138 138 138 138 138 138 138 138 138 138 138 138 139 139 139 139 139 139 139 139 139 139 139 139 140 140 140 140 140 140 140 140 140 140 140 140 140 141 141 141 141 141 141 141 141 141 141 141 141 141 142 142 142 142 142 142 142 142 142 142 142 142 142 142 142 142 142 142 142 143 143 143 143 143 143 144 144 144 144 144 144 130 130 130 130 130 130 130 130 130 130 130 130 130 130 130 130 130 130 130 130 130 130 130 130 130 130 130 130 129 129 129 129 129 129 129 129 130 130 130 130 130 130 130 130 130 130 130 130 130 130 130 130 130 130 130 130 130 130 130 130 130 130 130 130 130 130 130 130 130 130 130 130 130 130 130 129 130 130 130 130 130 130 130 130 130 130 130 130 130 130 130 130 130 130 130 130 131 131 130 131 131 131 131 131 131 131 131 131 131 131 131 131 131 131 131 131 131 131 131 131 131 131 131 131 131 132 132 132 132 132 132 132 132 132 132 132 132 132 132 133 133 133 133 133 133 133 133 133 133 133 133 133 133 133 134 134 134 134 134 134 134 134 134 134 134 134 134 134 134 135 135 135 135 135 135 135 135 135 135 135 135 135 135 136 136 136 136 136 136 136 136 136 136 136 136 136 137 137 137 137 137 138 138 138 138 138 138 138 138 138 138 138 138 138 138 139 139 139 139 139 139 139 139 139 139 139 139 140 140 140 140 140 140 140 140 140 140 140 140 140 141 141 141 141 141 141 141 141 141 141 141 141 141 142 142 142 142 142 142 142 142 142 141 142 142 143 142 142 142 142 143 143 143 143 143 143 143 143 143 143 144 144 144 144 130 130 130 130 129 129 130 130 130 130 130 130 130 130 130 130 130 129 129 129 130 130 130 130 130 130 130 130 130 130 130 130 129 129 129 129 129 129 129 129 130 130 129 129 129 130 130 130 130 130 130 130 130 130 130 130 130 130 130 130 130 130 130 130 130 130 130 130 130 130 130 130 130 130 130 130 130 130 130 129 129 129 130 130 130 130 130 130 130 130 130 130 130 130 130 130 130 130 130 130 130 130 130 130 131 131 131 131 131 131 131 131 131 131 131 131 131 131 131 131 131 131 131 131 131 131 131 131 131 131 132 132 132 132 132 132 132 132 132 132 132 132 132 132 132 132 133 133 133 133 133 133 133 133 133 133 133 133 133 134 134 134 134 134 134 134 134 134 134 134 134 134 134 134 134 135 135 135 135 135 135 135 135 135 135 135 135 135 135 136 136 136 136 136 136 136 136 136 136 136 136 137 137 137 137 137 138 138 138 138 138 138 138 138 138 138 138 138 138 138 139 139 139 139 139 139 139 139 139 139 139 139 139 140 140 140 140 140 140 140 140 140 140 140 140 141 141 141 141 141 141 141 141 141 141 141 141 141 142 142 142 142 142 142 142 141 141 142 142 143 143 143 143 143 143 144 144 143 143 143 143 143 143 143 143 144 144 144 144 129 129 129 129 129 129 129 129 129 129 130 130 130 129 129 129 129 129 129 129 129 129 129 129 129 129 130 130 130 129 129 129 129 129 129 129 129 129 129 129 129 129 129 129 129 129 129 129 129 129 129 129 129 129 129 129 129 130 129 129 129 129 129 129 129 129 129 129 130 129 129 130 129 129 129 129 130 130 130 130 129 130 130 129 129 129 130 130 130 130 130 130 130 130 130 130 130 130 130 130 130 130 130 130 130 130 130 130 130 130 131 131 131 131 131 131 131 131 131 131 131 131 131 131 131 131 131 131 131 131 131 131 131 132 132 132 132 132 132 132 132 132 132 132 132 132 132 132 132 132 132 133 133 133 133 133 133 133 133 133 133 133 133 133 133 134 134 134 134 134 134 134 134 134 134 134 134 134 134 134 135 135 135 135 135 135 135 135 135 135 135 135 135 135 136 136 136 136 136 136 136 136 136 136 136 136 137 137 137 137 137 138 138 138 138 138 138 138 138 138 138 138 138 138 138 139 139 139 139 139 139 139 139 139 139 139 139 140 140 140 140 140 140 140 140 140 140 140 140 141 141 141 141 141 141 141 141 141 141 141 141 141 142 142 142 142 142 141 141 142 142 142 142 142 142 142 143 143 143 144 144 143 143 143 143 143 143 143 144 144 129 129 129 129 129 129 129 129 129 129 129 129 129 129 129 129 129 129 129 129 129 129 129 129 129 129 129 129 129 129 129 129 129 129 129 129 129 129 129 129 129 129 129 129 129 129 129 129 129 129 129 129 129 129 129 129 129 129 129 129 129 129 129 129 129 129 129 129 129 129 129 129 129 129 129 129 129 129 129 130 130 129 129 129 129 129 129 130 130 130 130 130 130 130 130 130 130 130 130 130 130 130 130 130 130 130 130 130 130 130 130 130 131 131 131 131 131 131 131 131 131 131 131 131 131 131 131 131 131 131 131 131 131 131 132 132 132 132 132 132 132 132 132 132 132 132 132 132 132 132 132 132 132 132 133 133 133 133 133 133 133 133 133 133 133 133 134 134 134 134 134 134 134 134 134 134 134 134 134 134 134 134 135 135 135 135 135 135 135 135 135 135 135 135 135 136 136 136 136 136 136 136 136 136 136 136 136 137 137 137 137 137 138 138 138 138 138 138 138 138 138 138 138 138 138 138 139 139 139 139 139 139 139 139 139 139 139 139 140 140 140 140 140 140 140 140 140 140 140 140 141 141 141 141 141 141 141 141 141 141 141 141 141 141 142 142 142 142 141 142 142 142 142 142 142 142 142 143 143 143 143 143 143 143 143 143 144 144 129 129 129 129 129 129 129 129 129 129 129 129 129 129 129 129 129 129 129 129 129 129 129 129 129 129 129 129 129 129 129 129 129 129 129 129 129 129 129 129 129 129 129 129 129 129 129 129 129 129 129 129 129 129 129 129 129 129 129 129 129 129 129 129 129 129 129 129 129 129 129 129 129 129 129 129 129 129 129 129 129 129 129 130 130 129 129 130 129 130 130 130 130 130 130 130 130 130 130 130 130 130 130 130 130 130 130 130 130 130 131 131 131 131 131 131 131 131 131 131 131 131 131 131 131 131 131 131 131 131 131 131 131 131 132 132 132 132 132 132 132 132 132 132 132 132 132 132 132 132 132 132 132 132 132 133 133 133 133 133 133 133 133 133 133 133 134 134 134 134 134 134 134 134 134 134 134 134 134 134 134 135 135 135 135 135 135 135 135 135 135 135 135 135 135 136 136 136 136 136 136 136 136 136 136 136 136 137 137 137 137 138 138 138 138 138 138 138 138 138 138 138 138 138 138 139 139 139 139 139 139 139 139 139 139 139 139 139 140 140 140 140 140 140 140 140 140 140 140 140 141 141 141 141 141 141 141 141 141 141 141 141 142 142 142 142 142 142 142 142 142 142 142 142 142 142 143 143 143 143 143 143 143 143 143 143 144 129 129 129 129 129 129 129 129 129 129 129 129 129 129 129 129 129 129 129 129 129 129 129 129 129 129 129 129 129 129 129 129 129 129 129 129 129 129 129 129 129 129 129 129 129 129 129 129 129 129 129 129 129 129 129 129 129 129 129 129 129 129 129 129 129 129 129 129 129 129 129 129 129 129 129 129 129 129 129 129 129 129 129 129 129 129 130 129 130 129 130 130 130 130 130 130 130 130 130 130 130 130 130 130 130 130 130 130 130 130 130 130 131 131 131 131 131 131 131 131 131 131 131 131 131 131 131 131 131 131 131 131 131 131 131 131 131 132 132 132 132 132 132 132 132 132 132 132 132 132 132 132 132 132 132 133 133 133 133 133 133 133 133 133 133 133 133 134 134 134 134 134 134 134 134 134 134 134 134 134 134 135 135 135 135 135 135 135 135 135 135 135 135 135 135 136 136 136 136 136 136 136 136 136 136 136 136 137 137 137 137 138 138 138 138 138 138 138 138 138 138 138 138 138 138 139 139 139 139 139 139 139 139 139 139 139 139 140 140 140 140 140 140 140 140 140 140 140 140 141 141 141 141 141 141 141 141 141 141 141 141 141 142 142 142 142 142 142 142 142 142 142 142 142 142 143 143 143 143 143 143 143 143 143 143 144 129 129 129 129 129 129 129 129 129 129 129 129 129 129 129 129 129 129 129 129 129 129 129 129 129 129 129 129 129 129 129 129 129 129 129 129 129 129 129 129 129 129 129 129 129 129 129 129 129 129 129 129 129 129 129 129 129 129 129 129 129 129 129 129 129 129 129 129 129 129 129 129 129 129 129 129 129 129 129 129 129 129 129 129 129 129 129 129 129 129 130 130 130 130 130 130 130 130 130 130 130 130 130 130 130 130 130 130 130 130 130 130 130 130 131 131 131 131 131 131 131 131 131 131 131 131 131 131 131 131 131 131 131 131 131 131 131 131 132 132 132 132 132 132 132 132 132 132 132 132 132 132 132 132 132 132 133 133 133 133 133 133 133 133 133 133 133 133 134 134 134 134 134 134 134 134 134 134 134 134 134 134 135 135 135 135 135 135 135 135 135 135 135 135 135 135 136 136 136 136 136 136 136 136 136 136 136 137 137 137 137 138 138 138 138 138 138 138 138 138 138 138 138 138 138 138 139 139 139 139 139 139 139 139 139 139 139 140 140 140 140 140 140 140 140 140 140 140 140 141 141 141 141 141 141 141 141 141 141 141 141 141 142 142 142 142 142 142 142 142 142 142 142 142 143 143 143 143 143 143 143 143 143 143 143 143 143 129 129 129 129 129 129 129 129 129 129 129 129 129 129 129 129 129 129 129 129 129 129 129 129 129 129 129 129 129 129 129 129 129 129 129 129 129 129 129 129 129 129 129 129 129 129 129 129 129 129 129 129 129 129 129 129 129 129 129 129 129 129 129 129 129 129 129 129 129 129 129 129 129 129 129 129 129 129 129 129 129 129 129 129 129 129 129 129 129 129 130 129 130 130 130 130 130 130 130 130 130 130 130 130 130 130 130 130 130 130 130 130 130 130 130 131 131 131 131 131 131 131 131 131 131 131 131 131 131 131 131 131 131 131 131 131 131 131 131 132 132 132 132 132 132 132 132 132 132 132 132 132 132 132 132 132 132 133 133 133 133 133 133 133 133 133 133 134 134 134 134 134 134 134 134 134 134 134 134 134 134 134 135 135 135 135 135 135 135 135 135 135 135 135 135 135 136 136 136 136 136 136 136 136 136 136 137 137 137 137 137 138 138 138 138 138 138 138 138 138 138 138 138 138 138 138 139 139 139 139 139 139 139 139 139 139 140 140 140 140 140 140 140 140 140 140 140 140 141 141 141 141 141 141 141 141 141 141 141 141 141 142 142 142 142 142 142 142 142 142 142 142 142 143 143 143 143 143 143 143 143 143 143 143 143 129 129 128 128 129 129 128 129 129 129 129 129 129 129 129 129 129 129 129 129 129 129 129 129 129 129 129 129 129 129 129 129 129 129 129 129 129 129 129 129 129 129 129 129 129 129 129 129 129 129 129 129 129 129 129 129 129 129 129 129 129 129 129 129 129 129 129 129 129 129 129 129 129 129 129 129 129 129 129 129 129 129 129 129 129 129 129 129 129 129 129 130 130 130 129 130 130 130 130 130 130 130 130 130 130 130 130 130 130 130 130 130 130 130 130 130 130 131 131 131 131 131 131 131 131 131 131 131 131 131 131 131 131 131 131 131 131 131 131 132 132 132 132 132 132 132 132 132 132 132 132 132 132 132 132 132 133 133 133 133 133 133 133 133 133 133 133 134 134 134 134 134 134 134 134 134 134 134 134 134 134 134 135 135 135 135 135 135 135 135 135 135 135 135 135 136 136 136 136 136 136 136 136 136 136 136 137 137 137 137 138 138 138 138 138 138 138 138 138 138 138 138 138 138 138 138 139 139 139 139 139 139 139 139 139 139 140 140 140 140 140 140 140 140 140 140 140 140 141 141 141 141 141 141 141 141 141 141 141 141 142 142 142 142 142 142 142 142 142 142 142 143 143 143 143 143 143 143 143 143 143 143 143 128 128 128 128 128 128 128 128 129 129 129 129 129 129 129 129 129 129 129 129 129 129 129 129 129 129 129 129 129 129 129 129 129 129 129 129 129 129 129 129 129 129 129 129 129 129 129 129 129 129 129 129 129 129 129 129 129 129 129 129 129 129 129 129 129 129 129 129 129 129 129 129 129 129 129 129 129 129 129 129 129 129 129 129 129 129 129 129 129 129 129 129 129 129 129 129 129 130 130 130 130 130 130 130 130 130 130 130 130 130 130 130 130 130 130 130 130 130 130 130 131 131 131 131 131 131 131 131 131 131 131 131 131 131 131 131 131 131 131 131 131 132 132 132 132 132 132 132 132 132 132 132 132 132 132 132 132 132 133 133 133 133 133 133 133 133 133 133 133 134 134 134 134 134 134 134 134 134 134 134 134 134 134 135 135 135 135 135 135 135 135 135 135 135 135 135 135 136 136 136 136 136 136 136 136 136 136 136 137 137 137 137 138 138 138 138 138 138 138 138 138 138 138 138 138 138 138 138 139 139 139 139 139 139 139 139 139 139 140 140 140 140 140 140 140 140 140 140 140 141 141 141 141 141 141 141 141 141 141 141 141 142 142 142 142 142 142 142 142 142 142 142 142 143 143 143 143 143 143 143 143 143 143 128 128 128 128 128 128 128 128 129 129 129 129 129 129 128 128 129 129 128 128 129 129 129 129 129 128 129 129 129 129 129 129 129 129 129 129 129 129 129 129 129 129 129 129 129 129 129 128 129 128 128 128 129 128 129 129 129 129 128 129 128 129 129 129 129 129 129 129 129 129 129 129 129 129 129 129 129 129 129 129 129 129 129 129 129 129 129 129 129 129 129 129 129 129 129 129 129 129 129 129 129 130 130 130 130 130 130 130 130 130 130 130 130 130 130 130 130 130 130 130 130 130 131 131 131 131 131 131 131 131 131 131 131 131 131 131 131 131 131 131 131 131 132 132 132 132 132 132 132 132 132 132 132 132 132 132 132 132 133 133 133 133 133 133 133 133 133 133 133 133 134 134 134 134 134 134 134 134 134 134 134 134 134 134 135 135 135 135 135 135 135 135 135 135 135 135 135 135 136 136 136 136 136 136 136 136 136 136 137 137 137 137 138 138 138 138 138 138 138 138 138 138 138 138 138 138 138 138 138 139 139 139 139 139 139 139 139 139 140 140 140 140 140 140 140 140 140 140 140 141 141 141 141 141 141 141 141 141 141 141 141 141 142 142 142 142 142 142 142 142 142 142 142 143 143 143 143 143 143 143 143 143 143 128 128 128 128 128 128 128 128 128 128 128 128 128 128 128 128 128 128 128 128 128 128 128 128 128 128 128 128 128 128 128 128 128 128 128 128 128 128 128 128 128 128 128 129 128 128 128 128 128 128 128 128 128 128 128 128 128 128 128 128 128 128 129 128 128 129 129 129 129 129 129 129 129 129 129 129 129 129 129 129 129 129 129 129 129 129 129 129 129 129 129 129 129 129 129 129 129 129 129 129 129 129 130 130 130 130 130 130 130 130 130 130 130 130 130 130 130 130 130 130 130 130 130 130 131 131 131 131 131 131 131 131 131 131 131 131 131 131 131 131 131 131 131 131 132 132 132 132 132 132 132 132 132 132 132 132 132 132 133 133 133 133 133 133 133 133 133 133 133 133 133 134 134 134 134 134 134 134 134 134 134 134 134 134 134 135 135 135 135 135 135 135 135 135 135 135 135 135 136 136 136 136 136 136 136 136 136 136 137 137 137 137 138 138 138 138 138 138 138 138 138 138 138 138 138 138 138 138 138 139 139 139 139 139 139 139 139 139 139 140 140 140 140 140 140 140 140 140 140 141 141 141 141 141 141 141 141 141 141 141 141 141 142 142 142 142 142 142 142 142 142 142 142 143 143 143 143 143 143 143 143 143 128 128 128 128 128 128 128 128 128 128 128 128 128 128 128 128 128 128 128 128 128 128 128 128 128 128 128 128 128 128 128 128 128 128 128 128 128 128 128 128 128 128 128 128 128 128 128 128 128 128 128 128 128 128 128 128 128 128 128 128 128 128 128 128 128 128 128 128 129 129 128 129 129 129 129 129 129 129 129 129 129 129 129 129 129 129 129 129 129 129 129 129 129 129 129 129 129 129 129 129 129 129 129 130 130 130 130 130 130 130 130 130 130 130 130 130 130 130 130 130 130 130 130 130 130 130 131 131 131 131 131 131 131 131 131 131 131 131 131 131 131 131 131 131 131 132 132 132 132 132 132 132 132 132 132 132 132 132 133 133 133 133 133 133 133 133 133 133 133 133 133 133 134 134 134 134 134 134 134 134 134 134 134 134 134 135 135 135 135 135 135 135 135 135 135 135 135 135 135 136 136 136 136 136 136 136 136 136 137 137 137 137 137 138 138 138 138 138 138 138 138 138 138 138 138 138 138 138 139 139 139 139 139 139 139 139 139 139 139 140 140 140 140 140 140 140 140 140 140 141 141 141 141 141 141 141 141 141 141 141 141 141 142 142 142 142 142 142 142 142 142 142 142 142 143 142 142 143 143 143 143 143 128 128 128 128 128 128 128 128 128 128 128 128 128 128 128 128 128 128 128 128 128 128 128 128 128 128 128 128 128 128 128 128 128 128 128 128 128 128 128 128 128 128 128 128 128 128 128 128 128 128 128 128 128 128 128 128 128 128 128 128 128 128 128 128 128 128 128 128 128 128 128 128 129 128 129 129 129 129 129 129 129 129 129 129 129 129 129 129 129 129 129 129 129 129 129 129 129 129 129 129 129 129 129 129 129 129 129 130 130 130 130 130 130 130 130 130 130 130 130 130 130 130 130 130 130 130 130 130 131 131 131 131 131 131 131 131 131 131 131 131 131 131 131 131 131 131 131 132 132 132 132 132 132 132 132 132 132 132 132 133 133 133 133 133 133 133 133 133 133 133 133 133 133 134 134 134 134 134 134 134 134 134 134 134 134 134 134 135 135 135 135 135 135 135 135 135 135 135 135 135 136 136 136 136 136 136 136 136 136 137 137 137 137 137 138 138 138 138 138 138 138 138 138 138 138 138 138 138 139 139 139 139 139 139 139 139 139 139 139 139 139 140 140 140 140 140 140 140 140 140 140 141 141 141 141 141 141 141 141 141 141 141 141 142 142 142 142 142 142 142 142 142 142 142 142 142 142 142 143 143 143 143 128 128 128 128 128 128 128 128 128 128 128 128 128 128 128 128 128 128 128 128 128 128 128 128 128 128 128 128 128 128 128 128 128 128 128 128 128 128 128 128 128 128 128 128 128 128 128 128 128 128 128 128 128 128 128 128 128 128 128 128 128 128 128 128 128 128 128 128 128 128 128 128 128 128 128 128 129 129 129 129 129 129 129 129 129 129 129 129 129 129 129 129 129 129 129 129 129 129 129 129 129 129 129 129 129 129 129 129 130 130 130 130 130 130 130 130 130 130 130 130 130 130 130 130 130 130 130 130 130 131 131 131 131 131 131 131 131 131 131 131 131 131 131 131 131 131 131 131 131 131 131 131 132 132 132 132 132 132 132 133 133 133 133 133 133 133 133 133 133 133 133 133 133 134 134 134 134 134 134 134 134 134 134 134 134 134 134 135 135 135 135 135 135 135 135 135 135 135 135 135 136 136 136 136 136 136 136 136 137 137 137 137 137 138 138 138 138 138 138 138 138 138 138 138 138 138 138 139 139 139 139 139 139 139 139 139 139 139 139 140 140 140 140 140 140 140 140 140 140 140 141 141 141 141 141 141 141 141 141 141 141 141 141 142 142 142 142 142 142 142 142 142 142 142 142 142 128 128 128 128 128 128 128 128 128 128 128 128 128 128 128 128 128 128 128 128 128 128 128 128 128 128 128 128 128 128 128 128 128 128 128 128 128 128 128 128 128 128 128 128 128 128 128 128 128 128 128 128 128 128 128 128 128 128 128 128 128 128 128 128 128 128 128 128 128 128 128 128 128 128 128 128 128 128 128 128 128 129 129 129 129 129 129 129 129 129 129 129 129 129 129 129 129 129 129 129 129 129 129 129 129 129 129 129 130 130 130 130 130 130 130 130 130 130 130 130 130 130 130 130 130 130 130 130 130 130 131 131 131 131 131 131 131 131 131 131 131 131 131 131 131 131 131 131 131 131 131 131 132 132 132 132 132 132 132 132 132 133 133 133 133 133 133 133 133 133 133 133 133 133 134 134 134 134 134 134 134 134 134 134 134 134 134 135 135 135 135 135 135 135 135 135 135 135 135 135 135 136 136 136 136 136 136 136 137 137 137 137 137 137 138 138 138 138 138 138 138 138 138 138 138 138 138 139 139 139 139 139 139 139 139 139 139 139 139 139 140 140 140 140 140 140 140 140 140 140 141 141 141 141 141 141 141 141 141 141 141 141 141 142 142 142 142 142 142 142 142 127 127 127 127 127 127 127 127 128 128 128 128 128 128 128 128 128 128 128 128 128 128 128 128 128 128 128 128 128 128 128 128 128 128 128 128 128 128 128 128 128 128 128 128 128 128 128 128 128 128 128 128 128 128 128 128 128 128 128 128 128 128 128 128 128 128 128 128 128 128 128 128 128 128 128 128 128 128 128 128 128 128 128 129 129 129 129 129 129 129 129 129 129 129 129 129 129 129 129 129 129 129 129 129 129 129 129 129 129 129 130 130 130 130 130 130 130 130 130 130 130 130 130 130 130 130 130 130 130 130 130 130 131 131 131 131 131 131 131 131 131 131 131 131 131 131 131 131 131 131 131 131 132 132 132 132 132 132 132 132 132 133 133 133 133 133 133 133 133 133 133 133 133 133 133 134 134 134 134 134 134 134 134 134 134 134 134 134 135 135 135 135 135 135 135 135 135 135 135 135 135 135 136 136 136 136 136 136 137 137 137 137 137 137 138 138 138 138 138 138 138 138 138 138 138 138 138 139 139 139 139 139 139 139 139 139 139 139 139 139 140 140 140 140 140 140 140 140 140 140 141 141 141 141 141 141 141 141 141 141 141 141 141 142 142 142 142 142 142 142 142 142 127 127 127 127 127 127 127 127 128 128 128 128 128 128 128 128 128 128 128 128 128 128 128 128 128 128 128 128 128 128 128 128 128 128 128 128 128 128 128 128 128 128 128 128 128 128 128 128 128 128 128 128 128 128 128 128 128 128 128 128 128 128 128 128 128 128 128 128 128 128 128 128 128 128 128 128 128 128 128 128 128 128 128 128 128 129 129 129 129 129 129 129 129 129 129 129 129 129 129 129 129 129 129 129 129 129 129 129 129 129 129 129 130 130 130 130 130 130 130 130 130 130 130 130 130 130 130 130 130 130 130 130 130 131 131 131 131 131 131 131 131 131 131 131 131 131 131 131 131 131 131 131 132 132 132 132 132 132 132 132 132 133 133 133 133 133 133 133 133 133 133 133 133 133 133 133 134 134 134 134 134 134 134 134 134 134 134 134 135 135 135 135 135 135 135 135 135 135 135 135 135 135 136 136 136 136 136 136 137 137 137 137 137 137 138 138 138 138 138 138 138 138 138 138 138 138 138 139 139 139 139 139 139 139 139 139 139 139 139 139 140 140 140 140 140 140 140 140 140 140 140 141 141 141 141 141 141 141 141 141 141 141 141 141 142 142 142 142 142 142 142 142 142 142 127 127 127 127 127 127 127 127 127 128 128 128 128 128 128 128 127 128 128 128 128 128 128 128 128 128 128 128 128 128 128 128 128 128 128 128 128 128 128 128 128 128 128 128 128 128 128 128 128 128 128 128 128 128 128 128 128 128 128 128 128 128 128 128 128 128 128 128 128 128 128 128 128 128 128 128 128 128 128 128 128 128 128 128 128 128 128 128 128 128 128 128 128 128 128 129 129 129 129 129 129 129 129 129 129 129 129 129 129 129 129 130 130 130 130 130 130 130 130 130 130 130 130 130 130 130 130 130 130 130 130 130 131 131 131 131 131 131 131 131 131 131 131 131 131 131 131 131 131 131 131 132 132 132 132 132 132 132 132 132 132 132 132 132 132 132 133 133 133 133 133 133 133 133 133 133 133 133 133 134 134 134 134 134 134 134 134 134 134 134 134 135 135 135 135 135 135 135 135 135 135 135 135 135 136 136 136 136 136 137 137 137 138 138 138 138 138 138 138 138 138 138 138 138 139 139 139 139 139 139 139 139 139 139 139 140 140 140 140 140 140 140 140 140 140 140 140 141 141 141 141 141 141 141 141 141 141 141 142 142 142 142 142 142 142 142 142 142 142 142 143 143 143 143 143 143 143 143 127 127 127 127 127 127 127 127 127 127 127 127 127 127 127 127 127 127 127 127 127 127 127 127 127 127 128 128 128 128 128 128 128 128 128 128 128 128 128 128 128 128 128 128 128 128 128 128 128 128 128 128 128 128 128 128 128 128 128 128 128 128 128 128 128 128 128 128 128 128 128 128 128 128 128 128 128 128 128 128 128 128 128 128 128 128 128 128 128 128 128 128 128 128 128 128 128 128 128 129 129 129 129 129 129 129 129 129 129 129 129 129 129 129 129 130 130 130 130 130 130 130 130 130 130 130 130 130 130 130 130 130 130 130 130 130 131 131 131 131 131 131 131 131 131 131 131 131 131 131 131 131 131 131 132 132 132 132 132 132 132 132 132 132 132 132 132 132 132 133 133 133 133 133 133 133 133 133 133 133 133 133 134 134 134 134 134 134 134 134 134 134 134 134 135 135 135 135 135 135 135 135 135 135 135 135 136 136 136 136 136 137 137 137 137 138 138 138 138 138 138 138 138 138 138 138 139 139 139 139 139 139 139 139 139 139 139 140 140 140 140 140 140 140 140 140 140 140 140 140 141 141 141 141 141 141 141 141 141 141 141 142 142 142 142 142 142 142 142 142 142 142 143 143 143 143 143 143 143 143 127 127 127 127 127 127 127 127 127 127 127 127 127 127 127 127 127 127 127 127 127 127 127 127 127 127 127 127 127 127 127 127 127 127 127 127 127 127 128 128 128 128 128 128 128 128 128 128 128 128 128 128 128 128 128 128 128 128 128 128 128 128 128 128 128 128 128 128 128 128 128 128 128 128 128 128 128 128 128 128 128 128 128 128 128 128 128 128 128 128 128 128 128 128 128 128 128 128 128 128 128 128 128 128 129 129 129 129 129 129 129 129 129 129 129 129 129 130 130 130 130 130 130 130 130 130 130 130 130 130 130 130 130 130 130 130 130 130 130 131 131 131 131 131 131 131 131 131 131 131 131 131 131 131 131 131 131 132 132 132 132 132 132 132 132 132 132 132 132 132 132 132 133 133 133 133 133 133 133 133 133 133 133 133 134 134 134 134 134 134 134 134 134 134 134 134 134 135 135 135 135 135 135 135 135 135 135 135 135 136 136 136 136 137 137 137 137 138 138 138 138 138 138 138 138 138 138 138 139 139 139 139 139 139 139 139 139 139 140 140 140 140 140 140 140 140 140 140 140 140 140 140 141 141 141 141 141 141 141 141 141 141 141 142 142 142 142 142 142 142 142 142 142 143 143 143 143 143 143 143 143 143 127 127 127 127 127 127 127 127 127 127 127 127 127 127 127 127 127 127 127 127 127 127 127 127 127 127 127 127 127 127 127 127 127 127 127 127 127 127 128 128 128 128 128 128 128 128 128 128 128 128 128 128 128 128 128 128 128 128 128 128 128 128 128 128 128 128 128 128 128 128 128 128 128 128 128 128 128 128 128 128 128 128 128 128 128 128 128 128 128 128 128 128 128 128 128 128 129 129 129 129 129 129 129 129 129 129 129 129 129 129 130 130 130 130 130 130 130 130 130 130 130 130 130 130 130 130 130 130 130 130 130 131 131 131 131 131 131 131 131 131 131 131 131 131 131 131 131 131 132 132 132 132 132 132 132 132 132 132 132 132 132 132 132 133 133 133 133 133 133 133 133 133 133 133 133 133 134 134 134 134 134 134 134 134 134 134 134 134 135 135 135 135 135 135 135 135 135 135 135 135 136 136 136 136 137 137 137 137 137 138 138 138 138 138 138 138 138 138 138 139 139 139 139 139 139 139 139 139 139 140 140 140 140 140 140 140 140 140 140 140 140 140 140 140 141 141 141 141 141 141 141 141 141 141 142 142 142 142 142 142 142 142 142 142 143 143 143 143 143 143 143 143 143 127 127 127 127 127 127 127 127 127 127 127 127 127 127 127 127 127 127 127 127 127 127 127 127 127 127 127 127 127 127 127 127 127 127 127 127 127 127 127 127 127 127 127 127 128 128 128 128 128 128 128 128 127 127 127 128 128 128 127 128 128 128 128 128 128 128 128 128 128 128 128 128 128 128 128 128 128 128 128 128 128 128 128 128 128 128 128 128 128 128 128 128 128 128 129 129 129 129 129 129 129 129 129 129 129 129 129 129 129 129 130 130 130 130 130 130 130 130 130 130 130 130 130 130 130 130 130 130 130 130 131 131 131 131 131 131 131 131 131 131 131 131 131 131 131 131 131 132 132 132 132 132 132 132 132 132 132 132 132 132 132 132 133 133 133 133 133 133 133 133 133 133 133 133 133 134 134 134 134 134 134 134 134 134 134 134 134 135 135 135 135 135 135 135 135 135 135 135 136 136 136 136 137 137 137 137 137 137 138 138 138 138 138 138 138 138 138 139 139 139 139 139 139 139 139 139 139 139 140 140 140 140 140 140 140 140 140 140 140 140 140 140 141 141 141 141 141 141 141 141 141 141 142 142 142 142 142 142 142 142 142 142 143 143 143 143 143 143 143 143 143 143 144 144 144 144 127 127 127 127 127 127 127 127 127 127 127 127 127 127 127 127 127 127 127 127 127 127 127 127 127 127 127 127 127 127 127 127 127 127 127 127 127 127 127 127 127 127 127 127 127 127 127 127 127 128 128 127 127 127 127 127 127 127 127 128 128 128 128 128 128 128 128 128 128 128 128 128 128 128 128 128 128 128 128 128 128 128 128 128 128 128 128 128 128 128 128 128 128 129 129 129 129 129 129 129 129 129 129 129 129 129 129 129 129 129 130 130 130 130 130 130 130 130 130 130 130 130 130 130 130 130 130 130 130 130 131 131 131 131 131 131 131 131 131 131 131 131 131 131 131 131 131 132 132 132 132 132 132 132 132 132 132 132 132 132 132 132 133 133 133 133 133 133 133 133 133 133 133 133 134 134 134 134 134 134 134 134 134 134 134 134 135 135 135 135 135 135 135 135 135 135 135 136 136 136 136 137 137 137 137 137 137 138 138 138 138 138 138 138 138 138 138 139 139 139 139 139 139 139 139 139 139 139 140 140 140 140 140 140 140 140 140 140 140 141 140 141 141 141 141 141 141 141 141 141 141 142 142 142 142 142 142 142 142 142 142 142 143 143 143 143 143 143 143 143 144 144 144 144 144 144 144 144 144 144 127 127 127 127 127 127 127 127 127 127 127 127 127 127 127 127 127 127 127 127 127 127 127 127 127 127 127 127 127 127 127 127 127 127 127 127 127 127 127 127 127 127 127 127 127 127 127 127 127 127 127 127 127 127 127 127 127 127 127 127 127 127 127 127 128 128 128 128 128 128 128 128 128 128 128 128 128 128 128 128 128 128 128 128 128 128 128 128 128 128 128 128 128 128 128 128 128 129 129 129 129 129 129 129 129 129 129 129 129 129 129 129 129 130 130 130 130 130 130 130 130 130 130 130 130 130 130 130 130 130 130 130 130 130 131 131 131 131 131 131 131 131 131 131 131 131 131 131 131 131 132 132 132 132 132 132 132 132 132 132 132 132 132 132 132 133 133 133 133 133 133 133 133 133 133 133 133 134 134 134 134 134 134 134 134 134 134 134 134 135 135 135 135 135 135 135 135 135 135 135 136 136 136 137 137 137 137 137 137 137 138 138 138 138 138 138 138 138 138 139 139 139 139 139 139 139 139 139 139 139 140 140 140 140 140 140 140 140 140 140 140 141 141 141 141 141 141 141 141 141 141 141 141 141 141 142 142 142 142 142 142 142 142 143 143 143 143 143 143 143 143 143 144 144 144 144 144 144 144 144 144 144 144 145 145 127 127 127 127 127 127 127 127 127 127 127 127 127 127 127 127 127 127 127 127 127 127 127 127 127 127 127 127 127 127 127 127 127 127 127 127 127 127 127 127 127 127 127 127 127 127 127 127 127 127 127 127 127 127 127 127 127 127 127 127 127 127 127 127 127 127 127 127 127 128 128 128 128 128 128 128 128 128 128 128 128 128 128 128 128 128 128 128 128 128 128 128 128 128 128 128 128 128 128 128 128 129 129 129 129 129 129 129 129 129 129 129 129 129 129 129 130 130 130 130 130 130 130 130 130 130 130 130 130 130 130 130 130 130 130 130 131 131 131 131 131 131 131 131 131 131 131 131 131 131 131 131 131 132 132 132 132 132 132 132 132 132 132 132 132 132 132 133 133 133 133 133 133 133 133 133 133 133 133 134 134 134 134 134 134 134 134 134 134 134 134 135 135 135 135 135 135 135 135 135 135 135 136 136 136 137 137 137 137 137 137 137 138 138 138 138 138 138 138 138 138 139 139 139 139 139 139 139 139 139 139 139 140 140 140 140 140 140 140 140 140 140 140 140 141 141 141 141 141 141 141 141 141 141 141 141 141 142 142 142 142 142 142 142 142 143 143 143 143 143 143 143 143 143 144 144 144 144 144 144 144 144 144 144 144 144 145 145 145 145 126 126 126 126 126 127 127 126 127 127 127 127 127 127 127 127 127 127 127 127 127 127 127 127 127 127 127 127 127 127 127 127 127 127 127 127 127 127 127 127 127 127 127 127 127 127 127 127 127 127 127 127 127 127 127 127 127 127 127 127 127 127 127 127 127 127 127 127 127 127 127 127 127 127 128 128 128 128 128 128 128 128 128 128 128 128 128 128 128 128 128 128 128 128 128 128 128 128 128 128 128 128 128 128 129 129 129 129 129 129 129 129 129 129 129 129 129 129 129 129 130 130 130 130 130 130 130 130 130 130 130 130 130 130 130 130 130 130 130 130 130 131 131 131 131 131 131 131 131 131 131 131 131 131 131 131 131 132 132 132 132 132 132 132 132 132 132 132 132 132 132 133 133 133 133 133 133 133 133 133 133 133 133 134 134 134 134 134 134 134 134 134 134 134 134 135 135 135 135 135 135 135 135 135 135 136 136 136 137 137 137 137 137 137 137 137 138 138 138 138 138 138 138 138 138 139 139 139 139 139 139 139 139 139 139 140 140 140 140 140 140 140 140 140 140 140 141 141 141 141 141 141 141 141 141 141 141 141 141 142 142 142 142 142 142 142 142 142 143 143 143 143 143 143 143 143 143 144 144 144 144 144 144 144 144 144 144 144 145 145 145 145 145 145 126 126 126 126 126 126 126 126 126 126 126 126 126 127 127 127 127 127 127 127 127 127 127 127 127 127 127 127 127 127 127 127 127 127 127 127 127 127 127 127 127 127 127 127 127 127 127 127 127 127 127 127 127 127 127 127 127 127 127 127 127 127 127 127 127 127 127 127 127 127 127 127 127 127 127 127 127 127 127 128 128 128 128 128 128 128 128 128 128 128 128 128 128 128 128 128 128 128 128 128 128 128 128 128 128 128 128 128 129 129 129 129 129 129 129 129 129 129 129 129 129 129 129 130 130 130 130 130 130 130 130 130 130 130 130 130 130 130 130 130 130 130 130 130 130 131 131 131 131 131 131 131 131 131 131 131 131 131 131 131 131 132 132 132 132 132 132 132 132 132 132 132 132 132 133 133 133 133 133 133 133 133 133 133 133 133 134 134 134 134 134 134 134 134 134 134 134 135 135 135 135 135 135 135 135 135 135 135 136 136 137 137 137 137 137 137 137 137 137 138 138 138 138 138 138 138 138 139 139 139 139 139 139 139 139 139 139 140 140 140 140 140 140 140 140 140 140 140 141 141 141 141 141 141 141 141 141 141 141 141 141 142 142 142 142 142 142 142 142 143 143 143 143 143 143 143 143 143 143 144 144 144 144 144 144 144 144 144 144 144 145 145 145 145 145 145 145 126 126 126 126 126 126 126 126 126 126 126 126 126 126 126 126 126 127 126 126 126 127 127 127 127 127 127 127 127 127 127 127 127 127 127 127 127 127 127 127 127 127 127 127 127 127 127 127 127 127 127 127 127 127 127 127 127 127 127 127 127 127 127 127 127 127 127 127 127 127 127 127 127 127 127 127 127 127 127 127 127 128 128 128 128 128 128 128 128 128 128 128 128 128 128 128 128 128 128 128 128 128 128 128 128 128 128 128 128 129 129 129 129 129 129 129 129 129 129 129 129 129 129 130 130 130 130 130 130 130 130 130 130 130 130 130 130 130 130 130 130 130 130 130 131 131 131 131 131 131 131 131 131 131 131 131 131 131 131 131 131 132 132 132 132 132 132 132 132 132 132 132 132 132 133 133 133 133 133 133 133 133 133 133 133 133 134 134 134 134 134 134 134 134 134 134 134 135 135 135 135 135 135 135 135 135 135 136 136 137 137 137 137 137 137 137 137 138 138 138 138 138 138 138 138 138 138 139 139 139 139 139 139 139 139 139 140 140 140 140 140 140 140 140 140 140 140 141 141 141 141 141 141 141 141 141 141 141 141 141 142 142 142 142 142 142 142 142 142 143 143 143 143 143 143 143 143 143 143 144 144 144 144 144 144 144 144 144 144 145 145 145 145 145 145 145 126 126 126 126 126 126 126 126 126 126 126 126 126 126 126 126 126 126 126 126 127 127 127 127 127 127 127 127 127 127 127 127 127 127 127 127 127 127 127 127 127 127 127 127 127 127 127 127 127 127 127 127 127 127 127 127 127 127 127 127 127 127 127 127 127 127 127 127 127 127 127 127 127 127 127 128 128 128 128 128 128 128 128 128 128 128 128 128 128 128 128 128 128 128 128 128 128 128 128 128 128 128 129 129 129 129 129 129 129 129 129 129 129 129 129 129 130 130 130 130 130 130 130 130 130 130 130 130 130 130 130 130 130 130 130 130 130 130 131 131 131 131 131 131 131 131 131 131 131 131 131 131 131 131 132 132 132 132 132 132 132 132 132 132 132 132 132 133 133 133 133 133 133 133 133 133 133 133 133 134 134 134 134 134 134 134 134 134 134 134 135 135 135 135 135 135 135 135 135 135 135 136 137 137 137 137 137 137 137 137 138 138 138 138 138 138 138 138 138 138 139 139 139 139 139 139 139 139 139 140 140 140 140 140 140 140 140 140 140 140 141 141 141 141 141 141 141 141 141 141 141 141 141 142 142 142 142 142 142 142 142 142 143 143 143 143 143 143 143 143 143 143 143 143 144 144 144 144 144 144 144 144 145 145 145 145 145 145 145 126 126 126 126 126 126 126 126 126 126 126 126 126 126 126 126 126 126 126 127 127 127 127 127 127 127 127 127 127 127 127 127 127 127 127 127 127 127 127 127 127 127 127 127 127 127 127 127 127 127 127 127 127 127 127 127 127 127 127 127 127 127 127 127 127 127 127 127 127 127 127 127 128 128 128 128 128 128 128 128 128 128 128 128 128 128 128 128 128 128 128 128 128 128 128 128 129 129 129 129 129 129 129 129 129 129 129 129 129 129 129 130 130 130 130 130 130 130 130 130 130 130 130 130 130 130 130 130 130 130 130 130 130 131 131 131 131 131 131 131 131 131 131 131 131 131 131 131 131 132 132 132 132 132 132 132 132 132 132 132 132 132 133 133 133 133 133 133 133 133 133 133 133 133 134 134 134 134 134 134 134 134 134 134 135 135 135 135 135 135 135 135 135 135 135 136 137 137 137 137 137 137 137 137 138 138 138 138 138 138 138 138 138 138 138 139 139 139 139 139 139 139 139 140 140 140 140 140 140 140 140 140 140 140 140 141 141 141 141 141 141 141 141 141 141 141 141 142 142 142 142 142 142 142 142 142 142 142 143 143 143 143 143 143 143 143 143 144 144 144 144 144 144 144 144 144 144 145 145 145 145 145 145 126 126 126 126 126 126 126 126 126 126 126 126 126 126 126 126 126 126 126 126 126 127 127 127 127 127 127 127 127 127 127 127 127 127 127 127 127 127 127 127 127 127 127 127 127 127 127 127 127 127 127 127 127 127 127 127 127 127 127 127 127 127 127 127 127 127 127 127 127 127 128 128 128 128 128 128 128 128 128 128 128 128 128 128 128 128 128 128 128 128 128 128 129 129 129 129 129 129 129 129 129 129 129 129 129 129 129 129 130 130 130 130 130 130 130 130 130 130 130 130 130 130 130 130 130 130 130 130 130 131 131 131 131 131 131 131 131 131 131 131 131 131 131 131 131 131 132 132 132 132 132 132 132 132 132 132 132 132 133 133 133 133 133 133 133 133 133 133 133 133 134 134 134 134 134 134 134 134 134 134 134 135 135 135 135 135 135 135 135 135 135 135 137 137 137 137 137 137 137 137 137 138 138 138 138 138 138 138 138 138 138 138 139 139 139 139 139 139 139 139 140 140 140 140 140 140 140 140 140 140 140 141 141 141 141 141 141 141 141 141 141 141 141 142 142 142 142 142 142 142 142 142 142 143 143 143 143 143 143 143 143 143 144 144 144 144 144 144 144 144 144 144 144 144 145 145 126 126 126 126 126 126 126 126 126 126 126 126 126 126 126 126 126 126 126 126 126 127 127 127 127 127 127 127 127 127 127 127 127 127 127 127 127 127 127 127 127 127 127 127 127 127 127 127 127 127 127 127 127 127 127 127 127 127 127 127 127 127 127 127 127 128 128 128 128 128 128 128 128 128 128 128 128 128 128 128 128 128 128 128 128 128 129 129 129 129 129 129 129 129 129 129 129 129 129 129 129 129 129 130 130 130 130 130 130 130 130 130 130 130 130 130 130 130 130 130 130 130 130 130 131 131 131 131 131 131 131 131 131 131 131 131 131 131 131 131 131 132 132 132 132 132 132 132 132 132 132 132 132 133 133 133 133 133 133 133 133 133 133 133 134 134 134 134 134 134 134 134 134 134 134 135 135 135 135 135 135 135 135 135 135 135 137 137 137 137 137 137 137 137 137 137 138 138 138 138 138 138 138 138 138 138 139 139 139 139 139 139 139 139 140 140 140 140 140 140 140 140 140 140 140 141 141 141 141 141 141 141 141 141 141 141 142 142 142 142 142 142 142 142 142 142 142 143 143 143 143 143 143 143 143 143 144 144 144 144 144 144 144 144 144 144 145 126 126 126 126 126 126 126 126 126 126 126 126 126 126 126 126 126 126 126 126 126 126 126 126 127 127 127 127 127 127 127 127 127 127 127 127 127 127 127 127 127 127 127 127 127 127 127 127 127 127 127 127 127 127 127 127 127 127 127 127 127 127 127 127 128 128 128 128 128 128 128 128 128 128 128 128 128 128 128 128 128 128 128 128 129 129 129 129 129 129 129 129 129 129 129 129 129 129 129 129 129 129 130 130 130 130 130 130 130 130 130 130 130 130 130 130 130 130 130 130 130 130 131 131 131 131 131 131 131 131 131 131 131 131 131 131 131 131 131 131 132 132 132 132 132 132 132 132 132 132 132 132 133 133 133 133 133 133 133 133 133 133 133 134 134 134 134 134 134 134 134 134 134 134 135 135 135 135 135 135 135 135 135 135 137 137 137 137 137 137 137 137 137 137 138 138 138 138 138 138 138 138 138 138 139 139 139 139 139 139 139 139 139 140 140 140 140 140 140 140 140 140 140 140 141 141 141 141 141 141 141 141 141 141 142 142 142 142 142 142 142 142 142 142 143 143 143 143 143 143 143 143 143 143 143 144 144 144 125 125 126 126 126 126 126 126 126 126 126 126 126 126 126 126 126 126 126 126 126 126 126 126 126 126 126 127 127 127 127 127 127 127 127 127 127 127 127 127 127 127 127 127 127 127 127 127 127 127 127 127 127 127 127 127 127 127 127 127 127 127 127 127 127 128 128 128 128 128 128 128 128 128 128 128 128 128 128 128 128 128 128 129 129 129 129 129 129 129 129 129 129 129 129 129 129 129 129 129 129 129 130 130 130 130 130 130 130 130 130 130 130 130 130 130 130 130 130 130 130 131 131 131 131 131 131 131 131 131 131 131 131 131 131 131 131 131 131 131 132 132 132 132 132 132 132 132 132 132 132 132 133 133 133 133 133 133 133 133 133 133 134 134 134 134 134 134 134 134 134 134 134 135 135 135 135 135 135 135 135 135 135 137 137 137 137 137 137 137 137 137 138 138 138 138 138 138 138 138 138 138 138 139 139 139 139 139 139 139 139 139 140 140 140 140 140 140 140 140 140 140 140 141 141 141 141 141 141 141 141 141 141 142 142 142 142 142 142 142 142 142 143 143 143 143 143 126 126 126 126 126 126 126 126 126 126 126 126 126 126 126 126 126 126 126 126 126 126 126 127 127 127 127 127 126 127 127 127 127 127 127 127 127 127 127 127 127 127 127 127 127 127 127 127 127 127 127 127 127 127 127 127 127 127 127 127 127 127 128 128 128 128 128 128 128 128 128 128 128 128 128 128 128 128 129 129 129 129 129 129 129 129 129 129 129 129 129 129 129 129 129 129 129 129 130 130 130 130 130 130 130 130 130 130 130 130 130 130 130 130 130 130 130 131 131 131 131 131 131 131 131 131 131 131 131 131 131 131 131 131 131 131 132 132 132 132 132 132 132 132 132 132 132 132 132 133 133 133 133 133 133 133 133 133 134 134 134 134 134 134 134 134 134 134 135 135 135 135 135 135 135 135 135 135 137 137 137 137 137 137 137 137 137 138 138 138 138 138 138 138 138 138 138 138 139 139 139 139 139 139 139 139 139 139 140 140 140 140 140 140 140 140 140 140 140 141 141 141 141 141 141 141 141 141 142 142 142 142 142 142 142 142 142 143 143 143 143 126 126 126 126 126 126 126 126 126 126 126 126 126 126 126 126 126 126 126 126 126 126 126 126 126 126 126 126 126 126 126 126 127 127 127 127 127 127 127 127 127 127 127 127 127 127 127 127 127 127 127 127 127 127 127 127 127 127 127 127 127 127 127 128 128 128 128 128 128 128 128 128 128 128 128 128 128 128 129 129 129 129 129 129 129 129 129 129 129 129 129 129 129 129 129 129 129 129 129 129 130 130 130 130 130 130 130 130 130 130 130 130 130 130 130 130 130 130 131 131 131 131 131 131 131 131 131 131 131 131 131 131 131 131 131 131 132 132 132 132 132 132 132 132 132 132 132 132 132 132 133 133 133 133 133 133 133 133 134 134 134 134 134 134 134 134 134 134 135 135 135 135 135 135 135 135 135 135 137 137 137 137 137 137 137 137 137 138 138 138 138 138 138 138 138 138 138 138 139 139 139 139 139 139 139 139 139 139 139 140 140 140 140 140 140 140 140 140 141 141 141 141 141 141 141 141 141 141 142 142 142 142 142 142 142 142 143 143 143 143 143 126 126 126 126 126 126 126 126 126 126 126 126 126 126 126 126 126 126 126 126 126 126 126 126 126 126 126 126 126 126 126 126 126 126 126 126 127 127 127 127 127 127 127 127 127 127 127 127 127 127 127 127 127 127 127 127 127 127 127 127 127 127 127 127 127 128 128 128 128 128 128 128 128 128 128 128 128 128 128 129 129 129 129 129 129 129 129 129 129 129 129 129 129 129 129 129 129 129 129 129 130 130 130 130 130 130 130 130 130 130 130 130 130 130 130 130 130 130 130 131 131 131 131 131 131 131 131 131 131 131 131 131 131 131 131 131 131 132 132 132 132 132 132 132 132 132 132 132 132 132 132 133 133 133 133 133 133 133 134 134 134 134 134 134 134 134 134 134 135 135 135 135 135 135 135 135 135 135 137 137 137 137 137 137 137 137 137 138 138 138 138 138 138 138 138 138 138 138 139 139 139 139 139 139 139 139 139 139 139 139 140 140 140 140 140 140 140 140 140 141 141 141 141 141 141 141 141 141 142 142 142 142 142 142 142 142 143 143 143 143 143 126 126 126 126 126 126 126 126 126 126 126 126 126 126 126 126 126 126 126 126 126 126 126 126 126 126 126 126 126 126 126 126 126 126 126 126 126 126 126 127 127 127 127 127 127 127 127 127 127 127 127 127 127 127 127 127 127 127 127 127 127 127 127 127 127 127 128 128 128 128 128 128 128 128 128 128 128 128 128 128 128 129 129 129 129 129 129 129 129 129 129 129 129 129 129 129 129 129 129 129 129 130 130 130 130 130 130 130 130 130 130 130 130 130 130 130 130 130 130 130 131 131 131 131 131 131 131 131 131 131 131 131 131 131 131 131 131 131 131 131 132 131 131 131 132 132 132 132 132 132 132 133 133 133 133 133 133 133 133 133 134 134 134 134 134 134 134 134 134 135 135 135 135 135 135 135 135 135 137 137 137 137 137 137 137 137 137 137 138 138 138 138 138 138 138 138 138 138 139 139 139 139 139 139 139 139 139 139 139 139 139 140 140 140 140 140 140 140 141 141 141 141 141 141 141 141 141 141 142 142 142 142 142 142 142 142 143 143 143 143 143 126 126 126 126 126 126 126 126 126 126 126 126 126 126 126 126 126 126 126 126 126 126 126 126 126 126 126 126 126 126 126 126 126 126 126 126 126 126 126 126 126 126 126 126 126 126 127 127 127 127 127 127 127 127 127 127 127 127 127 127 127 127 127 127 127 127 127 127 127 127 127 127 128 128 128 128 128 128 128 128 128 128 128 128 128 129 129 129 129 129 129 129 129 129 129 129 129 129 129 129 129 129 129 129 129 129 130 130 130 130 130 130 130 130 130 130 130 130 130 130 130 130 130 131 131 131 131 131 131 131 131 131 131 131 131 131 131 131 131 131 131 131 131 131 131 131 131 132 132 132 132 132 132 132 132 132 133 133 133 133 133 133 133 133 134 134 134 134 134 134 134 134 134 135 135 135 135 135 135 135 135 135 137 137 137 137 137 137 137 137 137 137 138 138 138 138 138 138 138 138 138 138 139 139 139 139 139 139 139 139 139 139 139 139 140 140 140 140 140 140 140 140 140 141 141 141 141 141 141 141 141 141 142 142 142 142 142 142 142 142 143 142 142 142 142 142 126 126 126 126 126 126 126 126 126 126 126 126 126 126 126 126 126 126 126 126 126 126 126 126 126 126 126 126 126 126 126 126 126 126 126 126 126 126 126 126 126 126 126 126 126 126 127 127 127 127 127 127 127 127 127 127 127 127 127 127 127 127 127 127 127 127 127 127 127 127 127 127 128 128 128 128 128 128 128 128 128 128 128 128 128 129 129 129 129 129 129 129 129 129 129 129 129 129 129 129 129 129 129 129 129 130 130 130 130 130 130 130 130 130 130 130 130 130 130 130 130 130 130 130 131 131 131 131 131 131 131 131 131 131 131 131 131 131 131 131 131 131 131 131 131 132 132 132 132 132 132 132 132 132 132 133 133 133 133 133 133 133 133 134 134 134 134 134 134 134 134 134 135 135 135 135 135 135 135 135 135 137 137 137 137 137 137 137 137 137 137 137 138 138 138 138 138 138 138 138 138 139 139 139 139 139 139 139 139 139 139 139 140 140 140 140 140 140 140 140 140 140 141 141 141 141 141 141 141 141 141 142 142 142 142 142 142 142 143 143 142 143 143 143 143 143 142 125 125 125 125 125 125 125 126 126 126 126 126 126 126 126 126 126 126 126 126 126 126 126 126 126 126 126 126 126 126 126 126 126 126 126 126 126 126 126 126 126 126 126 126 126 126 126 126 126 126 127 127 127 127 127 127 127 127 127 127 127 127 127 127 127 127 127 127 127 127 127 127 127 127 127 128 128 128 128 128 128 128 128 128 128 128 128 129 129 129 129 129 129 129 129 129 129 129 129 129 129 129 129 129 129 129 129 129 130 130 130 130 130 130 130 130 130 130 130 130 130 130 130 130 130 130 130 130 131 131 131 131 131 131 131 131 131 131 131 131 131 131 131 131 131 131 131 132 132 132 132 132 132 132 132 132 132 132 133 133 133 133 133 133 133 134 134 134 134 134 134 134 134 134 135 135 135 135 135 135 135 135 135 137 137 137 137 137 137 137 137 137 137 138 138 138 138 138 138 138 138 138 138 139 139 139 139 139 139 139 139 139 139 139 140 140 140 140 140 140 140 140 140 140 140 141 141 141 141 141 141 141 141 142 142 142 142 142 142 142 143 143 142 142 143 143 143 143 143 125 125 125 125 125 125 125 125 125 125 126 126 126 126 126 126 126 126 126 126 126 126 126 126 126 126 126 126 126 126 126 126 126 126 126 126 126 126 126 126 126 126 126 126 126 126 126 126 126 126 126 127 127 127 127 127 127 127 127 127 127 127 127 127 127 127 127 127 127 127 127 127 127 127 127 128 128 128 128 128 128 128 128 128 128 128 128 129 129 129 129 129 129 129 129 129 129 129 129 129 129 129 129 129 129 129 129 130 130 130 130 130 130 130 130 130 130 130 130 130 130 130 130 130 130 130 130 131 131 131 131 131 130 130 130 130 131 131 131 131 131 131 131 131 131 131 132 132 132 132 132 132 132 132 132 132 132 133 133 133 133 133 133 133 134 134 134 134 134 134 134 134 134 134 135 135 135 135 135 135 135 135 137 137 137 137 137 137 137 137 137 137 138 138 138 138 138 138 138 138 138 138 139 139 139 139 139 139 139 139 139 139 139 140 140 140 140 140 140 140 140 140 140 140 141 141 141 141 141 141 141 141 142 142 142 142 142 142 142 143 143 142 142 142 143 143 143 143 143 125 125 125 125 125 125 125 125 125 125 125 125 125 125 125 125 126 126 126 126 126 126 126 126 126 126 126 126 126 126 126 126 126 126 126 126 126 126 126 126 126 126 126 126 126 126 126 126 126 126 126 126 126 126 127 127 127 127 127 127 127 127 127 127 127 127 127 127 127 127 127 127 127 127 127 127 127 127 128 128 128 128 128 128 128 128 128 128 128 128 128 129 129 129 129 129 129 129 129 129 129 129 129 129 129 129 129 129 129 129 130 130 130 130 130 130 130 130 130 130 130 130 130 130 130 130 130 130 130 131 131 131 131 131 130 130 130 131 131 131 131 131 131 131 131 131 132 131 132 132 132 132 132 132 132 132 132 132 132 133 133 133 133 133 133 133 133 134 134 134 134 134 134 134 134 134 135 135 135 135 135 135 135 135 136 137 137 137 137 137 137 137 137 137 138 138 138 138 138 138 138 138 138 138 139 139 139 139 139 139 139 139 139 139 139 140 140 140 140 140 140 140 140 140 140 141 141 141 141 141 141 141 141 141 142 142 142 142 142 142 142 142 142 142 142 142 142 143 143 143 143 125 125 125 125 125 125 125 125 125 125 125 125 125 125 125 125 126 126 126 126 126 126 126 126 126 126 126 126 126 126 126 126 126 126 126 126 126 126 126 126 126 126 126 126 126 126 126 126 126 126 126 126 126 127 127 127 127 127 127 127 127 127 127 127 127 127 127 127 127 127 127 127 127 127 127 127 128 128 128 128 128 128 128 128 128 128 128 128 128 129 129 129 129 129 129 129 129 129 129 129 129 129 129 129 129 129 129 130 130 130 130 130 130 130 130 130 130 130 130 130 130 130 130 130 130 131 131 131 131 131 131 130 130 130 130 131 131 131 131 131 131 131 131 131 132 132 132 132 132 132 132 132 132 132 132 132 132 133 133 133 133 133 133 134 134 134 134 134 134 134 134 134 134 135 135 135 135 135 135 135 135 136 137 137 137 137 137 137 137 137 137 137 138 138 138 138 138 138 138 138 138 139 139 139 139 139 139 139 139 139 139 139 140 140 140 140 140 140 140 140 140 141 141 141 141 141 141 141 141 141 141 142 142 142 142 142 142 142 142 142 142 142 143 143 143 143 143 143 143 125 125 125 125 125 125 125 125 125 125 125 125 125 125 125 125 125 125 125 125 125 125 125 126 126 126 126 126 126 126 126 126 126 126 126 126 126 126 126 126 126 126 126 126 126 126 126 126 126 126 126 126 126 126 126 126 126 126 127 127 127 127 127 127 127 127 127 127 127 127 127 127 127 127 127 127 127 127 127 127 127 128 128 128 128 128 128 128 128 128 128 128 129 129 129 129 129 129 129 129 129 129 129 129 129 129 129 129 129 129 129 130 130 130 130 130 130 130 130 130 130 130 130 130 130 130 130 131 131 131 131 131 130 130 130 130 130 130 131 131 131 131 131 131 131 131 131 131 132 132 132 132 132 132 132 132 132 132 132 132 133 133 133 133 133 133 133 134 134 134 134 134 134 134 134 134 135 135 135 135 135 135 135 135 136 137 137 137 137 137 137 137 137 137 137 138 138 138 138 138 138 138 138 138 138 139 139 139 139 139 139 139 139 139 140 140 140 140 140 140 140 140 140 140 141 141 141 141 141 141 141 141 141 141 142 142 142 142 142 142 142 142 142 143 143 143 143 143 143 143 143 143 143 143 143 143 143 143 144 144 144 144 144 144 144 144 145 145 145 145 125 125 125 125 125 125 125 125 125 125 125 125 125 125 125 125 125 125 125 125 125 125 125 126 126 126 126 126 126 126 126 126 126 126 126 126 126 126 126 126 126 126 126 126 126 126 126 126 126 126 126 126 126 126 126 127 127 127 127 127 127 127 127 127 127 127 127 127 127 127 127 127 127 127 127 127 127 127 127 128 128 128 128 128 128 128 128 128 128 128 129 129 129 129 129 129 129 129 129 129 129 129 129 129 129 129 129 129 130 130 130 130 130 130 130 130 130 130 130 130 130 130 130 130 130 131 131 131 130 130 130 130 130 130 130 130 131 131 131 131 131 131 131 131 131 132 131 131 132 132 132 132 132 132 132 132 132 132 133 133 133 133 133 133 134 134 134 134 134 134 134 134 134 134 135 135 135 135 135 135 135 136 137 137 137 137 137 137 137 137 137 137 138 138 138 138 138 138 138 138 138 138 139 139 139 139 139 139 139 139 139 140 140 140 140 140 140 140 140 140 140 141 141 141 141 141 141 141 141 141 141 142 142 142 142 142 142 142 142 143 143 143 143 143 143 143 143 143 143 143 143 143 144 144 144 144 144 144 144 144 144 145 145 145 145 145 145 145 145 145 125 125 125 125 125 125 125 125 125 125 125 125 125 125 125 125 125 125 125 125 125 125 125 125 125 125 126 126 126 126 126 126 126 126 126 126 126 126 126 126 126 126 126 126 126 126 126 126 126 126 126 126 126 126 126 126 126 126 126 127 127 127 127 127 127 127 127 127 127 127 127 127 127 127 127 127 127 127 127 127 128 128 128 128 128 128 128 128 128 128 128 129 129 129 129 129 129 129 129 129 129 129 129 129 129 129 129 129 129 129 130 130 130 130 130 130 130 130 130 130 130 130 130 130 130 130 130 130 130 130 130 130 130 130 130 130 130 130 131 131 131 131 131 131 131 131 131 131 131 131 132 132 132 132 132 132 132 132 132 132 133 133 133 133 133 133 134 134 134 134 134 134 134 134 134 135 135 135 135 135 135 135 136 137 137 137 137 137 137 137 137 137 137 138 138 138 138 138 138 138 138 138 138 139 139 139 139 139 139 139 139 139 140 140 140 140 140 140 140 140 140 140 140 141 141 141 141 141 141 141 141 141 142 142 142 142 142 142 142 142 143 143 143 143 143 143 143 143 143 143 143 143 144 144 144 144 144 144 144 144 144 144 145 145 145 145 145 145 145 145 145 145 146 125 125 125 125 125 125 125 125 125 125 125 125 125 125 125 125 125 125 125 125 125 125 125 125 125 125 125 125 126 126 126 126 126 126 126 126 126 126 126 126 126 126 126 126 126 126 126 126 126 126 126 126 126 126 126 126 126 126 126 126 127 127 127 127 127 127 127 127 127 127 127 127 127 127 127 127 127 127 127 127 128 128 128 128 128 128 128 128 128 128 128 129 129 129 129 129 129 129 129 129 129 129 129 129 129 129 129 129 129 129 130 130 130 130 130 130 130 130 130 130 130 130 130 130 130 130 130 130 130 130 131 130 130 130 130 130 131 131 131 131 131 131 131 131 131 131 131 132 131 131 132 132 132 132 132 132 132 132 132 132 133 133 133 133 133 134 134 134 134 134 134 134 134 134 135 135 135 135 135 135 135 136 137 137 137 137 137 137 137 137 137 137 137 138 138 138 138 138 138 138 138 138 139 139 139 139 139 139 139 139 139 140 140 140 140 140 140 140 140 140 140 140 141 141 141 141 141 141 141 141 141 142 142 142 142 142 142 142 142 143 143 143 143 143 143 143 143 143 143 143 143 144 144 144 144 144 144 144 144 144 144 144 145 145 145 145 145 145 145 145 146 146 146 125 125 125 125 125 125 125 125 125 125 125 125 125 125 125 125 125 125 125 125 125 125 125 125 125 125 125 125 125 125 125 125 126 125 125 126 126 126 126 126 126 126 126 126 126 126 126 126 126 126 126 126 126 126 126 126 126 126 126 126 126 126 126 127 127 127 127 127 127 127 127 127 127 127 127 127 127 127 127 127 127 127 127 128 128 128 128 128 128 128 128 128 128 129 129 129 129 129 129 129 129 129 129 129 129 129 129 129 129 129 129 130 130 130 130 130 130 130 130 130 130 130 130 130 130 130 130 130 130 130 130 130 131 130 130 130 130 130 131 131 131 131 131 131 131 131 131 131 131 131 132 132 131 132 132 132 132 132 132 133 132 132 132 133 133 133 133 134 134 134 134 134 134 134 134 134 135 135 135 135 135 135 135 136 136 137 137 137 137 137 137 137 137 137 138 138 138 138 138 138 138 138 138 138 139 139 139 139 139 139 139 139 139 139 140 140 140 140 140 140 140 140 140 140 141 141 141 141 141 141 141 141 141 142 142 142 142 142 142 142 142 143 143 143 143 143 143 143 143 143 143 143 143 144 144 144 144 144 144 144 144 144 144 144 145 145 145 145 145 145 145 145 146 146 146 146 125 125 125 125 125 125 125 125 125 125 125 125 125 125 125 125 125 125 125 125 125 125 125 125 125 125 125 125 125 125 125 125 125 125 125 125 125 125 125 125 125 126 126 126 126 126 126 126 126 126 126 126 126 126 126 126 126 126 126 126 126 126 126 126 126 127 127 127 127 127 127 127 127 127 127 127 127 127 127 127 127 127 127 127 128 128 128 128 128 128 128 128 128 128 128 129 129 129 129 129 129 129 129 129 129 129 129 129 129 129 129 129 129 130 130 130 130 130 130 130 130 130 130 130 130 130 130 130 130 130 130 130 131 131 130 130 130 130 130 131 131 131 131 131 131 131 131 131 131 131 131 131 131 131 132 132 132 132 132 132 133 133 133 133 132 133 133 133 133 134 134 134 134 134 134 134 134 134 135 135 135 135 135 135 136 136 137 137 137 137 137 137 137 137 137 138 138 138 138 138 138 138 138 138 138 139 139 139 139 139 139 139 139 139 139 140 140 140 140 140 140 140 140 140 140 140 141 141 141 141 141 141 141 141 142 142 142 142 142 142 142 143 143 143 143 143 143 143 143 143 143 143 143 143 143 143 144 144 144 144 144 144 144 144 144 144 145 145 145 145 145 146 146 146 146 146 146 124 125 125 125 125 125 125 125 125 125 125 125 125 125 125 125 125 125 125 125 125 125 125 125 125 125 125 125 125 125 125 125 125 125 125 125 125 125 125 125 126 126 126 126 126 126 126 126 126 126 126 126 126 126 126 126 126 126 126 126 126 126 126 126 127 127 127 127 127 127 127 127 127 127 127 127 127 127 127 127 127 127 128 128 128 128 128 128 128 128 128 128 128 128 129 129 129 129 129 129 129 129 129 129 129 129 129 129 129 129 129 130 130 130 130 130 130 130 130 130 130 130 130 130 130 130 130 130 130 130 131 131 130 130 130 130 130 130 131 131 131 131 131 131 131 131 131 131 132 132 132 132 132 132 132 132 132 132 132 132 133 133 133 133 133 133 133 134 134 134 134 134 134 134 134 134 135 135 135 135 135 135 136 136 137 137 137 137 137 137 137 137 137 138 138 138 138 138 138 138 138 138 138 139 139 139 139 139 139 139 139 139 139 140 140 140 140 140 140 140 140 140 140 140 141 141 141 141 141 141 141 141 142 142 142 142 142 143 143 143 143 143 143 143 143 143 143 143 143 143 143 143 143 143 143 143 144 144 144 144 145 144 144 144 145 145 145 145 145 145 146 146 146 146 146 124 124 124 124 124 125 125 125 125 125 125 125 125 125 125 125 125 125 125 125 125 125 125 125 125 125 125 125 125 125 125 125 125 125 125 125 125 125 125 125 125 125 125 126 126 126 126 126 126 126 126 126 126 126 126 126 126 126 126 126 126 126 126 126 126 126 126 126 127 127 127 127 127 127 127 127 127 127 127 127 127 127 127 127 128 128 128 128 128 128 128 128 128 128 128 128 129 129 129 129 129 129 129 129 129 129 129 129 129 129 129 129 129 130 130 130 130 130 130 130 130 130 130 130 130 130 130 130 130 130 130 130 131 131 130 130 130 130 130 130 131 131 131 131 131 131 131 131 131 131 131 131 132 132 132 132 132 132 132 132 132 132 133 133 133 133 133 133 133 133 134 134 134 134 134 134 134 134 135 135 135 135 135 135 136 136 137 137 137 137 137 137 137 137 137 137 138 138 138 138 138 138 138 138 138 139 139 139 139 139 139 139 139 139 139 140 140 140 140 140 140 140 140 140 140 140 141 141 141 141 141 141 141 141 142 142 142 142 143 143 143 143 143 143 143 143 143 143 143 143 143 143 143 144 144 144 144 144 144 144 144 145 145 145 144 144 145 145 145 145 145 145 146 146 146 146 146 146 156 156 156 156 124 124 124 124 124 124 124 124 124 125 125 125 125 125 125 125 125 125 125 125 125 125 125 125 125 125 125 125 125 125 125 125 125 125 125 125 125 125 125 125 125 125 125 126 126 126 126 126 126 126 126 126 126 126 126 126 126 126 126 126 126 126 126 126 126 126 126 126 126 127 127 127 127 127 127 127 127 127 127 127 127 127 127 128 128 128 128 128 128 128 128 128 128 128 128 128 129 129 129 129 129 129 129 129 129 129 129 129 129 129 129 129 130 130 130 130 130 130 130 130 130 130 130 130 130 130 130 130 130 130 130 131 131 130 130 130 130 130 130 130 131 131 131 131 131 131 131 131 131 131 131 131 131 132 132 132 132 132 132 133 133 133 133 133 133 133 133 133 133 134 134 134 134 134 134 134 134 135 135 135 135 135 135 136 136 137 137 137 137 137 137 137 137 137 137 138 138 138 138 138 138 138 138 138 139 139 139 139 139 139 139 139 139 140 140 140 140 140 140 140 140 140 140 140 140 141 141 141 141 141 141 141 141 142 142 142 142 143 143 143 143 143 143 143 143 143 143 143 143 143 144 143 144 144 144 144 144 144 145 145 145 145 144 144 144 145 145 145 145 145 145 146 146 146 146 146 146 156 156 156 156 157 156 156 156 124 124 124 124 124 124 124 124 124 124 124 124 124 125 125 125 125 125 125 125 125 125 125 125 125 125 125 125 125 125 125 125 125 125 125 125 125 125 125 125 125 125 125 125 126 125 125 126 126 126 126 126 126 126 126 126 126 126 126 126 126 126 126 126 126 126 126 126 126 126 126 126 126 127 127 127 127 127 127 127 127 127 127 127 128 128 128 128 128 128 128 128 128 128 128 128 128 128 129 129 129 129 129 129 129 129 129 129 129 129 129 129 129 130 130 130 130 130 130 130 130 130 130 130 130 130 130 130 130 131 130 131 131 131 130 130 130 130 130 130 130 131 131 131 131 131 131 131 131 131 131 131 131 131 132 132 132 132 132 132 133 133 133 133 133 133 133 133 133 133 133 134 134 134 134 134 134 134 134 135 135 135 135 135 136 136 137 137 137 137 137 137 137 137 137 137 138 138 138 138 138 138 138 138 138 139 139 139 139 139 139 139 139 139 139 140 140 140 140 140 140 140 140 140 140 140 141 141 141 141 141 141 141 141 142 142 142 142 143 143 143 143 143 143 143 143 143 143 144 144 144 144 144 144 144 144 144 144 144 145 145 145 145 145 144 144 145 145 145 145 145 145 145 145 146 146 146 156 156 156 156 157 157 157 157 157 156 124 124 124 124 124 124 124 124 124 124 124 124 124 124 124 124 124 124 124 124 124 124 124 124 125 125 125 125 125 125 125 125 125 125 125 125 125 125 125 125 125 125 125 125 125 125 125 125 125 126 126 126 126 126 126 126 126 126 126 126 126 126 126 126 126 126 126 126 126 126 126 126 126 126 126 126 127 127 127 127 127 127 127 127 127 127 128 128 128 128 128 128 128 128 128 128 128 128 128 128 129 129 129 129 129 129 129 129 129 129 129 129 129 129 129 129 130 130 130 130 130 130 130 130 130 130 130 130 130 130 130 131 131 131 131 131 130 130 130 130 130 130 130 130 130 130 131 131 131 131 131 131 131 131 131 131 132 132 132 132 132 133 133 132 132 133 133 133 133 133 133 133 133 134 134 134 134 134 134 134 134 135 135 135 135 135 136 136 137 137 137 137 137 137 137 137 137 137 138 138 138 138 138 138 138 138 138 139 139 139 139 139 139 139 139 139 140 140 140 140 140 140 140 140 140 140 140 140 141 141 141 141 141 141 141 141 142 142 142 143 143 143 143 143 143 143 143 143 143 143 143 144 144 144 144 144 144 144 144 144 144 144 145 145 145 144 144 144 145 145 145 145 145 145 145 145 145 146 146 156 156 156 156 157 157 157 157 157 157 157 156 156 124 124 124 124 124 124 124 124 124 124 124 124 124 124 124 124 124 124 124 124 124 124 124 124 124 124 124 125 125 125 125 125 125 125 125 125 125 125 125 125 125 125 125 125 125 125 125 125 125 125 126 126 126 126 126 126 126 126 126 126 126 126 126 126 126 126 126 126 126 126 126 126 126 126 126 126 126 127 127 127 127 127 127 127 127 127 128 128 128 128 128 128 128 128 128 128 128 128 128 128 129 129 129 129 129 129 129 129 129 129 129 129 129 129 129 129 130 130 130 130 130 130 129 130 130 130 130 130 130 130 130 131 131 131 131 131 130 130 130 130 130 130 130 130 130 130 131 131 131 131 131 131 131 131 131 131 132 132 132 132 132 132 133 133 132 133 133 133 133 133 133 133 133 133 134 134 134 134 134 134 134 135 135 135 135 135 136 136 136 137 137 137 137 137 137 137 137 137 137 138 138 138 138 138 138 138 138 139 139 139 139 139 139 139 139 139 140 140 140 140 140 140 140 140 140 140 141 141 141 141 141 141 141 141 141 141 142 142 142 143 143 143 143 143 143 143 143 143 143 143 143 143 144 144 144 144 144 144 144 144 144 144 145 145 144 144 144 145 145 145 145 145 146 146 146 146 146 145 146 146 156 156 156 157 157 157 157 157 157 157 157 158 157 156 156 124 124 124 124 124 124 124 124 124 124 124 124 124 124 124 124 124 124 124 124 124 124 124 124 124 124 124 124 124 124 124 125 125 125 125 125 125 125 125 125 125 125 125 125 125 125 125 125 125 125 125 126 126 126 126 126 126 126 126 126 126 126 126 126 126 126 126 126 126 126 126 126 126 126 126 126 126 126 127 127 127 127 127 127 127 127 127 128 128 128 128 128 128 128 128 128 128 128 128 128 128 129 129 129 129 129 129 129 129 129 129 129 129 129 129 129 129 129 130 129 129 129 129 130 130 130 130 130 130 130 130 131 131 131 131 131 131 130 130 130 130 130 130 130 130 130 130 130 131 131 131 131 131 131 131 131 131 132 132 132 132 132 132 133 132 133 133 133 133 133 133 133 133 133 133 133 134 134 134 134 134 134 134 135 135 135 135 136 136 136 136 137 137 137 137 137 137 137 137 137 137 138 138 138 138 138 138 138 139 139 139 139 139 139 139 139 139 140 140 140 140 140 140 140 140 140 140 140 141 141 141 141 141 141 141 141 142 142 142 142 143 143 143 143 143 143 143 143 143 143 144 144 144 144 144 144 144 144 144 144 144 144 145 145 144 144 144 145 145 145 145 145 146 146 146 146 146 146 146 146 146 146 155 155 155 155 155 155 156 156 156 156 157 157 157 157 157 157 158 158 158 157 156 157 157 124 124 124 124 124 124 124 123 124 124 124 124 124 124 124 124 124 124 124 124 124 124 124 124 124 124 124 124 124 125 125 125 125 125 125 125 125 125 125 125 125 125 125 125 125 125 125 125 125 125 125 125 126 126 125 125 126 126 126 126 126 126 126 126 126 126 126 126 126 126 126 126 126 126 126 126 126 127 127 127 127 127 127 127 127 127 128 128 128 128 128 128 128 128 128 128 128 128 128 128 129 129 129 129 129 129 129 129 129 129 129 129 129 129 129 129 129 129 129 129 129 129 130 130 130 130 130 130 130 130 130 131 131 131 131 131 130 130 131 130 130 130 130 130 130 131 131 131 131 131 131 131 131 131 131 131 132 132 132 132 132 132 133 133 133 133 133 133 133 133 133 133 133 133 133 133 133 134 134 134 134 134 134 134 134 135 136 136 136 136 136 136 136 137 137 137 137 137 137 137 138 138 138 138 138 138 138 139 139 139 139 139 139 139 139 139 140 140 140 140 140 140 140 140 140 140 140 141 141 141 141 141 141 141 141 142 142 142 142 143 143 143 143 143 143 143 143 143 144 144 144 144 144 144 144 144 144 144 144 144 145 145 145 145 144 144 145 145 145 145 145 146 145 146 146 146 146 146 146 146 146 146 146 146 146 146 145 145 146 154 155 155 155 155 155 156 156 156 156 156 157 157 156 157 157 158 158 158 158 158 158 157 157 157 157 157 157 124 124 124 124 124 124 123 123 123 123 124 124 124 124 124 124 124 124 124 124 124 124 124 124 124 124 124 124 124 124 124 124 124 124 125 125 125 125 125 125 125 125 125 125 125 125 125 125 125 125 125 125 125 125 125 125 125 125 125 126 125 126 126 126 126 126 126 126 126 126 126 126 126 126 126 126 126 126 126 126 127 127 127 127 127 127 127 127 127 128 128 128 128 128 128 128 128 128 128 128 128 128 128 129 129 129 129 129 129 129 129 129 129 129 129 129 129 129 129 129 129 129 130 130 130 130 130 130 130 130 130 130 130 131 130 130 131 131 131 130 130 131 131 130 130 130 131 131 131 131 131 131 131 131 131 131 131 131 131 132 132 132 132 132 132 133 132 133 133 133 133 133 133 133 133 134 133 133 133 134 134 134 134 134 134 134 134 134 134 136 136 136 136 136 136 137 137 137 137 137 137 137 137 137 138 138 138 138 138 138 139 139 139 139 139 139 139 139 139 140 140 140 140 140 140 140 140 140 141 141 141 141 141 141 141 141 141 141 142 142 142 143 143 143 143 143 143 143 143 143 143 144 144 144 144 144 144 144 144 144 144 144 144 145 145 145 144 144 145 145 145 145 145 145 145 146 146 146 146 146 146 146 146 146 146 146 146 146 146 146 146 146 146 146 146 146 146 146 146 147 147 147 147 147 147 147 148 148 155 155 156 156 156 156 156 156 157 157 156 157 157 157 157 158 158 158 158 158 158 158 158 157 158 157 157 157 158 124 124 124 124 123 123 123 123 123 123 123 123 124 124 123 124 124 123 123 124 124 124 124 124 124 124 124 124 124 124 124 124 125 125 125 125 125 125 125 125 125 125 125 125 125 125 125 125 125 125 125 125 125 125 125 125 125 125 126 125 125 125 125 126 126 126 126 126 126 126 126 126 126 126 126 126 126 126 126 126 127 127 127 127 127 127 127 127 128 128 128 128 128 128 128 128 128 128 128 128 128 128 129 129 129 129 129 129 129 129 129 129 129 129 129 129 129 129 129 129 129 130 130 130 130 130 130 130 130 130 130 130 130 131 130 131 131 131 130 131 131 131 131 131 130 130 131 131 131 131 131 131 131 131 131 131 131 131 132 132 132 132 132 132 132 132 133 133 133 133 133 133 133 133 133 134 133 134 134 134 134 134 134 134 134 135 134 135 136 136 136 136 136 137 137 137 137 137 137 137 137 137 137 137 138 138 138 138 138 139 139 139 139 139 139 139 139 139 140 140 140 140 140 140 140 140 140 141 141 141 141 141 141 141 141 141 141 142 142 142 143 143 143 143 143 143 143 143 143 143 144 144 144 144 144 144 144 144 144 145 145 145 145 145 145 145 144 145 145 145 145 145 145 145 146 146 146 146 146 146 146 146 146 146 146 146 147 146 146 146 146 146 146 147 147 147 147 147 147 147 147 147 147 148 147 147 147 147 148 148 148 148 148 148 148 148 154 155 156 156 156 156 157 157 157 157 157 157 157 157 158 158 158 158 158 158 158 158 158 158 158 158 158 158 158 158 158 123 123 123 123 123 123 123 123 123 124 123 123 124 123 123 123 123 123 123 123 124 124 124 124 123 124 124 124 124 124 124 124 124 124 125 125 125 125 124 125 125 125 125 125 125 125 125 125 125 125 125 125 125 125 125 125 125 125 125 125 125 125 125 125 125 126 126 126 126 126 126 126 126 126 126 126 126 126 126 126 126 126 127 127 127 127 127 127 127 128 128 128 128 128 128 128 128 128 128 128 128 128 128 128 129 129 129 129 129 129 129 129 129 129 129 129 129 129 129 129 129 129 129 130 130 130 130 130 130 130 130 130 130 130 131 131 131 131 131 130 130 130 130 131 131 131 131 131 130 131 131 131 131 131 131 131 131 131 131 132 132 132 132 132 132 133 133 133 133 133 133 133 133 133 133 133 134 133 134 134 134 134 134 134 134 134 135 134 135 136 136 137 137 137 137 137 137 137 137 137 137 137 137 137 137 138 138 138 138 138 139 139 139 139 139 139 139 139 139 140 140 140 140 140 140 140 140 140 141 141 141 141 141 141 141 141 141 141 142 142 142 143 143 143 143 143 143 143 143 143 143 144 144 144 144 144 144 144 144 144 144 145 145 145 145 145 145 145 145 145 145 145 145 145 146 146 146 146 146 146 146 146 146 146 146 146 146 147 147 146 147 147 147 147 147 147 147 147 146 146 147 147 147 148 148 148 148 148 148 148 148 148 148 148 148 149 149 149 149 149 149 149 149 154 155 156 156 156 157 157 157 157 157 157 157 157 158 158 158 158 158 158 158 158 158 158 159 158 158 158 158 158 158 158 158 158 123 123 123 123 123 123 123 123 123 123 123 124 124 124 123 123 123 123 123 123 123 124 124 124 124 123 124 124 124 124 124 124 124 124 124 124 124 124 124 124 125 125 125 125 125 125 125 125 125 125 125 125 125 125 125 125 125 125 125 125 125 125 125 125 125 125 125 125 126 126 126 126 126 126 126 126 126 126 126 126 126 126 126 126 127 127 127 127 127 127 127 128 128 128 128 128 128 128 128 128 128 128 128 128 128 128 128 129 129 129 129 129 129 129 129 129 129 129 129 129 129 129 129 129 129 130 130 130 130 130 130 130 130 130 130 130 131 131 131 131 131 130 130 130 130 130 131 131 131 131 131 131 131 131 131 131 131 131 131 131 131 132 132 132 132 132 133 133 132 132 132 133 133 133 133 133 133 133 134 134 134 134 134 134 134 134 134 134 135 135 135 136 136 137 137 137 137 137 137 137 137 137 137 137 138 137 137 138 138 138 138 138 139 139 139 139 139 139 139 139 139 140 140 140 140 140 140 140 140 140 141 141 141 141 141 141 141 141 141 141 142 142 142 143 143 143 143 143 143 143 143 143 143 144 144 144 144 144 144 144 144 144 144 145 145 145 145 145 145 145 145 145 145 145 145 145 146 146 146 146 146 146 146 146 146 146 146 146 146 147 147 147 147 147 147 147 146 146 147 147 147 147 147 147 147 147 148 148 148 148 148 148 148 149 148 149 149 149 149 149 149 149 149 149 150 149 149 150 150 149 149 154 155 156 156 156 156 156 157 157 157 157 157 157 157 157 158 158 158 158 158 158 158 158 158 158 158 158 158 158 158 158 158 158 159 159 159 159 123 123 123 123 123 123 123 123 123 123 123 123 123 123 123 124 123 123 123 124 124 124 124 124 124 124 124 124 124 124 124 124 124 123 123 124 124 124 124 124 124 124 124 125 125 125 124 124 125 125 125 125 125 125 125 125 125 125 125 125 125 125 125 125 125 125 125 125 126 126 126 126 126 126 126 126 126 126 126 126 126 126 126 126 126 126 126 127 127 127 127 127 127 128 128 128 128 128 128 128 128 128 128 128 128 128 128 128 128 128 129 129 129 129 129 129 129 129 129 129 129 129 129 129 129 130 130 130 130 130 130 130 130 130 130 130 130 130 130 130 131 131 131 130 130 130 130 130 131 131 131 131 131 131 131 131 131 131 131 131 131 131 131 132 132 132 132 132 132 132 133 133 132 133 133 133 133 133 133 134 134 134 134 134 134 134 134 134 134 135 135 135 135 136 136 137 137 137 137 137 137 137 137 137 137 137 137 137 137 138 138 138 138 138 139 139 139 139 139 139 139 139 140 140 140 140 140 140 140 140 140 140 141 141 141 141 141 141 141 141 141 141 142 142 142 143 143 143 143 143 143 143 143 143 143 144 144 144 144 144 144 144 144 144 144 144 144 144 145 145 145 145 145 145 145 145 145 145 146 146 146 146 146 146 146 146 146 146 146 146 146 147 147 147 147 147 147 147 146 147 148 148 148 147 148 148 148 148 148 148 148 148 148 148 149 149 149 149 149 149 149 149 149 150 150 149 150 150 149 150 151 150 149 154 155 155 155 156 156 156 156 157 157 157 157 157 157 157 157 158 158 158 158 158 158 159 159 159 158 158 158 158 158 158 158 159 159 159 159 159 159 159 160 123 123 123 123 123 123 123 123 123 123 123 123 123 123 123 123 123 123 123 123 123 124 123 124 124 124 124 124 124 124 124 124 124 124 123 123 124 124 124 124 124 125 124 124 125 125 125 125 125 125 125 125 125 125 125 125 125 125 125 125 125 125 125 125 125 125 125 125 125 126 126 126 126 126 126 126 126 126 126 126 126 126 126 126 126 126 126 126 127 127 127 127 127 128 128 128 128 128 128 128 128 128 128 128 128 128 128 128 128 128 129 129 129 129 129 129 129 129 129 129 129 129 129 129 129 129 130 130 130 130 130 130 130 130 130 130 130 130 130 130 130 131 131 130 130 130 130 130 130 130 131 131 131 131 131 131 131 131 131 131 131 132 132 132 132 132 132 132 132 132 132 133 133 133 133 133 133 133 133 134 134 134 134 134 134 134 134 134 134 135 135 135 135 136 136 136 136 137 137 137 137 137 137 137 137 137 137 137 137 138 138 138 138 138 139 139 139 139 139 139 139 139 139 140 140 140 140 140 140 140 140 140 141 141 141 141 141 141 141 141 141 141 141 142 142 143 143 143 143 143 143 143 143 143 143 144 144 144 144 144 144 144 144 144 144 144 144 145 145 145 145 145 145 145 145 145 145 145 146 146 146 146 146 146 146 146 146 147 146 146 147 147 147 147 147 147 146 147 147 147 147 148 148 148 148 148 149 149 149 149 149 148 148 149 149 149 149 149 149 149 149 149 149 150 150 150 150 150 149 150 150 151 150 155 155 155 156 156 156 156 156 157 157 157 157 157 157 158 158 158 158 158 158 158 158 158 159 158 158 158 158 158 158 158 159 159 159 159 159 159 159 159 160 160 160 160 160 160 161 161 161 161 123 123 123 123 123 123 123 123 123 123 123 123 123 123 123 123 123 123 123 123 123 123 123 123 124 124 123 123 123 123 124 124 125 124 124 123 123 124 124 124 124 124 124 125 125 125 125 124 124 125 125 125 125 125 125 125 125 125 125 125 125 125 125 125 125 125 125 125 125 126 126 126 126 126 126 126 126 126 126 126 126 126 126 126 126 127 127 127 127 127 127 127 127 127 127 128 128 128 128 128 128 128 128 128 128 128 128 128 128 128 128 129 129 129 129 129 129 129 129 129 129 129 129 129 129 130 130 130 130 130 130 130 130 130 130 130 130 130 130 130 131 131 131 130 130 130 130 130 130 130 131 131 131 131 131 131 131 131 131 131 132 131 132 132 132 132 132 132 132 132 132 133 133 133 133 133 133 133 133 133 134 134 134 134 134 134 134 134 134 134 134 134 135 136 136 136 136 136 137 137 137 137 137 137 137 137 137 137 138 138 138 138 138 138 139 139 139 139 139 139 139 139 139 140 140 140 140 140 140 140 140 140 141 141 141 141 141 141 141 141 141 141 141 142 143 143 143 143 143 143 143 143 143 143 143 144 144 144 144 144 144 144 144 144 144 145 145 145 145 145 145 145 145 145 145 145 145 145 146 146 146 146 146 146 146 146 146 146 146 147 147 147 147 147 147 147 147 148 148 148 147 147 148 148 148 148 149 149 149 149 148 148 148 149 149 149 149 149 149 149 149 149 149 150 150 150 151 150 149 150 150 151 151 149 153 154 155 156 156 156 156 156 156 157 157 157 157 157 157 158 158 158 158 158 158 158 158 158 158 158 158 158 158 158 159 159 159 159 159 159 159 159 159 159 160 160 160 160 160 160 160 161 161 161 161 161 123 123 123 123 123 123 123 123 123 123 123 123 123 123 123 123 123 123 123 123 123 123 123 123 123 123 123 124 123 123 123 124 124 124 124 124 124 124 124 124 124 124 124 124 124 124 124 124 124 124 124 124 124 125 125 125 125 125 125 125 125 125 125 125 125 125 125 125 125 125 126 126 126 126 126 126 126 126 126 126 126 126 126 126 127 127 127 127 127 127 127 127 127 127 127 127 127 128 128 128 128 128 128 128 128 128 128 128 128 128 128 128 129 129 129 129 129 129 129 129 129 129 129 129 129 129 129 129 129 130 130 130 130 130 130 130 130 130 131 130 130 130 131 131 130 130 130 130 130 130 130 131 131 131 131 131 131 131 131 131 132 132 132 131 132 132 132 132 132 132 132 132 133 133 133 133 133 133 133 133 133 133 133 133 134 134 134 134 134 134 134 134 134 134 136 136 136 136 136 136 137 137 137 137 137 137 137 137 137 138 138 138 138 138 138 139 139 139 139 139 139 139 139 139 140 140 140 140 140 140 140 140 140 141 141 141 141 141 141 141 141 141 141 141 142 143 143 143 143 143 143 143 143 143 144 144 144 144 144 144 144 144 144 145 145 145 145 145 145 145 145 145 145 145 145 145 145 145 145 146 146 146 146 146 146 146 146 146 147 146 146 147 147 147 147 147 147 148 148 148 148 147 148 148 148 148 148 149 149 149 149 148 148 149 149 149 149 149 149 149 150 150 149 149 150 150 150 150 150 150 150 150 151 151 150 150 154 155 156 156 156 156 156 156 156 157 157 157 157 157 157 157 158 158 158 158 158 158 158 158 158 158 159 158 158 158 159 159 159 159 159 160 160 160 160 160 160 160 160 160 160 160 160 161 161 161 161 161 161 161 123 123 123 123 123 123 123 123 123 123 123 123 123 123 123 123 123 123 123 123 123 123 123 123 123 123 123 123 123 123 123 123 124 123 123 124 124 124 124 124 124 124 124 124 124 124 124 124 124 124 124 124 124 124 124 125 125 125 125 125 125 125 125 125 125 125 125 125 125 125 125 126 125 126 126 126 126 126 126 126 126 126 126 126 126 126 127 127 127 127 127 127 127 127 127 127 127 128 128 128 128 128 128 128 128 128 128 128 128 128 128 128 128 129 129 129 129 129 129 129 129 129 129 129 129 129 129 130 130 130 130 130 130 130 130 130 130 130 130 131 131 130 130 131 131 130 130 130 130 130 130 131 131 131 131 131 131 131 131 131 131 131 131 131 131 132 132 132 132 132 132 132 132 133 133 133 133 133 133 133 133 133 133 133 133 133 133 134 134 134 134 134 134 134 134 136 136 136 136 136 136 137 137 137 137 137 137 137 137 137 138 138 138 138 138 138 139 139 139 139 139 139 139 139 139 140 140 140 140 140 140 140 140 140 141 141 141 141 141 141 141 141 141 141 141 142 143 143 143 143 143 143 143 143 144 144 144 144 144 144 144 144 145 145 145 145 145 145 145 145 145 145 145 145 145 145 145 145 145 145 145 146 146 146 146 146 146 146 147 147 147 147 147 147 147 146 147 147 147 147 147 147 147 148 148 148 148 148 148 149 149 149 149 149 149 150 149 149 150 149 149 150 150 149 149 150 150 151 151 151 150 150 150 151 151 151 151 150 154 155 156 156 156 156 156 156 156 157 157 157 157 157 157 157 157 157 157 158 158 158 158 158 158 158 158 158 158 158 158 159 159 159 159 159 160 160 160 160 160 160 160 160 160 160 161 161 161 161 161 161 161 162 162 162 122 122 122 122 122 122 122 122 122 122 122 122 122 122 122 122 122 122 122 122 122 122 122 122 122 122 122 122 122 123 123 123 123 123 123 123 123 123 123 123 123 123 123 123 123 124 124 124 124 124 124 124 124 124 124 124 124 124 124 124 125 125 125 125 125 125 125 125 125 125 125 125 125 125 125 125 125 126 126 126 126 126 126 126 126 126 126 126 126 126 126 126 126 126 127 126 126 126 126 127 127 127 127 127 127 127 127 127 127 127 127 127 127 127 127 128 128 128 128 128 128 128 128 128 128 128 128 128 128 128 128 129 129 129 129 129 129 129 129 129 129 129 129 129 129 130 130 131 131 131 131 131 131 131 131 132 132 131 131 131 131 131 131 131 132 132 132 132 132 132 133 132 132 133 133 133 133 133 133 133 133 133 133 133 133 133 134 134 134 134 134 134 134 134 135 136 137 137 137 137 137 137 137 137 137 137 138 138 138 138 138 138 138 138 139 139 139 139 139 139 140 140 140 140 140 140 140 140 140 141 141 141 141 141 141 141 141 141 141 141 141 142 142 142 142 142 142 142 143 143 143 143 143 143 143 143 143 144 144 144 144 144 144 144 145 145 145 145 145 145 145 145 145 145 145 145 145 145 145 145 145 146 146 146 146 146 146 146 147 147 147 147 147 147 147 147 147 147 148 148 148 148 148 148 148 149 149 149 149 149 149 150 150 150 150 150 150 150 151 150 150 151 150 150 150 151 151 151 152 151 151 151 151 151 152 152 151 150 154 154 155 155 156 156 156 156 156 156 157 157 157 157 157 157 157 157 157 157 157 157 158 158 158 158 158 158 158 158 158 158 159 159 159 159 160 160 160 160 160 160 160 160 160 161 161 161 161 161 161 162 162 162 162 162 162 162 162 122 122 122 122 122 122 122 122 122 122 122 122 122 122 122 122 122 122 122 122 122 122 122 123 123 123 123 123 122 123 123 123 123 123 123 123 123 123 123 123 123 123 123 123 123 123 123 123 123 123 123 123 124 124 124 124 124 124 124 124 124 124 124 124 125 124 125 125 125 125 125 125 125 125 125 125 125 125 125 126 126 126 126 126 126 126 126 126 126 126 126 126 126 126 126 126 127 127 126 126 126 126 127 127 127 127 127 127 127 127 127 127 127 127 127 127 127 127 128 128 128 128 128 128 128 128 128 128 128 128 128 128 128 129 129 129 129 129 129 129 129 129 129 129 129 129 129 129 130 130 131 131 131 131 131 131 131 132 132 131 131 131 131 131 131 131 132 132 132 132 132 132 132 132 132 132 133 133 133 133 133 133 133 133 133 133 133 134 134 134 134 134 134 134 134 134 135 135 137 137 137 137 137 137 137 137 137 137 137 138 138 138 138 138 138 138 138 139 139 139 139 139 139 139 140 140 140 140 140 140 140 140 141 141 141 141 141 141 141 141 141 141 141 141 142 142 142 142 142 142 142 143 143 143 143 143 143 143 143 144 144 144 144 144 144 144 144 145 145 145 145 145 145 145 145 145 145 145 145 145 145 145 145 146 146 146 146 146 146 146 147 147 147 147 147 148 148 147 147 147 147 147 148 148 148 148 148 148 149 149 149 149 149 149 149 150 150 150 150 150 150 151 151 151 151 150 150 150 150 150 151 152 152 151 151 151 151 152 152 151 150 153 154 154 155 155 156 156 156 156 156 156 157 157 157 157 157 157 157 157 157 157 157 157 157 158 158 158 158 158 158 158 158 159 159 159 159 159 159 160 160 160 160 160 160 160 160 161 161 161 161 161 161 161 162 162 162 162 162 162 162 162 121 122 122 122 122 122 122 122 122 122 122 122 122 122 122 122 122 122 122 122 122 123 123 123 122 123 123 123 123 123 123 123 123 123 123 123 123 123 123 123 123 123 123 123 123 123 123 123 123 123 123 124 124 124 124 124 124 124 124 124 124 124 124 124 125 124 125 125 125 125 125 125 125 125 125 125 125 125 126 126 126 126 126 126 126 126 126 126 126 126 126 126 126 126 126 126 127 127 126 126 126 126 127 127 127 127 127 127 127 127 127 127 127 127 127 127 127 127 128 128 128 128 128 128 128 128 128 128 128 128 128 128 128 129 129 129 129 129 129 129 129 129 129 129 129 129 129 129 130 130 130 131 131 131 131 131 131 131 131 131 131 131 131 132 132 132 132 132 132 132 132 132 132 132 132 132 133 133 133 133 133 133 133 133 133 133 134 134 134 134 134 134 134 134 135 135 135 135 137 137 137 137 137 137 137 137 137 137 138 138 138 138 138 138 138 138 138 139 139 139 139 139 139 140 140 140 140 140 140 140 140 140 141 141 141 141 141 141 141 141 141 141 141 142 142 142 142 142 142 142 142 143 143 143 143 143 143 143 144 144 144 144 144 144 144 144 144 144 145 145 145 145 145 145 145 145 145 145 145 145 145 145 145 146 146 146 146 146 146 146 146 147 147 147 147 147 147 147 146 146 147 147 148 148 148 148 148 149 149 149 149 149 149 149 149 150 150 150 150 150 150 151 151 151 151 151 151 151 150 151 151 152 152 152 152 151 151 151 151 151 151 150 153 154 154 154 155 155 156 156 156 156 156 156 157 157 157 157 157 157 157 157 157 157 158 158 157 157 158 158 158 158 158 158 159 159 159 159 159 159 159 159 160 160 160 160 160 160 160 160 161 161 161 161 161 161 162 162 162 162 162 162 162 162 162 122 122 122 122 122 122 122 122 122 122 122 122 122 122 122 122 122 122 122 122 122 122 122 122 122 122 122 122 122 123 123 123 123 123 123 123 123 123 123 123 123 123 123 123 123 123 123 123 123 123 124 124 124 124 124 124 124 124 124 124 124 124 124 124 124 125 125 125 125 125 125 125 125 125 125 125 125 125 125 125 125 125 125 126 126 126 126 126 126 126 126 126 126 126 127 127 127 126 126 126 126 127 127 127 127 127 127 127 127 127 127 127 127 127 127 127 127 128 128 128 128 128 128 128 128 128 128 128 128 128 128 128 129 129 129 129 129 129 129 129 129 129 129 129 129 129 130 130 130 130 131 131 131 131 131 131 131 131 132 132 132 132 132 132 131 132 132 132 132 132 132 132 132 132 133 133 133 133 133 133 133 133 133 133 133 134 134 134 134 134 134 135 135 135 135 135 135 137 137 137 137 137 137 137 137 138 138 138 138 138 138 138 138 138 138 138 139 139 139 139 139 139 140 140 140 140 140 140 140 140 140 141 141 141 141 141 141 141 141 141 141 141 142 142 142 142 142 142 142 142 143 143 143 143 143 143 143 144 144 144 144 144 144 144 144 145 145 145 145 145 145 145 145 145 145 146 145 145 145 146 146 146 146 146 146 146 146 146 146 147 146 147 147 147 147 147 147 146 147 147 148 148 149 149 149 149 149 149 149 149 149 149 149 149 150 150 150 150 150 150 150 150 150 151 151 151 151 151 151 151 151 152 152 152 152 151 151 151 151 151 151 153 153 154 154 155 155 155 156 156 156 156 156 157 157 157 157 157 157 157 158 158 158 158 158 158 158 158 158 158 158 158 158 158 159 159 159 159 159 159 159 159 159 160 160 160 160 160 160 160 161 161 161 161 161 161 161 162 162 162 162 162 162 163 163 121 122 122 122 122 122 122 122 122 122 122 122 122 122 122 122 122 122 122 122 122 122 122 122 122 122 122 122 122 122 123 123 122 123 123 123 123 123 123 123 123 123 123 123 123 123 123 123 123 123 124 124 124 124 124 124 124 124 124 124 124 124 124 124 124 125 125 125 125 125 125 125 125 125 125 125 125 125 125 125 125 125 125 126 126 126 126 126 126 126 126 126 126 126 127 127 127 126 126 126 126 127 127 127 127 127 127 127 127 127 127 127 127 127 127 127 127 127 128 128 128 128 128 128 128 128 128 128 128 128 128 128 129 129 129 129 129 129 129 129 129 129 129 129 129 130 130 130 130 131 131 131 131 131 131 131 131 132 132 132 132 132 132 132 132 132 132 132 132 132 132 132 133 133 133 133 133 133 133 133 133 133 133 133 133 133 134 134 134 134 135 135 135 135 135 135 135 137 137 137 137 137 137 137 138 138 138 138 138 138 138 138 138 138 138 139 139 139 139 139 139 139 140 140 140 140 140 140 140 140 141 141 141 141 141 141 141 141 141 141 141 141 142 142 142 142 142 142 142 142 142 143 143 143 143 143 143 144 144 144 144 144 144 144 144 145 145 145 145 145 145 145 145 146 146 146 146 146 146 146 146 146 146 146 146 146 146 146 146 146 146 147 147 147 147 147 147 146 147 147 148 148 148 148 149 149 149 148 148 148 149 149 149 149 150 150 150 150 150 150 150 151 150 151 151 151 151 152 152 152 152 152 152 152 152 151 151 151 151 151 151 151 153 154 155 155 155 155 156 156 156 156 157 157 157 157 157 157 157 157 157 157 158 158 158 158 158 158 158 158 158 158 158 158 158 159 159 159 159 159 159 159 159 159 161 161 161 161 161 162 162 162 162 162 162 163 163 163 163 121 121 121 121 121 121 121 121 121 121 121 122 122 122 122 122 122 122 122 122 122 122 122 122 122 122 122 122 122 122 122 122 122 122 122 122 123 123 123 123 123 123 123 123 123 123 123 123 123 123 123 124 124 124 124 124 124 124 124 124 124 124 124 124 124 124 124 124 125 125 125 125 125 125 125 125 125 125 125 125 125 125 125 126 126 126 126 126 126 126 126 126 126 126 126 126 126 127 127 126 126 126 126 126 127 127 127 127 127 127 127 127 127 127 127 127 127 127 127 127 128 128 128 128 128 128 128 128 128 128 128 128 128 128 129 129 129 129 129 129 129 129 129 129 129 129 130 130 129 130 131 131 131 131 131 131 131 131 131 132 132 132 132 132 132 132 132 132 132 132 132 132 132 132 132 133 133 133 133 133 133 133 133 133 133 134 133 134 134 134 134 134 134 134 135 135 135 135 135 137 137 137 137 137 137 137 137 138 138 138 138 138 138 138 138 138 138 139 139 139 139 139 139 139 140 140 140 140 140 140 140 140 141 141 141 141 141 141 141 141 141 141 141 142 142 142 142 142 142 142 142 142 142 143 143 143 143 143 143 144 144 144 144 144 144 144 145 145 145 145 145 145 145 145 145 145 146 146 146 146 146 146 146 146 146 146 146 146 146 146 146 146 147 147 147 147 147 147 147 147 147 147 148 148 148 148 148 148 148 148 148 149 149 149 149 149 150 150 150 150 150 150 150 150 150 151 151 151 151 152 152 152 152 152 152 152 152 152 152 152 151 151 151 152 152 153 154 154 154 155 155 155 156 156 157 157 157 157 157 157 157 157 157 157 157 157 157 157 158 158 158 158 158 158 158 158 158 158 158 159 159 159 159 159 159 159 160 161 161 161 162 162 162 162 162 162 162 163 163 163 121 121 121 121 121 121 121 121 121 121 121 122 122 122 122 122 122 122 122 122 122 122 122 122 122 122 122 122 122 122 122 122 122 122 122 122 122 123 123 123 122 123 123 123 123 123 123 123 123 123 123 123 124 124 124 124 124 124 124 124 124 124 124 124 124 124 124 125 125 125 125 125 125 125 125 125 125 125 125 125 125 126 126 126 126 126 126 126 126 126 126 126 126 126 126 126 126 127 127 126 126 126 126 126 126 127 127 127 127 127 127 127 127 127 127 127 127 127 127 127 128 128 128 128 128 128 128 128 128 128 128 128 128 128 129 129 129 129 129 129 129 129 129 129 129 129 129 129 129 130 130 130 131 131 131 131 131 131 131 131 132 132 132 132 132 132 132 132 132 132 132 132 132 132 132 132 132 133 133 133 133 133 133 133 133 133 133 134 134 134 134 134 134 135 135 135 135 135 135 137 137 137 137 137 137 137 137 137 138 138 138 138 138 138 138 138 138 139 139 139 139 139 139 140 140 140 140 140 140 140 140 140 141 141 141 141 141 141 141 141 141 141 141 141 142 142 142 142 142 142 142 142 142 143 143 143 143 143 143 144 144 144 144 144 144 144 145 145 145 145 145 145 145 145 145 146 146 146 146 146 146 146 146 146 146 146 146 146 146 146 146 146 146 146 146 146 147 147 147 146 147 148 148 148 148 148 148 148 149 149 149 149 149 149 149 150 150 150 150 150 150 150 150 150 151 151 151 151 151 151 152 152 152 151 151 152 152 152 152 152 152 152 152 152 152 152 152 153 154 154 155 155 155 156 156 156 157 157 157 157 157 157 157 157 157 157 157 157 157 157 158 158 158 158 158 158 158 158 158 158 159 159 159 159 159 159 159 160 160 161 162 162 162 162 162 162 162 163 122 122 122 122 122 120 120 121 121 121 121 121 121 121 121 122 121 121 122 122 122 122 122 122 122 122 122 122 122 122 122 122 122 122 122 122 122 122 122 122 122 122 122 122 122 122 122 123 123 123 123 123 123 123 123 123 123 124 124 124 124 124 124 124 124 124 124 124 124 124 124 124 124 124 124 125 125 125 125 125 125 125 125 125 125 125 125 125 125 125 125 126 126 126 126 126 126 126 126 126 126 126 126 126 127 126 126 126 126 126 126 126 127 127 127 127 127 127 127 127 127 127 127 127 127 127 128 128 128 128 128 128 128 128 128 128 128 128 128 128 129 129 129 129 129 129 129 129 129 129 129 129 129 130 129 130 130 131 131 131 131 131 131 131 131 132 132 132 132 132 132 132 132 132 132 132 132 132 132 132 132 132 132 133 133 133 133 133 133 133 133 133 133 134 134 134 134 135 134 135 135 135 135 135 135 137 137 137 137 137 137 137 137 138 138 138 138 138 138 138 138 138 138 139 139 139 139 139 139 139 140 140 140 140 140 140 140 140 141 141 141 141 141 141 141 141 142 142 141 141 141 142 142 142 142 143 142 142 142 143 143 143 143 143 144 144 144 144 144 144 144 144 144 144 144 145 145 145 145 145 145 145 146 146 146 146 146 146 146 146 146 146 146 146 146 146 146 146 146 147 147 146 147 146 147 147 147 147 148 148 148 148 148 148 149 149 149 149 149 149 150 150 150 150 150 150 150 150 150 151 151 151 151 151 151 151 152 152 152 152 151 151 151 152 152 152 152 152 152 152 152 152 152 152 153 154 154 154 155 155 156 156 156 156 157 157 157 157 157 157 157 157 157 157 157 157 157 157 158 158 158 158 158 158 158 158 158 158 159 159 159 159 159 159 160 160 162 162 162 162 122 122 121 121 121 120 120 121 120 121 121 121 121 121 121 121 121 121 121 122 122 122 122 122 122 122 122 122 122 122 122 122 122 122 122 122 122 122 122 122 122 122 122 122 122 122 122 122 122 123 123 123 123 123 123 123 123 123 124 124 124 124 124 124 124 124 124 124 124 124 124 124 125 125 125 125 124 125 125 125 125 125 125 125 125 125 125 125 125 125 125 126 126 126 126 126 126 126 126 126 126 126 126 126 126 126 126 126 126 126 126 126 127 127 127 127 127 127 127 127 127 127 127 127 127 127 128 128 128 128 128 128 128 128 128 128 128 128 128 128 129 129 129 129 129 129 129 129 129 129 129 129 129 129 129 130 130 131 131 131 131 131 131 131 131 131 131 132 132 132 132 132 132 132 132 132 132 132 132 132 132 132 132 133 132 133 133 133 133 134 134 134 134 134 134 134 135 135 134 135 135 135 135 135 135 137 137 137 137 137 137 137 137 138 138 138 138 138 138 138 138 138 138 139 139 139 139 139 139 139 140 140 140 140 140 140 140 140 141 141 141 141 141 141 141 141 142 142 142 141 141 142 142 142 142 142 142 143 142 143 143 143 143 143 144 144 144 144 144 144 144 144 144 144 144 144 145 145 145 145 145 146 146 146 146 146 146 146 146 146 147 147 147 147 147 146 146 147 147 147 146 146 147 147 147 148 148 148 148 148 148 148 148 149 149 149 149 149 149 149 149 150 150 150 150 150 150 151 151 151 151 151 151 152 152 152 152 152 152 152 151 151 151 152 152 152 152 152 153 152 152 152 152 152 153 154 154 155 154 155 156 156 156 156 156 156 157 157 157 157 157 157 157 156 156 157 157 157 157 157 158 158 158 158 158 158 158 158 159 159 159 159 159 159 160 160 160 121 121 121 121 121 120 120 120 120 120 121 121 121 121 121 121 121 121 121 121 121 122 122 122 122 121 121 121 121 122 121 121 121 122 122 122 122 122 122 122 122 122 122 122 122 122 122 122 122 122 122 123 123 123 123 123 123 123 123 123 124 124 124 124 124 124 124 124 124 124 124 124 124 124 124 124 124 124 125 125 125 125 125 125 125 125 125 125 125 125 125 125 126 126 126 126 126 126 126 126 126 126 126 126 126 126 126 126 126 126 126 126 126 127 127 127 127 127 127 127 127 127 127 127 127 127 127 128 128 128 128 128 128 128 128 128 128 128 128 128 128 129 129 129 129 129 129 129 129 129 129 129 130 130 130 130 130 131 131 131 131 131 131 131 131 131 131 131 132 132 132 132 132 132 132 132 132 132 132 132 132 132 132 132 133 133 133 133 133 134 134 134 134 134 134 135 135 134 135 135 135 135 135 135 135 137 137 137 137 137 137 137 138 138 138 138 138 138 138 138 138 138 139 139 139 139 139 139 139 139 140 140 140 140 140 140 140 141 141 141 141 141 141 141 141 141 142 142 142 142 141 142 142 142 143 143 143 143 143 143 143 143 143 143 144 144 144 144 144 144 144 144 144 144 144 144 144 145 145 145 145 145 145 146 146 146 146 146 146 146 147 147 147 147 147 147 147 147 147 146 146 147 147 148 148 148 148 147 148 148 148 148 148 149 149 149 149 149 149 149 149 150 150 150 150 150 151 151 151 151 151 151 151 152 152 152 152 152 152 151 151 152 152 152 152 152 153 153 153 152 153 152 152 152 153 154 154 155 155 156 156 156 156 156 156 156 157 157 157 157 157 157 157 156 157 157 157 157 157 157 158 158 158 158 158 158 158 158 159 159 159 159 159 160 160 160 160 121 121 121 122 122 120 120 120 120 120 120 121 121 121 121 121 121 121 121 121 121 121 121 121 121 121 121 121 122 121 122 122 122 121 121 121 121 122 122 122 122 122 122 122 122 122 122 122 122 122 122 123 123 123 123 123 123 123 123 123 123 124 124 124 124 124 124 124 124 124 124 124 124 124 124 124 124 124 124 125 125 125 125 125 125 125 125 125 125 125 125 125 125 125 126 126 126 126 126 126 126 126 126 126 126 126 126 126 126 126 126 126 127 127 127 127 127 127 127 127 127 127 127 127 127 127 128 128 128 128 128 128 128 128 128 128 128 128 128 128 128 129 129 129 129 129 129 129 129 129 129 129 129 129 130 131 131 131 131 131 131 131 131 131 131 131 131 131 131 131 132 132 132 132 132 132 132 132 132 132 132 132 132 132 133 133 133 133 133 133 134 134 134 134 134 134 135 135 135 135 135 135 135 135 135 137 137 137 137 137 137 137 138 138 138 138 138 138 138 138 138 139 139 139 139 139 139 139 139 139 140 140 140 140 140 140 140 141 141 141 141 141 141 141 141 141 142 142 142 142 142 142 142 142 142 143 143 143 143 143 143 143 143 143 144 144 144 144 144 144 144 144 145 145 145 145 145 145 144 145 145 145 145 145 146 146 146 146 146 147 147 147 147 147 147 147 147 147 147 146 146 147 148 148 148 147 147 147 148 148 148 149 148 149 149 149 149 149 149 149 150 150 150 150 150 150 151 150 151 151 151 151 151 151 152 152 152 152 152 151 152 152 152 152 152 152 153 152 152 152 153 153 152 152 152 151 153 153 154 154 154 155 156 156 156 156 156 156 157 157 157 157 157 157 157 157 157 157 157 157 157 157 157 157 158 158 158 158 158 158 159 159 159 159 159 160 160 160 160 160 121 121 121 122 121 121 121 121 120 120 121 121 121 121 121 121 121 121 121 121 121 121 121 121 121 121 121 121 121 121 122 121 121 121 122 121 121 121 122 122 122 122 122 122 122 122 122 122 123 123 123 123 123 122 123 123 123 123 123 123 123 123 123 123 123 124 124 124 124 124 124 124 124 124 124 124 124 124 124 125 125 125 125 125 125 125 125 125 125 125 125 125 125 125 126 126 126 126 126 126 126 126 126 126 126 126 126 126 126 126 126 127 127 127 127 127 127 127 127 127 127 127 127 127 127 128 128 128 128 128 128 128 128 128 128 128 128 128 128 128 129 129 129 129 129 129 129 129 129 129 129 129 130 130 131 131 131 131 131 131 131 131 131 131 131 131 131 132 132 132 132 132 132 132 131 132 132 132 132 132 132 132 132 133 133 133 133 133 133 134 134 134 134 134 134 134 135 135 135 135 135 135 135 135 137 137 137 137 137 137 137 138 138 138 138 138 138 138 138 138 139 139 139 139 139 139 139 139 139 139 140 140 140 140 140 140 141 141 141 141 141 141 141 141 141 142 142 142 142 142 142 142 142 143 142 143 143 143 143 143 143 143 143 144 144 144 144 144 144 144 144 144 145 145 145 145 145 145 145 145 145 146 146 146 146 146 146 146 146 147 147 147 147 147 147 147 147 147 147 147 147 147 147 148 147 147 148 148 148 149 149 149 149 149 149 149 149 149 149 149 149 149 149 150 150 150 150 151 151 151 151 151 151 152 152 152 152 152 152 152 152 152 152 152 152 152 152 153 153 153 153 153 153 152 151 152 152 153 153 154 154 154 154 155 156 156 156 156 156 157 157 157 157 157 157 157 157 157 158 158 157 157 158 158 157 157 157 158 158 158 158 158 159 159 159 159 159 160 160 160 160 121 121 121 121 120 121 121 121 121 120 120 120 120 121 121 121 121 121 121 121 121 121 121 121 121 121 121 121 121 121 121 121 122 122 121 121 121 121 121 122 122 122 122 122 122 122 122 122 122 123 123 123 123 122 123 123 123 123 123 123 123 123 123 124 123 123 123 123 123 124 124 124 124 124 124 124 124 124 124 124 124 125 124 125 125 125 125 125 125 125 125 125 125 125 126 126 126 126 126 126 126 126 126 126 126 126 126 126 126 126 126 127 127 127 127 127 127 127 127 127 127 127 127 127 127 127 127 128 128 128 128 128 128 128 128 128 128 128 128 128 128 129 129 129 129 129 129 129 129 129 129 129 130 130 130 130 131 131 131 131 131 131 131 131 132 132 132 132 132 132 132 132 132 132 132 132 132 132 132 132 132 132 132 133 133 133 133 133 133 134 134 134 134 134 134 134 134 135 135 135 135 135 135 135 137 137 137 137 137 137 137 138 138 138 138 138 138 138 138 138 139 139 139 139 139 139 139 139 139 139 140 140 140 140 140 140 141 141 141 141 141 141 141 141 142 142 142 142 142 142 142 142 142 142 143 143 143 143 143 143 143 143 143 144 144 144 144 144 144 144 145 144 145 145 145 145 145 145 145 145 145 146 146 146 146 146 146 147 146 147 147 147 147 147 147 147 147 147 147 147 147 148 147 147 147 148 148 148 148 149 148 149 149 149 149 149 149 149 149 149 149 150 150 150 150 150 150 151 151 151 151 151 152 152 152 152 152 152 152 152 153 153 153 152 152 153 152 153 153 153 153 153 153 153 152 152 152 152 153 153 153 154 154 155 155 155 156 156 156 157 157 157 157 157 157 157 157 158 158 158 158 158 158 158 158 158 158 158 158 158 158 158 158 159 159 159 159 159 159 160 121 121 121 119 120 120 121 121 121 120 120 120 121 121 121 121 121 121 121 121 121 121 121 122 121 121 121 121 121 121 122 121 121 121 121 121 121 121 121 122 122 122 122 122 122 122 122 122 122 122 123 123 123 123 123 123 123 123 123 123 123 123 124 124 123 123 123 123 123 123 123 124 124 124 124 124 124 124 124 124 124 124 124 124 125 125 125 125 125 125 126 126 126 126 126 126 126 126 126 126 126 126 126 126 126 126 126 126 126 126 126 126 127 126 126 127 127 127 127 127 127 127 127 127 127 127 128 128 128 128 128 128 128 128 128 128 128 128 128 128 128 129 129 129 129 129 129 129 129 129 129 129 130 130 131 131 131 131 131 131 131 131 132 132 132 132 131 131 131 132 132 132 132 132 132 132 132 132 132 132 133 133 133 133 133 133 133 133 134 134 134 134 134 134 134 134 134 135 135 135 135 135 135 137 137 137 137 137 137 138 138 138 138 138 138 138 138 138 138 139 139 139 139 139 139 139 139 139 139 140 140 140 140 140 141 141 141 141 141 141 141 141 141 142 142 142 142 142 142 142 142 142 142 143 143 143 143 143 143 143 143 143 144 144 144 144 144 144 144 145 145 145 145 145 145 145 145 145 145 145 146 146 146 146 146 146 147 147 147 147 147 147 147 147 147 147 147 147 147 148 148 148 148 147 148 148 148 148 148 149 149 149 149 149 149 149 149 149 150 150 150 150 150 150 151 151 151 151 151 151 151 152 152 152 152 153 153 153 153 153 153 153 153 153 153 153 153 153 153 153 153 153 153 152 152 152 152 152 152 152 152 153 153 153 153 153 154 154 154 155 156 156 156 156 156 156 157 157 157 157 157 157 157 157 158 158 158 158 158 158 157 157 158 158 158 158 158 158 120 121 121 119 119 120 120 121 121 121 120 120 121 121 121 121 120 120 121 121 121 121 121 122 121 121 121 121 121 121 122 121 122 122 121 121 121 121 121 121 122 122 122 122 122 122 122 122 122 122 122 123 123 123 123 122 123 123 123 123 123 123 124 124 124 124 124 124 124 123 124 123 123 123 124 124 124 124 124 124 124 124 124 125 125 125 125 125 125 125 125 126 126 126 126 126 126 126 126 126 126 126 126 126 126 126 126 126 126 126 126 126 126 126 127 127 127 127 127 127 127 127 127 127 127 127 128 128 128 128 128 127 128 128 128 128 128 128 128 129 129 129 129 129 129 129 129 129 129 129 129 130 130 131 131 131 131 131 131 131 131 131 131 131 132 131 131 131 131 132 132 132 132 132 132 132 132 132 132 132 133 133 133 133 133 133 133 133 133 134 134 134 134 134 134 134 134 135 135 135 135 135 135 137 137 137 137 137 137 137 138 138 138 138 138 138 138 138 139 139 139 139 139 139 139 139 139 139 139 140 140 140 140 140 141 141 141 141 141 141 141 141 141 142 142 142 142 142 142 142 142 142 142 142 143 143 143 143 143 143 143 143 144 144 144 144 144 144 144 145 145 145 145 145 145 145 145 145 145 145 146 146 146 146 146 146 147 147 147 147 147 147 147 147 147 147 147 147 147 148 148 148 148 147 148 148 148 148 148 149 149 149 149 149 149 149 149 149 149 150 150 150 150 150 150 151 151 151 152 151 151 152 152 152 153 152 152 153 153 153 153 154 154 153 154 153 153 153 153 153 153 153 153 152 152 152 152 152 153 152 153 153 153 153 153 154 154 154 155 155 155 156 156 156 156 156 157 157 157 157 157 157 157 157 157 157 158 158 158 158 158 158 158 158 158 158 158 158 120 121 121 119 119 119 120 120 120 120 120 120 120 121 121 121 121 121 120 121 121 121 121 121 121 121 121 121 121 121 121 122 122 122 121 121 121 121 121 121 121 122 122 122 122 122 122 122 122 122 122 122 122 123 123 123 123 123 123 123 123 123 123 123 124 124 124 124 124 124 124 124 124 124 124 124 124 124 124 124 124 124 125 125 125 125 125 125 125 125 125 126 126 126 126 126 126 126 126 126 126 126 126 126 126 126 126 126 126 126 126 126 126 127 127 127 127 127 127 127 127 127 127 127 127 127 128 128 128 128 128 127 128 128 128 128 128 128 128 129 129 129 129 129 129 129 129 129 129 129 129 130 130 130 130 130 131 131 131 131 131 131 131 131 131 131 131 131 132 132 132 132 132 132 132 132 132 132 132 133 133 133 133 133 133 133 133 133 134 134 134 134 134 134 134 134 134 135 135 135 135 135 135 137 137 137 137 137 137 138 138 138 138 138 138 138 138 138 139 139 139 139 139 139 139 139 139 139 139 140 140 140 140 140 141 141 141 141 141 141 141 141 141 142 142 142 142 142 142 142 142 142 143 143 143 143 143 143 143 143 143 143 144 144 144 144 144 144 145 145 145 145 145 145 145 145 145 145 146 145 145 146 146 146 146 146 147 147 147 147 147 147 147 147 147 147 148 147 147 147 148 148 148 147 148 148 148 148 148 149 148 148 149 149 149 149 150 150 150 150 150 151 151 150 150 150 150 151 152 152 152 152 152 152 153 153 152 152 153 153 153 154 154 154 154 154 153 153 153 153 153 153 153 152 152 152 152 152 152 153 153 153 153 153 153 154 154 154 155 155 155 156 156 156 156 156 156 157 157 157 157 157 157 158 158 158 158 158 158 158 158 158 158 158 158 158 158 158 159 120 121 121 119 119 119 119 120 120 120 120 120 120 120 121 121 121 121 121 121 121 121 121 121 121 121 121 122 121 122 122 122 122 122 121 121 121 121 121 121 121 121 121 122 122 122 122 122 122 122 122 122 122 123 123 123 123 123 123 123 123 123 123 123 124 124 124 124 124 124 124 124 124 124 124 124 124 124 124 124 124 125 125 125 125 125 125 125 125 125 125 125 126 126 126 126 126 126 126 126 126 126 126 126 126 126 126 126 126 126 126 126 126 127 127 127 127 127 127 127 127 127 127 127 127 128 128 128 128 128 128 128 128 128 128 128 128 128 128 129 128 128 128 128 129 129 129 129 129 129 129 130 130 130 130 131 131 131 131 131 131 131 131 131 132 131 132 132 132 132 132 132 132 132 132 132 132 132 133 133 133 133 133 133 133 133 133 133 134 134 134 134 134 134 134 134 135 135 135 135 135 135 135 137 137 137 137 137 137 138 138 138 138 138 138 138 138 138 139 139 139 139 139 139 139 139 140 140 139 140 140 140 140 140 141 141 141 141 141 141 141 141 142 142 142 142 142 142 142 142 142 142 143 143 143 143 143 143 143 143 143 143 144 144 144 144 144 144 144 145 145 145 145 145 145 146 146 146 146 146 145 146 146 146 146 146 146 146 147 147 147 147 147 147 147 148 147 147 147 148 148 148 148 148 148 148 148 148 148 148 148 148 149 149 149 149 149 150 150 150 150 151 151 150 150 150 150 151 151 152 152 152 152 152 153 153 152 153 153 153 153 153 153 154 154 154 154 153 153 153 153 153 153 153 153 153 152 153 153 153 153 154 153 153 153 154 154 154 155 155 156 156 156 156 156 156 156 156 157 157 157 157 158 158 158 158 157 157 158 158 158 158 158 158 158 158 158 158 159 121 121 119 119 119 119 119 120 120 120 120 120 121 121 121 121 121 121 121 121 121 121 121 121 121 121 121 121 121 121 121 121 121 121 121 121 121 121 121 121 121 122 122 122 122 122 122 122 122 122 122 122 123 123 123 123 123 123 123 123 123 123 123 123 124 124 124 124 124 124 124 124 124 124 125 125 125 125 125 125 125 125 125 125 125 125 125 125 125 125 125 125 125 126 126 126 126 126 126 126 126 126 126 126 126 126 126 126 126 126 127 127 127 127 127 127 127 127 127 127 127 127 127 127 128 128 128 128 128 128 128 128 128 128 128 128 128 128 128 128 128 128 128 128 129 129 129 129 129 129 129 129 130 131 131 131 131 131 131 131 131 131 131 131 131 131 132 132 132 132 132 132 132 132 132 132 132 133 133 133 133 133 133 133 133 133 133 133 134 134 134 134 134 134 135 135 135 135 135 135 135 135 137 137 137 137 137 138 138 138 138 138 138 138 138 138 138 139 139 139 139 139 139 139 139 139 140 140 139 140 140 140 140 141 141 141 141 141 141 141 141 142 142 142 142 142 142 142 142 142 142 143 143 143 143 143 143 143 143 143 143 144 144 144 144 144 144 144 144 145 145 145 145 145 146 146 145 145 145 146 146 146 146 146 146 146 146 146 147 147 147 147 148 148 148 148 148 148 148 148 148 148 148 148 148 148 148 149 148 148 149 149 150 149 149 149 150 150 150 150 151 151 151 150 150 150 151 151 151 152 152 152 153 153 152 152 153 153 153 153 153 153 153 154 154 154 153 153 153 153 153 154 153 153 153 153 153 153 153 153 153 153 153 153 154 154 155 155 156 156 156 156 156 156 156 156 156 156 157 157 157 157 157 158 158 158 157 158 158 158 158 158 158 159 158 158 158 159 159 121 121 119 119 119 119 119 120 120 120 120 120 120 121 121 121 121 121 121 121 121 121 121 121 121 121 121 121 121 122 121 121 121 121 121 121 121 121 121 121 122 122 122 122 122 122 122 122 122 122 122 122 123 123 123 123 123 123 123 123 123 123 123 123 123 124 124 124 124 124 124 124 124 124 125 125 125 125 125 125 125 125 125 125 125 125 125 125 125 125 125 125 126 126 126 126 126 126 126 126 126 126 126 126 126 126 126 126 126 126 126 127 127 127 127 127 127 127 127 127 127 127 127 127 128 128 128 128 128 128 128 128 128 128 128 128 128 128 128 128 128 128 128 129 129 129 129 129 129 129 129 129 130 131 131 131 131 131 131 131 131 131 131 131 131 131 131 132 132 132 132 132 132 132 132 132 133 133 133 133 133 133 133 133 133 133 133 134 134 134 134 134 134 134 135 135 135 135 135 135 135 135 137 137 137 137 137 137 138 138 138 138 138 138 138 138 138 139 139 139 139 139 139 139 139 140 140 140 139 140 140 140 140 141 141 141 141 141 141 141 141 142 142 142 142 142 142 142 142 142 142 143 143 143 143 143 143 143 143 143 143 144 144 144 144 144 144 144 144 145 145 145 145 145 146 146 145 145 145 146 146 146 146 146 146 146 146 146 147 147 147 148 148 148 148 148 148 148 148 148 148 148 148 148 149 148 148 149 148 149 149 149 150 150 149 149 150 150 150 150 150 151 151 150 150 150 151 151 151 152 152 152 152 152 152 152 153 153 153 153 153 153 153 154 154 154 154 154 154 153 154 154 153 153 153 153 153 153 153 153 153 153 153 154 154 154 155 155 156 156 156 156 156 156 156 156 156 156 156 157 157 157 158 157 158 158 157 158 158 158 158 158 159 159 159 158 158 159 159 159 120 121 119 119 119 120 120 120 120 120 120 120 120 120 121 121 121 121 121 121 120 121 121 121 121 121 121 121 121 121 121 121 121 121 121 121 121 121 121 121 122 122 122 122 122 122 121 122 122 122 122 122 123 123 123 123 123 123 123 123 123 123 123 123 123 124 124 124 124 124 124 124 124 124 124 124 124 125 125 125 125 125 125 125 125 125 125 125 125 125 125 126 126 126 126 126 126 126 126 126 126 126 126 126 126 126 126 126 126 126 126 126 127 127 127 127 127 127 127 127 127 127 127 127 127 128 128 128 128 128 128 128 128 128 128 128 128 128 128 128 128 128 128 129 129 129 129 129 129 129 129 129 130 130 130 131 131 131 131 131 131 131 131 131 131 131 132 132 132 132 132 132 132 132 132 132 133 133 133 133 133 133 133 133 133 133 133 134 134 134 134 134 134 134 134 135 135 135 135 135 135 135 137 137 137 137 137 137 138 138 138 138 138 138 138 138 138 139 139 139 139 139 139 139 140 140 140 140 140 140 140 140 140 141 141 141 141 141 141 141 141 142 142 142 142 142 142 142 142 142 143 143 143 143 143 143 143 143 143 143 143 144 144 144 144 144 144 144 145 145 145 145 145 145 145 146 146 145 145 146 146 146 146 146 146 146 147 147 147 147 147 147 147 148 148 148 148 148 148 148 149 149 148 149 148 148 148 149 148 149 149 149 150 150 150 149 150 150 150 150 150 151 151 151 150 150 150 151 151 151 152 152 152 152 152 152 153 153 153 153 153 153 154 154 154 154 154 154 154 154 154 154 153 153 153 153 153 153 154 153 153 154 153 154 154 155 155 155 155 156 156 156 156 156 156 156 157 157 157 157 157 157 158 157 158 158 158 157 158 158 158 158 159 159 159 158 158 159 159 159 159 120 120 120 119 120 119 119 119 119 120 120 120 120 120 120 120 121 121 120 120 120 120 121 121 121 121 121 121 121 121 121 121 121 121 121 121 121 121 121 121 121 121 122 122 122 122 122 121 122 122 122 122 122 123 123 123 123 123 123 123 123 123 123 123 123 124 124 124 124 124 124 124 124 124 125 124 125 125 125 125 125 125 125 125 125 125 125 125 125 125 125 125 126 126 126 126 126 126 126 126 126 126 126 126 126 126 126 126 126 126 126 126 126 127 127 127 127 127 127 127 127 127 127 127 127 128 128 128 128 128 128 128 128 128 128 128 128 128 128 128 128 128 128 128 129 129 129 129 129 129 129 129 129 130 130 130 130 130 131 131 131 131 131 131 131 131 131 132 132 132 132 132 132 132 132 132 133 133 133 133 133 133 133 133 133 133 133 134 134 134 134 134 134 134 134 134 135 135 135 135 135 135 135 137 137 137 137 137 137 138 138 138 138 138 138 138 138 138 139 139 139 139 139 139 140 140 140 139 140 140 140 140 140 140 141 141 141 141 141 141 141 141 142 142 142 142 142 142 142 142 142 143 143 143 143 143 143 143 143 143 143 144 144 144 144 144 144 144 144 144 145 145 145 145 145 145 145 146 146 146 146 146 146 146 146 147 147 147 147 147 147 147 148 148 148 148 148 148 148 148 148 149 149 148 149 148 149 149 149 149 149 149 149 150 150 150 150 150 150 150 150 150 151 151 151 150 150 150 151 151 152 152 152 152 151 152 153 153 153 153 153 153 153 153 154 154 154 155 154 155 155 155 154 153 153 153 153 154 154 154 154 153 154 153 154 154 154 155 155 155 156 156 156 156 156 157 157 157 157 157 157 157 157 157 157 157 158 157 158 158 158 158 159 159 159 159 158 158 159 159 160 159 159 120 120 120 120 120 119 119 119 119 119 119 119 119 119 120 120 120 120 121 121 121 121 121 121 121 121 121 121 121 121 121 121 121 121 121 121 121 121 121 121 121 121 121 121 121 121 121 121 122 122 121 121 122 122 122 122 123 123 123 123 123 123 123 123 123 123 124 124 124 124 124 124 124 124 124 124 124 124 124 124 125 125 125 125 125 125 125 125 125 125 125 125 125 125 125 125 126 126 126 126 126 126 126 126 126 126 126 126 126 126 126 126 126 126 126 127 127 127 127 127 127 127 127 127 127 127 127 128 128 128 128 128 128 128 128 128 128 128 128 128 128 128 128 128 128 128 128 129 129 129 129 129 129 129 129 130 130 130 130 130 131 131 131 131 131 131 131 131 131 132 132 132 132 132 132 132 132 132 132 133 133 133 133 133 133 133 133 133 134 134 134 134 134 134 134 134 134 134 135 135 135 135 135 135 135 137 137 137 137 137 138 138 138 138 138 138 138 138 138 138 139 139 139 139 139 140 140 140 140 140 140 140 140 140 140 141 141 141 141 141 141 141 141 142 142 142 142 142 142 142 142 142 142 142 143 143 143 143 143 143 143 143 143 144 144 144 144 144 144 144 144 144 144 145 145 145 145 145 146 146 146 146 146 146 146 146 146 147 147 147 147 147 147 147 147 148 148 148 148 148 148 148 148 148 148 148 148 148 148 149 149 149 149 149 149 149 150 150 150 150 150 150 151 151 151 151 151 151 151 151 151 151 152 152 152 152 152 152 153 153 153 153 153 153 153 154 154 154 154 154 154 154 155 155 155 153 153 153 153 153 154 154 154 154 154 153 154 155 155 155 155 156 156 156 156 156 157 157 157 157 157 157 157 157 157 157 158 158 158 157 158 158 158 158 158 158 158 158 159 159 159 159 160 160 159 119 120 120 120 120 120 120 118 118 119 119 119 119 119 119 120 120 120 120 121 121 121 121 121 121 121 120 121 121 121 121 121 121 121 121 121 121 121 121 121 121 121 121 121 121 121 121 121 121 121 122 122 122 121 121 122 122 122 122 123 123 123 123 123 123 123 123 123 124 124 124 124 124 124 124 124 124 124 124 124 124 125 124 124 125 125 125 125 125 125 125 125 125 125 125 125 125 125 125 125 126 126 126 126 126 126 126 126 126 126 126 126 126 126 126 126 126 127 127 127 127 127 127 127 127 127 127 127 127 127 127 128 128 128 128 128 128 128 128 128 128 128 128 128 128 129 129 129 128 128 128 129 129 129 129 129 129 130 131 131 131 131 131 131 131 131 131 131 131 131 131 132 132 132 132 132 132 132 132 133 133 133 133 133 133 133 133 133 133 134 134 134 134 134 134 134 134 134 134 134 135 135 135 135 135 135 135 137 137 137 137 137 138 138 138 138 138 138 138 138 138 138 139 139 139 139 139 140 140 140 140 140 140 140 140 140 140 140 141 141 141 141 141 141 141 142 142 142 142 142 142 142 142 142 142 142 142 143 143 143 143 143 143 143 144 144 144 144 144 144 144 144 144 145 145 145 145 145 145 145 145 146 146 146 146 146 146 146 146 146 147 147 147 147 147 147 148 148 148 148 148 148 148 148 148 148 148 148 149 149 148 149 149 149 149 149 149 149 149 150 150 150 150 150 150 151 151 151 151 151 151 151 151 151 152 152 152 152 153 153 153 153 153 153 153 153 153 154 154 154 154 154 154 154 154 155 155 154 153 153 153 153 153 154 154 154 154 153 154 154 155 155 155 156 156 157 157 157 157 157 157 157 157 157 157 158 158 158 158 158 158 158 158 158 158 158 158 158 159 159 159 159 159 159 159 160 160 120 120 120 120 120 120 120 118 118 118 119 119 119 120 120 120 120 120 120 121 121 120 120 121 121 121 121 121 120 120 121 121 121 121 121 121 121 121 120 121 121 121 121 121 121 121 121 121 121 121 122 121 122 122 121 121 122 122 122 122 123 123 123 123 123 123 123 124 124 124 124 124 124 124 124 124 124 124 124 124 124 124 124 124 124 125 125 125 125 125 125 125 125 125 125 125 125 125 125 125 126 126 126 126 126 126 126 126 126 126 126 126 126 126 126 126 126 126 127 127 127 127 127 127 127 127 127 127 127 127 127 128 128 128 128 128 128 128 128 128 128 128 128 128 129 129 129 129 129 129 129 129 129 129 129 129 129 130 130 131 131 131 131 131 131 131 131 131 131 132 132 132 132 132 132 132 132 132 132 132 133 133 133 133 133 133 133 133 133 134 134 134 134 134 134 134 134 134 134 134 135 135 135 135 135 135 135 137 137 137 137 137 138 138 138 138 138 138 138 138 138 138 139 139 139 139 139 140 140 140 140 140 140 140 140 140 140 140 141 141 141 141 141 141 141 142 142 142 142 142 142 142 142 142 142 142 143 143 143 143 143 143 143 143 144 144 144 144 144 144 144 144 144 145 145 145 145 145 145 145 145 146 146 146 146 146 146 146 146 146 147 147 147 147 147 148 148 148 148 148 148 148 148 148 148 148 149 148 148 148 148 148 149 149 149 149 149 149 149 150 150 150 151 150 150 151 151 151 151 151 151 151 151 151 151 152 152 153 153 153 153 153 153 153 153 153 153 154 154 154 154 154 154 154 154 154 155 154 154 154 154 153 154 154 154 154 154 153 154 154 155 155 155 156 156 156 156 156 157 157 157 157 157 157 157 157 157 158 158 158 158 158 158 158 158 158 158 159 159 159 159 159 159 159 159 160 160 160 120 120 120 120 120 120 120 119 119 118 119 119 119 119 120 120 120 121 121 121 120 120 120 120 120 120 120 120 120 120 121 121 121 121 121 121 121 120 121 121 121 121 121 121 121 121 121 121 121 121 121 122 121 121 121 121 121 122 122 122 122 123 123 123 123 123 123 123 123 124 124 124 124 124 124 124 124 124 124 125 125 124 125 125 125 125 125 125 125 125 125 125 125 125 125 125 126 125 126 126 126 126 126 126 126 126 126 126 126 126 126 126 126 126 126 126 126 126 127 127 127 127 127 127 127 127 127 127 127 127 127 127 127 127 128 128 128 128 128 128 128 128 128 128 129 129 129 129 129 129 129 129 129 129 129 129 129 130 130 131 131 131 131 131 131 131 131 131 131 131 131 132 132 132 132 132 132 132 132 133 133 133 133 133 133 133 133 133 133 134 134 134 134 134 134 134 134 134 134 134 135 135 135 135 135 135 135 137 137 137 137 137 138 138 138 138 138 138 138 138 138 138 139 139 139 139 139 139 139 140 140 140 140 140 140 140 140 140 141 141 141 141 141 141 141 142 142 142 142 142 142 142 142 142 142 142 143 143 143 143 143 143 143 143 143 144 144 144 144 144 144 144 144 144 145 145 145 145 145 145 146 146 146 146 146 146 146 146 146 146 146 146 147 147 147 147 147 148 148 148 148 148 148 148 148 148 148 148 149 148 148 148 149 149 150 150 150 149 149 149 150 150 151 151 150 151 151 151 151 152 152 152 152 151 151 151 152 153 153 153 153 153 154 154 153 153 154 154 154 154 154 154 154 154 154 155 155 154 154 154 154 154 154 154 154 154 154 153 154 155 155 155 155 155 156 157 157 157 157 157 157 157 157 157 157 157 158 158 157 157 158 158 158 158 158 158 159 159 159 159 159 159 159 159 160 160 160 160 119 119 119 120 120 120 120 121 119 119 119 119 119 119 119 119 120 120 120 121 120 120 120 120 120 120 120 120 120 120 120 120 120 120 120 121 121 121 121 121 121 121 121 121 121 121 121 121 121 121 121 121 121 121 122 121 122 122 122 122 122 122 123 123 123 123 123 123 123 124 124 124 124 124 124 124 124 124 124 124 125 125 125 125 125 125 125 125 125 125 125 125 125 125 125 125 126 126 126 126 126 126 126 126 126 126 126 126 126 126 126 126 126 126 126 126 126 126 126 126 127 127 127 127 127 127 127 127 127 127 127 127 127 127 127 127 128 128 128 128 128 128 128 128 129 129 129 129 129 129 129 129 129 129 129 129 129 129 130 130 130 131 131 131 131 131 131 131 131 131 131 131 132 132 132 132 132 132 132 132 133 133 133 133 133 133 133 133 133 134 134 134 134 134 134 134 134 134 134 135 135 135 135 135 135 135 135 135 137 137 137 137 137 138 138 138 138 138 138 138 138 138 138 139 139 139 139 139 139 139 139 140 140 140 140 140 140 140 141 141 141 141 141 141 141 142 142 142 142 142 142 142 142 142 142 142 142 143 143 143 143 143 143 143 143 144 144 144 144 144 144 145 144 144 144 145 145 145 145 145 145 146 146 146 146 146 146 146 146 146 147 147 147 147 147 147 147 147 148 148 148 148 148 149 149 148 148 148 148 149 149 149 149 149 149 150 150 149 149 149 149 150 150 151 151 151 151 152 151 151 151 152 152 152 152 152 152 152 152 153 153 153 153 153 154 153 153 153 154 154 154 154 154 154 154 154 155 155 154 154 154 154 154 154 154 154 154 154 154 154 154 154 155 155 156 156 156 157 156 156 157 157 157 157 157 157 158 158 158 158 158 158 158 158 158 158 159 159 159 159 159 159 159 159 159 159 160 160 160 119 119 120 120 120 121 119 119 119 119 120 119 120 120 120 119 120 120 120 120 120 120 119 120 120 120 120 120 120 120 120 120 120 120 120 121 121 121 121 121 121 121 121 121 121 121 121 121 121 121 121 121 121 121 122 121 122 122 122 122 122 123 123 123 123 123 123 123 123 124 124 124 124 124 124 124 124 124 125 125 125 125 125 125 125 125 125 125 125 125 125 125 125 125 126 126 125 126 126 126 126 126 126 126 126 126 126 126 126 126 126 126 126 126 126 126 126 126 127 127 127 127 127 127 127 127 127 127 127 127 127 128 128 128 128 128 128 128 128 128 128 128 128 129 129 129 129 129 129 129 129 129 129 129 129 129 130 130 130 131 131 131 131 131 132 132 132 132 132 132 132 132 132 132 132 132 132 132 132 132 133 133 133 133 133 133 133 134 134 134 134 134 134 134 134 134 135 135 135 135 135 135 135 135 135 135 137 137 137 137 137 137 138 138 138 138 138 138 138 139 139 139 139 139 139 139 139 139 139 140 140 140 140 140 140 140 141 141 141 141 141 141 141 142 142 142 142 142 142 142 142 142 142 142 142 143 143 143 143 143 143 143 143 144 144 144 144 144 144 145 145 145 145 145 145 145 145 145 145 145 146 146 146 146 146 146 146 146 146 147 147 147 148 147 147 148 147 148 149 149 149 149 149 148 148 148 148 149 149 149 149 149 150 150 149 149 149 150 149 150 150 151 151 151 152 152 151 151 151 152 151 152 152 152 152 152 153 153 152 153 153 153 153 153 153 153 153 154 154 154 154 154 154 154 155 155 154 154 154 154 154 154 154 154 154 154 154 154 154 155 155 155 155 156 156 157 157 157 157 157 157 157 157 157 158 158 158 158 158 158 158 158 159 159 159 159 159 159 159 159 159 160 159 160 160 160 160 160 119 119 119 120 120 120 120 119 119 119 119 119 119 119 119 119 119 120 120 120 120 120 120 120 119 119 120 120 120 120 120 120 120 120 121 121 121 121 121 121 121 121 121 121 121 121 121 121 121 121 121 121 121 121 121 121 121 122 122 123 122 122 122 122 123 123 123 123 123 123 123 124 124 124 124 124 124 124 124 124 124 124 125 125 125 125 125 125 125 125 125 125 125 125 125 125 125 125 126 126 126 126 126 126 126 126 126 126 126 126 126 126 126 126 126 126 126 126 126 126 127 127 127 127 127 127 127 127 127 127 127 128 128 128 128 128 128 128 128 128 128 128 128 129 129 129 129 129 129 129 129 129 129 129 129 129 129 130 130 131 131 131 131 131 131 131 132 132 132 132 132 132 132 132 132 132 132 132 132 132 132 133 133 133 133 133 133 133 134 134 134 134 134 134 134 134 134 134 135 135 135 135 135 135 135 135 135 137 137 137 137 137 137 138 138 138 138 138 138 138 138 139 139 139 139 139 139 139 139 139 140 140 140 140 140 140 141 141 141 141 141 141 141 141 142 142 142 142 142 142 142 142 142 142 142 143 143 143 143 143 143 143 143 143 144 144 144 144 144 144 145 145 145 145 145 145 145 145 145 145 146 146 146 146 146 146 146 146 146 146 146 147 147 147 148 148 148 148 148 148 148 149 149 149 149 148 148 149 149 149 149 149 149 150 150 149 150 150 150 150 150 150 150 151 151 151 151 151 151 151 151 152 152 152 152 152 152 153 153 153 153 153 153 154 154 153 154 153 153 154 153 153 153 154 154 154 155 154 154 154 154 155 155 154 155 154 154 154 154 154 155 155 155 156 156 156 157 157 157 157 157 157 157 157 157 158 158 158 158 158 158 158 158 159 159 159 159 159 159 159 160 160 160 160 160 160 160 160 160 119 119 119 119 120 120 118 118 118 118 119 119 119 119 119 119 119 120 120 120 121 120 120 119 120 120 120 120 120 120 120 120 120 120 121 121 121 121 121 121 121 121 121 121 121 121 121 121 121 121 121 121 121 121 121 121 122 122 122 123 123 122 122 123 123 123 123 123 123 123 123 124 124 124 124 124 124 124 124 124 124 124 125 125 125 125 125 125 125 125 125 125 125 125 125 126 126 126 126 126 126 126 126 126 126 126 126 126 126 126 126 126 126 126 126 126 126 126 126 127 127 127 127 127 127 127 127 127 127 127 127 128 128 128 128 128 128 128 128 128 129 129 129 129 129 129 129 129 129 129 129 129 129 129 129 129 130 131 131 131 131 131 131 131 131 131 131 132 132 132 132 132 132 132 132 132 132 132 133 133 133 133 133 133 133 133 134 134 134 134 134 134 134 134 134 134 135 135 135 135 135 135 135 135 135 136 137 137 137 137 137 138 138 138 138 138 138 138 138 138 138 139 139 139 139 139 139 139 140 140 140 140 140 140 140 140 141 141 141 141 141 141 141 142 142 142 142 142 142 142 142 142 142 142 143 143 143 143 143 143 143 143 143 144 144 144 144 144 145 145 145 145 145 145 145 145 145 145 145 146 146 146 146 146 146 146 146 146 147 147 147 147 147 148 148 148 148 148 148 148 149 149 149 149 149 149 149 150 150 150 150 150 150 150 150 150 150 150 150 150 150 150 150 151 151 151 151 151 151 152 152 152 152 152 152 152 153 153 153 153 153 154 154 154 154 154 154 153 153 154 154 154 154 154 154 155 154 154 154 154 154 155 154 155 155 154 154 154 154 155 155 155 156 156 156 157 157 157 157 157 157 157 157 158 158 158 158 158 158 158 158 159 159 159 159 159 159 159 160 160 160 160 160 160 160 160 160 160 160 119 120 120 119 118 118 118 118 119 119 119 119 119 119 120 120 120 119 120 120 120 120 120 121 121 121 121 121 120 120 120 120 120 121 121 121 121 121 121 121 121 121 121 121 121 121 121 121 121 121 121 121 121 122 122 122 122 122 123 122 122 122 123 123 123 123 123 123 124 124 124 124 124 124 124 124 124 124 124 124 124 125 125 125 125 125 125 125 125 125 125 125 126 126 126 126 126 126 126 125 126 126 126 126 126 126 126 126 126 126 126 126 126 126 126 126 126 127 127 127 127 127 127 127 127 127 127 127 127 127 128 128 128 128 128 128 128 129 129 129 129 129 129 129 129 129 129 129 129 129 129 129 129 129 130 130 130 130 131 131 131 131 131 131 131 131 131 132 132 132 132 132 132 132 132 132 133 133 133 133 133 133 133 133 134 134 134 134 134 134 134 134 134 134 134 134 134 135 135 135 135 135 136 136 137 137 137 137 138 138 138 138 138 138 138 138 138 138 139 139 139 139 139 139 139 139 139 140 140 140 140 140 140 140 141 141 141 141 141 141 142 142 142 142 142 142 142 142 142 142 142 142 143 143 143 143 143 143 143 144 143 143 144 144 144 144 144 145 145 145 145 145 145 145 145 145 146 146 146 146 146 146 146 146 146 146 147 147 147 148 147 148 148 149 148 148 148 148 149 148 148 149 149 150 150 149 150 150 150 150 150 150 150 150 150 150 150 150 150 151 150 151 152 151 151 151 151 152 152 152 152 152 153 153 153 153 153 154 153 154 154 154 154 154 155 154 154 154 154 154 154 154 154 154 154 154 154 154 154 155 154 154 154 154 154 154 155 155 155 155 156 156 157 157 157 157 157 157 157 157 157 158 158 158 158 158 158 158 159 159 159 159 159 159 159 159 160 160 160 160 160 160 160 160 160 160 160 161 119 120 120 119 117 117 118 118 118 119 119 120 119 119 119 119 119 119 120 120 120 120 120 120 120 121 121 121 121 121 120 121 120 120 121 121 121 121 121 121 121 121 121 121 121 121 121 121 121 121 122 122 122 122 122 122 122 122 122 123 122 122 123 123 123 123 123 123 124 124 124 124 124 124 124 124 124 124 124 124 124 125 125 125 125 125 125 125 125 125 125 125 125 125 125 126 126 126 126 125 126 126 126 126 126 126 126 126 126 126 126 126 126 126 126 127 127 127 127 127 127 127 127 127 127 127 127 127 127 127 127 128 128 128 128 128 128 128 128 129 129 129 129 129 129 129 129 129 129 130 130 130 130 129 130 130 130 130 130 130 131 131 131 131 131 131 131 131 132 132 132 132 133 133 132 132 133 133 133 133 133 133 133 133 133 134 134 134 134 134 134 134 134 134 134 134 135 135 135 135 135 135 136 136 137 137 137 137 138 138 138 138 138 138 138 138 138 139 139 139 139 139 139 139 139 139 140 140 140 140 140 140 140 140 140 141 141 141 141 141 142 142 142 142 142 142 142 142 142 142 142 142 143 143 143 143 143 143 143 144 143 143 144 144 144 144 144 145 145 145 145 145 145 145 145 145 146 146 146 146 146 146 146 146 146 147 146 147 147 147 148 148 148 148 148 148 149 149 149 148 149 149 149 150 150 149 150 150 150 150 150 150 150 151 151 151 151 151 151 151 151 151 152 152 152 152 152 152 152 152 152 152 153 153 153 153 153 154 154 154 154 154 154 155 155 155 154 154 154 154 154 154 154 154 153 153 154 154 154 154 154 154 154 154 154 155 155 155 155 156 156 156 157 157 157 157 157 157 157 157 157 158 158 158 158 158 158 158 159 159 159 159 159 159 159 160 160 160 160 160 160 160 160 160 161 161 161 161 161 119 119 119 119 117 118 118 118 118 118 119 119 119 119 118 118 119 120 120 120 120 120 120 120 120 120 120 121 121 121 121 121 120 120 121 121 121 121 121 120 120 121 121 121 121 121 120 121 121 121 122 121 121 121 122 122 122 122 122 123 123 123 123 123 123 123 123 123 123 124 124 124 124 124 124 124 124 124 124 124 124 124 125 125 125 125 125 125 125 125 125 125 125 125 125 125 126 126 126 126 125 126 126 126 126 126 126 126 126 126 126 126 126 126 126 127 127 127 127 127 127 127 127 127 127 127 127 127 127 127 127 128 128 128 128 128 128 128 128 129 129 129 129 129 129 129 129 129 129 129 130 130 130 130 131 131 131 131 131 131 131 131 132 131 131 131 131 131 131 132 132 132 132 133 133 133 133 133 133 133 133 133 133 133 134 134 134 134 134 134 134 134 134 134 135 135 135 135 135 135 135 135 136 136 137 137 137 137 138 138 138 138 138 138 138 138 139 139 139 139 139 139 139 139 139 140 140 140 140 140 140 140 140 140 140 141 141 141 141 141 142 142 142 142 142 142 142 142 142 142 142 142 142 143 143 143 143 144 144 143 143 143 144 144 144 144 144 145 145 145 145 145 145 145 145 145 145 146 146 146 146 146 146 146 146 146 147 147 147 147 148 148 148 148 148 148 148 148 148 149 149 149 149 150 149 149 150 150 150 150 150 150 150 151 151 151 151 151 151 152 151 152 152 152 152 152 152 153 153 153 152 152 153 153 154 153 153 153 154 154 154 155 155 155 155 155 154 154 154 154 154 154 155 155 153 153 154 154 154 155 155 154 155 154 155 155 155 155 155 156 156 157 157 157 157 157 157 157 157 157 158 158 158 158 158 158 158 158 159 159 159 159 159 159 160 160 160 160 160 160 160 160 160 160 161 161 161 161 161 161 119 119 120 118 118 118 119 118 119 119 119 119 118 118 119 119 119 119 119 119 119 120 120 119 119 120 120 121 121 121 121 121 121 121 121 121 120 120 120 120 120 121 121 121 121 121 120 121 121 122 121 121 121 122 122 122 122 122 123 123 123 123 123 123 123 123 124 123 124 123 124 124 124 124 124 124 124 124 124 124 124 124 125 125 125 125 125 125 125 125 125 125 125 125 125 125 126 126 126 126 126 126 126 126 126 126 126 126 126 126 126 126 126 126 126 127 127 127 127 127 127 127 127 128 128 128 128 128 127 127 128 128 128 128 128 128 128 128 128 129 129 129 129 129 129 129 129 129 129 129 130 130 130 131 131 131 131 131 131 131 131 131 132 132 132 131 131 131 131 132 132 132 132 132 133 133 133 133 133 133 133 133 133 134 134 134 134 134 134 134 134 134 134 135 135 135 135 135 135 135 135 136 136 137 137 137 137 137 138 138 138 138 138 138 138 139 139 139 139 139 139 139 139 139 139 140 140 140 140 140 140 140 140 141 141 141 141 141 141 142 142 142 142 142 142 142 142 142 142 142 142 143 143 143 143 144 143 143 143 144 144 144 144 144 144 145 145 145 145 145 145 145 145 146 146 146 146 146 146 146 146 146 146 146 146 146 147 147 147 147 148 148 147 148 148 148 148 148 149 149 149 149 149 149 149 150 150 150 150 150 150 150 151 151 151 151 151 151 152 152 152 152 152 152 152 152 152 152 152 153 152 153 153 153 153 153 153 154 154 154 154 154 155 155 155 154 154 154 154 154 154 154 154 153 153 153 154 154 154 154 154 155 155 155 155 156 156 156 156 156 157 157 157 157 157 157 157 157 157 158 158 158 158 158 158 158 159 159 159 159 159 159 160 160 160 160 160 160 160 160 160 160 160 161 161 161 161 161 161 161 119 118 118 118 118 118 118 118 119 118 118 118 119 119 119 119 119 119 119 119 120 120 119 119 120 120 121 121 121 121 121 121 121 121 121 121 120 120 120 121 121 121 121 121 121 121 121 121 122 122 122 122 122 122 122 122 123 123 123 123 123 123 123 124 124 124 124 123 124 124 124 124 124 124 124 124 124 124 124 124 125 125 125 125 125 125 125 125 125 125 125 125 125 125 125 126 126 126 126 126 126 125 126 126 126 126 126 126 126 126 126 126 126 127 127 127 127 127 127 127 127 127 128 128 128 128 127 127 128 128 128 128 128 128 128 128 128 128 129 129 129 129 129 129 129 129 129 130 130 130 130 131 131 131 131 131 131 131 131 131 131 131 132 132 132 132 131 131 132 132 132 132 132 133 133 133 133 133 133 133 134 134 134 134 134 134 134 134 134 134 135 135 135 135 135 135 135 135 135 136 136 137 137 137 137 137 138 138 138 138 138 138 138 139 139 139 139 139 139 139 139 139 140 140 140 140 140 140 140 140 140 140 141 141 141 141 141 142 142 142 142 142 142 142 142 142 142 142 143 143 143 143 143 143 144 144 144 144 144 144 144 144 144 145 145 145 145 145 145 145 145 146 146 146 146 146 146 146 146 146 146 146 146 146 147 148 147 147 147 147 147 147 148 148 148 149 149 149 149 149 149 149 149 150 149 150 150 150 150 151 151 151 151 151 151 151 152 152 152 152 152 152 152 152 152 152 152 153 153 153 153 154 154 154 153 154 154 154 154 155 155 155 155 155 154 155 154 154 154 154 154 154 154 154 154 154 154 154 155 155 155 155 155 156 156 156 156 156 156 157 157 157 157 157 157 157 157 158 158 158 158 158 158 158 159 159 159 159 159 159 160 160 160 160 160 160 160 160 160 160 160 160 161 161 161 161 161 161 161 118 117 117 117 117 117 117 118 118 118 118 118 118 119 119 118 119 119 119 119 120 120 119 119 120 120 120 121 120 121 121 121 121 121 121 121 121 120 120 121 121 121 121 121 121 121 121 121 121 121 122 122 123 122 122 122 123 123 123 123 123 123 123 124 124 124 124 124 124 124 124 124 124 124 124 124 124 124 124 124 125 125 125 125 125 125 125 125 125 125 125 125 125 125 125 126 126 126 126 126 126 125 125 126 126 126 126 126 126 126 126 126 126 126 127 127 127 127 127 127 127 127 127 128 128 128 128 128 128 128 128 128 128 128 128 128 128 128 129 129 129 129 129 129 129 129 130 130 130 130 130 131 131 131 131 131 131 131 131 131 131 132 132 132 133 132 132 132 132 132 132 132 132 132 133 133 133 133 133 133 133 134 134 134 134 134 134 134 134 135 135 135 135 135 135 135 135 135 135 136 136 137 137 137 137 137 137 137 138 138 138 138 139 139 139 139 139 139 139 140 139 140 140 140 140 140 140 140 140 140 140 141 141 141 141 141 142 142 142 142 142 142 142 142 142 142 142 142 143 143 143 143 143 143 144 144 144 144 144 144 144 144 145 145 145 145 145 145 145 145 145 146 146 146 146 146 146 146 146 146 146 146 146 146 147 148 147 147 147 147 147 148 148 148 148 149 149 149 149 149 149 149 149 150 149 150 150 150 150 150 151 151 151 151 151 151 152 152 152 152 152 153 153 152 152 152 153 153 153 153 154 154 154 154 154 154 154 154 155 155 155 155 156 155 155 155 155 154 154 154 155 154 154 154 154 154 154 154 155 155 155 155 155 156 156 156 156 156 156 157 157 157 157 157 157 158 158 158 158 158 158 158 158 158 158 159 159 159 159 159 160 160 160 160 160 160 160 160 160 160 160 160 161 161 161 161 161 161 162 162 162 162 162 118 117 117 117 117 118 118 118 119 119 119 118 118 118 119 118 119 120 120 119 119 120 120 120 120 120 120 121 121 121 121 121 122 121 121 121 120 120 121 121 121 121 121 121 121 121 122 122 123 123 122 122 122 123 123 123 123 123 123 123 123 124 124 124 124 124 124 124 124 124 124 124 124 124 124 124 124 125 125 125 125 125 125 125 125 125 125 125 125 125 125 126 126 126 126 126 126 126 125 125 125 126 126 126 126 126 126 126 126 127 126 127 127 127 127 127 127 127 127 128 128 128 128 128 128 128 128 128 128 128 128 128 128 129 129 129 129 129 129 129 129 129 129 130 130 130 130 130 131 131 131 131 131 131 131 131 131 132 132 132 132 132 132 132 132 132 132 132 132 132 132 133 133 133 133 133 133 133 134 134 134 134 134 134 134 134 135 135 135 135 135 135 135 135 135 135 136 136 137 137 137 137 137 137 138 138 138 138 138 139 139 139 139 139 139 139 140 140 140 140 140 140 140 140 140 141 140 140 141 141 141 141 141 142 142 142 142 142 142 142 142 142 143 142 142 143 143 143 143 143 143 144 144 144 144 144 144 144 144 145 145 145 145 145 145 145 145 145 146 146 146 146 146 146 146 146 146 146 146 146 146 148 148 147 147 147 147 147 148 148 148 148 149 149 149 149 149 149 149 149 149 150 149 150 150 150 150 151 151 151 151 151 151 151 152 152 152 152 152 153 153 153 153 153 153 154 154 154 154 154 154 154 154 154 155 155 155 155 155 156 156 156 156 155 154 154 154 155 154 154 154 154 155 155 154 155 155 155 155 155 156 156 157 156 156 156 156 157 157 157 157 158 158 158 158 158 158 158 158 158 158 159 159 159 159 159 160 160 160 160 160 160 160 160 160 160 160 160 160 161 161 161 161 161 162 162 162 162 162 163 163 163 163 163 163 163 163 164 117 117 118 118 118 119 118 118 118 118 118 119 119 119 119 119 119 120 120 120 119 120 121 120 120 120 121 121 121 121 121 121 121 120 120 121 120 121 121 121 121 121 121 121 122 123 123 123 123 123 123 123 123 123 123 123 123 123 123 123 123 123 124 124 124 124 124 124 124 124 124 124 124 124 124 125 125 125 125 125 125 125 125 125 125 125 125 126 126 126 126 126 126 126 126 126 126 126 126 126 126 126 126 126 127 126 126 126 127 127 127 127 127 127 128 128 128 128 128 128 128 128 128 128 128 128 128 128 128 129 129 129 129 129 129 129 129 129 130 130 130 130 130 130 131 131 131 131 131 131 131 131 132 132 132 132 132 132 132 132 133 132 132 132 132 132 132 132 133 133 133 133 133 133 133 134 134 134 134 134 134 134 135 135 135 135 135 135 135 135 135 136 136 136 137 137 137 137 137 137 138 138 138 138 139 139 139 139 139 139 139 139 140 140 140 140 140 140 140 140 140 140 140 141 141 141 141 141 141 142 142 142 142 142 142 142 142 142 142 142 142 143 143 143 143 143 143 143 144 144 144 144 144 144 144 145 145 145 145 145 145 145 145 146 146 146 146 146 146 146 146 146 146 146 146 146 146 147 147 147 147 147 147 148 148 148 148 148 149 149 149 149 149 149 149 149 150 150 150 150 150 150 150 150 150 151 151 151 151 151 151 151 152 152 152 153 153 153 153 153 153 153 153 153 153 153 154 154 154 154 154 154 155 155 155 156 156 156 156 155 154 154 154 155 154 154 154 154 155 155 155 155 155 155 156 156 156 156 157 157 156 156 156 157 157 157 157 158 158 158 158 158 158 158 158 158 159 159 159 159 159 160 160 160 160 160 160 160 160 160 160 160 160 160 160 161 161 161 162 162 162 162 162 162 162 163 163 163 163 163 163 164 164 164 164 117 117 117 118 118 117 118 118 118 119 118 119 119 120 120 120 120 120 119 120 120 120 120 121 121 121 122 121 121 121 121 121 121 121 121 121 121 121 121 122 122 123 123 123 123 123 123 123 123 123 123 123 124 123 123 123 124 124 124 124 124 124 124 124 124 124 124 124 124 124 124 125 125 125 125 125 125 125 125 125 125 125 126 126 126 126 126 126 126 126 126 126 126 126 126 126 126 126 126 126 126 127 127 127 127 127 127 127 127 128 128 128 128 128 128 128 128 128 128 128 128 128 128 128 129 129 129 129 129 129 129 129 129 129 129 130 129 130 130 131 131 131 131 131 131 131 132 132 132 132 132 132 133 133 133 133 133 133 133 133 133 132 132 133 133 133 133 133 133 133 134 134 134 134 134 135 135 135 135 135 135 135 135 135 135 135 136 136 136 137 137 137 137 137 138 138 138 138 138 139 139 139 139 139 139 139 139 139 140 140 140 140 140 140 140 140 140 140 141 141 141 141 141 141 142 142 142 142 142 142 142 142 142 142 142 143 143 143 143 143 143 143 144 144 144 144 144 144 144 144 145 145 145 145 145 145 145 145 146 146 146 146 146 146 146 146 146 146 146 146 147 147 146 146 146 147 147 147 147 148 148 148 148 148 149 149 149 149 149 149 149 150 150 150 150 150 150 150 150 151 151 151 151 151 151 151 152 152 152 152 152 153 153 153 153 153 153 154 154 153 154 154 154 154 154 154 154 154 155 155 155 156 155 156 155 154 155 155 155 154 154 154 155 155 155 155 155 155 155 155 156 156 156 156 156 156 156 156 157 157 157 157 158 158 158 158 158 159 159 159 159 159 159 159 159 160 160 160 160 160 160 160 160 160 160 160 160 160 160 160 161 161 161 162 162 162 162 162 162 163 163 163 163 163 163 163 164 164 164 164 164 117 117 118 118 118 119 119 120 119 119 120 119 119 119 120 120 120 121 121 120 121 121 121 121 121 121 121 122 122 122 122 121 121 122 122 122 123 123 123 123 123 123 123 123 123 123 123 123 124 124 124 124 124 124 124 124 124 124 125 124 124 124 124 124 124 124 124 124 125 125 125 125 125 125 125 125 125 126 126 126 126 126 126 126 126 126 126 126 126 126 126 126 126 126 127 127 127 127 127 127 127 127 127 128 127 128 128 128 128 128 128 128 128 128 128 128 128 128 128 129 129 129 129 129 129 129 129 129 129 129 130 130 130 131 131 131 131 131 131 131 131 132 132 132 132 132 133 133 133 133 133 133 133 133 134 133 133 133 133 133 133 133 133 133 134 134 134 134 134 134 135 135 135 135 135 135 135 135 135 135 136 136 136 137 137 137 137 138 138 138 138 138 138 139 139 139 139 139 139 139 139 140 140 140 140 140 140 140 140 140 141 141 141 141 141 141 141 142 142 142 142 142 142 142 142 142 142 142 142 143 143 143 143 143 143 144 144 144 144 144 144 144 144 145 145 145 145 145 145 145 145 145 146 146 146 146 146 146 146 146 146 146 146 147 147 148 147 146 146 147 147 147 148 148 148 147 148 148 149 149 149 149 149 149 149 150 150 150 150 150 150 150 151 151 151 151 151 151 151 152 152 152 152 152 153 153 153 153 153 153 153 154 154 154 154 154 154 154 154 154 155 155 155 155 155 155 156 155 155 155 155 155 155 154 154 154 155 155 155 155 155 155 155 156 156 157 157 157 156 156 156 156 157 157 157 158 158 158 158 158 158 158 159 159 159 159 159 159 160 160 160 160 160 160 160 160 160 160 160 161 161 161 161 161 161 161 161 162 162 162 162 162 162 163 163 163 163 163 163 164 164 164 164 164 164 118 118 118 119 119 119 120 119 119 119 120 120 120 121 121 121 120 120 120 121 120 120 120 121 122 122 123 123 123 122 122 122 122 123 123 123 123 123 123 123 123 123 123 123 123 124 124 124 124 124 124 124 124 124 124 124 124 124 124 125 124 124 124 124 124 125 125 125 125 125 125 125 125 125 125 126 126 126 126 126 126 126 126 126 126 126 126 126 126 126 126 126 126 127 127 127 127 127 127 127 127 127 128 128 128 128 128 128 128 128 128 128 128 128 128 128 128 129 129 129 129 129 129 129 129 129 129 129 130 130 130 131 131 131 131 131 131 131 131 132 132 132 132 132 132 132 133 133 133 133 133 133 133 133 133 133 133 134 134 134 133 133 134 134 134 134 134 134 134 135 135 135 135 135 135 135 135 135 136 136 136 137 137 137 138 138 138 138 138 138 138 138 138 139 139 139 139 139 139 140 140 140 140 140 140 140 140 140 140 141 141 141 141 141 141 142 142 142 142 142 142 142 142 142 143 142 142 143 143 143 143 143 143 144 144 144 144 144 144 144 144 145 145 145 145 145 145 145 145 145 145 146 146 146 146 146 146 146 146 146 146 147 147 147 147 147 147 147 147 147 148 148 148 147 148 148 148 149 149 150 149 149 149 150 150 150 150 150 150 150 151 151 151 151 151 151 151 152 152 152 152 153 153 153 153 153 153 153 154 154 154 154 155 154 154 154 154 155 155 155 155 155 155 155 156 155 155 154 155 155 155 154 154 155 155 155 155 155 155 155 156 156 156 156 157 158 157 157 156 157 157 157 157 158 158 158 158 158 158 158 158 159 159 159 159 159 159 160 160 160 160 160 160 160 160 160 160 161 161 161 161 161 161 161 161 162 162 162 162 162 163 163 163 163 163 163 163 164 164 164 164 164 164 118 119 119 119 119 119 119 119 120 120 120 121 121 121 120 120 120 120 120 120 120 120 121 121 122 122 122 123 122 123 122 122 123 123 124 123 123 123 123 123 123 123 123 124 124 124 124 124 124 124 123 124 124 124 124 125 125 125 125 125 125 125 125 125 125 125 125 125 125 125 125 125 125 126 126 126 126 126 126 126 126 126 126 126 126 126 126 126 126 126 126 127 127 127 127 127 127 127 127 127 128 128 128 128 128 128 128 128 128 128 128 128 128 128 128 129 129 129 129 129 129 129 129 129 129 129 129 130 130 131 131 131 131 131 131 131 131 132 132 132 132 132 132 132 133 133 133 133 133 133 133 133 133 133 133 134 134 134 134 134 134 134 134 134 134 134 134 134 134 135 135 135 135 135 135 135 136 136 136 137 137 138 138 138 138 138 138 138 138 138 138 138 139 139 139 139 139 140 140 140 140 140 140 140 140 140 140 141 141 141 141 141 141 142 142 142 142 142 142 142 142 143 143 143 143 143 143 143 143 143 144 144 144 144 144 144 144 144 144 145 145 145 145 145 145 145 145 145 145 145 146 146 146 146 146 146 147 147 147 147 147 147 147 147 147 147 147 147 148 148 147 148 148 148 148 149 149 149 150 149 149 150 150 150 150 150 150 150 151 151 151 151 151 151 151 151 152 152 152 152 153 153 153 153 153 154 154 154 154 155 155 154 154 154 154 155 155 155 155 155 155 155 156 155 155 155 155 155 155 154 155 155 155 155 155 155 155 155 156 156 156 156 156 157 158 157 157 156 157 157 157 157 158 158 158 158 158 158 159 159 159 159 159 159 159 159 160 160 160 160 160 160 160 160 160 161 161 161 161 161 161 161 161 162 162 162 162 162 163 163 163 163 163 163 163 164 164 164 164 164 164 118 119 119 119 119 119 120 120 120 120 120 120 120 120 120 120 121 121 121 121 121 121 121 121 121 121 122 122 124 123 123 123 124 124 124 123 123 123 123 123 123 124 124 124 124 124 124 124 124 124 124 125 125 125 125 125 125 125 125 125 125 125 125 124 125 125 125 125 125 125 126 126 126 126 126 126 126 126 126 126 126 126 126 126 126 126 126 126 126 126 126 127 127 127 127 127 127 127 127 128 128 128 128 128 128 128 128 128 128 128 128 128 129 129 129 129 129 129 129 129 129 129 129 129 129 129 129 130 131 131 131 131 131 131 131 131 132 132 132 132 132 132 132 133 133 133 133 133 133 133 133 133 134 134 134 134 134 134 134 134 134 134 134 134 135 134 134 134 135 135 135 135 135 135 136 136 136 136 137 137 138 138 138 138 138 138 138 138 138 138 138 138 139 139 139 139 139 140 140 140 140 140 140 140 140 140 141 141 141 141 141 141 142 142 142 142 142 142 142 142 143 143 143 143 143 143 143 143 143 143 144 144 144 144 144 144 144 145 145 145 145 145 145 145 145 145 145 145 146 146 146 146 146 146 146 147 147 147 147 147 147 147 147 147 148 147 147 147 147 148 148 148 148 149 149 149 149 149 149 149 149 150 150 150 150 150 151 151 151 151 151 151 151 151 151 152 152 152 152 152 153 153 153 153 153 154 154 154 154 154 154 154 154 154 155 155 155 155 155 155 156 156 156 155 155 155 155 155 154 155 155 155 155 156 156 156 156 156 156 156 156 156 157 157 157 157 157 157 157 157 157 157 158 158 158 159 159 159 159 159 159 159 159 159 159 160 160 160 160 160 160 160 160 160 161 161 161 161 160 161 161 162 162 162 162 162 162 163 163 163 163 163 163 163 164 164 164 164 164 119 119 119 119 120 120 119 119 120 120 120 120 120 120 120 120 120 121 121 121 122 122 122 122 121 121 122 123 124 124 124 124 124 124 124 124 123 123 123 124 124 124 124 124 124 124 124 124 124 125 125 125 125 125 125 125 125 125 125 125 125 124 125 125 125 125 125 125 125 126 126 126 126 126 126 126 126 126 125 126 126 126 126 126 126 126 126 126 126 126 126 127 127 127 127 127 127 127 127 127 127 128 128 128 128 128 128 128 128 128 128 128 129 129 129 129 129 129 129 129 129 129 129 130 130 130 130 130 131 131 131 131 131 132 131 131 131 132 132 132 132 132 132 133 133 133 133 133 133 133 133 133 134 134 134 134 134 134 134 134 134 134 134 134 135 135 135 135 135 135 135 135 135 135 135 136 136 136 137 138 138 138 138 138 138 138 138 138 138 138 138 138 139 139 139 139 139 140 140 140 140 140 140 140 140 140 141 141 141 141 141 141 142 142 142 142 142 142 142 142 143 143 143 143 143 143 143 143 143 143 143 144 144 144 144 144 144 144 145 145 145 145 145 145 145 145 146 145 146 146 146 146 146 147 147 147 147 147 147 147 147 147 147 147 148 148 148 147 147 148 148 148 148 149 149 149 149 149 149 149 149 149 150 150 150 150 150 151 151 151 151 151 151 152 152 152 152 152 152 152 152 153 153 153 154 154 154 154 154 154 154 154 155 155 155 155 155 155 155 155 155 156 156 155 155 155 155 155 155 155 155 155 155 155 155 155 156 156 156 156 156 157 157 157 158 158 157 157 157 157 157 157 158 158 158 159 159 159 159 159 159 159 159 159 160 160 160 160 160 160 160 160 160 160 161 161 161 161 160 161 161 162 162 162 162 162 162 163 163 163 163 163 163 164 164 164 164 164 164 118 118 119 120 120 120 119 119 119 119 119 119 120 120 120 120 121 121 121 121 121 122 122 122 122 122 121 121 121 123 123 123 124 123 123 123 124 124 123 123 124 124 123 123 123 123 123 124 124 124 125 125 125 125 125 125 125 125 125 125 125 124 125 125 125 125 125 125 125 125 126 126 126 126 126 126 126 126 126 126 126 126 126 126 126 126 126 126 126 126 126 127 127 127 127 127 127 127 127 127 127 127 127 127 128 128 128 128 128 128 128 128 128 128 128 128 128 129 129 129 129 130 129 130 129 130 130 130 130 131 131 131 131 131 131 132 132 131 132 132 132 132 133 133 133 133 133 133 133 133 133 134 134 134 134 134 133 134 134 134 134 134 134 134 134 134 135 135 135 135 135 135 135 135 135 136 136 136 136 137 137 138 138 138 138 138 138 138 138 138 138 138 139 139 139 139 139 139 139 140 140 140 140 140 140 140 140 141 141 141 141 141 141 142 142 142 142 142 142 142 142 143 143 143 143 143 143 143 143 143 143 143 144 144 144 144 144 144 144 145 145 145 145 145 145 145 146 146 146 146 146 146 146 146 147 147 147 148 148 148 147 147 148 147 147 147 148 147 147 147 147 147 148 148 149 149 149 150 150 149 149 149 149 149 150 150 150 150 151 151 151 151 151 152 152 152 152 152 152 152 153 153 153 154 154 154 154 155 154 154 154 154 154 154 155 155 155 155 155 155 155 155 156 156 155 155 155 155 155 154 155 155 155 155 155 155 155 156 156 156 156 156 157 157 158 158 158 157 157 157 157 158 158 158 158 158 159 159 159 159 159 159 159 159 160 160 160 160 160 160 160 160 161 161 161 161 161 161 161 160 161 161 162 162 162 162 162 163 163 163 163 163 163 163 164 164 164 164 164 164 119 119 119 119 119 119 119 119 119 120 120 120 120 120 120 120 120 120 121 121 121 121 122 122 122 121 121 122 123 123 123 123 124 125 124 124 123 124 124 124 124 123 123 123 124 124 124 124 124 125 125 125 125 125 125 125 125 125 125 124 125 125 125 125 125 125 125 125 126 126 126 126 126 126 126 126 126 126 126 126 126 126 126 126 127 127 127 126 126 127 127 127 127 127 127 127 127 127 127 127 127 127 127 127 128 128 128 128 128 128 128 129 129 129 128 128 129 129 129 129 129 129 130 130 130 130 130 131 131 131 131 131 131 131 132 132 132 132 132 132 132 133 133 133 133 133 133 133 133 134 134 134 134 134 133 133 134 134 134 134 134 134 134 134 135 135 135 135 135 135 135 135 135 136 136 136 136 137 137 138 138 138 138 138 138 138 139 139 139 138 139 139 139 139 139 139 139 140 140 140 140 140 140 140 141 141 141 141 141 141 141 142 142 142 142 142 142 142 142 142 143 143 143 143 143 143 143 143 143 144 144 144 144 144 144 144 144 145 145 145 145 145 146 145 146 146 146 146 146 146 146 147 147 147 147 148 148 148 148 148 148 147 147 147 148 148 148 147 147 147 147 148 149 149 149 150 150 150 150 150 150 150 150 150 150 150 150 151 151 151 151 151 151 152 152 152 152 152 153 153 153 153 154 154 154 154 155 155 154 154 155 154 155 156 156 155 155 155 156 156 156 156 156 155 155 155 155 154 155 155 155 155 155 155 155 155 156 156 156 156 157 157 157 158 157 157 157 157 158 158 158 158 158 158 159 159 159 159 159 159 159 160 160 160 160 160 160 161 161 161 161 161 161 161 161 161 161 161 161 161 162 162 162 162 162 163 163 163 163 163 163 163 164 164 164 164 164 119 119 119 119 119 119 119 120 120 120 120 120 120 120 120 121 121 121 120 120 120 121 122 123 122 122 122 123 123 123 123 123 124 124 125 124 124 123 124 124 124 123 124 124 124 124 124 124 124 124 125 125 125 125 125 125 125 125 125 124 124 125 125 125 125 125 125 125 125 126 126 126 126 126 127 126 126 126 126 126 126 126 126 126 127 127 127 127 127 127 127 127 127 127 127 127 127 127 127 128 127 128 128 128 128 128 128 128 128 128 128 129 129 129 129 129 129 129 129 129 130 129 130 130 130 130 130 131 131 131 132 132 132 131 132 132 132 132 132 133 133 133 133 133 133 133 133 133 133 133 134 134 134 134 134 134 134 134 134 134 134 134 135 135 135 135 135 135 135 135 135 135 136 136 136 136 136 137 138 138 138 138 138 138 138 138 139 139 139 139 139 139 139 139 139 139 140 140 140 140 140 140 141 141 141 141 141 141 141 141 141 142 142 142 142 142 142 142 142 142 142 143 143 143 143 143 143 143 143 144 144 144 144 144 144 144 144 145 145 145 145 145 146 146 146 146 146 146 146 146 146 147 147 147 147 148 148 148 148 148 148 148 147 148 148 148 148 147 147 147 148 148 149 149 150 150 150 150 150 150 150 150 150 150 150 150 150 150 151 151 151 151 151 151 152 152 152 152 153 153 153 153 153 153 153 154 154 154 155 155 155 155 155 155 155 155 156 156 156 156 156 156 157 156 155 155 155 154 154 155 155 155 155 155 155 155 155 156 156 156 157 157 157 158 158 158 158 158 158 158 158 158 158 158 159 159 159 159 159 159 159 160 160 160 160 160 160 160 161 161 161 161 161 161 161 161 161 161 161 161 161 162 162 162 162 163 163 163 163 163 163 163 164 164 164 119 119 119 119 119 120 119 119 119 120 120 120 121 121 121 121 121 121 121 120 120 121 122 123 123 123 123 123 122 123 124 124 124 124 125 124 123 123 123 123 123 124 125 124 124 124 124 124 125 125 125 125 125 125 125 125 125 125 125 124 125 125 125 125 125 126 126 125 125 125 125 126 126 126 126 126 127 126 126 126 126 126 126 126 127 127 127 127 126 127 127 127 127 127 127 127 127 128 128 128 128 127 127 127 127 128 128 128 128 128 128 128 128 129 129 129 129 129 129 130 130 130 130 130 130 130 130 131 131 131 132 132 132 132 132 132 133 133 133 133 133 133 133 133 133 133 133 133 133 133 134 134 134 134 134 134 134 134 134 134 134 134 135 135 135 135 135 135 135 135 135 136 136 136 136 136 136 137 138 138 138 138 138 138 138 138 139 139 139 139 139 139 139 139 139 140 140 140 140 140 140 140 141 141 141 141 141 141 141 141 141 142 142 142 142 142 142 142 142 142 142 142 143 143 143 143 143 143 144 144 144 144 144 144 144 144 145 145 145 145 145 145 145 146 146 146 146 146 146 146 146 147 147 147 147 148 148 148 148 148 148 148 147 148 148 148 148 147 147 147 148 149 149 150 150 150 150 150 150 150 150 150 150 150 150 150 151 150 150 150 151 151 151 151 151 152 152 152 153 153 153 153 153 153 154 154 154 154 154 154 155 155 155 155 156 155 155 156 156 156 156 156 156 157 156 155 155 154 154 155 155 155 155 156 155 155 156 156 156 157 157 157 157 157 158 158 158 158 158 158 158 158 158 159 159 159 159 159 159 159 160 160 160 160 160 160 160 160 160 160 160 161 161 161 161 161 161 161 161 161 161 162 162 162 162 163 163 163 163 163 163 164 164 164 119 119 119 119 119 119 119 120 120 121 120 120 120 120 120 120 120 121 121 121 121 121 122 122 122 123 123 124 123 123 123 123 124 124 125 124 124 124 124 124 123 124 125 124 125 125 125 124 125 125 125 125 125 125 125 125 125 125 125 125 124 124 125 125 126 126 126 126 126 125 125 125 126 126 126 126 126 126 126 126 126 126 126 127 127 127 126 127 127 127 127 127 127 127 127 127 128 128 127 128 127 127 127 127 128 128 128 128 129 129 128 128 128 129 129 129 129 129 129 129 129 129 130 130 130 130 130 132 132 132 131 132 132 132 132 133 133 133 132 133 132 132 132 132 133 133 133 133 133 133 133 134 134 134 134 134 134 134 134 134 134 134 134 135 135 135 135 135 135 135 135 136 136 136 136 136 136 138 138 138 138 138 138 138 138 139 139 139 139 139 139 139 139 139 140 140 140 140 140 140 140 140 141 141 141 141 141 141 141 141 142 142 142 142 142 142 142 142 142 142 142 143 143 143 143 143 143 143 143 144 144 144 144 144 144 144 144 145 145 145 145 145 145 145 146 146 146 146 146 146 146 147 147 147 147 148 148 148 148 148 148 148 148 148 148 148 148 148 147 147 148 149 149 150 150 150 150 150 150 150 150 150 151 151 150 150 150 151 151 151 151 151 151 151 151 152 152 152 152 153 153 154 153 153 154 154 154 154 154 155 155 155 155 155 155 155 155 155 155 156 156 156 156 156 157 156 156 154 155 155 155 155 156 156 156 155 156 156 156 157 157 157 157 157 157 158 158 158 158 158 158 158 158 159 159 159 159 159 159 159 160 160 160 160 160 160 160 160 160 160 160 160 161 161 161 161 161 161 161 161 161 162 162 162 162 162 163 163 163 163 164 164 164 164 119 119 118 119 119 120 120 120 120 120 119 120 120 121 122 122 122 122 122 122 121 122 122 123 124 124 124 123 123 124 124 125 125 125 125 125 124 124 123 124 125 125 125 125 125 125 124 125 125 125 125 125 125 125 125 125 125 124 124 125 125 126 126 126 126 126 126 126 125 125 126 126 127 126 126 126 126 126 126 127 127 127 126 127 127 127 127 127 128 128 128 128 127 127 127 127 127 127 127 127 127 127 128 128 128 129 129 128 129 128 128 129 129 129 129 129 129 129 129 129 130 130 130 130 131 131 132 132 132 132 132 132 132 133 133 132 132 132 132 132 132 133 133 133 133 133 133 133 133 133 134 134 134 134 134 134 134 134 134 134 135 135 135 135 135 135 135 136 136 136 136 136 136 136 138 138 138 138 138 138 138 138 139 139 139 139 139 139 139 139 139 140 140 140 140 140 140 140 140 141 141 141 141 141 141 141 141 142 142 142 142 142 142 142 142 143 143 143 143 143 143 143 143 143 143 144 144 144 144 144 144 144 144 144 145 145 145 145 145 145 145 146 146 146 146 146 146 146 146 147 147 147 148 148 147 147 148 148 148 148 148 148 148 148 148 148 147 148 149 149 150 150 150 150 150 150 150 150 150 150 150 150 151 151 151 151 151 151 151 151 151 152 152 152 153 153 153 153 154 154 153 154 154 154 154 155 155 155 155 155 155 155 155 155 155 155 155 155 156 156 156 156 157 157 155 155 155 156 156 156 157 156 155 156 156 156 157 157 157 157 157 157 158 158 158 158 158 158 158 158 159 159 159 159 159 159 160 160 160 160 160 160 160 160 160 161 161 161 161 161 161 161 162 162 162 162 162 162 162 162 162 162 162 163 163 163 163 164 164 164 118 118 119 119 119 119 120 119 120 120 120 121 122 122 122 122 122 122 122 122 122 123 124 124 125 124 124 124 124 124 125 125 125 125 124 124 124 124 125 125 125 125 125 124 124 125 125 125 125 125 125 125 125 125 125 124 124 125 125 126 126 126 126 126 126 127 126 126 126 126 126 127 126 126 126 126 126 126 126 126 126 127 127 127 127 127 128 127 127 127 127 127 127 127 127 127 128 128 128 128 128 127 128 128 129 129 129 128 128 129 129 129 129 130 130 130 129 129 129 130 130 130 131 131 131 132 132 132 132 132 133 132 132 132 132 132 133 132 133 133 133 133 133 133 133 133 133 133 133 134 134 134 134 134 134 134 134 134 135 135 135 135 135 135 136 136 136 136 136 136 136 136 138 138 138 138 138 138 138 138 139 139 139 139 139 139 139 139 139 140 140 140 140 140 140 140 140 140 141 141 141 141 141 141 141 142 142 142 142 142 142 142 142 142 142 143 143 143 143 143 143 143 143 143 144 144 144 144 144 144 144 144 145 145 145 145 145 145 146 146 146 146 146 146 146 147 147 147 147 147 148 148 147 147 147 148 148 148 148 148 147 147 147 147 148 148 149 150 150 150 150 150 150 150 150 150 150 150 150 150 151 151 151 151 151 152 152 152 152 152 152 153 153 153 153 153 154 154 154 154 154 154 154 155 155 155 155 155 155 155 155 155 155 155 156 156 156 156 156 156 156 157 156 156 155 156 156 156 157 156 155 156 156 156 156 157 157 157 157 157 158 158 159 159 158 158 158 158 159 159 159 159 160 160 160 160 160 160 160 160 160 160 161 161 161 161 161 161 161 161 161 162 162 162 162 162 162 162 162 162 163 163 163 163 163 164 120 120 120 120 121 121 121 122 122 121 122 123 123 123 123 122 123 124 125 125 125 125 125 125 125 125 126 126 126 126 126 126 125 125 125 125 125 125 125 126 126 126 126 126 125 126 126 126 127 126 126 126 126 126 126 126 125 126 127 127 127 127 128 127 128 128 127 127 127 127 127 126 126 127 127 127 127 127 127 127 127 128 128 128 128 128 128 128 128 128 128 128 128 128 128 128 129 129 128 128 128 128 129 129 129 129 129 129 129 130 130 130 130 131 131 131 131 131 131 131 131 131 131 131 131 132 132 132 132 132 132 132 132 132 133 133 132 133 133 133 133 133 133 133 133 133 133 133 133 134 134 134 134 134 134 134 134 134 135 135 135 135 135 135 135 136 136 136 136 136 136 137 137 137 137 137 137 138 137 138 138 138 138 138 138 138 138 138 139 139 139 139 139 139 139 139 139 140 140 140 140 140 140 140 141 141 141 141 141 141 141 141 141 142 142 142 142 142 142 143 142 144 144 144 144 144 144 144 145 145 145 145 145 145 145 145 145 146 146 146 146 146 146 146 147 147 147 147 148 148 147 147 148 148 148 148 148 148 148 148 148 148 148 148 149 149 150 150 150 151 151 150 150 150 150 151 151 151 151 151 151 151 151 152 151 152 153 153 153 153 154 154 154 153 154 154 154 154 155 155 154 155 155 155 155 156 155 155 155 155 155 155 155 155 156 156 156 156 156 156 156 157 158 157 157 157 158 158 157 157 157 158 158 158 158 158 159 159 159 159 159 160 160 160 160 160 160 160 160 160 161 161 161 161 161 161 162 162 162 162 162 162 162 162 162 162 162 162 162 162 163 162 162 162 162 162 163 163 163 163 163 163 164 164 164 120 120 121 121 121 121 121 121 121 121 122 123 124 124 123 123 124 124 125 125 125 125 125 125 125 126 126 126 126 126 126 126 126 126 125 125 126 125 126 126 126 126 126 126 126 126 127 127 127 127 127 127 126 126 126 126 126 126 126 127 127 128 127 127 127 127 127 127 127 127 127 127 127 127 127 127 127 127 127 127 127 128 128 128 128 128 128 128 128 128 128 128 128 128 128 128 128 128 128 128 128 129 129 130 130 129 130 130 129 129 130 130 130 131 131 131 131 130 131 131 131 131 131 131 131 131 131 132 132 133 132 132 133 133 133 132 133 134 134 133 133 133 133 133 133 133 133 134 134 134 134 134 134 134 134 134 134 135 135 135 135 135 135 135 135 136 136 136 136 136 137 137 137 137 137 138 138 137 138 138 138 138 138 138 138 138 139 139 139 139 139 139 139 139 139 139 139 140 140 140 140 140 140 141 141 141 141 141 141 141 141 141 142 142 142 142 142 142 143 143 144 144 144 144 144 144 145 145 145 145 145 145 145 145 145 146 146 146 146 146 146 146 146 147 147 147 147 148 148 147 147 148 148 148 148 148 148 148 148 148 148 148 149 149 149 150 150 150 151 151 151 151 151 151 151 151 152 152 152 151 151 152 152 152 152 152 153 153 153 153 153 153 153 154 154 154 154 155 155 155 155 155 155 155 156 155 155 155 155 155 155 156 155 155 155 156 156 156 156 157 156 157 157 157 157 157 158 158 158 158 158 158 158 158 158 159 159 159 160 160 160 160 160 160 160 160 160 160 160 161 161 161 161 161 161 161 162 162 162 162 162 162 162 162 162 162 162 162 162 163 162 162 163 163 163 163 163 163 163 163 163 164 164 164 164 120 120 120 121 121 121 122 122 122 122 122 123 122 123 124 124 124 124 125 125 125 126 126 126 126 126 126 126 126 126 126 126 126 126 126 126 126 126 126 126 126 126 127 127 127 127 127 127 127 126 126 126 126 127 127 126 126 126 127 127 127 127 127 127 127 128 128 128 128 127 127 127 127 127 127 127 128 128 128 128 128 128 128 128 128 128 128 129 129 129 129 129 129 129 129 129 129 129 129 130 130 130 130 130 130 130 130 130 130 130 131 131 131 131 131 131 131 131 131 131 131 131 131 132 132 132 132 132 132 132 133 133 133 133 134 134 133 133 133 133 133 133 133 133 133 133 133 134 134 134 134 134 134 135 135 135 135 135 135 135 136 136 136 136 136 136 136 137 137 137 137 138 138 138 138 138 138 138 138 138 138 138 138 138 139 139 139 139 139 139 139 139 139 139 140 140 140 140 140 140 141 141 141 141 141 141 141 141 141 142 142 142 142 142 142 142 143 144 144 144 144 144 144 145 145 145 145 145 145 145 145 145 146 146 146 146 146 146 146 146 147 147 147 147 148 148 147 148 148 148 148 148 148 148 148 148 148 148 149 149 149 149 150 151 151 151 151 152 152 152 152 152 152 152 152 152 152 152 152 152 152 153 153 153 153 153 153 153 153 153 154 155 155 154 154 155 155 155 155 155 155 156 156 155 155 155 156 156 156 156 156 155 156 156 156 156 157 156 156 157 157 157 157 157 158 158 158 158 158 158 158 159 159 159 159 160 160 160 160 160 160 160 160 160 160 160 161 161 161 161 161 161 161 161 162 162 162 162 162 162 162 162 162 162 162 163 163 162 162 163 163 163 163 163 163 163 164 164 164 164 164 120 120 121 122 122 122 121 122 122 123 123 123 123 124 124 124 125 125 125 126 126 126 126 126 126 126 126 127 127 127 127 127 127 127 127 126 126 126 127 127 127 127 126 126 126 127 126 126 126 126 127 127 126 127 127 126 127 127 128 128 128 128 128 128 128 128 128 128 128 128 127 128 128 128 128 128 128 128 128 128 128 128 129 129 129 130 130 130 130 130 130 130 130 130 130 130 130 130 130 130 130 130 130 130 130 130 130 131 131 131 131 131 131 131 131 131 131 132 132 132 132 132 132 133 133 133 133 133 134 133 134 134 134 133 134 134 134 133 133 133 134 133 134 133 133 134 134 135 135 135 135 135 135 135 135 136 136 136 136 136 136 136 136 136 137 137 138 138 138 138 138 138 138 138 138 138 138 138 138 138 138 138 139 139 139 139 139 139 139 140 140 140 140 140 140 140 140 141 141 141 141 141 141 141 141 141 141 142 142 142 142 142 143 143 144 144 144 144 144 144 145 145 145 145 145 145 145 145 146 146 146 146 146 146 146 146 146 147 147 147 147 148 148 147 147 147 148 148 148 148 149 149 149 149 149 149 149 149 150 150 151 151 151 152 152 152 152 152 152 152 152 152 153 153 153 153 153 153 153 153 153 153 153 153 153 154 154 154 154 154 154 154 155 155 155 155 155 156 156 156 156 155 155 156 156 156 156 156 156 156 156 156 156 156 156 156 156 157 157 157 157 158 158 158 158 158 158 158 158 159 159 159 160 160 160 160 160 160 160 160 160 160 160 161 161 161 161 161 161 161 161 162 162 162 162 162 162 162 162 162 162 163 163 163 163 163 163 163 163 163 163 163 164 164 164 164 164 164 121 121 122 122 121 122 122 123 124 124 124 124 125 125 125 125 125 125 125 125 126 126 126 126 126 126 126 126 127 127 127 127 127 127 126 126 126 126 126 126 126 126 126 126 126 126 126 127 127 127 127 127 127 127 127 127 127 127 128 128 128 128 129 128 129 129 129 128 128 128 128 128 128 128 128 128 128 128 128 129 129 129 129 130 130 130 130 130 130 130 130 130 130 130 130 130 130 130 130 130 130 130 130 130 130 130 130 131 131 131 131 131 131 131 131 131 131 132 132 132 132 132 133 133 133 134 134 134 134 134 134 133 133 133 133 133 133 133 134 134 134 134 134 133 134 134 135 135 135 135 135 135 135 135 135 135 136 136 136 136 136 136 137 137 137 138 138 138 138 138 138 138 138 138 138 138 138 138 138 138 138 139 139 139 139 139 139 140 140 140 140 140 140 140 140 140 141 141 141 141 141 141 141 141 141 141 142 142 142 142 143 143 143 144 144 144 144 144 145 145 145 145 145 145 145 145 145 146 146 146 146 146 146 146 146 146 147 147 147 147 147 147 147 147 148 148 148 148 148 148 149 149 149 149 149 149 150 150 150 151 151 152 152 152 152 152 152 152 152 152 152 153 153 153 153 153 153 153 152 153 153 153 153 154 154 154 154 154 154 154 154 154 155 155 155 156 156 156 156 156 155 155 155 155 156 156 156 156 156 156 156 157 157 156 156 156 156 157 157 158 158 158 158 159 158 158 158 158 159 159 159 160 160 160 160 160 160 160 160 160 160 160 161 161 161 161 161 161 161 162 162 162 162 162 162 162 162 162 162 163 163 163 163 162 163 163 163 163 163 163 163 164 164 164 164 164 164 121 121 121 122 122 122 122 122 123 123 124 124 125 125 125 125 125 125 125 125 125 126 126 126 126 125 125 126 125 126 127 127 127 127 127 127 127 127 127 126 126 126 126 126 126 126 126 126 127 127 127 128 127 127 127 127 127 127 127 128 129 129 129 129 129 129 129 129 129 129 129 129 129 128 128 128 128 128 128 129 129 129 130 130 130 130 130 130 130 130 130 130 130 130 130 130 130 130 130 130 130 130 131 131 131 130 130 130 131 131 131 131 131 131 131 131 131 131 132 132 133 133 133 133 133 133 133 133 133 134 134 134 133 133 133 133 133 133 134 134 134 134 134 134 134 134 134 135 135 135 135 136 135 136 136 136 136 136 136 136 136 136 136 136 137 137 137 138 138 138 138 138 138 138 138 138 138 138 138 138 139 139 139 139 139 139 139 139 140 140 140 140 140 140 140 140 140 141 141 141 141 141 141 141 141 141 142 142 142 142 142 142 143 143 144 144 144 145 145 145 145 145 145 145 145 145 145 145 146 146 146 146 146 146 146 146 146 147 147 147 147 147 147 147 148 148 148 148 148 148 148 148 149 149 149 149 150 150 150 151 151 151 152 152 152 152 152 153 153 153 153 153 153 153 152 152 153 153 153 153 153 153 154 154 154 154 154 154 154 154 154 154 154 155 155 155 156 156 155 155 155 155 155 155 155 156 156 156 156 156 156 156 157 157 157 157 156 156 156 157 158 158 158 158 158 159 159 158 158 158 159 159 160 160 160 160 160 160 160 160 160 160 160 160 161 161 161 161 161 162 162 162 162 162 162 162 162 162 162 162 162 162 162 163 162 162 163 163 163 163 163 163 163 163 164 164 164 164 121 122 122 123 123 123 123 123 123 123 124 125 125 126 125 125 126 126 126 126 126 126 125 125 125 125 125 126 126 127 127 127 126 127 127 127 127 127 126 126 127 126 126 127 127 127 128 128 128 128 128 127 128 128 128 128 128 128 129 129 129 129 129 129 129 129 129 129 129 129 129 129 129 129 129 129 129 129 130 130 130 130 130 130 130 130 130 130 130 130 130 130 130 130 130 130 130 130 130 131 131 131 131 131 131 131 131 131 131 131 131 131 131 132 132 132 132 133 133 133 133 133 133 133 133 133 134 134 134 134 134 134 134 134 134 134 134 134 134 134 135 135 134 134 135 135 135 135 136 136 136 135 135 136 136 136 136 136 136 136 136 137 137 137 138 138 138 138 138 138 138 138 138 138 138 138 138 139 139 139 139 139 139 139 139 140 140 140 140 140 140 140 140 141 141 141 141 141 141 141 141 141 141 142 142 142 142 142 142 142 143 144 144 144 145 144 145 145 145 145 145 145 145 145 146 146 146 146 146 146 146 146 146 146 147 147 147 147 147 147 148 148 148 148 148 148 148 148 148 149 149 149 149 149 149 150 150 150 151 151 151 151 152 152 153 153 153 153 153 153 154 153 153 153 153 153 154 154 154 154 154 154 154 154 155 155 154 154 154 154 154 154 154 155 155 155 155 155 155 155 155 155 155 156 156 156 156 156 156 156 157 157 157 157 156 157 157 157 158 158 158 158 158 159 159 159 158 159 159 159 160 160 160 160 160 160 160 160 160 160 160 161 161 161 161 162 162 162 162 162 162 162 162 162 162 162 162 162 162 162 163 162 162 163 163 163 163 163 163 163 164 164 164 164 121 121 122 122 123 122 122 122 122 123 124 123 124 125 126 126 126 126 126 126 126 126 126 125 125 125 125 126 126 127 127 127 127 127 127 127 127 127 127 127 127 127 127 127 127 127 127 127 128 128 127 127 127 128 128 128 128 128 129 129 129 129 129 129 129 129 129 129 129 129 130 129 129 129 130 129 129 129 130 130 130 130 130 130 130 130 130 130 130 130 130 130 130 130 130 130 130 130 130 131 131 131 131 131 131 131 131 131 131 132 132 132 132 132 133 133 133 133 133 133 133 133 133 133 133 133 134 134 134 134 134 134 135 134 135 135 135 134 134 135 135 135 135 135 135 135 135 135 135 136 135 136 136 136 136 136 136 136 136 136 136 137 137 138 138 138 138 138 138 138 138 138 138 138 138 138 138 139 139 139 139 139 139 139 140 140 140 140 140 140 140 140 141 141 141 141 141 141 141 141 141 141 142 142 142 142 142 142 142 143 143 144 144 144 144 144 145 145 145 145 145 145 145 145 146 146 146 146 146 146 146 146 146 146 147 147 147 147 148 147 148 148 148 148 148 148 148 148 148 148 149 148 148 148 148 149 149 149 149 150 150 150 151 151 152 152 152 152 152 152 153 153 153 153 153 153 154 155 154 154 155 155 155 155 155 155 155 155 155 155 155 154 154 154 154 155 155 155 155 155 155 155 156 156 156 156 156 156 156 156 156 157 157 157 157 157 157 157 157 158 158 158 158 159 159 159 159 159 159 160 160 160 160 160 160 160 160 160 160 160 160 161 161 161 161 161 162 162 162 162 162 162 162 162 162 162 162 162 162 162 163 162 162 162 163 163 163 163 163 163 164 164 164 164 121 122 122 122 122 122 123 123 123 123 122 123 124 124 124 125 125 126 126 126 125 125 125 125 126 126 126 127 127 127 127 127 127 127 127 127 127 127 127 127 127 127 127 127 127 127 127 127 127 127 127 128 128 128 128 129 129 129 129 130 129 129 128 129 129 129 129 129 129 129 130 129 129 130 129 129 129 130 130 130 130 130 130 130 130 131 130 130 130 130 130 130 130 130 130 130 131 131 131 131 131 131 131 131 131 132 132 131 132 132 132 132 132 133 133 133 133 133 133 133 133 133 133 133 134 134 133 134 134 134 134 134 134 135 134 134 134 135 135 135 135 134 135 135 135 135 135 135 135 135 136 136 136 136 136 136 136 136 136 136 137 137 137 138 138 138 138 138 138 138 138 138 138 139 138 139 139 139 139 139 139 139 139 140 140 140 140 140 140 140 140 141 141 141 141 141 141 141 141 141 141 141 142 142 142 142 142 142 142 143 144 144 144 144 144 145 145 145 145 145 145 146 146 146 146 146 146 146 146 146 146 147 147 146 147 147 147 148 148 147 147 147 148 148 148 148 148 149 149 148 149 149 150 149 149 149 149 149 150 150 150 151 151 151 151 152 152 151 153 154 153 153 153 153 154 154 154 155 155 155 155 155 155 156 156 155 155 155 155 155 155 154 154 154 155 155 155 155 155 155 155 155 156 156 156 156 157 157 157 156 156 157 157 157 157 157 157 157 157 158 158 158 158 159 159 159 159 159 160 160 160 160 160 160 160 160 160 160 160 160 161 161 161 161 161 162 162 162 162 162 162 162 162 162 162 162 162 162 162 163 162 162 162 163 163 163 163 163 163 164 164 164 164 164 121 121 122 122 123 123 123 123 123 122 123 123 123 123 124 124 124 124 125 125 125 125 125 125 125 126 126 126 127 127 127 127 127 127 127 127 126 127 127 127 127 127 127 127 127 127 127 127 127 127 127 128 129 128 128 128 128 129 129 128 128 128 128 129 129 129 129 129 129 130 129 129 130 129 129 130 130 130 130 130 130 130 130 130 130 131 131 131 131 131 130 130 130 130 131 131 131 131 131 131 131 131 131 131 132 132 132 132 132 132 133 133 133 133 133 133 133 133 133 133 133 133 133 134 134 133 133 134 134 134 134 134 134 134 134 134 134 135 134 134 135 135 135 135 135 135 135 135 135 135 136 136 136 136 136 136 136 136 137 137 137 137 138 138 138 138 138 138 138 138 138 139 139 139 139 139 139 139 139 139 139 139 140 140 140 140 140 140 140 141 141 141 141 141 141 141 141 141 141 141 141 142 142 142 142 142 142 143 143 144 144 144 144 145 145 145 145 145 145 145 145 146 146 146 146 146 146 146 146 146 147 147 147 147 147 147 148 148 148 148 147 147 148 148 148 148 148 149 149 149 149 149 150 150 150 149 149 150 150 150 150 151 151 151 151 151 152 152 153 153 153 153 153 153 153 153 154 155 155 155 155 155 156 156 156 156 156 156 156 155 154 154 154 154 155 155 155 155 155 155 155 156 156 156 156 157 157 157 157 157 156 156 157 157 157 157 158 158 158 158 158 158 158 159 159 159 159 160 160 160 160 160 160 160 160 160 160 160 160 161 161 161 161 161 162 162 162 162 162 162 162 162 162 162 162 162 162 162 163 162 162 162 163 163 163 163 163 163 164 164 164 164 165 121 121 121 122 122 122 123 122 122 122 123 123 123 123 123 123 124 125 126 126 125 125 125 125 125 125 126 127 127 127 127 127 127 127 127 127 126 126 127 127 127 127 127 127 127 127 127 127 127 128 128 128 128 127 128 128 129 129 128 128 128 128 129 129 129 129 129 129 130 130 130 130 130 129 129 130 130 130 130 130 130 130 130 130 131 131 131 131 131 131 130 130 130 131 131 131 131 131 131 131 131 132 132 132 132 132 132 132 132 133 133 133 133 133 133 133 133 133 133 133 133 133 134 134 134 133 133 134 134 134 134 134 134 134 134 134 134 135 135 135 135 135 135 135 135 135 135 136 136 136 136 136 136 136 136 136 136 136 137 137 137 137 138 138 138 138 138 138 138 138 139 139 139 139 139 139 139 139 139 139 139 140 140 140 140 140 140 140 141 141 141 141 141 141 141 141 141 142 142 141 142 142 142 142 142 142 143 143 144 144 144 144 144 144 145 145 145 145 145 146 146 146 146 146 146 146 146 146 147 147 147 147 147 147 147 148 148 148 148 148 148 148 148 148 148 149 149 149 149 149 149 149 150 150 150 151 151 151 151 150 151 151 151 151 151 152 152 152 153 153 152 153 153 153 154 154 155 155 155 155 155 155 156 156 156 156 156 156 156 155 154 154 154 155 155 156 156 156 156 156 156 156 156 157 157 157 157 157 157 157 157 157 158 158 158 158 158 158 158 158 158 158 158 159 159 159 160 160 160 160 160 160 160 160 160 160 160 161 161 161 161 161 161 162 162 162 162 162 162 162 161 162 162 162 162 163 163 163 162 162 162 162 163 163 163 163 163 164 164 164 165 165 122 123 122 122 123 123 123 124 124 124 125 126 126 126 125 125 125 125 126 126 127 126 126 127 127 127 127 127 127 127 127 127 127 127 127 128 127 127 127 127 128 127 128 128 128 128 128 128 128 128 129 128 128 128 128 129 129 129 129 129 129 130 130 130 130 130 130 129 130 130 130 130 130 130 130 130 130 130 131 131 131 131 131 131 131 131 130 130 131 131 131 131 131 131 131 132 132 132 132 132 132 133 133 133 133 133 133 133 133 133 133 133 133 133 133 134 134 134 133 134 134 134 134 134 134 135 134 134 134 134 135 135 135 135 135 135 135 135 136 136 136 136 136 136 136 136 136 136 136 136 136 137 137 137 137 138 138 138 138 138 138 138 138 139 139 139 139 139 139 139 139 139 139 139 140 140 140 140 140 140 141 141 141 141 141 141 141 141 141 141 141 141 141 142 142 142 142 142 142 143 143 144 144 144 144 144 144 144 145 145 145 145 145 146 146 146 146 146 146 147 146 147 147 147 147 147 147 147 147 148 148 148 148 148 148 148 148 148 149 149 149 149 150 150 150 149 149 150 150 151 151 151 151 151 151 151 151 152 152 152 152 152 152 153 154 154 153 153 154 155 155 155 155 155 155 156 156 156 156 156 156 156 155 154 154 154 155 155 156 156 156 156 156 156 156 156 156 157 156 157 157 157 157 157 157 157 158 158 158 158 158 158 158 158 158 158 159 159 159 160 160 160 160 160 160 160 160 160 160 160 161 161 161 161 161 161 161 162 162 162 162 162 162 162 162 162 162 163 163 163 163 162 162 162 163 163 163 163 163 164 164 164 165 165 165 165 122 122 122 123 123 123 124 125 124 124 125 126 126 125 125 125 126 126 127 127 126 126 127 127 127 127 127 127 127 127 127 127 127 127 128 128 128 127 127 128 128 128 128 128 128 128 128 128 128 129 128 128 128 129 129 129 129 129 129 129 130 130 130 130 130 130 129 129 129 130 130 130 130 130 130 130 130 130 131 131 131 131 131 131 131 131 131 130 131 131 131 131 131 131 132 132 132 132 132 132 132 132 132 133 133 133 133 133 133 133 133 133 134 134 134 133 133 133 134 134 134 134 134 134 134 134 134 134 134 135 135 135 135 135 135 135 136 136 136 136 136 136 136 136 136 136 136 137 136 136 137 137 137 137 138 138 138 138 138 138 139 139 139 139 139 139 139 139 139 139 139 139 139 140 140 140 140 140 141 141 141 141 141 141 141 141 141 141 141 141 141 141 142 142 142 142 142 142 142 142 144 144 144 144 144 144 144 145 145 145 145 145 146 146 146 146 146 146 147 147 147 147 147 147 147 147 147 147 148 148 148 148 148 148 149 149 149 149 149 149 150 150 150 150 150 150 150 150 151 151 151 151 151 152 152 152 152 153 153 153 153 153 153 153 154 154 154 154 154 155 155 155 155 155 156 156 156 156 156 156 156 155 154 154 154 154 155 155 156 156 156 156 156 156 156 156 156 156 157 157 157 157 157 157 158 157 158 158 158 158 158 158 158 158 158 159 159 159 160 160 160 160 160 160 160 160 160 160 160 161 161 161 161 162 162 162 162 162 161 162 162 162 162 162 162 163 163 163 163 163 162 163 163 163 163 163 163 164 164 164 165 165 165 122 122 122 122 122 123 124 123 123 124 125 125 126 126 125 125 125 126 126 127 127 127 126 127 127 127 127 127 127 127 127 127 127 127 128 127 128 128 128 128 128 128 128 128 128 128 128 128 129 129 129 129 129 129 129 129 129 129 129 130 130 130 130 130 130 130 130 130 129 130 130 130 130 130 130 130 130 130 130 131 131 131 131 131 131 131 131 131 131 131 131 131 131 131 132 132 132 132 132 132 132 132 132 132 132 133 133 133 133 133 133 134 134 134 134 134 134 134 134 134 134 134 134 134 134 134 134 134 135 135 135 135 135 136 135 135 136 136 136 135 136 136 136 136 137 136 137 137 137 136 137 137 137 137 138 138 138 138 138 138 139 139 139 139 139 139 139 139 139 139 140 140 140 140 140 140 140 140 140 140 140 140 141 141 141 141 141 141 142 142 141 141 142 142 142 142 142 142 142 142 144 144 144 144 144 144 144 145 145 145 145 145 145 146 146 146 146 146 146 147 147 147 147 147 147 147 147 147 147 148 148 148 148 148 149 149 149 149 149 149 150 150 150 150 150 151 151 151 151 151 151 151 151 151 152 152 152 152 153 153 153 153 153 153 153 154 155 155 155 155 155 155 155 156 156 156 156 156 156 156 156 156 155 154 154 154 155 155 156 156 156 156 156 156 157 157 156 157 156 157 157 157 157 158 158 158 158 158 158 158 158 158 158 158 159 159 159 160 160 160 160 160 160 160 160 160 160 160 160 161 161 161 161 162 162 162 162 162 161 161 161 162 162 162 163 163 163 163 163 163 162 163 163 163 163 164 164 123 123 123 124 124 125 124 125 126 126 125 125 125 126 126 127 127 127 126 126 127 127 127 127 127 127 127 127 128 128 127 127 128 128 128 128 128 128 128 128 128 128 128 128 129 129 129 129 129 129 129 129 129 129 130 130 129 130 130 130 130 130 130 130 130 130 130 130 130 130 130 130 130 131 131 131 131 131 132 131 132 131 131 131 131 131 132 131 132 131 132 132 132 132 132 133 133 133 132 133 133 133 133 133 133 133 133 133 134 134 134 134 134 134 134 134 134 134 134 134 134 134 134 135 135 135 135 135 135 136 136 136 136 136 136 136 136 136 136 137 137 137 137 137 137 137 137 137 138 138 138 138 138 138 138 138 139 139 139 139 139 139 139 139 139 139 140 140 140 140 140 140 140 141 140 141 141 141 141 141 141 141 141 141 141 141 142 142 142 142 142 142 142 142 142 144 144 144 144 144 145 145 145 145 145 145 145 145 146 146 146 146 146 146 146 146 147 147 147 147 147 148 148 147 148 148 148 148 148 148 148 148 149 149 149 149 149 150 150 150 151 151 151 151 152 152 152 152 152 152 152 152 153 153 153 154 154 154 154 153 154 155 155 155 155 155 155 155 155 155 156 156 156 156 156 156 156 155 154 154 154 155 155 156 156 156 156 157 157 157 157 157 157 157 157 157 157 157 158 158 158 158 158 158 158 158 158 158 158 158 159 159 159 160 160 160 160 160 160 160 160 160 160 160 160 161 161 161 162 162 162 161 161 161 162 162 162 163 163 163 163 163 163 163 163 162 163 163 163 123 123 123 123 123 124 124 124 125 126 126 125 125 126 126 127 127 127 127 127 127 126 127 127 127 127 127 127 127 127 127 127 127 128 128 128 128 128 128 128 128 128 128 128 129 129 129 129 129 129 129 129 129 129 129 129 130 129 130 130 130 130 130 130 130 130 130 130 130 130 130 130 130 130 131 131 131 131 131 132 132 132 132 132 132 131 131 132 132 131 132 132 132 132 132 132 132 132 132 133 133 133 133 133 133 133 133 133 133 133 134 134 134 134 134 134 134 134 134 134 134 134 134 134 135 135 135 135 135 135 135 136 136 136 136 136 136 136 136 136 136 137 137 137 137 137 137 137 138 138 138 138 138 138 138 138 138 138 139 139 139 139 139 139 139 139 139 140 140 140 140 140 140 140 141 140 141 140 141 141 141 141 141 141 141 141 142 142 142 142 142 142 142 142 142 142 144 144 144 144 145 145 145 145 145 145 145 145 145 146 146 146 146 146 146 146 146 147 147 147 147 147 148 148 148 148 148 148 148 148 148 148 149 149 149 149 149 149 150 150 150 151 151 151 152 152 152 152 152 152 152 152 152 152 152 152 153 154 154 154 154 155 155 155 155 155 155 155 155 155 155 156 156 156 156 156 156 156 155 154 154 154 155 155 155 156 156 156 156 157 157 157 157 157 157 157 157 157 157 158 158 158 158 158 158 158 158 158 159 159 158 159 159 159 159 159 160 160 160 160 160 160 160 160 160 161 161 161 161 161 161 161 161 161 162 162 162 163 163 163 163 163 163 163 163 164 163 163 163 163 164 123 124 124 124 123 123 124 124 125 126 125 124 125 126 126 126 127 127 127 127 127 127 127 127 127 127 127 127 127 127 127 128 127 128 128 128 128 128 128 128 128 128 128 128 129 129 129 129 129 129 129 129 129 129 129 129 129 129 129 130 130 130 130 130 130 130 130 130 130 130 130 130 130 130 131 131 131 131 131 132 132 132 132 132 132 131 131 131 131 132 132 132 132 132 133 133 132 132 132 133 133 133 133 133 133 133 133 133 133 133 133 133 133 133 133 133 133 134 134 134 134 134 135 135 135 135 135 135 135 135 135 135 136 136 136 136 136 136 136 136 136 136 137 137 137 137 137 138 138 138 138 138 138 138 138 138 139 139 139 139 139 139 139 139 139 139 140 140 140 140 140 140 140 141 140 140 141 141 141 141 142 142 141 141 141 142 142 142 142 142 142 142 142 142 142 142 144 144 144 145 145 145 145 145 145 145 145 145 145 145 146 146 146 146 146 146 146 147 147 147 147 147 147 148 148 148 148 148 149 149 149 149 149 150 149 149 149 150 150 150 150 151 151 151 151 152 151 152 152 152 152 153 153 153 153 153 153 153 154 155 155 155 155 155 155 155 155 155 155 155 155 156 156 156 156 156 156 156 155 155 154 154 155 155 155 156 156 156 157 157 157 157 157 157 157 157 157 157 157 158 158 158 158 158 158 158 158 158 158 158 158 158 159 159 159 159 159 160 160 160 160 160 160 160 160 161 161 161 161 161 161 161 162 162 162 162 163 163 163 163 163 163 163 163 164 164 163 163 164 164 164 123 124 125 124 124 123 124 125 125 125 125 126 126 125 125 126 127 127 127 127 127 127 127 127 127 127 127 127 127 127 127 128 128 128 128 128 128 128 128 129 129 129 129 129 129 129 129 129 129 129 129 129 129 129 129 129 129 129 129 129 129 130 130 130 130 130 130 130 130 130 130 130 130 131 131 131 131 131 132 131 132 132 132 132 132 131 131 131 132 132 132 132 132 133 133 133 132 132 133 133 133 133 133 133 134 134 134 134 134 134 133 133 133 133 133 134 134 134 134 134 135 135 135 135 135 135 135 135 135 135 136 136 136 136 136 136 136 136 136 137 136 136 137 137 137 138 138 138 138 138 138 138 138 138 138 139 139 139 139 139 139 139 139 139 140 140 140 140 140 140 140 140 141 141 141 141 141 142 141 141 141 141 142 142 142 142 142 142 142 142 142 142 142 142 142 144 144 144 145 145 145 145 145 145 145 145 145 145 145 145 146 146 146 146 146 147 147 147 147 147 147 147 148 148 148 148 148 149 149 149 149 149 149 150 149 149 150 150 150 150 151 151 151 151 152 152 152 153 152 152 152 153 153 153 153 154 153 154 155 154 154 154 154 155 155 155 155 155 155 155 155 156 156 156 155 155 155 155 155 155 154 155 155 155 156 156 156 157 157 157 157 157 157 157 157 157 157 157 158 158 158 158 158 158 158 158 158 159 159 159 159 159 159 159 159 159 160 160 160 160 161 161 161 161 161 161 161 161 161 161 162 162 162 162 163 163 163 163 163 163 164 164 164 164 164 163 163 164 164 119 119 123 124 124 124 124 124 124 124 124 125 125 125 125 125 125 126 126 127 127 127 127 127 127 127 127 127 127 127 127 127 127 127 127 127 128 128 128 128 128 128 128 129 129 129 129 129 129 129 129 129 129 130 130 130 130 130 129 129 129 129 129 129 129 130 130 130 130 130 130 130 130 130 131 131 131 131 131 131 132 132 132 132 132 132 132 132 132 131 131 131 132 132 132 132 132 133 133 132 132 132 133 133 133 133 133 133 133 134 134 134 134 134 134 134 134 134 134 134 134 134 134 135 135 135 135 135 135 135 135 135 135 136 136 136 136 136 136 137 137 137 137 136 136 136 137 137 138 138 138 138 138 138 138 138 138 138 139 139 139 139 139 139 139 140 139 140 140 140 140 140 141 141 141 141 141 141 141 141 142 142 141 141 141 141 142 142 142 142 142 142 142 142 142 142 142 143 144 144 144 145 145 145 145 145 145 145 145 145 145 145 146 146 146 146 146 146 147 147 147 147 147 147 147 148 148 148 148 148 148 149 149 149 149 149 150 150 150 150 150 150 151 151 151 151 151 151 152 152 152 153 153 153 153 153 153 153 154 154 154 155 155 154 154 154 154 155 155 155 155 155 155 156 156 155 155 155 155 155 155 155 155 154 155 155 155 156 156 156 156 157 157 157 157 157 157 157 158 158 158 157 158 158 158 158 159 159 159 159 159 159 159 159 159 160 160 160 160 159 160 160 160 161 161 161 161 161 161 161 161 161 162 162 162 162 163 163 163 163 163 119 121 120 123 123 123 123 124 124 125 125 125 125 124 124 124 124 125 125 125 126 126 126 127 127 127 127 127 127 127 126 127 127 127 127 128 128 128 127 127 127 128 128 128 128 128 128 128 129 129 129 129 129 129 129 129 129 129 130 130 130 130 129 130 130 130 130 130 130 129 130 130 130 130 130 130 130 130 131 131 131 131 131 131 131 131 131 132 132 132 132 132 132 132 132 132 132 132 132 132 132 132 133 132 132 132 132 132 133 133 133 133 133 133 134 134 134 134 135 134 134 134 135 134 135 134 134 134 134 135 135 135 135 135 135 136 136 136 136 136 136 136 136 137 137 137 137 136 136 137 137 137 138 138 138 138 138 138 138 138 138 138 139 139 139 139 139 139 139 139 140 140 140 140 140 140 140 141 141 141 141 141 141 141 141 142 142 141 141 141 141 142 142 142 142 142 142 142 142 142 142 143 144 144 144 145 145 145 145 145 145 145 145 145 145 146 146 146 146 146 146 146 147 147 147 147 147 147 147 147 147 148 148 148 148 148 148 149 149 149 150 150 150 150 151 151 151 151 151 151 152 152 152 152 152 152 152 153 153 153 153 153 153 154 154 155 154 154 154 155 155 155 155 155 155 156 156 156 156 155 156 156 156 156 156 155 154 155 155 155 155 156 156 156 156 157 157 157 157 157 158 158 158 158 158 158 158 158 158 158 159 159 159 159 159 160 159 159 159 160 160 160 160 160 160 160 160 161 161 161 161 161 161 161 161 161 162 162 162 162 163 119 121 122 121 119 119 120 119 119 123 123 123 124 124 123 124 124 125 125 124 124 125 125 124 125 125 125 125 125 125 126 126 127 127 127 127 127 127 127 127 127 127 127 127 127 128 128 128 127 127 127 128 128 128 128 128 128 128 128 129 129 129 129 129 129 129 129 129 130 130 130 130 130 130 130 130 130 130 130 130 130 130 130 130 130 130 130 131 131 131 131 131 131 131 132 131 132 132 132 132 132 132 132 132 132 132 132 132 132 132 133 132 132 132 132 133 133 133 133 133 133 133 133 134 134 134 135 134 134 135 135 135 135 135 135 135 134 134 135 135 135 135 135 135 136 136 136 136 136 136 136 136 136 137 137 137 137 137 137 137 137 138 138 138 138 138 138 138 138 138 138 139 139 139 139 139 139 139 140 140 140 140 140 140 140 140 141 141 141 141 141 141 141 141 141 142 142 141 141 141 142 142 142 142 142 142 142 142 142 142 143 144 144 144 145 145 145 145 145 145 145 145 146 146 146 146 146 146 146 146 146 147 147 147 147 147 147 147 148 148 148 148 148 148 148 149 149 149 150 150 150 150 150 150 150 151 151 151 151 152 152 152 152 152 153 153 153 153 153 153 153 154 154 154 155 155 154 154 154 155 155 155 155 155 156 156 155 156 156 156 157 157 156 156 155 154 154 155 155 155 155 156 156 156 157 157 157 157 157 158 158 158 158 158 158 158 158 158 158 159 159 159 159 160 160 160 160 160 160 160 160 160 160 160 160 160 161 161 161 161 161 161 161 161 162 162 162 162 163 163 119 121 122 122 122 120 122 122 122 120 119 123 123 124 124 124 124 124 125 125 125 125 124 124 124 124 125 125 125 125 125 125 126 126 127 127 127 127 127 127 127 128 128 128 128 128 128 128 128 128 127 128 127 127 128 128 128 128 128 128 129 129 129 129 129 129 129 129 129 129 129 130 130 130 130 130 130 130 130 131 130 130 130 129 130 130 130 130 130 131 131 131 131 131 131 131 131 131 131 132 132 132 132 132 132 132 132 132 132 133 132 132 133 132 133 133 133 133 133 133 133 133 133 133 133 134 134 134 134 134 134 134 134 135 135 135 135 135 135 135 135 135 135 135 135 135 136 136 136 136 136 136 136 136 136 137 137 137 137 137 137 137 137 138 138 138 138 138 138 138 138 139 139 139 139 139 139 139 139 139 140 140 140 140 140 141 140 141 141 141 141 141 140 141 141 141 141 141 142 141 141 142 142 142 142 142 142 142 142 143 143 143 143 144 144 144 145 145 145 145 145 145 145 145 146 146 146 146 146 146 146 146 147 147 147 147 147 147 147 147 148 148 148 148 148 149 149 149 150 150 149 150 150 150 150 150 150 151 151 151 152 152 152 152 153 153 153 153 153 153 153 153 154 154 154 154 154 155 154 154 154 155 155 155 155 155 155 155 156 156 156 156 156 156 156 156 155 155 155 155 155 155 156 156 156 156 157 157 157 157 157 157 158 158 158 158 158 158 158 158 158 158 159 159 159 160 160 160 159 160 160 160 160 160 160 160 160 160 160 161 161 161 161 161 161 161 161 162 162 162 163 163 119 121 122 122 121 121 123 123 123 121 120 120 120 120 123 123 123 123 123 124 124 124 125 124 125 126 125 125 125 124 125 125 125 126 126 125 125 125 125 126 126 127 127 127 127 127 128 128 128 128 128 128 128 128 128 128 128 128 128 128 128 128 128 128 129 129 129 129 129 129 129 129 129 129 129 129 129 130 130 130 130 130 129 130 130 130 130 130 130 130 130 130 131 131 131 131 131 131 131 131 131 131 131 131 132 132 132 132 132 132 132 132 133 132 132 132 132 133 132 133 133 133 133 134 133 133 134 134 134 134 134 134 134 134 134 134 134 134 134 134 135 135 135 135 135 135 135 135 135 135 135 136 136 136 136 136 136 136 136 136 136 137 137 137 137 137 137 137 138 138 138 138 138 138 138 138 139 139 139 139 139 139 139 139 139 140 140 140 140 140 141 141 141 141 141 141 141 141 140 141 141 141 141 141 141 141 141 142 142 142 142 142 142 142 143 143 143 143 144 144 144 145 145 145 145 145 145 145 146 146 146 146 146 146 146 146 146 147 147 147 147 147 147 147 147 148 148 148 148 148 149 149 149 149 149 149 150 150 150 150 150 150 151 151 151 152 152 152 152 152 153 153 153 153 154 153 154 154 154 154 154 154 155 155 155 155 155 155 156 156 155 155 156 156 156 156 156 156 156 155 156 156 155 155 155 155 156 156 156 156 156 156 157 157 157 157 157 158 158 158 158 158 158 158 158 158 158 159 159 159 160 160 160 160 159 160 160 160 160 160 160 160 160 160 161 161 161 161 161 162 162 162 162 162 162 163 163 120 121 121 122 122 123 124 124 123 122 122 122 121 120 122 123 123 123 123 123 124 124 124 124 124 124 124 125 125 125 125 124 125 125 126 126 126 125 126 126 126 126 127 127 127 127 127 127 127 127 128 128 128 127 127 128 128 128 128 129 129 128 128 128 128 128 128 129 129 129 129 129 129 129 129 129 129 129 129 129 129 130 130 130 130 130 129 130 130 130 130 130 130 130 131 131 131 131 131 131 131 131 131 131 131 131 132 132 132 132 132 132 132 132 132 132 132 132 132 133 132 133 133 133 133 134 134 134 134 134 134 134 134 134 134 134 134 134 134 134 134 134 134 134 135 135 135 135 135 135 135 135 136 136 136 136 136 136 136 136 136 136 136 136 137 137 137 137 137 137 138 138 138 138 138 138 138 138 138 139 139 139 139 139 140 140 140 140 140 140 140 141 141 141 141 141 140 141 141 141 141 141 141 141 142 141 141 141 141 142 142 142 142 142 142 142 143 143 143 143 144 144 144 145 145 145 145 145 145 145 146 146 146 146 146 146 146 146 146 147 147 147 147 147 147 147 147 147 147 147 148 148 148 149 149 149 149 150 150 150 150 150 150 150 150 151 151 151 152 152 152 152 152 152 153 153 153 154 154 154 154 154 154 154 155 155 155 155 155 155 155 155 155 156 156 156 155 155 155 155 156 155 155 155 155 155 155 155 156 156 156 156 156 157 157 157 157 157 157 157 158 158 158 158 158 158 158 159 159 159 159 160 160 160 159 159 160 160 160 160 160 160 161 161 161 161 161 161 161 162 162 162 162 161 162 162 162 163 163 163 121 121 122 122 123 123 123 123 123 122 122 121 121 120 120 120 123 123 123 123 123 123 124 124 124 124 124 124 125 125 125 125 125 125 125 126 126 126 126 126 126 127 127 127 127 127 127 127 127 127 127 127 127 127 127 127 127 127 128 128 128 128 129 129 129 129 128 128 128 128 129 129 129 129 129 129 129 129 129 129 129 129 129 130 130 130 130 130 130 130 129 129 129 129 130 131 131 131 131 131 131 131 131 131 131 131 131 132 132 132 132 132 132 132 132 132 133 133 133 132 132 132 133 133 133 133 133 133 134 134 133 134 134 134 134 134 134 134 134 134 134 134 134 134 134 134 134 135 135 135 135 135 135 136 136 136 136 136 136 136 136 136 136 136 136 137 137 137 137 137 137 137 138 138 138 138 138 138 138 138 138 139 139 139 139 139 139 139 140 140 140 140 140 140 141 141 141 141 140 140 140 140 141 141 141 141 141 141 141 141 142 142 142 142 142 142 142 143 143 143 143 143 144 144 145 145 145 145 145 145 145 145 146 146 146 146 146 146 146 146 146 147 147 147 147 147 147 147 147 147 147 148 148 148 149 149 149 149 149 149 150 149 150 150 150 150 150 151 151 152 152 152 152 153 153 153 153 153 153 153 154 154 154 154 154 154 155 155 154 154 155 155 155 155 155 155 156 156 156 156 156 155 155 155 155 155 155 155 155 156 156 156 156 156 156 157 157 157 157 157 157 157 158 158 158 158 158 158 158 159 159 159 159 159 160 160 160 159 159 160 160 160 160 160 160 161 161 161 161 161 161 161 161 161 161 162 162 162 162 163 163 120 122 122 122 123 123 123 123 124 123 122 122 121 122 123 123 122 122 122 122 122 121 121 122 122 122 122 121 121 122 122 122 122 123 123 123 123 124 123 123 124 124 124 124 124 125 125 125 125 125 125 125 125 126 126 126 126 126 126 126 127 127 127 127 127 127 127 127 127 127 127 127 127 127 127 127 128 128 128 128 128 129 129 129 129 129 129 128 129 129 129 129 129 129 129 129 129 129 129 129 130 130 130 130 130 131 130 130 130 130 129 129 130 130 130 131 131 131 131 131 131 131 131 131 131 132 132 132 132 132 132 132 132 133 133 133 133 133 132 133 133 133 133 133 133 133 133 133 133 134 134 135 135 135 135 134 134 134 134 134 134 135 134 134 135 135 135 135 135 135 136 136 136 136 136 136 136 136 136 136 136 136 136 137 137 137 137 137 137 137 138 138 138 138 138 138 138 139 139 139 139 139 139 139 139 139 139 140 140 140 140 140 141 141 141 141 141 141 141 141 141 141 141 141 141 141 141 141 142 142 142 142 142 142 142 143 143 143 143 143 144 145 145 144 145 145 145 145 145 145 146 146 146 146 146 146 146 146 147 147 147 147 147 147 147 147 147 147 148 148 148 148 149 149 149 148 149 149 149 149 149 149 150 150 151 151 151 152 152 152 152 152 153 153 153 153 153 153 153 154 154 154 154 155 155 154 154 154 154 155 155 155 155 154 155 155 155 155 155 155 155 155 155 155 155 155 156 156 156 156 156 156 156 157 157 157 157 157 157 157 158 158 158 158 159 159 159 159 159 159 159 159 159 160 160 160 160 160 160 160 160 160 160 161 161 161 161 161 161 161 161 161 162 162 162 162 162 163 163 122 123 123 123 123 123 123 122 122 121 121 122 123 123 124 124 124 124 124 123 122 123 123 123 123 122 122 122 122 123 123 123 123 123 123 124 124 124 124 124 124 124 124 125 125 125 125 125 125 125 125 125 126 125 126 126 126 126 127 127 128 128 128 128 127 127 127 127 127 127 127 127 128 128 128 128 128 128 128 128 129 129 129 129 129 129 128 129 129 129 129 129 129 129 129 129 129 129 130 130 130 130 130 131 131 131 131 131 130 130 130 130 130 130 131 131 131 131 131 131 131 131 131 132 132 132 132 132 132 132 133 133 133 133 133 133 133 133 133 133 133 133 133 133 133 133 133 134 134 134 135 135 135 135 135 134 134 135 135 135 135 135 135 135 135 135 135 136 136 136 136 136 136 136 136 136 136 136 136 136 137 137 137 137 137 137 137 138 138 138 138 138 138 138 138 139 139 139 139 139 139 139 139 139 139 139 140 140 140 140 140 141 141 141 141 141 141 141 141 141 141 141 141 141 141 142 142 142 142 142 142 142 142 143 143 143 143 143 144 144 144 144 144 144 145 145 145 145 146 146 146 146 146 146 146 146 147 147 147 147 147 147 147 147 147 148 148 148 148 149 148 148 148 149 150 150 149 149 149 149 150 150 150 151 151 152 152 152 152 152 153 153 153 153 153 154 154 154 154 154 154 154 154 154 154 154 154 154 155 155 154 154 154 155 156 156 156 155 155 155 155 155 155 155 156 156 156 156 156 156 156 156 157 157 157 157 157 157 158 158 158 158 159 159 159 158 159 159 159 159 160 160 160 160 160 160 160 160 160 160 161 161 161 161 161 161 161 161 161 162 162 162 162 163 163 163 163 122 122 123 123 123 123 122 121 122 122 122 122 123 124 124 124 124 124 124 124 125 124 124 124 124 124 123 123 123 123 124 124 123 123 123 124 125 124 124 124 124 124 124 124 125 125 125 125 125 125 125 126 126 126 126 126 126 127 127 128 128 128 128 128 127 127 127 128 128 127 127 128 128 128 128 128 128 129 129 129 129 129 129 129 128 128 129 129 129 129 129 129 129 129 129 129 129 130 130 130 130 130 130 130 130 130 131 131 130 130 130 130 130 130 131 131 131 131 131 132 132 132 132 132 132 132 132 132 132 133 133 133 133 133 133 133 133 133 133 133 133 134 134 134 133 134 134 134 134 134 135 135 135 135 135 135 135 135 135 135 135 135 135 135 135 135 136 136 136 136 136 136 136 136 136 136 136 136 137 137 137 137 137 137 137 137 138 138 138 138 138 138 138 138 139 139 139 139 140 140 140 139 139 139 139 140 140 140 140 140 140 141 141 141 141 141 141 141 141 141 141 141 141 141 142 142 142 142 142 142 142 142 143 143 143 143 143 144 144 144 144 145 145 145 145 145 145 145 146 146 146 146 146 146 146 147 147 147 147 147 147 147 147 148 148 148 148 148 148 148 148 149 149 150 150 150 150 150 150 150 150 151 151 151 152 152 152 152 152 152 153 153 153 153 154 154 154 154 154 154 154 154 153 154 154 154 155 155 154 154 154 154 155 155 155 155 155 155 155 155 155 155 156 156 156 156 156 156 156 156 156 157 157 157 157 157 158 158 158 158 158 158 159 159 159 159 159 159 159 159 160 160 160 160 160 160 160 160 161 161 161 161 161 161 161 161 161 161 162 162 162 162 163 163 163 163 122 123 123 124 124 123 122 122 122 122 122 123 125 125 125 125 125 125 125 125 125 125 125 125 125 124 124 124 124 124 123 123 124 124 124 124 124 124 124 124 125 124 125 125 125 125 125 125 125 125 126 126 126 126 126 126 126 127 127 128 128 128 128 127 127 127 127 127 128 128 128 128 128 128 128 128 128 129 129 129 128 128 129 129 128 129 129 129 129 129 129 129 129 129 130 130 130 130 130 130 130 130 130 130 130 131 131 130 130 130 131 131 130 131 131 131 131 131 132 132 132 132 132 132 132 132 132 132 133 133 133 133 133 133 133 133 133 133 133 134 134 134 134 134 134 134 134 134 134 135 134 135 135 135 135 135 136 135 135 135 135 135 135 135 136 136 136 136 136 136 136 136 136 136 136 136 136 137 137 137 137 137 137 137 137 138 138 138 138 138 138 138 138 139 139 139 139 140 140 140 140 139 139 140 140 140 140 140 140 140 141 141 141 141 141 141 141 141 141 141 141 141 141 142 142 142 142 142 142 142 142 142 143 143 143 143 144 144 145 145 145 145 145 145 145 145 146 146 146 146 146 146 146 146 147 147 147 147 147 147 147 148 148 148 148 148 148 148 148 148 149 149 149 150 150 150 150 151 150 151 151 151 151 151 152 152 152 152 152 152 153 153 153 154 154 154 154 154 154 153 153 153 154 155 155 155 155 154 154 154 154 155 155 155 155 155 155 155 154 155 155 156 156 156 156 156 156 156 156 156 157 157 157 157 157 157 158 158 158 158 158 158 158 159 159 159 159 159 159 159 159 160 160 160 160 160 161 161 161 161 161 161 161 161 161 161 162 162 162 162 163 163 163 123 124 125 125 124 124 124 123 123 124 124 125 125 125 125 125 125 126 125 125 125 126 125 125 125 124 124 124 123 124 124 124 124 124 124 124 124 125 125 125 125 124 125 125 125 126 125 125 125 126 126 126 126 126 127 127 127 128 128 128 128 128 128 127 127 127 127 128 128 128 128 128 128 128 128 128 128 129 129 129 129 128 128 128 129 129 129 129 129 129 129 129 129 130 130 130 130 129 130 130 130 130 130 130 131 131 131 131 131 130 130 130 131 131 131 131 131 131 132 132 132 132 132 132 132 133 133 133 133 133 133 133 133 133 133 133 133 133 134 134 134 134 134 134 134 134 134 134 134 134 135 135 135 135 135 135 135 135 135 135 135 135 135 136 136 136 136 136 136 136 136 136 136 136 136 136 137 137 137 137 137 137 137 138 138 138 138 138 138 138 139 138 138 139 139 139 140 140 140 140 139 139 140 140 140 141 141 141 140 140 141 141 141 141 141 141 141 141 141 141 141 142 142 142 142 142 142 142 142 142 143 143 143 143 143 144 144 145 145 145 145 145 145 145 145 146 146 146 146 146 146 146 146 147 147 147 147 147 147 147 148 148 148 148 148 148 148 148 148 149 149 149 150 150 150 150 150 150 151 151 151 151 151 152 152 152 152 152 152 153 153 153 153 153 153 153 153 153 153 154 154 154 155 155 154 154 154 154 154 154 154 155 155 154 155 155 155 155 155 155 156 156 156 156 156 156 156 157 157 157 157 157 157 157 157 158 158 158 158 158 158 158 159 159 159 159 159 159 159 159 160 160 160 160 160 160 160 161 161 161 161 161 161 161 161 162 162 162 162 163 163 163 125 125 124 124 124 124 124 124 124 124 125 125 125 125 125 126 126 126 126 126 126 126 126 125 125 125 125 125 125 126 125 125 125 125 124 124 124 125 125 125 125 125 125 126 126 126 126 126 127 127 127 126 127 127 127 127 127 128 128 128 128 128 128 128 127 128 128 128 128 128 128 128 128 128 128 128 128 129 129 129 129 129 129 129 129 129 130 129 130 130 130 130 130 130 130 130 130 129 129 129 129 131 131 130 130 131 131 131 130 130 130 131 131 131 132 131 131 132 132 132 132 132 132 132 132 133 133 133 133 133 133 133 133 133 133 133 133 134 134 134 134 134 134 134 134 134 134 134 134 134 135 135 135 135 135 135 135 135 135 136 136 136 136 136 136 136 136 136 136 136 136 136 136 136 136 137 137 137 137 137 137 137 137 137 138 138 138 139 139 139 139 138 138 139 139 140 140 140 140 140 139 140 140 140 140 140 141 140 140 141 141 141 141 141 141 141 141 141 142 142 142 142 142 142 142 142 142 142 143 143 143 143 143 143 144 145 145 145 145 145 145 145 145 145 146 146 146 146 146 146 146 146 147 147 147 147 147 147 147 148 148 148 148 148 148 148 148 148 149 149 149 150 150 150 150 150 151 151 151 151 151 151 152 152 152 153 152 153 153 153 153 153 154 154 153 153 152 153 154 154 154 154 154 154 154 154 154 154 155 155 154 155 155 154 155 155 155 155 155 156 156 156 156 156 156 156 157 157 157 157 157 157 157 157 158 158 158 158 158 158 158 159 159 159 159 159 159 159 159 159 160 160 160 160 160 160 160 161 161 161 161 161 161 162 162 162 162 163 163 163 163 125 125 124 125 125 125 125 124 124 124 125 125 125 125 125 126 126 126 126 127 127 126 126 126 126 125 126 126 126 126 126 126 126 126 126 125 124 125 126 126 127 127 127 127 127 127 127 127 128 128 128 128 127 127 127 127 127 128 128 128 128 128 128 128 128 128 128 128 128 128 128 128 128 128 128 128 128 129 129 129 129 130 129 129 129 129 129 129 130 130 130 130 130 130 130 130 130 130 130 129 129 130 130 130 130 130 130 130 130 131 130 131 131 131 131 131 131 131 132 132 132 132 132 132 133 133 133 133 133 133 133 133 133 133 133 133 133 133 134 134 134 134 134 134 134 134 134 134 135 135 135 135 135 135 135 135 135 135 136 136 136 136 136 136 136 136 136 136 136 136 136 136 136 136 136 137 137 137 137 137 137 137 137 137 138 138 138 139 139 139 139 139 139 139 139 140 140 140 140 140 139 139 140 140 140 140 141 141 141 141 141 141 141 141 141 141 142 142 142 142 142 142 142 142 142 142 143 143 143 143 143 143 143 143 144 144 145 145 145 145 145 145 145 145 146 146 146 146 146 146 146 147 147 147 147 147 147 148 148 148 148 148 148 148 148 148 148 148 149 149 149 150 150 150 150 150 150 151 151 151 151 151 151 152 152 152 152 153 153 153 153 154 154 154 153 153 152 153 153 154 154 153 154 154 154 154 154 155 154 155 154 154 154 155 155 155 155 155 155 156 156 156 156 156 156 156 156 157 157 157 157 157 158 158 158 158 159 159 158 158 159 159 159 159 159 159 159 159 159 159 159 160 160 160 160 160 161 161 161 161 161 161 161 162 162 162 162 163 163 163 163 125 125 124 124 125 125 125 125 125 124 125 125 125 125 126 126 126 126 127 127 126 126 127 126 126 126 126 126 127 127 127 126 126 126 126 126 126 127 127 127 127 128 128 128 128 128 128 128 128 128 128 127 127 127 127 127 127 127 128 128 128 128 128 128 128 128 129 129 129 128 129 129 129 128 128 129 129 129 129 129 129 129 129 129 129 130 130 130 130 130 130 131 130 130 130 130 129 129 129 130 129 129 130 130 130 129 130 131 132 132 131 131 131 131 131 131 131 131 132 132 132 132 132 133 133 133 133 133 133 133 133 133 133 133 133 134 134 134 134 134 134 134 134 134 134 134 135 135 135 135 135 135 135 135 135 135 136 136 136 136 136 136 136 136 136 136 136 136 136 136 137 136 136 136 136 137 137 137 137 137 137 137 138 138 138 139 139 139 139 139 139 139 139 139 139 140 140 140 140 140 140 140 140 140 140 140 141 141 141 141 141 141 141 141 141 141 142 142 142 142 142 142 142 142 143 143 143 143 143 143 143 143 143 144 145 144 145 145 145 145 145 145 145 146 146 146 146 146 146 147 146 147 147 147 147 147 148 148 148 148 148 148 148 148 149 149 149 149 149 149 149 150 150 150 150 150 151 151 151 150 150 151 151 152 152 152 152 153 153 153 154 154 154 154 154 153 153 152 153 154 154 153 153 154 154 154 154 154 154 155 155 155 155 155 155 155 155 155 156 156 156 156 156 156 156 156 156 157 157 157 157 157 158 158 158 158 159 159 159 159 159 159 159 159 159 159 159 159 159 159 160 160 160 160 160 161 161 161 161 161 161 161 162 162 162 162 163 163 163 163 125 124 124 124 125 125 125 125 125 125 125 125 125 126 126 126 127 127 127 126 126 127 127 127 126 127 127 127 127 127 127 127 127 127 127 127 127 127 127 128 128 128 128 128 128 128 128 128 128 128 128 128 128 127 127 127 128 128 128 128 128 128 129 128 128 128 128 128 129 129 129 129 129 129 129 129 129 129 129 129 129 129 129 130 130 130 130 130 130 130 131 131 131 131 130 130 129 130 130 130 130 131 131 131 130 130 131 131 131 131 131 131 131 132 131 131 131 132 132 132 132 132 132 133 133 133 133 133 133 133 134 134 134 134 134 134 134 134 134 134 134 134 134 134 135 135 135 135 135 135 135 135 135 135 135 136 136 136 136 136 136 136 136 136 136 136 136 136 136 136 136 136 136 136 137 137 137 137 137 137 137 137 138 138 138 138 139 139 139 139 139 139 140 140 140 140 140 140 140 140 140 140 140 140 140 141 140 141 141 141 141 141 141 141 141 142 142 142 142 142 142 142 142 142 143 143 143 143 143 143 143 143 144 144 145 145 145 145 145 145 145 145 146 146 146 146 146 147 147 147 147 147 147 147 147 148 148 148 148 148 148 148 148 149 149 149 149 149 149 149 149 149 150 150 150 150 151 151 150 151 151 151 151 152 152 152 152 153 153 153 154 154 154 154 154 154 153 152 153 154 154 153 153 154 154 154 154 154 154 155 155 155 155 155 155 155 155 156 156 156 156 156 156 156 157 157 157 157 158 158 157 158 158 158 158 159 159 159 159 159 159 159 159 159 159 160 160 160 160 160 160 160 160 161 161 161 161 161 161 161 161 162 162 162 162 163 163 163 164 125 124 125 125 125 124 124 125 125 125 125 125 126 126 126 127 127 127 127 126 127 127 127 127 127 127 127 127 127 127 127 127 127 128 127 127 127 127 127 127 127 127 127 127 128 128 128 128 128 128 128 128 128 127 127 127 128 128 128 128 128 128 128 129 129 128 129 129 128 128 129 129 129 129 129 129 129 129 129 130 129 129 129 129 130 130 130 130 130 130 131 130 130 130 129 130 131 131 131 131 131 131 131 131 130 131 131 131 131 132 132 132 132 132 132 132 132 132 132 132 132 132 132 133 133 133 133 133 134 134 134 134 134 134 134 134 134 134 134 134 134 135 135 135 135 135 135 135 135 135 135 135 135 135 136 136 136 136 136 136 136 136 136 136 136 136 136 136 136 136 136 136 137 137 137 137 137 137 137 137 138 138 138 139 139 139 139 140 139 139 140 140 140 140 140 140 140 140 140 140 140 140 140 140 141 141 141 141 141 141 141 141 141 142 142 142 142 142 142 142 142 142 142 142 142 142 143 143 143 143 143 144 145 145 145 145 145 145 145 145 145 146 146 146 146 146 147 147 147 147 147 147 147 147 148 148 148 148 148 148 148 149 149 149 149 149 149 149 149 149 149 149 150 150 151 151 150 150 151 151 152 152 152 152 152 152 152 153 153 153 154 154 154 154 154 154 153 153 153 153 153 153 153 154 154 154 154 154 155 155 155 155 155 155 155 155 156 156 156 156 156 156 157 157 157 157 157 158 158 158 158 158 158 158 159 159 159 159 159 159 159 159 159 160 160 160 160 160 160 160 160 161 161 161 161 161 161 161 161 161 162 162 162 163 163 163 163 164 124 124 125 125 125 125 125 125 125 125 125 126 126 127 127 127 127 127 126 127 127 127 127 127 127 127 127 127 127 127 127 127 127 127 127 127 127 127 127 127 127 127 127 127 128 128 128 128 128 128 128 128 128 128 128 127 128 128 128 128 128 128 128 128 129 129 129 129 129 129 129 129 129 129 129 129 129 130 130 130 129 129 130 130 130 130 130 130 130 130 130 130 130 130 130 130 130 130 130 131 131 131 131 131 131 131 131 132 132 132 132 132 132 132 132 132 132 132 132 132 132 133 133 133 133 133 133 133 134 134 134 134 134 134 134 134 134 134 134 134 134 135 135 135 135 135 135 135 135 135 135 135 136 136 136 136 136 136 137 136 136 136 137 137 137 136 136 136 136 136 136 137 137 137 137 137 137 137 138 138 138 139 139 139 139 139 139 140 140 140 140 140 140 140 140 141 141 140 140 141 141 140 141 141 141 141 141 141 141 141 141 141 142 142 142 142 142 142 142 142 142 143 143 142 142 143 143 143 143 143 145 145 145 145 145 145 145 145 145 145 146 146 146 146 147 147 147 147 147 147 147 147 147 147 148 148 148 148 148 148 149 149 149 149 149 149 149 149 149 149 150 150 150 151 151 150 151 151 151 151 152 152 152 152 152 152 153 153 153 154 154 154 154 154 154 154 154 153 153 153 153 153 153 154 154 154 154 154 155 155 155 155 155 155 156 156 156 156 156 156 156 157 157 157 157 157 158 158 158 158 158 158 158 159 159 159 159 159 159 159 159 159 159 159 160 160 160 160 160 161 161 161 161 161 161 161 161 161 161 162 162 162 163 163 163 163 125 126 126 126 126 125 126 125 125 125 125 126 127 127 127 127 127 127 127 127 127 127 126 126 127 126 127 127 127 127 127 127 127 127 127 127 127 127 127 127 127 127 127 128 128 128 128 128 128 128 128 128 128 128 128 128 127 128 128 128 128 128 128 128 129 129 129 129 129 129 129 129 129 129 129 129 130 130 130 129 130 130 130 130 130 130 130 130 130 130 130 130 130 130 130 130 130 130 130 130 131 131 131 131 131 132 132 132 132 132 132 133 132 132 132 132 132 132 132 133 133 133 133 133 133 133 133 134 134 134 134 134 134 134 134 134 134 135 135 135 135 135 135 135 135 135 135 135 135 135 135 136 136 136 136 136 136 137 137 137 137 137 137 137 136 136 136 136 136 136 137 137 137 137 137 137 137 137 138 139 139 139 139 139 139 139 140 140 140 140 140 140 140 140 140 141 141 141 141 141 141 141 141 141 141 141 141 141 141 141 141 142 142 142 142 142 142 142 142 142 142 143 142 143 143 143 143 143 143 145 145 145 145 145 145 145 145 145 145 146 146 146 146 147 147 147 147 147 147 147 147 147 147 148 148 148 148 148 148 149 149 149 149 149 149 149 149 149 149 149 150 150 150 150 150 151 151 151 151 151 152 152 152 152 152 153 153 153 153 153 154 154 154 154 154 154 154 154 153 153 153 153 154 154 154 154 154 154 155 155 155 155 155 156 156 156 156 156 156 157 157 157 157 157 158 158 158 158 158 158 158 159 159 159 159 159 159 159 159 159 159 159 160 160 160 160 160 160 160 160 161 161 161 161 161 161 161 162 162 162 162 163 163 163 163 125 125 125 125 125 126 125 125 126 126 126 126 127 127 127 127 127 127 127 127 127 127 126 126 127 127 127 127 127 127 128 128 128 128 128 128 128 127 127 127 127 128 128 127 128 128 128 128 128 128 128 128 128 128 128 128 127 128 127 127 128 128 128 128 128 128 129 129 129 129 129 129 129 129 129 130 130 130 130 130 130 130 130 130 130 130 130 130 130 130 131 131 130 130 130 130 130 130 130 131 131 131 131 132 132 132 132 132 132 132 133 133 132 132 132 132 132 132 132 133 133 133 133 133 133 133 133 134 134 134 134 134 134 134 134 135 135 135 135 135 135 135 135 135 135 135 135 136 136 136 136 136 136 136 136 136 136 137 137 137 137 137 136 137 136 136 136 136 136 137 137 137 137 137 137 137 137 138 139 139 139 139 139 139 139 139 140 140 140 140 140 140 140 140 141 141 141 141 141 141 141 141 141 141 141 141 141 141 141 141 141 142 142 142 142 142 142 142 142 142 142 143 142 142 143 143 143 143 145 145 145 145 145 145 145 145 145 145 146 146 146 146 147 147 147 147 147 147 147 147 147 147 148 148 148 148 148 148 148 149 149 149 149 149 149 149 149 149 149 149 150 150 150 150 150 150 151 151 151 152 152 152 152 152 153 153 153 153 153 153 154 153 154 154 154 154 154 154 154 153 153 154 154 154 154 154 155 155 155 155 156 155 156 156 156 156 156 156 156 157 157 157 157 158 158 158 158 158 159 159 159 159 159 159 159 159 159 159 159 160 160 160 160 160 160 160 160 160 161 161 161 161 161 161 161 161 162 162 162 162 163 163 163 163 125 125 125 125 125 125 125 126 127 126 126 127 128 127 127 127 127 127 127 127 127 127 127 127 127 127 127 127 127 128 128 128 128 128 128 128 127 127 127 127 127 127 128 128 128 128 128 128 128 128 128 128 128 128 128 128 128 128 128 128 128 128 128 128 128 128 129 129 129 130 129 129 129 130 130 130 130 130 130 130 130 130 130 130 130 130 130 130 131 131 131 131 131 130 130 130 130 131 131 131 131 131 132 132 132 132 132 132 132 132 133 133 132 133 133 132 132 132 133 133 133 133 133 133 133 134 134 134 134 134 134 134 134 134 135 135 135 135 135 135 135 135 135 135 135 136 136 136 136 136 136 136 136 136 136 136 136 137 137 137 137 137 137 136 136 136 136 136 137 137 137 137 137 137 137 137 138 138 139 139 139 139 139 139 139 140 140 140 140 140 140 141 141 141 141 141 141 141 141 141 141 141 141 141 141 141 141 141 141 141 142 142 142 142 142 142 142 142 142 142 142 143 143 143 143 143 144 145 146 145 145 145 145 145 145 145 145 146 146 146 147 147 147 147 147 147 147 147 147 147 148 148 148 148 148 148 148 148 149 149 149 149 150 149 149 149 149 150 150 150 150 150 150 151 150 151 151 151 151 152 152 152 152 152 152 153 153 153 153 153 153 154 154 154 154 154 154 154 154 154 154 154 154 154 155 155 155 155 155 156 155 156 156 156 156 157 157 157 157 157 157 157 158 158 158 158 158 159 159 159 159 159 159 159 159 159 160 159 159 160 160 160 160 160 160 160 160 161 161 161 161 161 161 161 161 162 162 162 162 163 163 163 126 126 126 125 125 126 126 126 126 126 127 127 127 127 127 127 126 127 127 127 127 126 126 127 127 127 127 127 128 128 128 128 128 128 128 128 128 127 127 128 128 128 128 128 128 128 128 128 128 129 129 129 129 129 129 129 129 128 128 128 128 128 128 128 128 128 129 130 130 130 130 130 130 130 130 130 130 130 130 130 130 130 130 130 131 131 131 130 130 131 131 131 131 130 130 131 131 131 131 131 131 131 131 132 132 132 132 132 132 132 133 133 133 133 133 133 133 132 132 133 133 133 133 133 134 134 134 134 134 134 134 134 134 135 135 135 135 135 135 135 135 135 135 136 136 136 136 136 136 136 136 136 136 136 136 136 137 137 137 137 137 137 137 136 136 136 136 137 137 137 137 137 137 137 137 137 138 139 139 139 139 139 139 139 139 140 140 140 140 140 141 141 141 141 141 141 141 141 141 141 141 141 141 141 141 141 141 141 141 142 142 142 142 142 142 142 142 142 143 143 143 143 143 143 144 144 146 146 145 145 145 145 145 145 145 145 146 146 146 147 147 147 147 147 147 147 147 147 147 148 148 148 148 148 148 149 149 149 149 149 149 150 150 149 150 150 150 150 150 151 151 151 151 150 151 151 151 152 152 152 152 152 152 152 152 153 153 153 153 153 154 154 154 154 154 154 154 154 154 154 154 154 154 155 155 155 155 156 156 156 156 156 156 156 156 157 157 157 157 157 157 158 158 158 158 158 159 159 159 159 159 159 159 159 159 159 159 160 160 160 160 160 160 160 161 161 161 161 161 161 161 161 161 161 162 162 163 162 163 164 163 126 126 125 125 126 126 126 126 127 127 127 127 126 126 127 127 126 126 126 126 126 127 127 127 127 127 127 127 128 128 128 128 128 129 128 128 128 128 128 128 128 128 128 128 128 128 129 129 129 129 129 129 129 129 129 129 129 128 129 129 129 129 129 128 128 128 129 130 130 130 130 130 130 130 130 130 130 130 130 130 130 130 131 131 131 131 131 131 131 131 131 131 131 130 130 131 131 131 131 131 131 131 131 132 132 132 132 132 132 132 133 133 133 133 134 133 133 133 133 133 133 133 133 134 134 134 134 134 134 134 134 134 135 135 135 135 135 135 135 135 135 136 136 136 136 136 136 136 136 136 136 136 136 136 137 137 137 137 137 137 137 136 136 136 136 136 137 137 137 137 137 137 137 137 137 138 139 139 139 139 139 139 140 140 140 140 141 141 141 141 141 141 142 141 141 141 141 141 141 141 141 141 141 141 141 141 141 142 142 142 142 142 142 142 142 143 143 143 143 143 143 143 144 144 144 145 146 145 145 145 145 145 145 145 145 146 146 146 147 147 147 147 147 147 147 147 147 147 148 148 148 148 149 149 149 149 149 149 149 149 149 150 150 150 150 150 150 150 151 151 151 151 151 151 152 152 152 152 152 152 152 152 152 152 152 152 153 153 153 153 153 153 153 153 154 154 154 154 154 154 154 154 155 155 155 155 155 155 156 156 156 156 156 156 156 157 157 157 157 158 158 158 158 158 158 159 159 159 159 159 159 159 159 159 160 160 160 160 160 160 160 160 160 161 161 161 161 161 161 161 161 161 162 162 162 162 162 163 163 126 126 125 125 125 125 126 126 126 126 126 126 126 126 126 126 126 126 127 127 127 127 128 127 127 127 127 127 128 128 128 128 129 129 128 128 128 128 128 128 128 128 128 128 128 129 129 129 129 129 129 129 130 130 129 129 130 129 129 129 129 129 129 128 128 128 128 129 129 130 130 130 130 130 130 130 130 130 130 130 130 130 131 131 131 131 131 131 131 131 131 131 131 131 131 130 131 131 131 131 131 131 131 132 132 132 132 132 132 132 132 133 133 134 133 134 134 134 133 133 133 133 134 134 134 134 134 134 134 134 134 134 135 135 135 135 135 135 135 135 136 136 136 136 136 136 136 136 136 136 136 136 136 136 136 137 137 137 138 138 137 137 137 137 137 137 137 137 137 137 137 137 137 137 138 138 139 139 139 139 139 140 140 140 140 140 141 141 141 141 141 141 141 141 141 141 141 141 141 141 141 142 142 142 141 142 142 142 142 142 142 142 143 143 143 143 143 143 143 143 143 144 144 144 144 145 145 145 145 145 145 145 145 145 145 146 146 147 147 147 147 147 147 147 147 147 147 147 148 148 148 148 148 149 149 149 149 149 149 149 149 150 150 150 150 150 150 150 150 151 151 152 152 152 152 151 152 152 152 152 152 152 152 152 152 152 152 153 153 153 153 153 153 153 154 154 154 154 154 154 154 154 155 155 155 155 155 155 156 156 156 156 156 156 157 157 157 157 157 158 158 157 158 158 158 158 159 159 159 159 159 159 159 160 160 160 160 160 159 160 160 160 160 160 160 161 161 161 161 161 161 162 162 162 162 162 163 163 125 126 125 124 125 125 125 125 126 126 126 126 126 126 126 126 126 127 127 128 128 128 128 128 128 128 128 128 128 128 128 128 129 129 129 129 128 128 129 129 129 128 128 129 129 129 129 129 129 129 130 130 130 130 130 130 130 130 129 129 130 130 129 129 129 128 129 129 129 130 130 130 130 130 130 130 130 130 130 130 130 131 131 131 131 131 131 131 131 131 131 131 132 131 131 131 131 131 131 131 131 132 132 132 132 132 132 132 132 132 132 133 133 134 134 134 133 133 133 133 133 133 134 134 134 134 134 134 134 134 134 135 135 135 135 135 135 135 136 136 136 136 136 136 136 136 136 136 136 136 136 136 136 137 137 137 137 138 138 138 138 137 137 137 137 137 137 137 137 137 137 137 137 138 138 139 139 139 139 139 140 140 140 140 140 141 140 140 140 141 141 141 141 141 141 141 141 141 141 141 142 142 142 142 142 142 142 142 142 142 143 143 143 143 143 143 143 143 143 143 143 144 144 145 146 146 145 145 145 145 145 145 145 146 146 146 146 147 147 147 147 147 147 147 147 147 148 148 148 148 148 148 149 149 149 149 149 149 149 149 150 150 150 150 150 150 150 150 150 151 152 152 152 152 151 151 152 152 152 152 152 152 152 152 152 152 152 153 153 153 153 153 154 154 154 154 154 154 154 154 154 155 155 155 155 155 155 156 156 156 156 156 156 156 157 157 157 158 158 158 157 157 158 158 158 158 159 159 159 159 159 159 160 159 160 160 159 159 160 160 160 160 160 160 160 161 161 161 161 161 161 162 162 162 163 163 163 126 125 125 125 125 124 124 125 126 126 126 126 126 125 125 126 126 127 127 127 127 128 128 128 128 128 128 128 128 128 128 128 129 128 129 128 129 129 129 129 129 129 129 129 129 129 129 129 130 130 130 130 130 130 130 130 130 130 130 130 130 130 130 129 129 129 129 129 129 130 130 130 131 130 130 130 130 130 130 131 131 131 131 131 131 131 131 131 131 131 131 132 132 131 131 131 131 131 131 132 132 132 132 132 132 132 132 132 132 132 132 133 133 133 134 134 134 134 134 133 133 134 134 134 134 134 134 134 134 135 135 135 135 135 135 135 135 136 136 136 136 136 136 136 136 136 136 136 136 136 136 137 136 137 137 137 137 138 138 138 137 137 137 137 137 137 137 137 137 137 138 138 138 138 139 139 139 139 139 140 140 140 140 140 141 140 140 140 140 140 140 141 141 141 141 141 141 141 141 141 142 142 142 142 142 142 142 143 143 143 143 143 143 143 143 143 143 143 144 144 144 144 145 146 145 145 145 145 145 145 145 145 146 146 146 147 147 147 147 147 147 147 147 147 147 148 148 148 148 148 148 148 148 149 149 149 149 149 149 150 150 150 150 150 150 150 150 150 151 151 151 152 152 152 152 152 152 152 152 152 152 152 152 152 152 152 152 153 153 153 153 154 154 154 154 153 153 154 154 154 154 154 155 155 155 155 155 155 156 156 156 156 156 157 157 157 157 158 157 157 158 158 158 158 158 158 159 159 159 159 159 159 159 159 160 160 160 160 160 160 160 160 160 160 161 161 161 161 161 161 162 162 162 163 163 163 126 126 125 124 125 126 126 126 126 126 126 125 126 126 126 126 127 127 128 128 128 128 128 128 128 128 128 128 128 128 128 128 128 128 129 129 129 129 129 129 129 129 129 129 129 130 130 130 130 130 130 130 130 130 130 130 130 130 130 130 130 129 129 129 129 130 130 131 131 131 130 130 130 130 130 130 131 131 131 131 131 131 131 131 131 131 131 131 132 132 132 132 132 132 132 131 131 132 132 132 132 132 132 132 133 133 133 133 133 133 134 134 134 134 134 134 134 134 134 134 134 134 134 134 134 134 135 135 135 135 135 135 135 135 136 136 136 136 136 136 136 136 136 136 136 136 136 136 136 136 137 137 137 137 137 137 138 138 137 137 137 137 137 137 137 137 137 138 138 139 139 139 139 139 140 140 139 140 140 140 140 141 141 141 140 140 141 141 142 142 142 141 142 141 141 141 141 141 142 142 142 142 142 143 143 143 143 143 143 143 143 143 143 143 144 144 144 144 144 145 146 145 145 145 145 145 145 145 146 146 146 146 147 147 147 147 147 147 147 147 147 147 147 148 148 148 148 148 148 149 149 149 149 149 149 150 150 150 150 150 150 150 150 150 150 150 150 151 151 151 152 152 152 152 152 152 153 153 152 152 152 152 152 152 153 153 153 153 153 153 153 153 153 153 154 154 154 154 154 154 155 155 155 155 155 156 156 156 156 157 156 157 157 157 158 158 157 158 158 158 158 158 158 159 159 159 159 159 159 159 160 160 160 160 160 160 160 161 161 161 161 161 161 161 162 161 161 162 162 162 163 163 163 163 126 125 125 126 127 125 126 125 126 126 126 127 126 127 127 127 127 128 129 129 129 129 128 128 128 128 128 128 128 128 128 128 128 129 129 129 129 129 129 129 129 129 129 130 130 130 130 130 130 130 130 130 130 130 130 130 130 130 130 130 131 130 130 131 131 131 131 131 130 130 130 130 130 130 130 131 131 131 131 131 131 131 131 131 131 131 131 132 132 132 132 132 132 132 131 131 132 132 132 132 132 133 133 133 133 133 133 133 133 133 134 134 134 134 134 134 134 134 134 134 134 134 135 135 135 135 135 135 135 135 135 135 136 136 136 136 136 136 136 136 136 136 136 136 137 136 136 137 137 137 137 137 137 138 138 138 138 138 138 137 137 137 137 137 137 138 138 138 139 139 139 139 140 140 140 140 140 140 140 141 141 141 141 141 141 142 141 141 142 141 141 141 141 141 141 142 142 142 142 142 142 142 142 143 143 143 143 143 143 143 143 144 144 144 144 144 145 145 145 145 145 145 145 145 145 145 146 146 146 146 147 147 147 147 147 147 147 147 147 147 147 148 148 148 148 148 148 149 149 149 149 149 150 150 150 150 150 150 150 150 151 151 151 151 151 151 151 151 151 152 152 152 152 152 153 153 153 153 153 153 152 152 153 153 153 153 154 153 153 154 154 154 154 154 155 155 155 154 155 155 156 156 156 156 156 156 156 156 157 157 157 157 158 158 157 157 158 158 158 158 159 159 159 159 159 160 160 160 160 160 160 160 160 160 160 161 161 161 161 161 161 162 162 162 162 162 162 162 162 162 163 163 126 126 125 126 126 125 125 126 126 126 127 127 127 127 128 128 128 128 128 129 129 129 129 129 129 129 128 128 128 128 128 128 129 129 129 129 129 129 129 130 130 130 130 130 130 130 130 130 130 130 130 130 130 130 130 130 130 130 130 130 130 131 131 131 131 131 131 131 131 131 130 130 130 130 131 131 131 131 131 131 131 131 131 131 132 132 132 132 132 132 132 132 132 132 132 131 132 132 132 132 133 133 133 133 133 133 133 133 133 133 134 134 134 135 135 135 135 134 134 134 134 135 135 135 135 135 135 135 135 135 135 135 136 136 136 136 136 136 136 136 136 137 137 137 137 137 137 137 137 137 137 137 137 137 138 138 138 138 138 138 137 137 137 137 138 138 138 139 139 139 139 139 139 140 140 140 140 140 140 141 141 141 141 141 141 141 141 141 141 142 142 142 141 141 142 142 142 142 142 142 142 142 143 143 143 143 143 143 143 144 144 144 144 144 144 144 144 144 145 145 145 145 145 145 146 146 146 146 146 146 147 147 147 147 147 147 147 147 148 147 147 148 148 148 148 149 149 149 149 149 149 149 150 150 150 150 150 150 150 150 150 150 151 151 151 152 152 151 151 151 151 152 152 152 153 153 153 153 153 153 153 153 153 153 153 153 154 154 154 154 155 155 156 156 157 157 156 155 155 155 156 157 156 156 156 156 156 156 157 157 157 157 158 158 158 158 158 158 158 159 159 159 159 159 159 159 159 159 160 160 160 160 160 160 161 161 161 161 161 161 161 161 162 162 162 162 162 162 162 163 163 163 163 125 125 125 126 126 126 127 127 127 127 128 129 129 129 129 129 129 129 129 130 130 130 129 129 129 129 129 129 129 129 129 129 129 129 129 129 129 130 130 130 130 130 130 130 130 130 130 130 130 130 131 131 130 130 130 130 130 130 130 130 130 130 130 130 131 131 131 131 131 131 131 131 131 131 131 131 131 131 131 132 132 132 132 132 132 132 132 132 132 132 132 132 132 132 132 132 132 133 133 133 133 133 133 133 133 133 133 134 134 134 135 135 135 134 134 135 134 134 135 135 135 135 135 135 135 135 135 135 136 136 136 136 136 136 136 136 136 136 137 137 137 137 137 137 137 137 137 137 137 137 137 137 138 138 138 138 138 138 138 138 138 138 138 138 139 139 139 139 139 139 139 140 140 141 141 140 140 141 141 141 141 141 141 141 141 141 141 142 142 142 142 142 142 142 142 142 143 143 143 143 143 143 143 143 143 144 144 144 144 144 143 144 144 144 144 145 145 145 145 145 146 146 146 146 146 146 146 147 147 147 147 147 147 147 148 148 148 148 148 148 148 148 149 149 149 149 149 149 149 150 150 150 150 150 150 150 150 150 150 151 151 151 151 152 152 152 152 152 152 152 152 153 153 153 153 154 154 154 153 153 154 153 153 154 154 154 155 156 156 156 156 157 157 157 156 156 155 156 156 156 156 157 157 157 157 157 157 157 157 157 158 158 158 158 158 159 159 159 159 159 159 159 159 160 159 159 160 160 160 160 160 161 161 161 161 161 161 161 162 162 162 162 162 162 163 163 163 163 163 163 164 125 126 126 126 126 127 127 127 128 129 129 129 129 129 129 129 129 129 130 129 130 130 130 130 130 129 129 129 129 129 129 129 129 129 129 129 129 129 130 130 130 130 130 130 130 130 130 130 130 130 131 131 131 131 130 130 131 131 130 130 130 130 130 130 130 130 131 131 131 131 131 131 131 131 131 131 131 131 132 132 132 132 132 132 132 132 132 132 132 133 133 132 132 132 132 132 133 133 133 133 133 133 133 134 134 134 134 134 134 134 135 135 135 134 134 134 134 134 135 135 135 135 135 135 135 135 136 136 136 136 136 136 136 136 136 136 136 137 137 137 137 137 137 137 137 137 137 137 137 137 137 137 138 138 138 138 138 138 138 138 138 138 138 139 139 139 139 139 139 139 140 140 140 140 140 140 140 141 141 141 141 141 141 141 141 141 141 141 142 142 142 142 142 142 142 142 143 143 143 143 143 143 143 144 144 144 144 143 143 143 143 144 144 144 145 145 145 145 145 146 146 146 146 146 146 146 147 147 147 147 147 147 148 148 148 148 148 148 148 148 148 149 149 149 149 149 149 149 149 149 150 150 150 150 150 150 150 150 151 151 151 151 151 152 152 152 152 152 152 152 152 153 153 153 154 154 154 154 154 154 154 154 154 154 154 155 155 155 155 155 156 156 156 157 157 156 156 156 156 157 157 157 156 157 157 157 157 157 157 158 158 158 158 158 159 159 159 159 159 159 159 160 160 159 159 160 160 160 160 160 161 161 161 161 161 161 161 162 162 162 162 162 162 163 163 163 163 164 163 163 164 126 126 127 127 127 127 128 128 128 128 128 129 129 129 129 129 129 129 129 130 130 130 130 130 130 130 130 130 129 130 129 129 129 129 129 129 129 130 130 130 130 130 130 130 130 130 130 130 130 130 130 130 131 131 130 130 130 131 131 131 130 130 130 129 129 129 130 130 131 131 131 131 131 130 130 131 131 131 131 132 132 132 132 133 132 132 132 132 132 132 133 133 132 132 132 132 133 133 133 133 133 134 134 134 134 134 134 134 134 134 135 135 135 135 134 135 135 135 135 135 135 135 135 135 135 135 135 136 136 136 136 136 136 136 136 136 137 137 137 137 137 137 137 137 137 137 137 137 137 137 137 138 138 138 138 138 138 138 138 138 138 138 139 139 139 139 139 139 139 140 140 139 139 140 140 140 141 141 142 142 142 141 141 142 141 142 141 141 141 141 142 142 142 142 142 142 142 143 143 143 143 143 143 143 144 143 144 144 143 143 143 144 144 144 145 145 145 145 145 146 146 146 146 146 146 146 147 147 147 147 147 147 148 148 148 148 148 148 148 148 148 149 149 149 149 149 149 149 149 150 150 150 150 150 150 150 150 150 151 151 151 151 151 152 152 152 151 151 152 152 152 153 153 153 153 153 153 153 154 154 154 154 154 155 155 155 155 155 155 155 156 156 156 157 157 157 156 156 156 157 157 157 157 157 157 157 157 157 157 157 158 159 158 158 159 159 159 159 159 159 159 160 160 159 159 160 160 160 160 161 161 161 162 162 161 161 162 162 162 162 162 162 162 162 163 163 163 164 163 164 164 165 127 127 128 128 128 129 129 129 129 129 130 130 130 130 130 130 130 130 131 131 131 131 131 131 131 131 131 131 131 131 131 131 131 131 131 131 131 131 131 132 132 131 131 131 131 131 131 131 131 131 131 131 131 131 131 131 132 132 132 132 132 132 132 130 130 130 130 130 131 130 130 131 131 131 131 131 131 131 132 132 132 132 133 133 133 133 133 133 133 133 133 133 133 132 132 133 133 133 134 134 134 134 134 134 134 134 134 134 134 135 135 135 135 135 135 134 134 134 135 135 135 135 135 135 135 135 135 136 136 136 136 136 136 136 136 136 136 137 137 137 137 137 137 137 137 137 137 137 137 137 137 138 138 138 138 138 138 138 138 138 138 138 139 139 139 139 139 139 139 139 140 140 141 141 141 141 141 142 141 142 142 142 142 141 141 141 141 141 142 142 142 142 142 142 142 142 142 142 142 143 143 143 143 143 143 143 143 143 144 144 144 143 144 144 144 144 144 144 145 145 145 145 145 145 145 146 146 146 146 146 146 146 147 147 147 147 147 147 147 147 147 147 147 148 148 148 148 148 148 149 149 149 149 149 149 150 150 150 150 150 150 150 150 151 151 152 152 152 153 153 153 153 153 153 153 153 153 154 154 154 155 155 155 155 155 155 155 156 156 157 157 157 157 157 157 157 157 156 157 157 158 158 158 158 158 158 158 158 158 158 159 159 158 159 159 159 159 159 159 159 161 160 160 159 160 160 160 160 161 161 161 162 162 162 162 162 162 162 162 162 162 162 163 163 164 164 164 164 164 165 165 127 127 127 128 128 128 129 129 129 130 130 130 130 130 130 130 131 131 131 131 131 131 131 132 132 132 132 132 131 132 132 132 131 131 131 131 131 131 132 132 132 132 132 132 132 131 131 131 131 131 132 132 132 131 132 132 132 132 133 133 133 133 131 131 130 131 131 131 131 131 132 131 131 131 131 131 132 132 132 132 132 133 133 133 133 133 133 133 133 133 133 132 132 133 133 133 133 133 134 134 134 134 134 134 134 134 134 135 135 135 135 135 135 135 135 134 135 135 135 135 135 135 135 136 136 136 136 136 136 136 136 136 136 136 136 136 137 137 137 137 137 137 137 137 137 137 138 138 138 137 137 138 138 138 138 138 138 138 138 138 139 139 139 139 139 139 139 140 140 140 140 140 140 141 141 141 141 141 141 141 142 141 142 142 141 141 141 141 142 142 142 142 142 143 143 143 143 143 143 143 143 143 143 143 143 143 143 144 144 144 144 144 144 144 144 144 144 145 145 145 145 145 145 145 146 146 146 146 146 146 146 147 147 147 147 147 147 147 147 147 147 148 148 148 148 148 148 148 149 149 149 149 149 149 149 150 150 150 150 150 150 150 151 151 151 152 152 152 153 153 154 153 153 153 153 154 154 154 154 155 155 155 155 155 155 155 156 156 156 157 157 157 157 157 157 157 156 157 157 157 158 158 158 158 158 158 158 158 158 158 158 158 159 159 159 159 159 159 159 160 161 161 160 160 160 160 161 161 161 161 162 162 162 162 162 162 162 162 162 162 162 163 163 163 164 164 164 164 164 165 128 128 128 128 129 129 129 129 130 130 130 130 130 130 130 131 131 131 131 131 132 132 132 132 132 132 132 132 132 132 132 132 132 131 131 131 131 132 132 132 132 132 132 132 131 131 131 131 131 132 132 132 132 131 131 132 132 132 133 133 133 132 131 131 131 131 131 131 131 132 132 132 131 131 131 131 132 132 132 132 133 133 133 133 133 133 133 133 133 133 133 134 133 133 133 133 133 134 134 134 134 134 134 134 135 135 135 135 135 135 136 135 135 135 135 135 135 135 135 135 135 136 136 136 136 136 136 136 136 136 136 136 136 137 137 137 137 137 137 137 137 137 137 138 138 138 138 138 138 138 138 138 138 138 138 138 138 138 139 139 139 139 139 140 140 140 140 140 140 140 140 141 141 140 141 141 141 141 141 142 142 141 141 142 141 141 141 142 142 142 142 142 142 143 143 143 143 143 143 143 143 143 143 143 143 143 144 144 144 144 144 144 144 144 144 144 145 145 145 145 145 145 145 146 146 146 146 146 146 147 147 147 147 147 147 147 147 147 148 148 148 148 148 148 148 148 149 149 149 149 149 149 149 149 149 149 149 150 150 150 150 152 152 152 152 152 153 153 153 153 153 153 153 153 154 154 154 154 155 155 155 155 155 155 155 156 156 156 156 156 156 157 157 157 157 157 157 157 157 158 158 158 158 158 158 158 158 158 158 159 159 159 159 159 159 159 159 159 161 161 162 161 161 161 161 161 161 161 161 161 161 162 162 162 162 162 162 162 162 162 163 163 163 164 164 164 164 165 128 128 128 128 129 129 130 130 130 130 130 130 130 130 131 131 131 131 131 132 132 132 132 132 132 132 132 132 132 132 132 132 132 132 132 132 132 132 132 132 132 132 132 131 131 131 131 132 132 133 133 132 131 131 133 133 133 133 133 132 132 132 131 131 131 131 132 132 132 132 131 131 131 132 132 132 132 132 132 133 132 133 133 133 133 133 133 133 133 134 133 133 134 133 133 133 134 134 134 134 134 135 135 135 135 135 135 135 136 136 136 136 135 135 135 135 135 135 136 136 136 136 136 136 136 136 136 136 136 136 137 137 137 137 137 137 137 137 137 137 137 138 138 138 138 138 138 138 138 138 138 138 138 138 138 138 139 139 139 139 139 139 140 140 140 140 140 140 140 140 141 140 140 141 140 141 141 142 141 141 141 141 142 142 142 142 142 142 142 142 142 142 142 143 143 143 143 143 143 143 143 143 144 144 144 144 144 144 144 144 144 144 145 145 145 145 145 145 145 145 145 146 146 146 146 146 146 147 147 147 147 147 147 147 147 147 148 148 148 148 148 148 149 149 149 149 149 149 149 149 149 149 149 149 150 150 150 150 150 151 152 153 153 153 153 153 153 153 153 153 153 153 153 154 154 154 155 155 155 155 155 155 155 155 156 156 156 156 156 156 157 157 157 157 157 157 157 158 158 158 158 158 158 158 158 159 159 159 159 159 159 159 159 159 159 159 160 161 161 162 161 161 161 161 161 161 161 161 161 161 162 162 162 162 162 162 163 163 163 163 163 163 164 164 164 165 165 129 129 129 129 129 129 129 129 129 129 130 130 130 131 131 131 132 131 132 132 132 132 132 132 132 132 132 132 132 132 132 132 132 132 132 132 132 132 132 132 132 132 132 132 132 132 132 132 132 132 132 132 132 133 133 133 133 133 132 132 132 132 132 132 131 131 132 132 132 131 131 131 132 132 132 132 132 132 133 133 133 133 133 133 133 133 133 133 134 133 134 134 134 134 134 134 134 134 134 134 134 134 135 135 135 135 135 135 135 135 135 135 135 135 135 135 135 136 136 136 136 136 136 136 136 136 136 136 137 137 137 137 137 137 137 137 137 137 137 137 138 138 138 138 138 138 138 138 138 138 138 138 138 139 139 139 139 139 139 139 139 139 140 140 140 140 140 141 141 141 140 140 140 141 142 142 142 142 141 141 142 142 142 142 142 142 142 142 142 143 142 142 143 143 143 143 143 144 144 144 144 144 144 144 144 144 144 144 144 144 144 145 145 145 145 145 145 145 145 145 146 146 146 146 146 146 147 147 147 147 147 147 147 147 147 147 148 148 148 149 149 149 149 149 149 149 149 149 149 149 150 150 150 150 150 150 150 151 152 152 153 153 153 153 153 153 153 154 153 153 153 153 154 154 154 154 154 155 155 155 155 155 155 156 156 156 156 156 156 157 157 157 157 158 157 158 158 158 158 158 159 158 158 158 159 159 159 159 159 159 159 159 159 159 159 160 161 161 161 161 161 161 161 161 161 161 161 161 162 162 162 162 162 162 162 163 163 163 163 164 164 164 164 164 164 165 129 129 129 129 129 129 129 129 130 130 131 131 131 132 131 132 132 132 132 132 132 132 132 132 132 132 132 132 132 132 132 133 132 133 133 132 132 132 132 132 132 132 132 132 132 132 132 132 131 131 132 132 133 133 133 133 133 133 132 132 132 132 132 132 132 132 132 132 131 132 131 131 132 132 132 132 132 133 133 133 133 133 133 133 133 133 133 133 133 133 134 134 134 134 134 134 134 134 134 134 134 134 135 135 135 135 135 135 135 135 136 136 135 135 136 136 135 136 136 136 136 136 136 136 136 136 136 136 136 136 136 137 137 137 137 137 137 137 137 137 137 138 138 138 138 138 138 138 138 138 138 138 139 139 139 139 139 139 139 139 139 140 140 140 140 140 140 140 141 141 141 140 140 141 141 141 141 142 141 141 142 142 142 142 142 142 142 142 142 143 143 143 143 143 143 143 144 144 144 144 144 144 144 144 144 144 144 144 145 145 145 145 145 145 145 145 145 145 145 145 146 146 146 146 146 146 147 147 147 147 147 147 147 147 147 148 148 148 148 149 149 149 149 149 149 149 150 150 150 150 150 150 150 150 150 151 151 151 152 152 152 153 153 153 153 153 153 154 153 153 153 154 154 154 154 154 154 155 154 155 155 155 155 155 156 156 156 156 157 157 157 157 157 157 157 157 158 158 158 158 159 159 159 159 159 159 159 159 159 159 159 160 160 159 160 160 162 161 161 161 161 161 161 161 161 161 161 162 162 162 162 162 162 162 163 163 163 163 164 164 164 164 164 164 164 165 166 129 129 129 129 129 129 130 130 130 130 130 131 131 132 132 132 132 132 132 132 132 132 133 132 132 132 132 132 132 132 132 132 133 133 133 133 132 132 132 132 132 132 132 132 132 133 133 132 132 132 131 132 133 133 133 133 133 133 132 132 133 132 132 132 132 132 132 132 131 132 132 132 132 132 132 132 133 133 133 133 133 134 133 133 133 133 133 134 134 134 134 134 134 134 135 134 134 135 134 134 134 135 135 135 135 135 136 136 135 135 135 136 136 136 136 136 136 136 136 136 136 136 136 136 136 136 136 136 136 136 136 136 137 137 137 137 137 137 137 137 137 138 138 138 138 138 138 138 138 138 138 138 138 139 139 139 139 139 139 139 139 140 140 140 140 140 140 140 140 141 141 141 140 141 141 141 141 141 141 141 142 142 142 142 142 142 142 142 142 142 143 143 143 143 143 143 144 144 144 144 144 144 144 144 144 144 144 144 145 145 145 145 145 145 145 145 145 146 146 145 146 146 146 146 146 147 147 147 147 147 147 147 147 147 147 148 148 148 148 148 149 149 149 149 149 150 150 150 150 150 150 150 151 151 151 151 151 151 152 152 153 153 153 153 153 153 153 153 153 153 153 154 154 154 154 154 154 154 155 155 155 155 155 155 156 156 156 156 157 157 157 157 157 157 157 157 158 158 158 158 159 159 159 160 160 159 159 159 160 159 159 159 160 160 160 161 162 162 161 161 161 161 161 161 161 161 162 162 162 162 162 162 162 163 163 163 163 163 163 163 164 164 165 165 165 165 166 130 130 130 130 130 129 130 130 130 131 131 131 131 132 132 132 132 132 132 132 133 132 132 133 133 133 132 132 132 132 132 132 132 133 133 133 133 133 133 132 132 132 133 133 133 133 133 132 132 132 132 133 133 133 133 133 133 133 132 132 132 132 132 132 132 132 133 132 132 132 132 132 132 132 132 132 133 133 133 133 133 133 134 133 133 133 133 134 134 134 134 134 134 134 134 134 135 135 135 134 135 135 135 135 135 135 136 136 135 135 135 135 135 135 135 136 136 136 136 136 136 136 136 136 136 136 136 136 136 136 136 136 136 137 137 137 137 137 137 137 137 137 138 138 138 138 138 138 138 138 138 138 138 139 139 139 139 139 140 140 140 140 140 140 140 140 140 140 140 141 141 140 140 140 141 141 141 141 141 142 142 142 142 142 142 142 142 142 142 142 142 143 143 143 143 143 143 143 144 144 144 144 144 144 144 144 144 145 145 145 145 145 145 145 145 145 145 145 146 146 146 146 146 146 146 146 147 146 147 147 147 147 147 147 147 147 148 148 148 148 149 149 149 149 149 149 150 150 150 150 150 150 151 151 152 151 151 151 152 152 153 153 153 153 153 153 153 153 153 153 154 154 154 154 154 154 155 154 155 155 155 155 155 155 156 156 156 156 156 157 157 157 157 157 157 157 158 158 158 158 159 159 159 160 160 160 159 159 160 160 160 159 160 160 160 161 161 161 161 161 160 160 161 161 161 161 162 162 162 162 162 162 162 163 163 163 163 163 164 164 164 164 165 165 165 165 165 166 130 130 130 130 130 130 130 130 131 131 131 131 131 132 132 132 132 132 132 132 132 132 133 133 133 133 133 132 132 132 132 132 132 132 132 132 133 133 133 133 133 133 133 133 133 133 132 132 132 132 133 133 133 133 133 133 133 132 132 132 133 133 132 133 133 133 132 132 132 132 132 132 132 132 132 133 133 133 133 133 133 134 133 133 133 133 133 133 134 134 134 134 135 135 135 135 135 135 135 135 135 135 135 135 135 136 136 136 136 135 135 135 135 135 135 135 135 135 136 136 136 136 136 136 136 136 136 136 136 136 136 137 137 137 137 137 137 137 137 137 137 138 138 138 138 138 138 138 138 139 138 138 139 139 139 139 139 140 140 140 140 140 140 140 140 140 140 140 140 141 141 141 140 140 141 141 141 141 142 142 142 142 142 142 142 142 143 143 143 143 143 143 143 143 143 143 144 144 144 144 144 144 144 144 145 145 145 145 145 145 145 145 145 145 145 145 145 145 146 146 146 146 146 146 146 146 146 147 147 147 147 147 147 147 147 148 148 148 149 149 149 149 149 149 150 150 150 150 150 150 150 151 151 151 151 151 151 152 152 152 153 153 153 154 153 154 153 153 153 153 154 154 154 154 154 155 155 155 155 155 155 155 156 156 156 156 156 156 156 157 157 157 158 157 157 158 158 158 158 158 158 159 159 159 159 159 159 159 159 159 160 160 160 160 160 161 161 161 161 161 161 161 161 161 161 162 162 162 162 162 162 162 163 163 163 163 163 164 164 164 164 164 164 165 165 165 166 166 130 131 130 131 130 130 130 130 131 132 132 132 132 132 132 132 132 132 132 132 132 132 132 132 133 133 133 133 132 132 132 133 132 132 132 132 132 132 133 133 133 133 133 133 133 133 133 132 132 132 133 133 133 134 134 134 134 132 132 132 132 132 132 132 133 133 133 133 132 131 132 132 132 132 132 133 133 133 134 134 134 134 134 133 133 134 134 134 134 134 135 135 135 135 135 135 135 135 135 135 136 135 135 135 136 136 136 136 136 135 135 135 136 136 135 136 135 135 136 135 135 136 136 137 136 136 136 136 137 137 137 137 137 137 137 137 137 137 137 137 138 138 138 138 138 138 138 138 139 139 139 139 139 139 139 139 139 139 140 140 140 140 140 140 140 140 140 140 140 141 141 141 141 141 141 141 141 141 142 142 142 142 142 142 142 142 143 143 143 143 143 143 143 143 144 144 144 144 144 144 144 144 145 145 144 145 145 145 145 145 145 145 145 145 145 145 145 145 146 146 146 146 146 146 146 146 146 147 147 147 147 147 147 147 147 148 148 148 149 149 149 149 149 149 150 150 150 150 150 150 150 150 151 151 151 151 151 152 152 152 153 153 153 153 153 154 154 153 153 153 154 154 154 154 154 155 155 155 155 155 155 155 156 156 156 156 156 156 157 157 157 157 157 157 157 158 158 158 158 158 158 159 159 159 159 159 159 159 159 159 159 160 160 160 160 160 161 161 161 161 161 161 161 161 161 162 162 162 162 162 162 163 163 163 163 163 163 164 164 164 164 164 164 165 165 165 165 166 166 166 130 131 131 131 130 130 130 131 131 131 132 132 132 132 133 132 132 132 132 133 133 133 133 133 133 134 134 133 132 133 133 132 133 133 132 132 132 132 133 133 133 133 133 133 133 132 132 132 133 133 133 133 134 134 134 133 132 133 133 133 132 132 132 132 132 132 132 131 131 132 132 132 133 133 133 133 133 134 134 134 134 134 134 134 134 134 134 134 134 134 135 135 135 135 135 135 135 136 136 136 135 135 136 136 136 136 135 135 135 136 136 137 137 136 135 136 136 135 135 135 135 136 136 136 136 136 136 136 137 137 137 137 137 137 137 138 138 138 137 137 138 139 138 138 138 138 138 138 139 139 139 139 139 139 139 139 139 140 140 140 140 140 140 140 140 140 140 140 140 140 141 141 141 141 141 141 142 142 142 142 142 142 142 142 142 143 143 143 143 143 143 143 143 144 144 144 144 144 144 144 144 144 145 145 145 145 145 145 145 145 145 145 145 146 146 146 146 146 146 146 146 146 146 146 146 146 146 147 147 147 147 147 147 147 147 148 148 149 149 149 149 149 149 150 150 150 150 150 150 150 150 151 151 151 151 151 152 152 152 152 153 153 153 153 154 154 153 153 153 153 154 154 154 154 154 155 155 155 155 155 155 155 156 156 156 156 156 157 157 157 157 157 158 158 158 158 158 158 158 159 159 160 160 160 159 159 159 159 159 160 160 160 160 160 160 160 161 161 161 161 161 161 161 161 162 162 162 162 162 162 163 163 163 163 163 163 163 164 164 164 164 165 165 165 165 165 165 165 166 167 130 130 130 131 131 131 130 130 130 131 131 131 132 133 133 133 133 133 133 132 133 133 133 133 133 133 133 134 134 133 133 133 133 133 133 133 132 132 132 133 133 133 133 133 133 133 132 133 133 134 134 133 133 134 134 134 134 133 133 133 132 132 132 132 132 132 132 133 133 133 132 131 132 133 133 133 133 133 134 134 134 134 134 135 135 135 135 135 134 134 134 135 135 135 135 135 135 135 136 136 136 136 136 136 136 136 136 136 136 135 135 136 136 137 136 136 136 135 136 135 136 136 136 136 136 136 136 136 136 136 137 137 138 137 137 137 138 138 138 138 137 138 138 138 138 138 138 138 138 139 139 139 139 139 139 139 139 140 140 140 140 140 140 140 140 140 140 140 140 140 141 141 141 141 141 141 141 142 142 142 142 142 142 142 142 142 143 143 143 143 143 143 143 143 143 144 144 144 144 144 144 144 144 145 145 145 145 145 145 145 145 146 146 146 146 146 146 146 146 146 146 146 146 146 146 147 146 146 147 147 147 147 147 147 147 147 148 149 149 149 149 149 149 149 150 150 150 150 150 150 150 150 151 151 151 151 151 152 152 153 153 153 153 153 153 153 153 153 153 153 153 154 154 154 154 154 154 155 155 155 155 155 155 155 156 156 156 156 156 156 157 157 157 158 158 158 158 158 158 158 159 159 159 160 160 159 159 159 159 160 160 160 160 160 160 161 161 161 161 161 161 162 162 162 162 162 162 162 162 162 162 163 163 163 163 163 163 164 164 164 164 164 164 165 165 165 165 165 166 166 166 166 167 167 167 129 130 129 130 130 131 131 131 130 131 131 131 131 132 132 132 132 132 133 133 133 133 133 133 133 133 133 133 134 134 134 134 133 133 133 133 133 133 133 133 132 132 133 133 133 133 133 132 133 133 134 134 134 134 134 134 134 134 132 133 133 133 132 133 133 133 132 132 133 133 134 132 132 132 132 133 133 133 133 134 134 134 134 134 134 134 135 135 135 135 134 135 135 136 136 135 135 135 135 136 136 136 136 137 137 136 136 137 137 136 135 136 136 136 137 137 137 136 136 136 136 136 136 136 135 136 136 136 136 137 137 137 137 138 137 137 137 138 138 139 138 138 138 139 139 139 139 139 138 138 138 139 139 139 139 139 139 139 140 140 140 140 140 140 140 140 140 141 141 141 140 141 141 141 141 141 142 141 142 142 142 142 142 142 142 142 142 143 143 143 143 143 143 143 143 143 144 144 144 144 144 144 144 145 145 145 145 145 145 145 145 145 146 146 146 146 146 146 146 146 146 146 146 146 146 146 147 147 147 147 147 147 147 147 147 147 147 148 148 149 149 149 149 149 149 150 150 150 150 150 150 151 151 151 151 151 151 151 152 153 153 153 153 153 153 154 154 153 154 154 153 153 154 154 154 154 154 154 154 155 155 155 155 155 155 155 155 156 156 156 156 157 157 157 157 158 158 158 158 158 158 159 159 159 159 159 159 159 159 160 160 160 160 161 160 160 160 161 161 161 161 161 161 162 162 162 162 162 162 162 162 162 163 163 163 163 164 164 164 164 165 165 165 164 164 164 164 165 165 165 166 166 166 166 167 167 128 129 129 129 130 131 131 131 131 131 131 132 132 132 132 132 132 132 132 132 132 132 133 133 133 133 134 134 133 134 134 134 134 134 134 134 134 134 134 134 134 133 133 133 134 133 133 133 133 133 133 134 134 134 134 134 134 135 135 133 133 133 133 132 133 133 132 132 132 133 133 133 132 132 132 132 132 133 133 133 134 134 134 134 134 134 135 135 135 135 135 135 135 135 135 135 135 136 136 136 136 136 136 136 137 137 137 137 137 136 136 136 136 137 137 137 137 138 137 136 136 136 135 136 135 135 136 137 136 136 137 137 137 138 138 138 138 138 138 138 138 139 138 138 139 139 139 139 140 139 139 139 139 139 139 139 139 139 139 140 140 140 140 140 140 140 140 140 141 141 141 141 141 140 141 141 141 142 141 142 142 141 142 142 142 142 142 142 143 143 143 143 143 143 143 143 143 144 144 144 144 144 144 144 145 145 145 145 145 145 145 145 145 146 146 146 146 146 146 146 146 146 146 146 146 146 147 147 147 147 147 147 147 147 148 148 148 148 148 149 149 149 149 149 149 149 150 150 150 150 150 150 151 151 151 151 151 151 151 152 152 153 153 153 153 153 153 154 154 154 154 154 154 154 154 154 154 154 154 154 155 154 155 155 155 155 155 155 155 156 156 156 156 156 156 157 157 157 157 158 158 158 159 159 159 159 159 159 160 160 160 160 160 160 160 161 161 160 160 161 161 161 161 161 161 162 162 162 162 162 162 162 162 163 163 163 163 164 164 164 164 164 164 165 165 165 165 165 165 165 165 165 166 166 166 167 167 168 128 129 129 129 129 129 130 129 130 130 131 131 131 131 131 131 132 132 132 133 133 132 132 132 132 133 133 133 133 134 134 134 134 134 134 133 133 133 133 133 134 134 134 134 134 134 135 134 134 134 134 133 134 134 134 134 134 134 134 135 135 134 134 134 133 132 132 133 133 133 132 133 132 132 132 132 133 133 133 133 133 133 134 133 133 134 134 135 135 135 135 135 135 135 136 135 135 135 135 136 136 136 136 137 137 136 136 137 138 137 137 136 136 136 137 137 138 138 138 137 137 137 136 136 136 135 135 136 137 137 137 138 138 138 138 138 138 138 138 139 139 138 138 138 138 138 139 139 139 139 140 140 139 139 139 139 139 139 139 139 139 140 140 140 140 140 140 140 140 140 140 141 141 141 141 141 141 141 141 141 141 141 141 142 142 142 142 142 142 142 143 143 143 143 143 143 143 144 144 144 144 144 144 144 144 144 144 145 145 145 145 145 145 145 145 145 145 146 146 146 146 146 146 146 146 146 146 147 147 147 148 148 148 148 148 148 148 148 148 148 148 148 149 149 149 149 149 149 150 150 150 150 150 150 151 151 151 151 151 151 151 152 153 153 153 153 153 153 153 153 154 154 154 154 154 154 154 154 154 155 154 155 155 155 155 155 156 156 156 155 156 156 156 156 156 156 156 157 157 157 157 158 158 158 158 159 159 159 159 159 160 160 160 160 160 161 160 160 161 161 161 161 161 161 161 161 161 162 162 162 162 162 162 162 162 163 163 163 163 163 163 164 164 164 164 165 165 165 166 166 166 166 166 166 166 166 166 167 167 128 129 129 130 129 129 129 129 129 129 130 130 130 130 131 131 132 132 132 132 133 132 132 132 132 133 133 133 133 133 134 134 134 134 134 134 133 133 133 133 133 133 133 133 133 134 134 134 134 134 134 133 134 134 135 134 134 134 134 134 134 133 134 134 133 132 133 133 134 134 133 132 132 132 133 133 133 133 133 133 133 133 133 133 134 134 135 135 134 134 134 134 135 136 135 135 135 136 136 136 136 136 137 137 137 137 137 137 138 138 137 136 136 136 136 137 138 138 137 137 136 136 136 137 136 136 135 135 136 136 137 137 138 139 139 139 138 138 138 138 138 138 138 138 138 138 139 139 139 139 140 140 140 139 139 139 139 139 139 139 139 140 140 140 140 140 140 140 140 140 140 140 141 141 141 141 141 141 141 141 141 141 141 142 142 142 142 142 143 143 143 143 143 143 143 143 144 144 144 144 144 144 144 144 144 144 144 145 145 145 145 145 145 145 145 145 145 146 146 146 146 146 146 146 146 146 146 147 147 147 148 148 148 148 148 148 148 148 148 148 148 148 149 149 149 149 149 149 150 150 150 150 150 150 150 151 151 151 151 151 151 153 153 152 152 153 153 153 153 153 153 154 154 154 154 154 154 154 155 155 155 155 155 155 155 155 156 156 156 156 156 156 156 156 156 156 157 157 158 158 158 158 158 158 158 158 158 159 159 160 160 160 160 159 160 160 160 160 160 161 161 161 161 161 161 161 161 162 162 162 162 162 162 162 162 163 163 163 163 163 164 164 165 165 165 164 165 165 166 166 167 167 167 166 166 166 166 166 166 129 129 129 130 130 130 130 130 129 129 129 129 130 131 131 131 132 132 132 133 132 132 132 132 132 133 133 133 134 134 134 134 134 135 134 134 133 134 134 134 134 134 134 134 134 134 133 133 133 134 133 133 134 134 135 134 134 134 135 134 133 133 134 133 133 133 133 134 133 132 132 132 133 133 133 133 133 134 133 133 133 133 133 134 134 134 134 134 134 134 134 135 136 135 135 136 136 136 136 136 136 136 136 136 137 138 138 137 137 137 136 136 136 136 136 137 138 138 137 137 136 136 136 136 136 135 135 136 137 137 137 137 138 139 139 138 137 138 138 138 138 138 138 138 138 139 139 139 139 139 140 140 140 139 139 139 139 139 139 139 140 140 140 140 140 140 140 140 141 140 141 141 141 141 141 141 141 142 141 141 141 141 142 142 142 142 143 143 143 143 143 143 143 143 144 144 144 144 144 144 144 144 144 144 144 144 145 145 145 145 145 145 145 145 145 145 146 146 146 146 146 146 146 146 146 147 147 147 147 148 148 148 148 148 148 148 148 148 148 148 148 148 148 149 149 149 149 150 150 150 150 150 150 150 151 151 151 151 151 151 153 153 152 153 153 153 154 154 153 153 154 154 155 154 154 154 154 155 156 155 155 155 155 155 155 156 157 157 157 157 157 157 157 157 157 158 158 159 159 159 159 159 158 158 158 159 159 159 160 160 161 160 160 160 160 160 160 160 161 161 161 161 162 162 162 161 162 162 162 162 162 162 162 163 163 163 163 164 164 164 165 165 166 165 165 165 166 166 166 166 167 167 167 167 167 166 167 167 167 129 128 127 129 129 130 130 130 130 130 131 131 131 130 130 130 130 130 130 131 132 132 132 132 132 132 132 132 133 133 133 133 134 134 134 134 135 135 134 134 134 134 135 135 135 134 134 135 135 134 134 134 134 135 134 134 134 134 135 135 135 135 135 135 133 134 135 135 134 134 133 133 133 133 133 133 134 134 134 134 134 134 133 133 134 134 134 133 133 133 134 134 134 134 135 135 136 135 136 136 136 136 136 136 136 137 137 137 137 138 138 137 137 137 136 137 137 137 136 137 137 138 137 136 137 136 136 136 136 136 136 136 137 137 137 138 139 139 139 139 139 138 138 138 138 138 139 138 138 139 139 139 139 139 140 140 140 139 139 139 139 139 140 140 140 140 140 140 140 140 140 140 141 141 141 141 141 141 141 142 141 142 142 142 141 142 142 142 142 142 142 143 143 143 143 143 143 144 144 144 144 144 144 144 144 144 144 145 145 144 144 145 145 145 145 145 145 145 145 146 146 146 146 146 147 147 147 147 147 147 147 147 147 148 148 148 148 148 148 148 148 148 148 148 148 149 149 149 149 149 149 150 150 150 150 150 150 151 151 151 151 151 151 152 153 153 153 153 153 153 153 154 154 154 154 154 155 154 155 154 154 154 155 156 155 155 156 156 156 156 156 157 157 158 158 158 158 158 158 159 159 159 159 159 159 159 159 158 158 159 159 159 159 160 161 160 160 160 160 160 160 160 161 161 161 161 161 162 162 162 162 162 162 162 162 162 162 163 163 163 163 163 164 164 164 165 165 166 165 165 166 166 166 167 167 167 167 168 168 167 168 168 168 130 130 129 128 128 127 127 129 129 130 130 130 130 130 131 131 131 131 131 131 130 130 130 131 132 132 133 132 132 132 133 133 133 133 133 133 133 133 134 134 134 135 134 134 134 134 134 134 134 134 135 135 135 135 135 135 135 135 135 135 134 135 135 136 136 136 135 134 133 134 135 135 134 134 134 134 134 134 134 134 133 133 134 133 133 133 134 134 134 134 134 134 134 134 134 134 135 135 136 135 135 136 136 136 135 135 136 136 137 137 137 138 138 138 138 138 138 138 138 138 138 137 137 138 138 137 137 137 137 136 136 136 136 136 136 136 137 137 138 139 139 138 138 139 139 139 139 139 139 138 138 138 138 139 139 139 139 140 140 140 140 139 139 140 140 140 139 140 140 140 140 140 140 140 140 141 141 141 141 141 141 141 141 142 142 142 142 142 142 142 142 142 142 142 143 143 143 143 143 143 144 144 144 144 144 144 144 144 145 145 145 145 145 145 145 145 145 145 145 145 145 146 146 146 146 146 146 147 147 147 147 147 147 147 147 147 148 148 148 148 148 148 148 148 148 148 149 149 149 149 150 149 149 149 150 150 150 150 151 151 151 151 151 151 151 151 151 153 153 153 153 153 153 154 154 154 155 155 155 155 155 155 155 155 155 155 156 156 156 157 157 157 157 157 157 157 158 158 158 159 159 159 159 159 159 159 159 159 159 159 159 159 159 159 160 160 160 160 160 160 160 160 160 160 161 161 161 161 161 161 161 162 162 162 162 162 162 162 162 163 163 163 163 164 164 164 164 165 165 165 166 166 166 166 166 166 166 167 167 167 168 168 168 168 169 169 128 129 129 129 130 130 130 130 130 130 130 129 128 128 128 128 128 128 129 129 129 130 130 130 131 131 131 131 132 132 131 131 131 130 131 132 132 132 132 132 133 133 133 133 133 133 133 134 134 134 134 135 135 135 135 134 134 134 134 135 135 134 134 135 135 135 135 135 135 135 135 134 135 136 136 136 136 134 134 134 134 134 134 135 135 134 134 133 133 133 133 133 133 133 134 135 134 134 134 134 135 135 135 134 134 135 135 135 136 136 135 136 136 136 136 136 136 136 136 136 137 138 138 138 139 139 139 139 139 139 138 138 138 139 138 137 138 138 137 137 136 136 136 137 137 137 136 137 138 138 138 138 138 138 138 138 139 139 138 138 138 139 139 139 139 139 140 140 140 140 141 140 141 140 140 139 139 140 140 140 140 140 140 140 140 140 141 141 141 141 141 141 141 142 142 142 142 142 142 142 142 142 142 142 143 143 143 143 143 143 143 144 144 144 144 144 144 144 145 145 145 145 145 145 145 145 145 145 145 146 146 146 146 146 146 146 146 147 147 147 147 147 147 147 147 147 148 148 148 148 148 148 148 148 148 148 149 149 149 149 150 150 149 149 149 150 150 150 151 151 151 151 151 151 151 151 151 153 153 153 153 153 153 154 154 154 155 155 154 154 155 155 155 155 155 155 156 157 157 157 157 157 157 157 157 157 157 158 158 158 159 159 159 159 159 159 159 159 159 160 160 159 159 159 160 160 160 160 160 160 160 160 160 160 161 161 161 161 161 161 162 162 162 162 162 162 162 162 163 163 163 163 163 164 164 164 165 165 165 165 166 166 166 166 166 166 166 166 167 168 168 168 168 168 168 169 129 129 129 129 130 130 130 129 129 129 129 128 128 128 128 129 128 129 130 131 130 129 129 129 129 130 130 130 130 131 132 132 132 132 132 132 131 131 131 132 132 133 133 132 133 133 133 133 133 134 134 134 134 134 135 135 135 135 135 135 134 135 135 135 135 134 134 134 134 135 135 135 135 135 135 135 135 136 136 136 135 135 135 134 134 134 134 135 135 135 134 134 134 133 133 134 134 135 134 134 135 135 134 134 134 134 134 134 134 135 136 136 136 135 136 136 136 137 137 137 137 137 137 137 138 138 138 139 139 139 139 139 139 139 139 139 139 138 138 138 139 138 137 137 137 137 136 137 136 137 136 137 137 138 137 138 138 138 138 139 140 139 139 138 139 139 139 139 140 140 140 140 141 141 141 141 141 140 140 140 140 140 140 141 140 140 140 140 141 141 141 141 141 141 141 142 142 142 142 142 142 142 142 142 142 142 143 143 143 143 143 143 143 143 144 144 144 144 144 144 144 144 145 145 145 145 145 145 145 145 145 146 146 146 146 146 146 146 146 147 147 147 147 147 147 147 147 147 148 148 148 148 148 148 148 148 148 148 148 149 148 149 149 149 150 150 150 150 150 150 150 150 151 151 151 151 151 151 151 151 153 153 153 153 153 153 154 153 154 154 154 154 154 155 155 155 155 155 155 156 156 157 156 157 157 157 157 157 157 157 157 157 158 158 159 159 159 159 159 159 160 160 160 160 159 159 159 160 160 160 160 160 160 160 160 160 160 160 161 161 161 162 162 162 162 162 162 162 163 162 163 163 163 163 163 163 163 164 164 164 164 165 165 166 166 167 167 167 167 167 166 167 167 167 167 168 168 168 169 130 129 129 129 130 130 130 129 129 128 129 129 129 129 130 129 129 129 129 128 129 129 130 130 130 131 131 132 131 130 130 129 129 130 130 130 130 130 131 131 132 132 133 132 132 132 132 132 132 133 133 133 133 132 133 133 133 134 134 134 134 134 134 135 135 135 135 135 135 135 135 135 135 135 135 135 135 135 135 135 135 135 136 135 136 135 136 136 136 135 136 136 135 135 135 134 135 135 135 134 134 134 133 134 134 135 135 134 134 135 135 135 135 135 135 135 135 134 134 135 135 135 135 136 136 136 136 136 137 137 137 138 138 138 138 138 139 139 139 138 138 139 138 138 139 139 139 139 139 139 138 137 137 137 137 137 137 137 137 137 136 136 137 138 138 137 138 139 139 139 139 139 139 139 140 140 139 139 140 140 140 140 140 141 141 141 141 141 141 141 141 141 141 141 141 141 141 141 141 141 141 141 141 141 141 142 142 142 142 142 142 142 142 143 143 143 143 143 143 143 143 143 144 144 144 144 144 144 144 144 144 145 145 145 145 145 145 145 145 145 146 146 146 146 146 146 146 146 147 147 147 147 147 147 147 147 147 148 148 148 148 148 148 148 149 148 148 148 148 149 149 149 149 150 150 150 150 150 150 150 150 151 151 151 151 151 152 152 152 153 153 153 153 153 153 153 153 154 154 154 155 154 154 155 155 155 155 155 155 156 156 156 156 157 157 157 157 157 157 157 158 158 158 159 159 159 159 159 159 160 160 160 160 159 160 159 160 160 161 160 161 161 160 160 160 160 160 161 161 161 161 162 162 162 162 162 162 162 163 163 163 163 163 163 164 164 164 164 164 165 165 165 165 166 166 166 167 167 167 167 167 167 167 168 168 169 169 170 130 129 130 130 130 131 130 129 129 129 129 130 130 130 130 130 129 129 129 129 130 130 129 130 130 131 131 131 130 130 130 130 130 130 131 131 130 130 131 132 132 132 132 132 132 133 133 133 133 133 133 133 133 133 134 134 134 134 135 135 134 134 134 134 134 135 135 135 136 136 136 136 136 136 135 135 136 136 136 136 136 136 136 136 135 135 136 136 135 135 135 135 135 134 134 134 134 135 135 134 134 134 135 135 135 135 134 135 135 136 136 135 135 135 136 135 135 135 135 135 135 136 136 136 137 136 136 137 137 137 138 138 138 138 138 139 139 138 138 138 138 138 138 138 139 139 139 140 139 138 137 137 137 137 137 137 137 137 138 137 136 136 137 137 137 139 139 139 139 139 139 139 140 140 140 140 140 140 140 141 141 141 141 141 141 142 142 142 142 142 142 143 143 142 141 141 142 141 141 141 141 142 141 141 141 142 142 142 142 142 142 143 142 143 143 143 143 143 143 143 144 144 144 144 144 144 144 144 144 144 145 145 145 145 145 145 145 145 145 146 146 146 146 146 146 146 147 147 147 147 147 147 147 147 148 148 148 148 148 148 148 148 148 149 149 148 148 149 149 149 149 149 150 150 150 150 150 150 150 150 150 151 151 151 151 152 152 152 153 153 153 153 153 153 153 153 154 154 154 154 155 155 154 155 155 155 155 155 155 156 156 156 157 157 157 157 158 157 158 158 158 159 159 159 159 159 159 159 159 159 160 160 160 160 160 160 160 160 160 161 161 161 160 160 160 160 161 161 161 161 162 162 162 162 162 162 162 162 163 163 163 163 163 164 164 164 164 164 165 165 165 165 166 166 166 166 167 167 167 167 167 168 168 168 168 169 169 130 130 130 130 131 131 130 131 130 130 130 130 131 131 131 130 129 129 129 129 130 129 130 130 130 131 131 130 130 130 130 130 130 130 130 130 131 131 132 132 132 132 132 132 133 133 133 133 133 133 133 133 133 133 134 134 135 135 135 135 134 134 134 135 135 135 135 135 136 136 136 136 136 136 136 136 136 136 136 136 136 137 135 136 136 136 137 135 135 135 135 135 134 134 134 134 134 134 134 134 135 135 136 135 134 134 135 135 135 135 135 135 135 135 136 136 135 135 135 136 137 137 136 137 137 137 137 137 138 138 138 138 138 138 138 138 138 138 138 138 138 138 137 138 138 139 139 140 139 138 138 138 138 137 138 138 138 138 137 137 136 137 137 138 139 139 139 139 139 139 139 139 140 140 140 140 140 140 141 141 141 142 142 142 142 142 142 142 143 143 143 143 143 143 142 142 142 142 142 142 142 141 141 142 142 142 142 142 142 143 143 143 143 143 143 143 143 143 143 143 144 144 144 144 144 144 144 144 145 145 145 145 145 145 145 145 145 145 146 146 146 146 146 146 147 147 147 147 147 147 147 147 147 147 148 148 148 148 148 148 149 148 149 149 148 148 149 149 149 149 149 150 150 150 150 150 150 151 151 150 151 151 151 151 152 152 152 153 153 153 153 153 153 153 153 154 154 154 154 154 155 154 155 155 155 155 155 156 156 156 156 157 157 157 157 158 157 158 158 158 158 159 158 159 159 159 159 159 159 160 160 160 160 160 160 161 161 161 161 161 161 161 161 161 161 161 161 161 161 161 161 161 162 162 162 162 162 163 163 163 163 163 163 164 164 164 164 165 165 165 165 165 165 166 166 166 167 167 168 168 168 169 168 168 168 169 130 130 130 130 131 132 132 131 131 131 130 131 131 131 131 130 130 129 129 130 130 130 130 130 130 130 131 131 131 130 130 130 130 130 130 131 131 131 132 132 132 132 131 132 132 133 133 133 134 134 134 134 133 133 133 134 134 134 134 135 135 135 135 135 135 135 135 135 135 135 135 135 135 136 136 136 136 137 136 136 136 136 136 136 136 137 137 138 136 136 136 136 136 135 134 134 134 134 134 135 135 135 136 135 135 135 135 135 135 135 135 136 136 135 135 135 136 135 135 135 136 136 137 137 137 138 138 138 138 138 138 138 138 138 137 137 138 139 139 139 138 138 138 138 137 137 138 138 139 139 139 139 139 139 139 139 139 138 138 138 137 137 137 138 138 139 139 139 139 139 140 140 140 140 140 140 140 141 141 141 141 142 142 142 142 142 142 142 142 142 142 143 143 143 143 143 143 143 143 143 142 142 141 142 142 142 142 143 143 143 143 142 143 142 143 143 143 143 143 143 144 144 144 144 144 144 144 145 145 145 145 145 145 145 145 145 145 145 145 146 146 146 146 146 146 147 147 147 147 147 147 147 147 147 147 148 148 148 148 148 149 148 149 149 149 149 148 149 149 149 149 149 150 150 150 150 150 150 151 151 151 151 151 151 151 152 152 152 153 153 153 153 153 153 154 154 154 154 154 154 154 155 155 155 155 155 155 155 156 156 156 156 156 157 157 157 157 157 158 158 158 158 158 159 159 158 159 159 159 160 160 160 160 160 160 160 160 161 161 161 161 161 161 161 161 161 161 161 160 161 161 161 161 161 162 162 162 162 163 163 163 163 163 163 164 164 164 165 165 165 165 165 165 166 166 166 166 167 167 167 167 168 168 168 168 168 169 170 131 130 131 131 132 132 131 131 130 130 130 131 132 131 131 130 130 129 129 130 131 130 130 131 130 131 131 131 131 131 131 130 130 130 130 130 130 130 130 131 131 133 133 132 132 132 132 133 133 133 133 134 134 134 133 133 133 134 134 134 135 135 135 135 135 135 135 135 135 135 135 136 136 136 136 136 136 136 136 136 137 137 137 136 136 136 136 136 136 136 135 136 136 136 135 135 134 134 135 135 134 135 135 136 136 136 136 136 136 136 136 135 135 135 136 135 135 135 135 135 135 135 135 135 136 136 137 137 138 138 138 138 139 139 139 139 138 137 138 139 138 139 139 138 139 139 138 137 137 138 138 138 138 139 140 140 140 139 138 138 137 137 137 137 137 138 138 138 139 140 140 140 140 141 141 141 141 141 141 141 142 141 142 142 143 142 142 142 142 142 143 143 143 142 142 143 143 143 143 143 143 142 142 142 142 142 142 142 142 142 143 143 143 143 143 143 143 143 143 143 143 143 144 144 144 144 144 144 144 145 145 145 145 145 145 145 145 145 145 145 145 146 146 146 146 147 147 147 147 147 147 147 147 147 147 147 148 148 148 148 148 148 149 149 149 149 149 149 148 149 149 149 149 149 150 150 150 150 151 151 151 151 151 151 151 151 151 151 152 152 153 153 153 153 153 153 154 154 154 154 154 154 154 155 155 155 155 155 155 155 155 156 156 156 156 157 157 157 157 157 158 158 158 158 158 158 158 158 158 159 159 160 160 160 160 160 160 160 160 160 160 161 161 161 161 161 161 161 161 161 160 161 161 161 162 162 162 162 162 163 163 163 163 163 163 164 164 164 164 165 165 165 165 165 166 166 166 166 166 167 167 167 167 167 167 168 168 168 169 169 131 131 131 131 131 131 132 131 130 130 130 130 131 131 131 131 130 130 129 130 131 131 130 130 131 132 131 131 131 132 132 131 131 131 131 130 130 130 130 130 130 131 131 132 132 132 132 132 132 132 133 133 133 133 134 134 134 134 134 134 134 134 135 135 135 135 135 135 136 136 136 136 136 136 136 136 136 136 136 136 136 137 137 137 137 136 136 136 137 137 137 135 135 135 135 135 135 135 135 135 135 135 135 136 136 136 135 136 136 135 135 135 135 135 135 135 135 135 135 135 136 136 136 136 135 135 136 136 137 138 138 138 138 138 139 139 139 138 137 137 138 137 138 138 138 138 138 138 138 137 138 138 138 138 139 139 139 139 139 138 138 138 137 137 137 137 138 139 139 139 139 140 141 141 141 140 141 141 141 141 141 142 142 143 143 142 142 142 142 142 142 143 143 143 143 142 142 143 143 143 143 143 143 143 143 143 143 143 142 142 143 143 143 143 143 143 143 143 143 143 143 143 143 144 144 144 144 144 144 145 145 145 145 145 145 145 145 145 145 145 145 145 146 146 146 147 147 147 146 146 147 147 147 147 147 148 148 148 148 148 148 148 148 148 149 149 149 149 149 149 149 149 149 149 150 150 150 150 151 151 151 151 151 151 151 151 151 151 151 152 152 153 153 153 153 153 154 154 154 154 154 154 154 154 155 155 155 155 155 155 155 155 155 156 156 156 156 157 157 157 157 158 158 158 158 158 158 158 159 159 159 159 159 159 159 160 160 160 160 160 160 160 160 161 161 161 161 161 161 161 161 161 161 161 161 162 162 162 162 162 162 163 163 163 163 163 163 163 164 164 165 165 165 165 165 165 165 165 166 166 166 166 167 167 167 167 168 168 168 169 169 132 132 132 132 131 131 131 132 131 131 131 131 130 130 130 130 130 129 129 130 131 132 131 131 131 132 132 132 132 132 132 133 132 132 132 131 131 131 130 130 130 130 131 131 131 132 133 133 133 133 133 133 133 133 133 133 133 133 134 134 134 134 134 135 135 135 135 135 135 135 135 136 136 136 136 136 136 136 135 136 136 136 136 137 137 137 137 137 137 138 138 138 136 136 136 135 135 135 135 135 135 135 135 136 136 136 136 135 135 135 135 135 135 135 135 135 136 136 135 135 136 136 136 137 136 136 136 136 137 138 138 138 137 138 138 138 138 139 138 138 138 138 137 137 138 138 137 137 137 137 137 137 138 137 137 138 139 139 139 139 139 139 138 137 137 137 137 138 139 139 140 140 141 141 140 140 140 141 141 141 141 141 141 142 142 143 143 142 142 142 142 142 142 143 142 143 143 142 143 143 143 143 144 144 143 143 143 144 143 143 143 143 143 144 144 144 144 143 144 143 143 143 144 144 144 144 144 144 144 144 145 145 145 145 145 145 145 145 145 145 145 146 146 146 146 146 146 146 146 146 147 147 147 147 147 147 147 148 148 148 148 148 148 148 149 149 149 149 149 149 149 149 149 149 149 150 150 150 150 151 151 151 150 150 151 151 151 151 151 151 151 152 153 153 153 153 154 154 154 154 154 154 154 154 154 155 155 155 155 155 155 155 156 156 156 156 156 156 157 157 157 157 157 158 157 158 158 159 159 159 159 159 159 159 159 159 159 159 159 160 160 160 160 161 161 161 161 161 161 161 161 161 161 162 161 161 162 162 162 162 163 162 163 163 164 163 163 163 164 164 164 164 164 165 165 165 165 166 166 166 166 167 167 167 167 168 167 168 168 168 169 169 169 132 131 131 132 132 132 131 130 131 131 130 130 131 131 130 129 129 129 130 130 131 131 131 131 131 131 131 132 132 133 133 133 133 133 133 133 133 133 132 131 131 131 131 131 131 132 132 133 133 133 134 134 133 133 133 133 133 133 133 133 134 134 134 134 134 135 135 135 135 135 135 135 135 135 136 135 135 135 135 135 136 136 136 136 137 137 137 137 137 137 138 138 138 137 137 137 136 135 135 135 135 135 135 135 136 136 136 135 135 135 135 135 135 135 136 136 136 136 136 135 135 136 136 137 137 137 137 137 137 137 138 138 138 138 138 138 138 139 139 139 139 139 138 137 137 137 137 137 137 138 137 137 137 137 137 137 138 139 139 139 139 139 139 139 138 138 137 138 138 139 140 140 140 140 141 140 139 140 141 141 140 140 141 141 141 142 142 142 142 142 142 142 142 142 142 142 142 143 142 143 144 144 144 144 144 143 143 143 144 144 144 143 144 144 144 144 144 144 144 144 144 144 144 144 144 144 144 144 144 144 145 145 145 145 145 145 145 145 145 145 145 146 145 146 146 146 146 146 146 146 146 147 147 147 147 147 147 148 148 148 148 148 148 148 148 149 149 149 149 149 149 149 149 150 149 150 150 150 150 150 151 151 151 151 150 151 151 151 152 152 151 152 152 153 153 153 153 154 154 154 154 154 154 154 154 155 155 155 155 155 155 155 155 156 156 156 156 156 156 157 157 157 158 157 158 157 158 158 158 158 159 159 159 159 159 159 159 159 159 160 160 160 160 160 161 161 161 161 161 161 161 161 161 162 162 162 162 162 163 163 163 163 163 163 163 163 164 164 163 163 163 164 165 165 165 166 165 165 166 166 166 167 167 167 168 168 168 168 168 168 169 169 169 169 131 131 131 132 132 132 131 130 131 131 131 130 131 130 130 130 130 130 131 131 132 131 131 130 131 131 131 131 132 132 132 133 132 132 133 133 134 134 133 132 132 132 131 131 131 131 132 132 132 133 133 134 134 134 134 134 134 134 134 134 134 135 135 135 135 135 135 135 135 135 135 135 136 136 136 135 135 135 136 136 136 136 136 137 137 137 137 137 137 137 137 138 138 137 137 137 137 136 135 135 135 135 135 135 136 136 136 136 136 136 135 135 135 136 135 136 136 136 136 136 136 136 136 137 137 137 138 138 138 138 138 138 138 138 138 138 138 139 138 138 138 138 138 137 137 137 138 138 138 138 138 138 138 137 137 137 138 139 138 139 139 138 138 138 138 138 137 138 139 139 139 139 139 140 140 140 139 140 141 140 140 140 140 141 141 141 142 142 143 142 142 142 142 142 142 142 142 142 142 142 143 143 144 144 143 143 143 143 143 143 144 144 144 144 144 144 144 144 144 144 144 144 144 144 144 144 144 144 144 144 145 145 145 145 145 145 145 145 145 145 145 145 146 146 146 146 146 146 146 146 146 147 147 147 147 147 147 148 148 148 148 148 148 148 149 149 149 149 149 149 149 149 149 150 150 150 150 150 150 150 151 151 151 151 151 151 151 151 152 152 152 152 152 153 153 153 153 154 154 154 154 154 154 154 154 155 155 155 155 155 155 156 156 156 156 156 156 157 157 157 157 157 158 158 158 157 157 158 158 158 158 158 159 159 159 159 159 159 159 160 160 160 160 160 161 161 161 161 161 161 161 161 161 161 162 162 162 162 163 163 163 163 163 163 163 163 164 164 164 164 163 163 164 165 165 166 166 165 166 166 166 167 167 167 167 168 169 168 168 168 168 169 169 169 169 131 130 131 131 132 132 132 131 131 131 131 131 130 130 130 130 131 132 132 133 133 132 131 131 131 132 131 131 132 132 132 132 132 133 133 133 133 134 134 133 132 131 131 132 132 131 131 131 131 132 132 133 133 134 134 134 135 135 135 135 135 135 135 135 136 135 135 135 135 136 136 135 136 136 136 136 136 136 136 136 137 136 136 137 137 137 137 137 138 137 137 138 138 137 137 137 137 137 137 136 136 136 136 136 136 136 136 137 136 136 135 136 136 137 137 137 136 136 136 136 136 136 136 136 136 137 138 139 139 138 138 138 138 138 138 138 138 138 138 138 138 138 138 137 138 138 138 138 138 139 139 138 138 137 137 137 137 138 138 139 139 139 139 138 138 138 137 138 138 138 138 139 139 140 140 140 140 140 140 140 140 141 141 141 142 142 142 143 143 143 142 142 143 143 142 143 143 143 143 142 142 143 143 143 143 143 144 143 143 144 144 144 144 144 144 143 144 144 144 144 144 144 144 144 144 144 145 145 145 145 145 145 145 145 145 145 146 146 145 145 146 146 146 146 146 146 146 146 146 146 147 147 147 147 147 148 147 148 148 148 148 148 148 148 148 149 149 149 149 149 149 149 149 149 150 150 150 150 150 151 151 151 150 150 151 151 151 152 152 152 152 152 152 153 153 153 153 154 154 154 154 154 154 154 154 155 155 155 155 155 155 155 156 156 156 156 156 156 156 156 157 157 157 157 158 157 157 157 158 158 158 158 159 159 159 159 159 159 160 160 160 160 160 160 160 160 160 161 161 160 161 161 161 162 162 162 162 163 163 163 163 163 163 163 163 164 164 164 164 164 164 164 164 165 165 165 165 166 166 166 167 167 167 167 167 168 168 168 168 168 169 169 169 169 170 170 132 131 131 130 131 131 131 131 131 131 131 131 131 131 132 132 132 133 133 133 133 133 132 132 133 133 132 132 131 131 132 133 133 134 134 134 134 134 134 134 133 133 132 133 132 132 132 132 132 131 132 132 133 134 134 134 134 135 136 135 135 136 136 136 136 136 136 136 136 136 136 136 136 136 136 137 137 136 136 136 136 137 137 136 137 137 137 138 138 137 138 138 138 137 137 137 137 137 137 137 136 136 136 136 136 136 136 137 136 136 136 136 136 136 137 137 137 136 136 137 137 136 137 137 137 137 137 138 139 139 139 139 139 139 139 139 138 138 138 138 138 138 138 138 138 138 139 139 139 140 139 138 138 138 138 137 137 137 138 139 139 140 139 138 138 138 138 138 139 139 139 139 140 140 140 140 140 140 140 140 140 140 141 141 142 142 143 143 143 143 143 143 143 143 142 143 144 143 143 143 143 142 142 143 143 143 144 144 144 143 144 144 144 143 143 144 144 143 144 144 144 144 144 144 144 144 145 145 145 145 145 145 145 145 145 145 146 146 146 146 146 146 146 146 146 146 146 146 146 146 147 147 147 147 147 147 148 148 148 148 148 148 148 148 148 149 149 149 149 149 149 149 149 149 150 150 150 150 150 151 151 150 150 150 151 151 151 152 152 152 152 152 152 153 153 153 153 153 154 154 154 154 154 155 154 155 155 155 155 155 155 155 156 156 156 156 156 156 156 156 157 157 158 157 157 158 157 157 157 158 158 158 159 159 159 159 159 159 160 160 160 160 160 160 160 160 160 160 160 161 161 161 162 162 162 162 163 163 163 164 164 164 164 164 163 164 164 164 165 164 164 164 164 165 165 165 165 165 166 166 166 167 167 167 167 168 168 168 168 168 169 169 169 168 169 170 133 133 132 131 131 131 131 131 131 131 131 131 131 131 131 132 132 133 133 132 132 132 132 132 133 134 134 133 133 132 132 133 134 133 133 134 134 135 135 135 134 134 133 133 133 133 133 133 133 132 131 132 133 133 134 134 134 134 135 135 135 135 135 136 136 136 136 136 137 137 137 136 136 136 137 137 137 137 137 136 136 136 137 137 137 138 138 138 138 138 138 138 138 137 137 137 137 137 137 137 137 136 135 136 136 136 136 136 136 136 136 136 136 136 137 137 137 137 137 137 137 136 137 137 137 138 138 138 139 139 139 139 139 139 139 139 138 138 138 138 138 138 138 138 138 138 139 140 140 141 140 139 139 139 138 138 138 138 138 139 139 139 139 138 138 138 138 138 139 139 140 140 140 141 140 139 139 140 140 140 141 141 141 141 142 143 143 143 144 145 144 144 143 143 143 143 143 143 143 143 143 142 142 142 143 143 144 144 144 144 143 144 144 144 144 143 144 144 144 144 144 144 144 144 144 144 144 145 145 145 145 145 145 145 145 145 146 146 146 146 146 146 146 146 146 146 146 146 147 147 147 147 147 147 147 147 148 147 148 148 148 148 148 148 148 149 149 149 149 149 149 149 149 149 150 150 150 150 150 151 151 151 151 151 151 151 151 152 152 152 152 152 152 153 153 154 153 153 154 154 154 154 155 155 155 155 155 155 155 155 155 156 156 156 156 156 156 156 156 157 157 157 157 157 157 157 157 157 157 158 158 158 159 159 159 159 159 159 159 160 160 160 160 160 160 160 161 161 161 162 161 162 162 162 162 163 163 164 164 164 164 164 164 164 164 164 165 165 165 164 164 164 165 164 165 165 165 166 166 166 166 166 167 167 167 167 167 168 168 169 169 168 169 169 169 170 171 133 133 132 131 131 131 131 131 131 132 132 132 132 132 132 133 133 133 133 132 133 133 132 133 134 134 134 133 132 133 133 133 133 134 134 134 135 134 134 134 134 134 134 133 133 133 133 132 132 132 132 132 133 133 133 133 134 134 135 135 134 135 135 136 136 137 137 137 137 137 137 136 137 137 137 137 137 137 137 136 137 137 137 138 138 138 138 138 138 138 138 137 137 137 138 137 137 137 137 136 136 136 136 136 136 136 136 137 136 136 136 136 136 137 137 137 137 137 137 136 137 137 138 138 138 139 139 139 139 139 139 138 138 138 139 138 138 139 139 139 139 138 138 139 140 140 141 141 141 140 140 139 139 138 138 138 138 138 138 139 139 138 138 138 138 138 139 139 139 139 139 139 139 139 139 140 140 141 141 142 142 142 142 143 143 144 144 145 144 144 143 143 144 144 144 143 143 143 142 143 143 143 143 143 143 144 144 144 144 144 144 144 144 143 144 144 144 144 144 144 144 144 145 145 145 145 145 145 145 145 145 145 145 145 146 146 146 146 146 146 146 146 146 146 146 146 147 147 147 147 147 147 147 147 147 148 148 148 148 148 148 148 148 149 149 149 149 149 149 149 149 150 150 150 150 150 151 151 150 151 151 151 151 151 152 152 152 152 152 152 152 153 154 154 154 154 154 154 154 154 155 155 155 155 155 155 155 155 155 156 156 156 156 156 156 156 157 157 157 157 157 157 157 157 157 157 157 158 158 158 159 159 159 159 159 159 159 160 160 160 160 160 160 160 161 161 161 162 162 162 162 163 163 163 163 163 163 164 164 164 164 164 164 165 165 165 165 165 164 164 165 165 164 165 165 165 165 166 166 166 167 167 167 168 168 168 168 168 168 168 169 168 169 170 171 133 132 132 132 132 131 131 131 131 132 132 132 133 133 134 133 133 133 133 133 133 133 134 134 134 134 133 133 134 134 134 134 134 135 135 134 133 134 134 134 135 134 133 133 133 133 132 133 133 133 133 133 134 134 134 134 134 134 134 134 135 135 135 136 136 136 136 137 137 137 137 137 137 137 137 137 137 136 137 137 137 138 138 138 138 138 138 139 139 137 137 137 138 137 138 138 137 137 136 136 136 136 137 136 137 137 136 136 136 136 137 137 137 137 137 136 136 137 137 137 137 138 139 139 139 139 139 138 138 139 140 139 138 138 139 140 140 140 140 140 139 139 140 140 141 140 140 140 139 139 139 138 138 138 139 138 138 138 139 138 138 138 138 138 138 138 138 138 139 139 139 140 140 140 141 141 142 142 142 143 143 143 143 144 144 144 144 144 143 143 144 144 144 144 144 143 143 143 143 143 143 143 143 143 144 144 144 144 144 144 144 144 144 144 144 144 144 144 144 145 145 145 145 145 145 145 145 145 145 145 145 145 146 146 146 146 146 146 146 146 146 146 146 147 147 147 147 147 147 147 147 147 147 148 148 148 149 148 148 148 149 148 149 149 149 150 150 150 149 150 150 150 150 150 151 151 151 151 151 151 151 151 151 152 152 152 152 152 152 153 154 154 154 154 154 154 154 154 155 155 155 155 155 155 155 155 156 156 156 156 156 156 156 157 157 157 157 156 156 156 156 157 157 157 157 157 158 159 159 159 159 159 160 160 160 160 160 160 160 161 160 160 160 160 161 161 161 162 162 163 163 163 163 163 163 164 164 164 165 165 165 165 165 165 165 165 165 164 164 165 165 165 165 165 165 165 166 166 166 167 167 168 167 167 168 168 169 169 169 169 169 170 170 171 172 173 173 133 133 132 132 131 132 132 132 133 133 133 133 133 134 133 133 133 133 134 134 134 135 135 134 134 134 134 134 135 135 135 135 134 134 133 133 133 134 135 134 133 133 133 132 133 134 134 134 134 135 135 135 135 135 135 135 135 135 135 135 135 136 136 137 137 137 137 137 137 137 137 137 137 137 137 137 137 137 138 138 138 138 138 138 139 139 139 138 138 138 138 137 138 138 138 137 137 136 136 137 137 137 137 137 136 136 136 136 137 137 137 137 137 137 137 137 138 138 137 139 140 140 139 138 138 139 138 139 140 139 138 138 139 140 141 141 141 140 140 140 140 140 140 140 140 140 139 138 138 138 139 139 139 139 138 138 138 138 138 138 138 139 139 139 139 139 139 139 139 139 140 140 141 141 141 142 142 142 143 143 143 144 145 144 144 144 144 144 144 144 144 144 144 144 144 143 143 143 143 144 144 143 143 143 144 144 144 144 144 144 144 144 144 144 144 144 144 145 145 145 145 145 145 145 145 145 145 145 145 146 146 146 146 146 146 146 146 146 146 146 146 147 147 147 147 147 147 147 148 148 147 148 148 149 149 148 148 149 149 149 149 149 150 150 150 150 150 150 150 150 150 150 151 151 151 151 151 151 151 151 152 152 152 152 152 152 152 153 153 154 154 154 154 154 154 154 154 155 155 155 155 155 155 155 156 156 156 156 156 156 156 157 156 156 156 156 156 156 157 157 157 158 158 158 158 159 159 159 159 159 159 160 160 160 160 160 160 160 160 160 160 160 161 161 161 162 162 162 163 163 163 163 163 164 164 164 164 165 165 165 165 165 165 166 166 165 165 165 165 166 166 166 166 165 166 166 167 167 167 167 167 168 168 169 169 170 170 169 169 169 170 171 172 171 171 171 172 134 133 133 133 133 133 133 133 133 133 133 133 133 133 133 133 134 135 135 135 136 135 135 134 134 134 134 135 135 135 134 134 134 133 133 134 135 135 134 133 133 132 133 133 134 134 135 136 136 135 135 136 136 136 135 136 136 136 135 136 136 137 137 137 137 137 137 137 137 138 138 137 137 138 138 137 137 138 138 138 138 139 139 139 139 137 138 138 138 138 138 138 138 138 137 137 137 137 137 137 137 137 137 137 136 136 137 138 137 137 137 137 137 137 138 139 138 139 140 140 139 139 139 139 139 139 139 139 139 138 139 140 140 140 140 140 141 141 140 140 140 141 141 140 139 139 139 140 140 139 139 139 139 139 139 139 139 139 138 139 140 140 140 140 139 139 139 140 140 140 141 141 142 142 142 142 142 142 143 143 144 143 143 144 144 144 145 144 144 144 145 144 144 143 143 143 144 144 144 144 143 143 143 144 144 144 144 144 144 144 144 144 144 144 145 145 145 145 145 145 145 145 145 145 145 145 146 146 146 146 146 146 146 146 146 146 146 146 146 147 147 147 147 147 148 147 148 148 147 148 149 149 150 149 150 150 149 149 149 149 149 150 150 150 150 150 150 150 150 150 151 151 151 151 151 151 151 151 152 152 152 152 152 152 152 153 154 154 154 154 154 154 154 154 154 155 155 155 155 155 155 155 156 156 156 156 156 156 156 156 156 157 157 157 158 157 158 158 158 158 158 158 158 159 158 158 158 159 159 159 159 159 159 160 160 160 160 160 161 161 161 161 161 162 162 162 163 163 163 163 164 164 164 165 165 164 165 165 165 165 165 166 166 166 166 166 166 166 166 167 166 166 166 166 166 167 167 167 167 168 168 169 169 169 169 169 169 169 170 170 170 170 170 170 171 172 134 133 133 133 133 133 133 134 134 134 134 135 135 135 136 136 136 136 135 135 135 135 135 135 135 134 134 135 134 133 133 134 134 134 134 133 133 133 133 134 134 134 135 135 136 135 136 137 136 136 137 137 136 136 136 137 137 137 137 137 137 137 137 138 138 138 138 138 138 138 138 137 138 138 138 138 139 139 139 139 138 138 138 138 139 139 139 139 139 138 138 138 138 138 138 138 138 138 137 136 137 137 138 137 137 137 137 137 138 138 139 139 140 140 140 139 140 140 140 139 139 140 140 139 138 139 139 139 139 140 140 141 140 140 140 140 141 141 141 140 139 139 140 139 139 139 139 139 140 139 139 139 139 139 139 140 140 139 139 139 139 140 140 141 141 142 142 142 141 141 142 142 142 142 143 143 143 143 144 144 144 145 144 144 145 145 145 145 145 145 144 143 143 143 143 143 143 143 143 144 145 144 144 144 144 144 144 144 144 144 144 145 145 145 145 145 145 145 145 145 146 146 146 146 146 146 145 146 146 146 146 146 146 146 147 147 147 147 147 148 148 149 148 148 148 148 148 149 150 150 150 150 149 149 150 150 149 150 150 150 150 150 150 150 150 150 150 151 151 151 151 152 152 152 152 152 152 152 152 152 153 153 153 154 154 154 154 154 154 154 155 155 155 155 155 155 155 156 156 156 156 156 156 156 156 157 157 157 158 158 158 158 158 158 159 159 159 159 159 159 158 158 159 159 159 159 159 160 160 160 160 160 160 161 161 161 161 162 162 162 163 163 163 163 163 164 164 164 164 165 165 165 165 165 165 166 166 166 166 166 166 167 167 167 167 167 167 166 166 166 167 167 167 168 168 168 168 168 169 169 169 169 169 170 170 170 170 170 171 172 173 135 134 134 134 134 133 134 135 135 135 135 135 136 136 136 136 136 136 136 136 136 136 136 136 135 135 135 134 134 133 133 134 134 133 133 134 134 134 134 134 134 134 135 135 136 136 136 136 136 137 137 137 137 137 137 137 137 137 137 137 137 137 138 138 138 138 138 138 138 138 137 138 138 138 139 139 139 139 139 138 138 138 138 138 138 139 139 139 139 139 139 138 137 138 138 137 137 137 137 138 138 138 137 137 138 138 137 138 138 139 140 140 140 140 140 140 141 141 140 140 140 140 139 139 139 139 140 140 140 140 140 140 141 141 141 141 141 141 140 140 140 140 140 139 140 140 140 140 139 139 139 139 139 139 139 139 139 139 139 140 140 140 141 141 141 141 142 141 141 142 141 142 143 143 143 143 143 143 144 144 144 144 144 145 145 145 145 145 144 144 144 143 144 144 144 144 144 144 144 145 144 144 144 145 144 144 144 144 145 145 145 145 145 145 145 145 145 145 146 146 146 146 146 145 145 145 146 146 146 146 146 147 146 147 147 147 147 147 148 148 149 148 148 148 148 148 149 150 150 150 150 150 150 150 150 150 150 150 150 150 150 150 150 150 150 150 151 151 151 151 151 152 152 152 152 151 151 151 152 153 153 153 154 154 154 154 154 154 154 155 155 155 155 155 155 155 155 156 156 156 156 156 156 156 156 156 157 157 157 158 158 158 158 159 159 159 159 159 159 159 159 159 159 159 159 160 160 160 160 160 161 161 161 161 161 161 162 162 162 163 163 163 163 163 163 164 164 164 164 165 165 165 165 165 166 166 166 166 166 167 167 167 167 167 167 167 167 166 166 167 167 168 168 168 168 168 168 169 170 170 169 169 170 170 170 170 171 171 171 172 172 173 174 175 176 135 135 135 135 134 135 135 135 135 136 136 136 136 136 136 136 136 136 136 136 136 136 136 136 136 136 135 134 134 134 134 133 133 133 134 134 134 134 134 135 135 136 136 136 136 136 135 136 137 137 137 137 137 138 138 137 137 137 137 137 137 138 138 138 138 138 138 138 138 138 138 139 139 139 139 139 140 140 138 138 138 139 138 138 138 139 138 139 139 139 138 138 137 138 138 137 137 138 139 139 138 137 137 138 139 138 138 138 139 140 140 140 141 141 141 141 140 140 140 140 140 140 139 139 139 139 139 140 140 140 140 141 141 141 141 141 141 141 141 140 140 140 140 140 140 140 140 140 140 139 139 139 140 140 140 139 139 139 140 140 141 141 141 141 142 142 141 141 141 142 142 143 143 143 143 143 143 144 144 144 144 144 145 145 145 145 145 145 144 144 144 144 144 144 144 144 144 144 145 145 145 144 144 144 145 145 145 145 145 145 145 145 145 145 145 145 145 146 146 146 145 146 145 146 146 146 146 146 146 147 147 147 147 147 147 148 148 148 148 149 148 148 148 148 148 149 149 150 151 151 151 151 151 150 150 150 150 150 150 150 150 151 150 150 151 151 151 151 152 152 152 151 151 151 151 152 152 152 153 153 153 154 154 154 154 154 154 154 154 155 155 155 155 155 156 156 156 156 156 156 156 156 157 157 157 157 158 158 158 158 158 159 159 159 159 159 159 159 159 159 159 159 159 159 160 160 160 160 161 161 161 161 161 161 162 162 162 162 163 163 163 163 163 163 164 164 164 164 165 165 165 165 166 166 166 166 166 166 167 167 167 167 167 167 167 166 166 167 166 167 168 167 168 169 169 169 170 170 169 169 169 169 170 170 170 171 171 171 171 172 172 173 174 174 174 175 175 135 135 135 136 136 136 136 136 136 136 136 137 136 136 136 136 136 137 137 137 136 136 136 136 135 135 134 134 134 134 133 134 135 135 135 135 135 135 135 136 136 136 135 135 136 136 137 138 138 138 138 138 138 138 138 138 138 138 138 138 138 138 138 138 139 138 138 138 138 139 139 139 139 140 140 139 139 139 139 139 138 139 139 139 139 139 139 139 138 138 137 138 138 138 138 139 139 139 138 137 138 139 138 138 138 139 140 140 140 141 141 141 141 141 140 139 140 140 139 139 140 139 140 140 141 141 140 141 141 141 141 141 141 141 141 141 140 140 140 140 140 140 140 140 140 139 139 140 140 140 140 140 140 139 139 140 140 140 140 141 141 142 142 141 141 142 142 143 144 143 143 143 143 143 144 144 144 144 145 145 145 145 145 145 145 145 144 144 144 144 144 144 144 144 144 145 145 145 145 145 145 145 145 145 145 145 145 145 145 145 146 146 146 145 145 145 146 146 146 146 146 146 146 146 146 146 147 147 147 147 147 147 148 148 148 148 149 149 149 149 148 149 149 149 150 151 151 151 150 150 150 150 150 150 150 150 150 150 151 151 151 151 151 151 152 152 152 151 152 152 152 152 152 152 152 153 153 153 154 154 154 154 154 154 154 154 155 155 155 155 155 156 156 156 156 156 156 156 157 157 157 157 158 158 158 158 158 158 159 159 159 159 159 159 159 159 159 159 159 159 160 160 160 160 160 161 161 161 161 161 161 161 162 162 162 162 163 163 163 163 164 164 164 164 165 165 165 165 165 166 166 166 166 166 166 166 167 167 167 167 167 167 167 167 167 167 167 167 167 167 168 168 169 169 169 170 169 169 169 170 170 170 171 171 171 171 172 172 172 172 173 173 174 175 176 136 136 136 136 136 136 136 137 137 137 136 137 137 137 136 137 137 137 137 136 136 136 135 135 135 135 134 134 133 133 134 134 135 135 135 135 135 135 136 136 136 136 136 136 138 138 138 139 139 139 139 139 139 139 139 138 138 138 138 138 138 138 138 138 139 139 139 139 139 139 139 139 139 138 138 138 139 139 138 139 139 139 139 139 139 139 138 138 138 138 138 138 138 138 139 139 138 138 139 140 139 138 139 139 140 140 140 140 141 140 140 140 140 140 141 141 140 141 140 139 140 140 142 141 141 141 141 141 141 141 141 141 141 140 140 140 140 140 140 140 140 140 140 140 140 140 140 139 140 140 140 139 140 140 140 140 140 140 140 140 141 141 142 142 143 143 143 143 143 144 144 144 144 144 144 144 144 145 145 145 145 145 144 144 144 144 144 144 144 144 144 144 144 144 145 145 145 145 145 145 145 145 145 145 145 145 145 146 146 146 146 145 146 146 146 146 146 146 147 147 147 147 147 146 147 147 147 147 148 148 148 148 148 149 150 150 150 150 149 149 149 150 151 151 151 151 150 151 150 151 151 151 151 150 150 151 151 151 151 151 151 151 151 151 151 152 152 152 152 153 152 153 153 153 154 154 154 154 154 154 154 154 154 154 154 155 155 155 156 156 156 156 156 156 156 156 157 157 157 157 157 158 158 158 158 159 159 159 159 159 160 160 160 159 160 160 159 159 160 160 160 160 160 160 160 161 161 161 161 161 161 161 162 162 162 163 163 164 164 164 164 165 165 165 165 165 166 166 166 166 166 166 167 167 167 167 167 167 167 167 167 167 167 167 167 167 167 167 167 168 168 169 169 169 169 169 169 170 171 171 171 171 171 171 172 172 173 173 173 174 175 176 177 136 136 136 137 137 137 137 137 137 137 137 137 137 137 137 137 137 136 136 135 135 135 136 135 135 134 134 133 134 134 134 134 134 134 135 136 136 136 135 136 136 136 137 138 138 138 138 139 139 139 139 139 139 139 138 138 138 138 138 138 138 139 139 138 139 139 140 140 140 140 140 139 139 139 138 139 139 139 139 139 139 140 140 139 139 139 138 138 138 138 138 139 139 139 138 138 139 140 139 138 138 139 140 140 140 140 141 141 140 140 140 141 142 141 140 141 141 140 140 141 142 141 141 141 141 141 141 141 141 141 141 140 140 139 139 140 140 141 141 141 140 140 140 139 139 139 139 139 139 140 140 140 140 140 141 140 141 142 141 141 141 142 142 143 142 142 143 143 144 144 145 144 144 145 145 145 145 145 146 145 146 145 144 144 144 144 144 144 144 144 144 144 144 145 145 145 146 146 145 145 145 145 145 145 145 145 146 146 146 146 145 146 146 146 146 146 146 147 147 147 147 147 147 147 148 148 148 148 149 149 149 149 149 150 150 150 150 150 150 151 151 151 152 152 152 151 151 151 152 151 151 151 151 151 151 151 151 151 151 151 151 152 152 152 152 153 153 153 153 153 153 154 154 154 154 154 154 155 155 155 155 155 154 155 155 155 156 156 156 156 156 157 157 157 157 157 157 157 157 158 158 158 158 158 159 159 159 159 160 160 160 160 160 160 160 160 160 160 160 160 160 160 160 161 161 161 161 161 161 161 162 162 162 162 163 163 164 164 164 165 165 165 165 165 165 166 165 166 166 166 167 167 167 167 167 167 167 167 167 167 167 167 168 168 168 168 168 168 168 168 168 169 170 170 170 170 170 170 171 171 172 173 172 172 172 173 174 175 176 176 176 177 137 137 137 137 137 137 137 137 137 137 137 137 136 135 135 135 135 136 136 136 135 134 134 134 134 134 134 134 135 135 136 136 135 135 136 137 137 138 138 138 138 139 139 139 139 139 139 139 139 139 139 139 139 139 138 138 139 138 139 139 139 139 140 140 140 140 139 139 139 139 139 139 139 139 139 140 140 140 139 139 138 138 138 138 138 139 139 139 139 138 138 139 139 140 139 139 139 140 140 140 140 140 140 141 141 140 141 141 140 141 141 141 141 140 141 141 141 141 141 141 141 141 141 141 141 141 140 140 139 139 140 140 140 140 140 141 140 140 139 139 139 139 139 139 140 140 140 140 141 141 141 142 142 142 141 141 141 142 142 142 142 143 143 144 144 145 145 145 145 145 145 145 145 146 146 146 145 145 144 144 144 144 144 144 145 145 145 144 145 145 145 145 146 146 145 145 145 145 145 145 146 146 146 146 146 145 145 146 146 146 146 147 147 147 147 147 147 147 148 148 149 149 149 149 149 149 149 149 150 150 150 150 150 150 151 151 151 151 152 152 152 152 152 152 152 151 151 151 151 151 151 151 151 151 151 151 152 152 152 153 153 153 153 153 153 153 154 154 154 155 155 155 155 155 155 155 155 154 155 155 156 156 156 156 156 156 156 157 157 157 157 157 157 157 157 158 158 158 158 158 159 159 159 159 160 160 160 160 160 160 160 160 160 161 161 161 161 161 161 161 161 161 161 161 161 162 162 162 162 162 163 163 164 164 165 165 165 165 165 165 165 166 166 166 166 167 167 167 167 167 167 167 167 167 167 167 167 167 168 169 168 168 169 168 168 169 168 169 170 170 170 171 171 172 171 171 172 172 172 173 173 175 175 175 174 175 176 177 177 177 177 177 177 177 178 137 137 137 137 137 137 137 137 137 137 137 137 136 135 134 134 135 135 136 136 135 134 134 135 135 135 135 134 135 135 135 135 135 136 137 138 138 138 139 139 138 138 138 139 139 139 139 139 139 139 139 140 139 139 139 139 139 139 139 139 140 140 140 140 140 140 139 139 139 139 139 139 140 140 140 140 140 140 140 139 140 139 138 138 138 139 139 139 139 138 139 139 139 140 140 139 140 140 141 140 140 140 140 141 140 141 141 141 141 141 142 142 141 141 141 141 140 141 141 141 142 141 141 141 141 141 140 140 140 140 139 140 140 140 140 140 140 140 140 140 139 139 139 140 140 140 140 140 141 142 142 143 142 142 141 141 142 142 143 143 143 143 143 144 145 145 145 145 145 146 146 145 145 145 146 146 146 145 144 144 144 145 145 145 145 145 145 145 145 145 145 145 145 146 146 145 145 145 145 145 146 146 146 146 146 145 145 146 146 146 147 147 148 148 148 147 148 148 148 149 149 149 149 149 149 149 149 149 150 150 149 150 150 151 151 151 150 151 151 151 152 152 152 152 152 151 151 151 151 151 151 151 151 151 151 152 152 153 153 153 153 153 153 154 153 153 155 155 155 155 155 155 155 155 155 155 154 155 155 155 156 156 156 156 156 156 156 156 157 157 157 157 157 157 157 158 158 158 158 158 159 159 159 159 159 159 160 160 160 160 160 160 160 161 161 161 161 162 161 162 162 162 162 162 162 162 163 162 162 163 163 163 163 164 164 164 165 165 165 165 165 166 166 166 166 166 167 167 167 168 168 167 168 168 167 167 167 167 168 169 168 168 169 169 169 169 169 169 169 170 170 171 171 171 172 171 172 172 173 173 174 175 174 174 174 174 174 176 176 177 176 176 176 177 176 177 178 138 137 137 137 137 137 137 137 137 137 137 137 136 136 135 135 134 134 135 135 134 134 135 135 136 136 136 135 135 135 135 135 136 137 137 138 138 138 138 139 139 138 139 139 139 140 140 140 140 140 140 140 140 139 139 139 140 140 140 139 140 140 140 140 140 140 139 139 139 140 139 139 140 140 140 140 140 140 140 140 140 139 139 138 138 139 139 140 139 139 139 139 139 140 140 140 140 141 141 141 141 141 140 141 141 141 141 141 141 141 142 142 141 141 142 141 141 141 141 141 141 141 141 140 140 140 140 140 140 140 139 139 140 140 140 140 140 140 140 140 140 140 140 140 140 140 140 141 141 141 142 143 142 141 141 142 143 143 143 143 143 143 144 143 144 145 145 146 146 146 145 145 145 146 146 146 146 145 145 144 145 145 145 145 145 145 145 145 146 145 145 145 145 145 146 146 145 145 145 146 146 146 146 146 146 146 146 146 146 146 146 147 148 148 148 148 148 148 148 148 149 149 149 149 149 149 149 149 150 149 150 150 151 151 151 150 150 151 151 151 151 151 151 152 152 152 152 152 152 152 152 152 152 152 151 152 152 153 153 153 153 153 153 153 154 153 154 154 154 155 155 155 154 154 154 155 155 155 155 156 156 156 156 156 156 156 156 156 157 157 157 157 157 157 157 157 158 158 158 158 158 158 159 159 159 159 160 160 160 160 160 160 160 160 161 161 161 162 162 162 162 162 162 162 162 162 162 162 162 163 163 164 164 164 164 165 165 165 165 165 165 165 165 165 166 166 166 167 167 167 167 167 167 168 168 167 167 167 167 168 169 169 169 170 170 170 169 169 169 170 170 170 171 171 172 172 173 173 174 175 175 174 173 173 173 173 174 174 175 176 176 176 175 175 176 176 177 178 138 138 138 137 138 138 137 137 137 137 136 136 135 134 134 135 135 135 135 135 135 135 135 136 136 136 136 136 136 136 136 136 136 136 137 137 138 138 139 139 138 139 139 139 139 139 140 140 140 139 139 139 139 139 140 140 140 140 140 139 140 140 140 140 140 139 139 139 139 139 139 139 139 140 140 140 140 140 140 140 139 138 138 138 139 139 140 139 139 139 139 139 140 141 141 141 141 141 141 141 141 141 141 141 141 141 141 141 141 142 141 141 141 141 142 142 141 141 142 141 141 141 140 140 140 140 140 140 140 140 140 139 140 140 140 140 140 140 140 140 140 140 140 140 140 140 141 141 142 143 143 142 142 142 142 143 144 144 144 144 144 144 144 144 145 145 146 146 146 145 145 145 146 146 147 146 145 145 145 145 145 145 145 145 145 146 145 146 146 146 145 145 145 145 146 146 146 146 146 146 146 146 146 146 146 146 146 146 146 147 147 148 148 148 148 148 148 149 149 149 149 149 149 149 149 149 149 149 149 150 150 150 150 150 150 150 151 151 150 151 151 152 152 151 151 152 152 152 152 153 153 152 152 152 152 152 153 153 153 153 153 153 153 153 153 154 154 154 154 154 154 154 154 155 155 155 155 155 156 156 156 156 156 156 156 156 156 157 157 157 157 157 157 157 158 158 158 158 158 158 158 158 159 159 159 159 160 160 160 160 160 160 160 161 161 162 162 162 162 162 162 162 163 163 163 163 163 163 163 164 164 163 164 164 164 164 165 165 165 165 165 166 166 166 167 166 166 166 167 167 168 168 168 168 168 168 167 167 168 169 169 169 170 170 170 169 169 169 169 170 170 171 172 172 173 173 174 174 174 174 174 174 173 173 173 173 174 175 175 175 176 176 175 175 176 177 178 179 138 138 138 138 138 138 138 137 137 136 135 135 134 135 136 136 136 135 135 135 135 135 135 135 136 136 136 136 137 137 137 137 137 137 138 137 137 138 139 139 138 139 139 139 139 139 139 140 140 140 140 139 139 140 140 140 140 140 140 140 140 140 140 140 140 139 139 139 140 140 140 140 140 140 140 140 140 140 140 140 140 139 139 139 139 140 139 139 140 140 140 141 141 141 141 141 141 142 141 141 141 141 141 142 142 142 141 141 141 142 142 141 141 141 142 141 142 142 142 141 141 140 140 140 140 140 140 141 141 141 140 140 140 140 140 140 140 140 140 141 140 140 140 140 140 141 141 141 142 142 143 143 143 143 142 144 144 145 145 145 145 145 145 144 145 145 146 146 146 146 146 146 146 146 146 146 145 145 145 145 145 145 145 145 145 146 145 146 146 145 145 146 146 145 145 146 146 146 146 146 146 146 146 146 146 146 146 146 146 147 147 147 148 148 148 148 148 148 149 149 149 149 149 148 149 149 149 149 149 149 150 150 150 150 150 150 151 150 151 151 151 151 152 152 151 151 152 152 152 152 152 152 152 153 152 152 153 153 153 153 153 153 153 153 153 154 154 154 154 154 154 155 155 155 155 155 155 155 156 156 156 156 156 156 156 157 157 157 157 157 157 157 157 158 158 158 158 158 158 158 159 159 159 159 159 160 160 160 160 160 160 160 161 161 161 162 162 162 162 162 163 163 163 164 164 164 164 164 165 165 164 164 164 164 164 164 165 165 166 166 167 167 167 167 167 167 166 166 167 167 167 168 169 168 169 168 168 168 168 168 169 169 169 169 170 170 170 169 169 170 170 170 171 172 173 173 174 174 173 174 174 174 174 174 173 173 174 175 174 175 176 176 175 175 176 177 177 177 178 138 138 138 138 138 138 137 137 136 135 135 135 136 136 136 136 136 136 135 135 135 135 135 135 135 135 136 136 136 137 138 138 138 139 139 137 138 139 139 138 138 138 138 139 139 139 140 140 140 140 140 140 140 140 140 140 140 140 140 140 140 140 141 141 139 139 139 140 140 140 140 140 140 140 140 140 140 140 141 140 139 139 140 140 140 140 139 140 140 140 141 142 142 141 141 142 142 142 142 142 141 141 142 142 141 141 142 141 142 141 141 141 141 142 142 142 142 142 141 141 140 140 140 140 140 140 141 141 141 140 140 140 140 140 140 140 141 141 141 141 140 140 140 140 140 140 141 141 142 143 143 143 143 143 144 144 145 145 146 146 146 146 145 145 145 146 147 146 146 146 146 146 146 146 145 145 145 145 146 145 145 145 145 145 146 146 146 145 146 145 146 145 145 145 145 146 145 145 146 146 146 146 146 146 146 146 146 146 147 147 147 147 147 148 148 148 148 149 149 149 149 149 149 149 149 149 149 149 149 150 150 150 150 150 151 151 151 151 151 151 151 151 151 151 151 152 152 152 152 152 152 152 152 152 152 153 153 153 153 153 153 153 153 153 154 154 154 154 155 155 155 155 155 155 155 155 155 156 156 156 156 156 157 157 157 157 157 157 157 157 157 157 158 158 158 158 158 158 158 159 159 159 159 159 160 160 160 160 160 160 160 161 161 161 160 161 161 161 161 161 162 163 163 163 163 162 163 164 164 165 165 165 164 165 165 165 166 167 167 167 167 167 167 167 166 167 166 167 167 167 168 168 168 169 169 168 167 168 168 169 169 169 169 170 170 170 170 170 170 171 171 171 172 172 173 173 173 173 173 174 174 174 174 174 174 174 174 174 175 175 175 175 176 176 176 176 177 178 179 138 138 138 138 138 138 137 136 136 136 136 136 137 137 137 137 136 135 135 135 135 135 135 135 136 136 136 136 136 137 137 137 138 139 138 138 138 138 139 139 139 139 139 139 140 140 140 140 140 140 140 140 141 141 140 140 140 140 141 141 140 140 141 139 140 140 140 140 140 140 140 140 140 140 141 141 141 141 140 140 139 140 140 140 140 140 140 141 141 141 142 142 142 142 142 142 143 142 142 142 142 142 141 141 141 142 142 142 142 142 142 142 142 142 142 142 142 141 140 140 140 140 141 141 140 141 141 141 141 140 140 140 140 140 141 141 140 140 140 140 140 140 141 141 141 141 142 142 143 143 144 144 144 144 145 145 146 146 146 146 146 146 146 146 146 146 146 146 146 146 145 145 145 145 144 144 145 145 145 145 145 146 146 146 146 146 146 146 146 146 146 145 145 146 146 146 146 146 146 146 147 146 146 146 146 146 146 146 147 147 147 147 148 148 148 148 148 149 149 149 149 149 149 149 149 149 149 150 150 150 150 150 150 150 150 151 151 151 151 151 151 151 151 151 151 152 152 152 152 152 152 152 152 152 153 153 153 153 153 153 153 153 153 154 154 155 155 155 155 155 155 155 155 155 155 155 156 156 156 156 157 157 157 157 157 157 157 157 157 157 157 158 158 158 158 158 158 159 159 159 159 159 160 160 160 160 160 160 161 161 161 161 160 160 160 161 160 160 160 161 161 162 162 162 162 162 163 164 165 165 166 166 166 166 166 166 167 167 167 167 167 167 168 167 167 166 167 167 167 168 168 168 169 169 169 168 168 168 168 169 169 170 170 170 170 171 170 171 171 171 171 172 172 172 172 173 173 173 173 174 174 173 173 173 174 174 174 174 175 175 176 176 177 177 177 177 178 179 179 180 138 139 139 139 139 138 137 137 137 137 137 137 136 136 136 135 134 135 134 134 134 134 134 135 136 136 136 136 136 136 136 136 137 138 138 138 137 138 139 139 139 138 138 139 139 139 139 139 139 139 139 140 140 139 139 139 139 139 139 140 140 140 140 140 140 140 140 140 140 141 141 141 141 141 141 141 142 141 141 140 140 140 141 140 140 141 141 141 141 142 142 141 141 142 142 142 143 143 143 143 143 142 142 143 143 142 142 143 143 143 143 142 143 143 142 142 142 142 142 141 141 141 142 141 142 142 141 142 142 141 142 141 141 141 141 141 141 141 141 141 141 141 142 142 142 142 143 143 144 144 145 146 146 146 147 147 147 147 147 148 147 147 147 147 147 147 146 146 145 145 145 145 145 145 146 146 145 146 146 145 145 146 146 146 146 146 146 145 145 145 145 146 146 146 147 146 146 146 146 146 146 146 146 146 147 147 147 146 147 147 148 148 148 148 148 148 149 149 149 149 149 149 149 149 149 150 150 150 150 150 150 150 151 151 151 151 151 151 151 151 151 151 151 151 152 152 152 152 152 153 153 153 153 153 153 153 153 153 153 153 153 153 154 155 155 155 155 155 155 155 156 156 156 156 156 156 156 156 156 157 157 157 157 157 157 157 157 157 157 158 158 158 158 158 158 158 159 159 159 159 159 159 160 160 160 160 160 161 160 160 160 160 161 161 160 160 160 160 161 161 161 161 161 162 162 163 163 164 164 165 165 166 167 167 166 167 167 167 168 168 168 168 168 168 167 167 167 168 168 168 168 169 169 169 169 169 169 169 169 169 170 170 170 170 171 171 170 170 171 171 172 173 172 172 172 172 173 174 174 174 173 174 175 175 175 175 175 175 176 177 177 177 178 179 179 179 179 180 179 180 180 139 139 139 138 137 137 137 137 137 136 136 135 135 135 135 134 134 135 135 134 134 135 135 136 136 137 137 137 137 137 138 139 138 137 137 138 139 139 139 139 139 139 139 139 139 139 139 140 140 140 139 139 139 139 139 140 140 140 140 140 140 140 140 140 140 140 140 140 140 141 141 141 141 141 141 141 141 140 141 141 141 142 141 141 141 142 142 142 141 141 141 141 142 142 143 143 142 143 142 143 143 143 142 143 143 144 143 143 143 142 142 142 142 142 142 141 141 141 141 142 142 142 142 142 142 142 142 142 141 141 141 141 141 141 141 141 141 141 142 142 142 143 143 143 143 143 144 145 146 146 146 147 147 147 147 147 148 148 148 147 147 146 146 146 146 146 146 146 145 145 146 146 146 145 146 146 146 146 145 145 145 145 145 145 145 146 145 146 146 146 146 147 146 146 146 146 146 146 147 147 147 148 147 147 147 147 147 148 148 148 148 149 149 149 149 149 149 149 149 149 149 150 150 150 150 150 150 151 151 151 151 151 151 151 151 151 151 151 151 151 151 152 152 152 152 152 153 153 153 153 153 153 153 153 154 153 154 154 154 155 155 155 155 155 155 155 155 156 156 156 156 156 156 156 156 157 157 157 157 157 157 157 157 157 157 157 158 158 158 158 158 158 158 159 159 159 159 159 159 159 160 160 160 160 160 160 161 161 162 162 161 161 160 161 161 162 163 163 162 162 162 162 162 163 164 164 164 165 165 165 166 166 167 167 167 167 168 168 168 167 167 167 167 167 168 168 168 168 168 169 169 169 169 169 169 169 169 169 170 170 170 170 170 170 171 171 171 172 172 173 173 173 173 173 173 173 173 173 174 174 175 176 177 176 176 177 177 178 179 179 179 180 179 179 179 179 179 180 139 138 137 137 137 137 136 136 135 135 136 135 135 135 136 136 135 134 134 134 135 136 136 136 137 137 138 138 139 138 138 138 137 137 138 138 139 139 139 139 139 139 139 140 140 140 140 140 140 140 140 140 140 140 140 140 140 140 140 140 141 140 141 141 141 141 141 141 141 141 141 141 141 141 141 141 141 141 141 142 142 141 141 142 141 141 141 141 141 141 142 143 143 143 143 143 143 144 143 143 143 144 144 144 143 142 142 142 142 142 143 142 142 141 141 142 141 141 141 141 141 141 141 142 142 141 142 141 141 141 141 141 141 141 141 142 142 143 143 143 143 143 143 143 144 145 146 147 147 147 147 147 147 148 148 148 147 147 146 146 146 146 146 146 146 145 145 146 147 147 146 146 146 146 146 146 146 145 146 146 146 145 146 145 146 146 146 147 147 147 146 146 146 146 146 147 147 147 147 147 147 147 147 147 148 148 148 148 149 149 149 149 149 149 149 149 149 149 150 150 150 150 150 150 151 151 151 151 151 151 151 151 151 151 151 151 152 152 152 152 152 152 153 153 153 153 153 153 153 153 153 153 154 154 154 154 155 155 155 155 155 155 155 156 156 156 156 156 156 156 156 156 157 157 157 157 157 157 157 157 157 157 157 157 158 158 158 158 158 158 159 159 159 159 159 159 160 160 160 160 160 160 160 161 161 161 162 162 161 161 161 161 162 162 162 162 162 162 162 162 162 163 164 164 164 164 165 166 166 166 166 166 166 167 167 167 167 167 167 167 167 168 168 168 168 168 168 169 169 169 169 169 169 169 169 169 169 170 170 170 170 171 171 171 172 171 172 172 173 173 173 173 173 173 174 174 174 175 176 177 177 177 177 178 178 178 178 178 179 178 178 178 179 180 181 181 139 138 137 137 137 136 136 135 135 135 136 136 136 136 136 135 135 135 134 134 134 135 136 136 137 138 139 139 139 139 139 138 138 138 139 139 139 139 139 139 140 140 140 140 140 140 140 140 140 140 140 140 140 140 140 140 140 140 140 141 141 141 141 141 141 141 141 141 141 142 141 141 141 141 141 141 141 142 141 142 142 142 142 141 141 141 141 141 141 142 142 143 143 143 143 144 144 143 143 143 144 144 144 143 142 141 141 141 142 143 143 142 142 142 141 141 141 141 141 141 141 141 142 141 141 141 142 141 141 141 142 142 142 142 142 143 143 143 142 143 143 143 143 144 145 146 147 147 147 147 147 147 148 148 148 147 146 146 145 145 146 146 146 146 146 146 147 147 147 146 147 146 146 146 146 146 146 146 146 146 146 145 145 146 146 146 147 147 147 146 146 146 146 146 147 147 147 147 147 147 147 147 147 148 148 148 148 149 149 149 149 149 149 149 149 149 150 150 150 150 150 150 150 151 151 151 151 151 151 151 151 151 151 151 151 152 152 152 152 152 152 153 153 153 153 153 153 153 153 154 154 154 154 154 154 155 155 155 155 155 155 156 156 156 156 156 156 156 156 156 156 157 157 157 157 157 157 157 157 158 158 158 158 158 158 158 158 158 158 159 159 159 159 159 159 159 160 160 160 160 160 160 160 161 161 162 162 162 162 162 162 162 162 163 163 162 162 162 162 162 163 163 164 164 165 165 165 165 165 166 166 167 167 167 167 168 168 167 168 168 168 168 168 168 168 168 168 169 169 169 170 170 170 170 169 169 169 170 170 170 171 171 172 172 171 172 172 172 172 172 172 173 174 174 174 175 176 176 176 176 177 177 178 178 178 178 178 178 178 178 179 180 181 181 181 181 139 139 139 138 138 138 136 135 136 136 136 136 137 137 136 136 136 136 136 136 135 134 135 135 136 137 138 139 139 139 140 140 139 139 139 139 139 139 140 139 140 140 139 139 140 140 140 140 140 140 140 140 140 140 140 140 140 140 140 140 141 141 141 141 141 141 141 141 141 141 141 141 141 141 141 141 141 141 141 141 142 142 142 142 141 141 141 141 141 141 142 142 142 143 143 143 144 144 144 144 143 144 144 144 143 143 142 141 142 142 142 143 142 142 142 141 141 141 141 141 141 141 141 141 141 141 141 142 142 141 141 142 142 143 143 142 142 142 142 143 143 143 143 144 145 145 146 146 146 147 147 147 148 148 148 149 148 148 146 146 146 146 146 147 147 146 147 146 147 147 146 146 146 146 147 147 147 147 147 147 147 146 145 145 146 146 146 146 147 147 147 146 147 146 147 147 147 147 147 147 147 147 148 148 148 148 148 148 149 149 149 149 149 149 149 149 150 150 150 150 150 150 150 151 151 151 151 151 151 151 151 151 151 152 152 152 152 152 152 152 152 152 153 153 153 153 153 153 153 153 153 154 154 154 154 154 155 155 155 155 155 155 156 156 156 156 156 156 156 156 156 156 157 157 157 157 157 157 157 157 158 158 158 158 158 158 158 159 159 159 159 159 159 159 159 159 159 159 159 159 160 160 160 160 161 161 161 162 162 163 163 163 162 162 163 163 163 163 163 163 163 163 163 164 164 165 165 165 166 166 167 166 166 167 168 168 168 168 168 168 168 167 168 168 168 168 168 168 169 170 170 170 170 170 170 170 169 169 170 170 170 171 171 171 171 171 171 171 171 172 173 174 174 174 175 175 175 176 176 175 175 176 177 177 178 178 178 178 178 178 179 179 180 181 181 180 180 139 140 139 139 139 138 138 136 136 136 136 137 137 137 137 136 137 137 137 136 136 136 135 135 137 137 137 138 139 139 139 140 140 140 139 140 140 140 139 139 139 139 139 139 139 139 140 140 140 140 140 140 140 140 140 140 141 141 141 141 141 141 141 141 141 141 141 141 141 141 141 141 141 141 141 141 141 142 142 141 142 142 142 142 142 141 140 141 142 142 142 142 142 142 143 143 143 144 144 144 144 144 144 144 143 142 142 141 141 141 142 142 143 142 142 142 141 141 141 141 141 141 141 141 141 141 141 141 141 141 141 141 142 142 142 142 142 142 143 143 143 143 144 144 144 145 145 146 146 146 147 147 147 148 148 148 149 148 147 147 147 146 146 146 147 146 146 146 146 146 146 146 146 146 146 146 146 146 147 146 147 147 146 146 146 146 147 146 146 147 147 147 147 147 147 147 148 148 148 148 148 147 148 148 148 148 149 149 149 149 149 149 149 149 150 150 150 150 150 150 150 150 150 150 151 151 151 151 151 151 151 151 152 151 152 152 152 152 152 152 152 152 153 153 153 153 153 153 153 153 153 154 154 154 154 154 154 155 155 155 155 155 155 156 156 156 156 156 156 156 156 157 157 157 157 157 157 157 157 157 157 158 158 158 158 159 158 158 159 159 159 159 159 159 159 159 160 160 160 160 160 160 160 160 160 161 162 161 162 162 162 162 163 163 163 163 163 163 163 163 163 163 163 163 163 164 164 165 165 165 166 166 166 166 167 167 168 167 168 168 167 167 168 168 168 168 168 168 168 169 169 170 170 170 170 170 171 170 169 169 170 170 170 171 171 171 170 171 172 173 172 172 173 173 173 174 175 175 176 176 175 175 177 177 177 178 178 178 177 177 178 179 179 180 180 180 179 179 140 140 139 139 139 139 138 137 136 137 137 138 137 137 137 137 137 137 137 137 137 136 135 135 136 137 137 138 139 139 139 140 140 140 140 140 140 140 140 139 139 139 139 139 140 140 140 140 140 140 140 140 140 140 140 140 141 141 141 141 141 141 141 141 141 141 141 141 141 141 141 141 141 141 141 141 141 142 142 142 142 142 142 142 141 141 140 141 141 142 142 142 141 141 142 143 143 144 143 144 144 143 143 143 142 142 142 142 141 141 142 142 142 143 143 142 142 142 141 141 141 142 142 142 142 142 142 142 142 142 141 142 142 142 142 142 143 143 143 143 144 144 143 143 144 145 145 145 146 146 147 147 147 148 148 148 148 147 147 147 146 146 146 146 146 146 146 146 147 146 146 146 146 147 146 146 146 146 146 146 147 147 147 147 147 147 147 147 146 147 147 148 148 148 148 148 148 149 148 148 148 148 148 148 148 148 148 149 149 149 149 149 149 149 150 150 150 150 150 150 150 150 150 150 151 151 151 151 151 151 151 151 151 152 152 152 152 152 152 152 152 152 152 153 153 153 153 153 154 154 154 154 154 154 154 154 154 155 155 155 155 155 155 155 156 156 156 156 156 156 156 157 157 157 157 157 157 158 158 158 158 158 158 158 158 159 159 159 159 159 159 159 159 159 159 159 159 160 161 161 161 161 161 160 160 161 162 162 162 163 162 162 163 163 164 163 164 164 164 164 164 164 164 164 164 164 164 165 165 165 165 165 166 167 166 167 167 167 167 168 167 167 168 168 168 168 168 168 168 169 169 170 170 170 170 170 171 170 170 170 170 170 170 171 170 170 171 172 173 173 172 172 172 172 173 174 174 175 175 175 175 175 176 177 178 178 178 178 177 178 178 179 179 180 180 179 179 179 180 140 139 140 140 139 139 137 137 137 137 138 137 136 137 138 138 138 138 137 136 135 135 136 137 137 138 138 138 138 139 139 140 140 140 140 141 140 140 139 139 139 139 139 140 140 140 141 141 140 140 140 140 140 140 140 141 141 141 141 141 141 141 141 141 141 141 141 141 142 142 141 141 141 141 141 141 142 142 142 142 142 142 142 142 141 140 141 141 142 142 142 141 141 142 143 143 143 143 143 143 143 142 142 142 142 142 142 142 142 142 142 142 142 143 143 142 142 142 142 142 142 142 142 142 142 142 141 141 142 142 142 143 142 142 142 143 142 143 143 143 143 143 143 144 144 145 145 146 146 146 147 147 148 148 149 149 147 147 146 146 145 145 146 146 146 146 147 146 146 146 146 146 147 146 147 147 147 147 146 146 147 147 147 147 147 147 147 147 147 148 148 148 148 148 148 147 148 148 147 148 148 148 149 149 149 149 149 149 149 149 149 149 150 150 150 150 150 150 150 150 150 150 151 151 151 151 151 151 151 151 151 151 152 152 152 152 152 152 152 152 152 152 153 153 153 153 153 153 154 154 154 154 154 154 154 154 155 156 156 156 156 156 156 156 156 156 156 156 156 156 157 157 157 157 157 157 158 158 158 158 158 158 158 158 159 159 159 159 159 159 159 159 159 159 159 159 160 160 161 161 161 161 161 161 161 161 162 162 163 163 163 163 163 163 164 164 164 164 164 164 164 164 164 164 164 164 164 165 165 165 165 166 166 166 166 167 167 167 168 168 167 167 167 168 168 169 169 169 169 169 169 170 170 170 170 171 170 170 170 170 170 171 170 170 171 171 172 173 173 173 173 173 172 173 174 174 174 175 175 174 175 176 176 177 178 178 178 178 177 178 179 179 180 179 179 179 179 180 180 180 140 140 140 140 139 138 138 137 137 137 137 137 137 137 137 137 137 137 137 136 136 137 137 138 137 137 138 138 138 139 139 140 140 140 141 141 140 140 140 140 140 140 140 141 141 141 141 141 141 141 141 141 141 140 140 141 141 141 141 141 141 141 141 141 141 141 141 142 142 141 142 142 142 142 142 142 142 142 142 142 142 142 142 141 141 141 141 141 141 141 141 142 142 142 142 142 143 143 142 142 142 141 142 142 142 142 142 142 142 142 142 142 142 142 142 142 142 142 142 142 141 141 142 142 142 141 142 142 142 143 143 142 142 142 142 142 143 143 143 143 143 144 144 144 144 145 145 145 146 147 147 147 147 148 149 147 147 146 145 146 146 146 146 146 147 146 146 146 146 146 146 146 146 146 147 146 147 147 146 147 147 147 147 148 147 148 148 148 148 148 148 148 148 148 147 148 148 148 148 148 148 149 149 149 149 149 149 149 149 149 149 150 150 150 150 150 150 150 150 150 150 151 151 151 151 151 151 151 151 151 152 152 152 152 152 152 152 152 152 152 152 153 153 153 153 153 153 153 154 154 154 154 154 154 154 155 156 156 156 156 156 156 156 156 156 157 157 157 157 157 157 157 157 157 157 158 158 158 158 158 158 158 158 158 159 159 159 159 159 159 159 160 160 159 159 159 160 160 161 161 162 162 162 161 161 161 162 162 163 163 163 163 163 163 164 164 164 164 164 164 164 164 165 165 164 164 165 165 165 165 165 166 166 166 166 166 167 167 167 167 168 168 167 168 169 169 169 169 169 169 169 170 170 170 170 170 170 170 170 170 170 170 171 171 171 171 172 173 173 173 173 172 173 173 174 174 175 175 174 175 175 176 177 177 178 178 178 177 178 178 179 180 180 179 179 179 179 179 180 140 140 140 140 140 138 138 138 138 138 138 138 137 136 136 136 136 137 137 136 136 136 137 137 137 138 138 138 138 139 139 140 140 140 140 140 140 140 140 140 140 140 141 141 141 141 141 141 141 141 141 141 141 141 141 141 141 141 141 141 141 141 142 141 141 141 141 142 141 142 142 142 142 142 142 142 142 142 142 142 142 142 142 142 141 141 141 141 142 142 142 142 142 142 142 143 143 142 142 142 142 142 141 142 142 142 142 142 142 142 143 143 142 142 142 142 142 142 142 142 142 142 141 142 142 142 142 142 142 143 143 142 142 142 142 143 143 143 143 143 143 143 144 144 144 144 145 146 146 146 146 146 147 148 147 147 147 147 146 146 146 146 146 146 146 146 146 146 146 146 146 146 146 146 146 146 146 146 146 146 146 147 147 147 147 148 148 148 148 149 149 148 148 148 148 147 148 148 148 148 148 148 149 149 149 149 149 149 149 149 150 150 150 150 150 150 150 150 150 150 150 151 151 151 151 151 151 151 151 152 152 152 152 152 152 152 152 152 152 152 152 153 153 153 153 153 153 153 153 154 154 154 154 154 154 155 156 156 156 156 156 156 156 156 156 157 157 157 157 157 157 157 157 157 157 158 158 158 158 158 158 158 158 158 158 159 159 159 160 160 160 160 160 160 159 159 160 160 160 161 162 162 162 162 162 161 161 162 162 163 163 163 163 163 163 164 164 164 164 164 164 165 165 165 165 165 165 165 165 165 165 166 166 166 166 166 167 167 167 168 168 168 168 168 168 169 169 169 169 169 170 170 170 170 170 170 170 170 170 170 170 171 171 172 172 172 172 173 173 173 173 173 173 173 174 174 175 174 174 175 175 176 176 176 177 178 178 178 178 178 179 180 180 180 179 179 179 180 180 181 141 140 139 139 138 138 138 138 138 137 136 136 136 136 137 137 137 137 136 137 137 137 137 138 139 138 139 139 140 139 139 140 140 141 141 141 140 140 140 141 141 141 141 141 141 141 141 141 141 141 141 141 141 141 141 141 141 142 142 142 142 142 141 141 141 142 142 142 142 142 142 142 142 142 142 142 142 142 143 142 142 142 141 141 141 142 142 142 142 142 142 142 142 142 142 142 142 142 142 142 142 142 142 142 142 142 142 143 143 143 142 142 142 142 142 142 142 142 142 142 142 142 142 142 142 142 143 143 142 142 142 142 143 143 143 143 143 143 144 144 144 144 145 145 145 145 145 145 146 147 147 146 146 146 147 146 146 146 146 146 146 146 147 147 147 146 146 147 147 146 146 147 146 146 147 147 147 146 146 147 147 147 148 148 148 148 149 148 148 148 148 148 148 148 148 148 148 148 148 149 149 149 149 149 149 149 149 150 150 150 150 150 150 150 150 150 151 151 151 151 151 151 151 151 151 151 152 152 152 152 152 152 152 153 153 153 153 153 153 153 153 153 153 153 153 153 154 154 154 154 154 154 155 156 156 156 156 156 156 156 156 157 157 157 157 157 157 157 157 157 157 158 158 158 158 158 158 158 158 158 159 159 159 159 159 160 160 161 161 160 160 160 159 160 160 160 161 161 161 161 162 163 162 162 162 162 163 163 163 164 164 164 164 164 164 164 165 165 165 165 165 165 165 165 165 165 165 166 166 166 166 166 166 166 167 167 167 168 167 168 168 168 169 169 169 169 169 169 169 170 170 170 170 170 170 170 170 171 171 171 171 172 173 173 174 173 173 173 173 173 173 173 174 174 174 175 175 176 175 176 175 176 177 178 178 178 178 179 180 180 180 180 179 179 179 180 181 181 139 139 139 139 139 138 137 136 137 137 137 137 137 137 137 137 137 137 137 137 138 138 138 139 139 139 139 139 140 140 141 140 140 140 140 140 141 141 141 141 141 141 141 141 141 141 141 141 141 141 141 141 141 141 142 142 142 142 142 142 141 142 142 142 142 142 142 142 142 142 143 143 143 143 143 143 143 143 142 142 141 141 141 141 141 142 142 142 143 142 142 142 142 142 142 142 142 142 142 142 142 142 142 142 142 142 143 143 142 142 142 142 142 142 142 142 142 142 142 142 143 143 143 143 143 143 143 143 142 142 143 143 143 144 144 144 144 144 144 144 145 144 145 146 146 146 146 146 146 146 146 146 147 147 146 146 146 146 146 146 147 147 146 146 147 147 146 146 147 147 147 147 148 148 147 147 147 147 147 147 147 148 148 148 148 148 148 148 148 148 148 148 148 148 148 148 149 149 149 149 149 149 149 150 150 150 150 150 150 150 150 150 151 151 151 151 151 151 151 151 151 151 152 152 152 152 152 152 152 152 152 152 152 153 153 153 153 153 153 153 153 153 154 154 154 154 154 154 155 155 156 156 156 156 156 156 156 157 157 157 157 157 157 157 157 157 158 158 158 158 158 158 158 158 158 158 159 159 159 159 159 160 160 160 161 161 161 161 161 160 160 160 161 161 161 161 161 162 163 163 162 162 162 163 163 163 163 163 164 164 164 164 164 164 165 165 165 165 164 164 164 165 165 165 166 166 166 166 166 166 166 166 167 167 167 167 167 168 168 169 169 169 169 169 169 169 170 170 171 170 170 170 170 171 171 171 171 171 172 172 173 174 174 173 174 174 174 174 174 174 174 174 175 175 175 175 175 175 176 178 178 178 178 178 179 179 180 180 179 179 179 180 180 180 181 139 139 137 137 137 137 137 137 138 137 137 137 137 137 137 137 138 138 138 138 138 139 139 139 139 140 141 141 141 140 140 140 141 141 141 141 141 141 141 141 141 141 141 141 141 141 141 142 141 141 142 142 142 142 142 142 142 142 142 142 142 142 142 142 142 143 143 143 143 143 143 143 143 143 143 142 141 141 141 141 141 141 142 142 142 142 143 143 142 142 142 142 142 142 142 142 142 142 142 142 142 142 142 143 143 143 142 142 142 142 142 142 142 142 142 142 142 143 143 143 143 143 143 143 143 143 143 143 143 143 143 143 143 144 144 144 144 144 145 145 145 145 146 146 146 145 145 145 146 146 147 147 147 147 146 146 146 147 146 146 146 147 147 147 147 147 148 147 148 148 147 147 147 148 147 147 147 147 148 147 147 147 148 148 148 148 149 148 148 148 148 148 148 149 149 149 149 149 149 150 150 150 150 150 150 150 150 150 150 150 151 151 151 151 151 151 151 151 151 152 152 152 152 152 152 152 152 152 152 152 152 152 152 153 153 153 153 153 153 154 154 154 154 154 154 154 156 156 156 156 156 156 156 156 157 157 157 157 157 157 157 157 158 158 158 158 158 158 158 158 158 159 159 159 160 160 160 160 161 161 161 161 161 161 161 160 160 160 160 161 161 161 162 162 162 162 163 163 162 163 163 163 163 163 163 164 164 164 164 164 164 165 165 166 166 165 164 164 164 165 165 166 166 166 166 166 166 166 167 167 167 167 167 167 168 168 168 168 168 168 169 169 169 169 170 170 170 170 170 170 171 171 171 171 171 172 172 173 173 174 174 174 174 175 175 174 174 174 174 174 174 175 175 175 176 177 178 178 178 178 178 178 179 179 180 179 179 179 179 180 180 181 182 182 139 138 137 138 138 138 138 138 138 138 137 137 137 137 137 137 137 138 138 138 139 139 140 140 140 140 141 140 140 140 141 141 141 141 141 141 141 141 141 141 141 142 142 142 142 142 142 142 141 141 142 142 142 142 142 142 142 143 142 142 142 142 142 143 143 143 143 143 143 143 143 143 143 143 143 142 142 142 141 141 141 142 142 143 143 142 143 143 143 143 143 142 142 142 142 142 142 142 142 142 142 142 142 143 143 143 143 142 142 142 142 142 142 142 142 142 142 142 143 143 143 143 143 144 143 143 143 143 143 143 143 144 144 144 145 145 145 145 146 146 146 146 146 146 145 145 145 146 146 146 147 147 147 146 146 146 146 146 147 147 148 148 148 148 148 148 147 147 148 147 147 147 148 148 147 146 146 147 147 147 148 148 148 148 148 148 148 148 148 148 149 149 149 149 149 149 149 150 150 150 150 150 150 150 150 150 150 150 150 151 151 151 151 151 151 151 151 151 152 152 152 152 152 152 152 152 152 152 152 152 152 152 153 153 153 153 153 153 154 154 154 154 154 154 155 156 156 156 156 156 156 157 157 157 157 157 157 157 157 157 158 158 158 158 158 158 158 159 159 159 159 159 159 160 160 160 161 161 161 160 160 161 161 160 160 161 161 161 161 161 161 162 162 162 162 163 164 164 163 163 163 163 163 163 164 164 164 164 164 164 165 165 166 166 165 165 165 165 165 165 166 166 166 166 166 166 167 167 167 167 167 168 168 168 168 168 168 169 169 169 169 169 169 169 170 170 170 170 171 171 171 171 171 172 172 172 173 173 173 173 174 174 174 175 175 175 175 175 174 174 174 175 175 176 176 177 178 178 179 178 178 178 179 180 179 179 179 180 180 180 181 181 182 182 182 138 138 138 138 137 137 137 137 137 137 138 138 139 139 138 137 138 138 138 139 139 140 140 140 140 140 140 141 141 141 141 141 141 141 141 141 141 142 142 142 142 142 142 142 141 142 142 142 141 142 142 142 142 142 142 142 142 142 142 142 142 143 143 143 143 143 143 143 143 143 143 143 143 143 143 142 142 142 142 142 142 142 142 142 143 143 143 143 143 143 143 143 142 142 142 142 142 142 142 142 142 142 142 143 143 143 143 143 142 142 142 142 143 142 142 143 143 143 143 144 144 144 144 144 143 143 143 143 143 144 144 145 145 145 145 146 146 146 146 146 146 146 146 145 145 146 146 146 146 147 147 146 146 146 146 146 147 147 147 147 148 148 148 147 147 147 148 148 148 147 148 148 148 147 147 147 147 147 147 147 147 148 148 148 148 148 148 149 149 149 149 149 149 149 150 150 150 150 150 150 150 150 150 150 150 150 150 150 150 150 151 151 151 151 151 151 152 152 152 152 152 152 152 152 152 153 152 153 153 153 152 153 153 153 153 154 154 154 154 154 154 154 154 154 155 156 156 156 156 156 157 157 157 157 157 157 157 157 158 158 158 158 158 158 158 158 159 159 159 159 159 159 159 160 160 160 161 160 160 160 160 160 160 161 161 161 161 161 162 162 162 162 162 162 163 163 164 165 165 164 164 164 164 164 164 164 164 164 164 164 165 166 167 167 166 166 165 165 165 166 166 166 166 166 166 167 167 167 167 168 168 168 168 169 169 169 169 170 170 170 170 170 170 170 169 169 170 170 171 171 171 171 172 172 172 173 173 173 173 173 173 174 174 175 176 176 176 176 175 175 174 175 175 176 176 177 178 179 179 178 178 179 180 179 179 180 180 181 181 181 181 182 182 182 183 139 139 138 138 138 137 137 137 137 137 138 139 139 138 137 137 138 139 139 140 140 140 140 139 140 140 140 141 141 141 142 142 142 141 141 142 142 142 142 142 142 142 142 142 142 142 142 142 142 142 142 142 142 142 142 142 142 142 142 143 143 143 143 143 143 143 143 143 143 143 143 143 143 143 143 142 142 141 142 142 142 142 142 143 143 143 143 144 144 143 143 143 143 143 143 142 142 143 143 143 142 142 142 143 143 143 143 143 142 142 142 143 143 142 142 143 143 144 144 144 144 144 144 144 144 144 144 143 143 143 144 144 144 144 145 146 146 145 145 145 146 146 145 145 146 146 146 146 146 146 147 147 147 146 146 146 147 147 147 147 148 148 148 148 148 147 147 147 147 147 148 148 149 148 147 147 147 148 147 147 147 147 147 147 148 148 148 149 149 149 149 149 149 149 150 150 150 150 150 150 150 150 151 151 151 150 150 150 150 151 151 151 151 151 151 152 152 152 152 152 152 153 152 152 153 153 153 153 154 153 153 153 153 153 154 154 153 154 154 154 154 154 154 154 155 156 156 156 156 156 157 157 157 157 157 157 157 157 158 158 158 158 158 158 158 158 158 158 159 159 159 159 159 159 160 160 160 160 160 160 160 161 161 161 161 161 161 161 162 162 162 162 162 162 163 163 163 165 165 166 165 164 164 164 164 164 164 164 164 165 165 166 167 167 166 166 166 165 165 166 166 167 167 167 167 167 167 167 167 168 168 168 169 169 169 170 170 171 171 171 171 171 170 170 169 169 170 170 171 171 171 171 172 172 173 173 173 173 174 174 174 174 174 174 175 175 175 176 176 176 176 176 175 175 176 176 177 178 179 179 178 179 180 179 179 180 181 181 181 181 181 182 182 182 183 183 183 183 183 184 184 140 139 138 139 138 138 138 137 137 137 138 138 138 138 137 137 138 139 139 139 139 139 139 139 139 140 140 140 140 141 142 142 141 141 142 142 143 142 142 142 142 142 142 142 142 142 142 142 142 142 143 143 142 142 142 142 142 143 143 143 143 143 143 143 143 143 143 143 143 143 143 143 144 143 143 143 143 143 142 142 141 141 141 142 143 143 143 143 143 142 143 143 143 143 143 143 143 143 143 143 143 142 142 143 143 143 143 143 142 142 143 142 143 143 143 143 143 143 144 144 144 144 143 143 143 143 143 143 143 143 143 144 144 144 145 145 146 145 145 145 145 145 145 146 146 147 146 146 147 147 148 147 147 146 146 146 147 147 148 148 148 149 148 148 148 148 147 147 147 148 149 149 148 148 148 147 147 148 148 148 148 148 147 147 148 148 148 149 149 149 149 149 149 149 149 150 150 150 150 150 151 150 151 151 151 151 150 150 151 151 151 151 151 151 151 152 152 152 152 152 152 153 153 152 153 153 153 154 154 153 153 153 153 153 153 154 154 154 154 154 154 154 154 154 155 156 156 156 156 156 157 157 157 157 157 157 157 158 158 158 158 158 158 158 158 159 159 159 159 159 159 159 159 160 160 160 160 160 160 161 161 161 161 162 162 162 161 162 162 162 162 163 163 163 163 163 163 164 164 164 165 165 165 165 165 165 165 164 165 165 165 166 166 167 167 166 166 165 165 166 166 167 167 168 167 167 167 167 168 168 169 169 169 170 170 170 170 171 171 171 172 172 172 172 171 171 170 171 171 171 171 171 172 172 173 173 173 174 174 175 175 174 174 175 175 175 175 176 176 177 177 177 177 177 176 177 177 178 178 179 179 178 179 179 179 180 181 181 181 180 181 182 182 182 182 183 183 184 183 183 184 184 185 140 139 139 139 139 138 138 138 138 137 137 137 137 137 137 138 138 138 139 139 139 139 139 140 140 140 140 141 141 141 142 142 142 143 142 142 142 142 142 142 142 142 142 142 142 143 143 143 143 143 143 142 142 142 142 143 143 143 143 143 143 143 143 144 143 143 143 143 143 143 144 143 143 143 143 144 143 142 142 142 141 141 142 143 143 143 143 142 142 143 143 143 143 143 143 143 143 143 143 143 143 143 143 143 143 143 142 142 143 143 143 143 143 143 143 144 144 144 144 144 144 144 144 143 143 143 143 143 143 143 144 144 144 145 145 146 145 145 145 145 146 146 146 147 147 147 147 147 147 148 147 147 146 147 147 148 148 148 149 148 148 148 149 149 148 148 147 148 148 149 149 148 148 148 147 149 149 149 148 148 148 148 148 148 148 149 149 149 149 149 149 150 150 150 150 150 150 150 150 150 150 150 151 151 150 150 150 151 151 151 152 151 151 151 152 152 152 152 152 153 153 153 153 153 154 154 154 153 154 153 153 153 153 154 154 154 154 154 155 155 154 155 155 156 156 156 156 156 157 157 157 157 157 157 158 158 158 158 158 158 158 158 159 159 159 159 159 159 159 159 160 160 160 160 160 160 161 161 161 161 161 162 162 162 161 162 162 162 163 163 163 163 163 163 163 164 164 164 164 165 166 167 167 166 165 165 165 165 165 166 166 168 168 167 166 165 166 166 166 167 167 168 168 168 167 168 168 168 168 169 169 170 171 171 171 172 171 171 171 172 172 172 171 172 172 172 172 172 172 172 172 173 173 173 173 173 174 174 175 175 175 175 175 175 175 175 176 176 176 177 177 177 176 177 177 178 178 179 179 179 179 179 179 180 181 181 181 180 181 182 181 181 182 182 183 183 183 184 184 185 185 185 186 139 139 138 138 138 138 138 138 138 138 138 139 139 139 140 140 140 140 141 141 140 140 141 141 141 142 142 143 143 142 142 142 142 142 142 143 143 143 143 143 143 143 143 143 143 143 143 143 142 142 142 143 143 143 143 143 143 143 143 143 143 143 144 144 143 144 144 143 143 143 143 143 143 143 143 143 142 142 141 141 142 143 143 142 142 142 142 143 143 143 143 143 143 143 143 143 143 143 143 143 143 143 142 143 143 143 144 143 144 144 144 144 144 144 143 143 143 143 143 143 143 144 144 144 143 143 144 145 144 144 145 146 145 145 146 146 146 147 146 146 146 146 146 147 147 147 147 147 147 147 147 148 148 148 148 148 148 148 149 149 149 148 148 148 149 149 149 148 148 148 147 148 149 149 149 149 148 148 148 149 148 148 148 148 149 149 149 150 150 150 150 150 150 150 150 150 150 150 150 150 150 150 150 151 151 152 152 152 152 152 152 152 152 152 152 152 152 153 153 154 154 154 153 153 153 153 154 154 153 154 154 154 154 155 155 155 155 155 155 156 156 156 156 157 157 157 157 157 157 158 158 158 158 158 158 158 159 159 159 159 159 159 159 159 159 160 160 160 160 160 160 161 161 161 161 161 161 162 162 162 162 162 162 162 162 162 163 163 163 163 163 163 164 165 165 164 165 167 168 168 167 166 166 166 165 166 167 169 169 168 167 166 166 166 166 167 167 168 168 169 168 169 169 169 169 169 170 170 170 170 171 171 171 171 171 171 171 171 171 172 172 172 172 172 172 172 172 172 173 173 173 174 174 174 174 175 176 176 176 176 176 176 176 176 176 176 176 177 177 176 177 177 178 179 179 180 179 179 179 180 181 181 180 180 181 182 182 181 182 182 182 182 183 184 184 184 185 185 140 140 139 139 138 138 138 138 138 138 139 139 139 140 139 140 140 140 140 140 141 141 141 142 142 143 143 143 143 143 142 142 142 143 143 143 143 143 143 143 143 143 143 143 143 143 143 143 143 143 143 143 143 143 143 143 143 143 143 143 143 143 144 144 143 143 143 144 144 144 144 144 144 144 143 143 142 141 141 141 142 142 142 141 142 142 142 143 142 142 143 143 143 143 143 143 143 143 143 143 143 143 143 143 144 144 143 144 144 145 144 144 144 143 143 144 144 143 144 144 144 144 144 143 143 144 144 145 145 145 145 146 146 146 146 146 145 146 146 146 147 147 147 148 148 147 147 147 148 148 147 148 148 148 148 148 148 148 148 148 148 147 148 149 149 149 148 148 148 148 149 149 149 149 148 148 148 149 149 148 148 148 149 149 149 149 150 150 150 150 150 150 150 150 150 150 150 150 150 151 151 151 151 151 152 152 152 152 153 153 152 152 152 152 152 153 153 154 154 154 154 154 154 154 154 154 154 154 154 155 155 155 156 155 155 155 155 156 156 156 156 157 157 157 157 157 158 158 158 158 158 158 159 159 159 159 159 159 159 160 160 160 160 160 160 160 160 160 161 161 161 161 161 161 162 162 162 162 162 162 162 162 162 162 162 163 163 163 163 163 164 164 165 164 165 166 167 168 169 169 168 168 167 166 168 169 169 169 168 168 167 166 166 167 167 168 168 169 169 170 170 170 170 170 170 171 171 170 170 171 171 171 171 171 171 172 171 171 171 172 172 172 172 173 173 173 173 173 173 174 174 174 174 174 175 175 175 176 176 177 177 177 177 177 176 176 176 177 177 177 177 178 178 179 179 179 180 181 180 180 180 181 181 182 182 182 182 182 182 182 183 183 183 184 185 139 140 139 139 139 139 139 139 140 140 140 140 141 141 141 141 142 142 142 143 143 143 142 142 143 143 143 143 143 143 143 143 143 143 143 143 143 143 143 143 143 143 143 143 143 143 143 143 143 143 143 143 143 144 144 144 143 144 144 144 144 144 144 144 144 144 144 144 144 143 143 142 141 141 141 141 141 141 141 142 142 142 142 142 143 143 143 143 144 143 143 143 143 143 143 143 143 144 144 144 144 144 144 145 145 144 144 144 144 144 144 144 145 145 144 144 144 144 144 144 145 145 145 145 146 146 146 146 146 146 146 146 147 147 147 147 148 148 147 148 148 148 147 148 148 148 148 149 148 148 148 148 148 148 148 148 149 149 149 148 148 148 148 149 149 150 149 149 149 148 149 149 149 149 149 149 148 149 149 149 150 150 150 150 150 150 150 150 150 150 150 150 151 151 151 151 151 152 152 153 152 152 152 152 152 152 153 153 153 154 154 154 154 154 154 154 154 154 154 154 154 154 155 156 156 156 155 155 156 156 156 156 156 157 157 157 157 157 158 158 158 158 158 158 158 159 159 159 159 159 159 159 160 160 160 160 160 160 160 160 161 161 161 161 161 162 162 162 162 162 162 162 162 162 162 163 163 163 163 163 163 163 164 164 164 164 164 165 165 165 167 168 169 169 169 169 168 169 169 169 169 169 169 168 167 166 166 167 167 168 169 170 170 170 170 171 171 171 171 171 171 171 171 171 171 171 171 172 172 171 171 171 172 172 172 172 173 173 173 173 173 174 174 174 174 174 174 174 175 175 175 176 176 177 177 177 178 177 176 176 177 177 177 177 177 178 178 178 179 180 180 180 180 180 181 181 182 182 182 183 182 182 183 183 183 184 184 185 139 140 139 139 140 140 140 141 141 141 142 142 141 141 142 143 143 143 142 142 143 143 143 143 143 143 143 143 143 143 143 144 144 144 143 143 143 143 143 143 143 143 144 143 143 143 143 143 144 144 143 143 143 144 144 144 144 144 144 143 143 144 144 144 144 144 144 144 143 143 142 142 143 143 143 142 141 142 142 142 143 143 143 143 143 143 143 143 143 143 143 143 143 143 143 144 144 144 144 145 145 145 144 144 144 144 144 144 144 145 144 144 144 144 144 144 144 145 145 145 145 146 146 146 146 146 146 147 147 146 147 147 148 148 148 148 149 149 148 148 148 148 148 149 149 148 148 148 149 149 148 148 148 148 149 149 149 149 148 148 149 150 150 150 149 149 149 149 149 149 149 149 149 149 149 149 149 150 150 150 150 150 150 150 150 150 150 150 150 151 151 152 151 151 152 152 153 152 152 152 152 152 153 153 153 153 153 153 153 154 154 155 155 154 155 155 154 154 154 155 156 156 155 156 156 156 156 156 156 157 157 157 157 157 158 158 158 158 158 158 158 159 159 159 159 159 159 159 160 160 160 160 160 160 160 160 160 161 161 161 161 162 162 162 162 162 163 163 163 163 163 163 163 163 163 164 163 163 163 164 164 164 164 165 165 165 165 166 167 169 169 169 169 169 169 169 170 170 170 170 169 168 167 167 167 167 168 168 169 170 170 171 171 171 171 171 171 171 171 171 171 171 171 171 172 172 171 172 172 172 172 172 173 173 173 173 174 174 174 174 174 174 174 174 175 175 175 175 176 176 176 177 177 178 178 178 177 177 177 177 177 178 177 178 178 178 179 179 180 180 180 181 181 182 182 182 182 182 183 182 183 183 183 183 184 185 138 139 140 140 140 140 140 141 142 142 142 142 141 141 142 143 142 142 143 143 143 143 143 143 143 143 144 143 143 143 143 144 144 144 144 144 143 143 143 143 143 144 144 144 144 144 144 143 143 143 143 143 144 144 144 144 143 144 143 144 144 144 144 144 144 144 144 144 144 144 144 144 143 143 143 143 142 142 142 142 143 143 143 143 143 144 143 143 143 143 144 144 143 144 144 144 144 144 144 145 145 145 145 144 145 145 144 144 145 145 144 144 144 144 145 145 144 144 145 145 146 146 146 146 146 146 146 147 146 146 147 147 147 148 148 148 149 149 148 148 148 148 148 149 148 149 148 149 149 149 148 148 148 148 149 149 150 150 149 149 150 150 150 150 149 149 149 149 149 149 149 149 149 149 149 149 149 149 150 150 150 150 150 150 150 150 150 150 150 151 151 152 152 152 152 152 153 152 153 152 152 152 153 153 153 153 153 153 153 154 154 155 155 155 155 155 155 155 155 155 156 156 156 156 156 156 156 156 156 157 157 157 157 158 158 158 158 158 158 158 159 159 159 159 159 159 159 159 160 160 160 160 160 160 161 161 161 161 161 161 161 161 162 162 162 163 163 163 163 164 163 164 163 163 163 163 164 164 164 164 164 164 165 165 165 165 165 165 166 168 169 170 170 170 169 170 170 170 170 169 169 169 169 168 167 167 168 168 169 169 170 170 171 171 171 171 171 171 171 171 171 171 171 172 172 172 171 172 172 172 172 173 173 173 173 173 174 174 174 174 174 174 174 175 175 175 175 175 176 176 177 177 177 177 178 178 178 178 178 179 179 179 179 179 179 179 179 179 179 180 180 180 181 181 181 181 182 182 182 182 183 183 183 184 184 138 139 140 141 141 141 141 141 141 141 142 142 142 141 142 142 142 142 143 143 143 143 143 143 143 143 143 143 144 143 143 143 144 144 144 144 144 144 144 144 144 144 144 144 144 144 144 144 143 143 143 143 143 143 144 144 144 143 144 144 144 144 144 144 144 144 144 144 144 144 144 144 144 143 143 143 143 143 142 142 142 142 142 143 143 143 143 143 143 143 144 144 144 144 144 144 144 144 144 145 145 145 146 145 145 146 145 145 145 145 145 145 145 145 144 145 144 144 144 145 145 145 145 146 146 146 146 146 146 146 146 146 147 147 148 147 148 148 149 150 149 148 149 149 149 149 150 150 150 150 149 149 148 148 148 149 149 150 150 150 149 149 150 151 150 150 149 149 149 149 150 150 150 150 150 149 149 149 149 149 150 150 150 150 150 150 150 151 151 150 151 151 151 152 152 152 152 153 153 153 153 153 152 153 153 153 153 153 154 153 153 154 154 155 155 155 155 155 155 156 156 156 156 156 156 156 156 156 156 157 157 157 157 158 158 158 158 158 158 158 159 159 159 159 159 159 159 159 160 160 160 160 160 160 160 161 161 161 161 161 161 161 161 162 162 162 162 163 163 163 163 164 164 164 164 164 164 164 164 164 164 164 164 165 165 165 165 165 165 166 168 168 169 170 170 170 170 170 170 170 170 169 169 169 169 168 168 168 169 169 169 169 170 171 171 171 171 171 171 171 172 172 171 172 171 172 172 171 172 172 172 172 173 173 173 173 174 174 174 174 174 174 175 175 175 175 175 175 175 175 176 177 177 177 177 177 178 178 178 179 178 179 179 179 180 180 180 179 179 179 180 180 180 181 181 181 182 182 183 183 183 183 183 184 184 184 140 140 140 140 140 141 141 142 142 142 142 142 142 141 142 143 143 143 143 143 143 143 143 143 143 143 143 143 143 143 144 144 144 144 144 144 144 144 144 144 144 144 144 144 144 144 144 144 143 143 143 143 143 143 143 143 144 144 144 144 144 144 144 144 144 144 144 145 144 144 144 143 143 143 142 142 142 142 142 143 143 143 143 143 143 143 143 143 143 143 144 144 144 144 144 144 145 145 145 145 145 146 146 146 146 146 145 145 145 146 145 145 145 145 145 145 144 144 144 145 145 145 146 145 146 146 146 146 146 146 147 147 148 147 147 148 148 149 150 150 150 150 150 150 149 149 149 150 150 150 149 149 149 149 149 150 150 150 150 150 150 150 150 150 150 150 150 149 149 149 149 149 149 149 149 149 149 149 150 150 150 150 151 151 151 151 151 151 151 151 151 151 151 152 152 153 153 153 153 153 152 153 153 153 153 153 154 154 154 154 154 154 155 155 154 155 155 155 155 156 156 156 156 156 156 156 157 157 157 157 157 157 158 158 158 158 158 158 159 159 159 159 159 159 159 159 160 160 160 160 160 160 160 160 161 161 161 161 161 161 161 161 162 162 162 162 163 163 163 163 164 164 165 165 164 164 164 164 164 164 164 164 165 165 165 165 165 166 166 166 167 168 168 169 169 170 170 170 171 170 170 169 169 168 168 168 168 169 169 170 170 170 170 171 171 171 171 171 172 172 172 172 172 172 172 172 171 172 172 172 172 173 173 173 173 173 174 174 174 174 175 175 175 175 175 175 175 175 175 176 176 177 177 177 178 178 178 178 179 179 178 178 179 179 180 180 180 180 179 179 180 180 181 181 181 181 182 182 183 183 183 184 183 184 184 139 140 140 141 141 142 142 142 142 142 142 141 142 142 143 143 143 143 143 143 143 143 144 144 144 144 144 144 144 144 144 144 144 144 144 144 144 144 144 144 144 144 144 144 144 144 144 144 143 143 144 144 144 144 144 144 144 144 144 144 144 144 144 144 144 144 144 144 143 143 142 142 142 143 143 143 144 143 143 143 143 143 143 143 143 144 144 143 143 144 144 144 144 144 144 145 145 145 145 146 146 146 146 146 146 146 146 146 146 146 146 146 146 145 145 145 145 145 145 145 145 146 147 147 146 146 146 146 147 147 147 147 147 148 149 150 150 149 149 150 150 150 149 149 150 149 149 150 150 149 150 150 150 150 150 150 151 151 150 150 151 150 150 149 149 149 149 149 149 149 149 149 149 149 149 149 150 150 150 149 150 151 151 151 151 151 151 151 151 151 152 152 152 152 153 153 153 152 153 153 153 153 153 153 154 154 154 155 155 155 155 155 154 154 155 155 155 156 156 156 156 156 156 156 157 157 157 157 157 157 158 158 158 158 158 159 159 159 159 159 159 159 159 159 160 160 160 160 160 160 160 160 161 161 161 161 161 161 161 161 162 162 162 162 162 163 163 163 164 164 164 165 165 165 165 164 165 164 164 165 165 165 165 165 166 166 166 166 166 167 167 168 169 170 171 171 171 171 170 170 169 169 168 168 168 169 169 170 170 170 170 170 171 171 171 171 172 172 172 172 172 172 173 173 172 172 172 172 172 173 173 173 173 173 174 174 174 174 175 175 175 175 175 175 175 175 175 176 176 176 176 177 177 178 178 178 178 178 178 178 179 179 179 180 180 181 180 180 180 180 181 181 181 182 182 182 182 183 183 183 183 184 141 141 142 142 142 142 142 142 142 142 142 142 143 143 143 143 144 144 144 144 144 144 144 144 144 144 144 144 144 144 144 144 144 144 144 144 144 144 144 145 144 144 144 144 144 144 144 144 144 144 144 144 144 144 144 144 144 144 145 145 145 145 145 144 143 143 143 143 144 143 143 144 144 144 144 144 144 143 143 143 144 144 144 144 144 144 144 144 144 144 145 145 145 145 145 145 146 145 146 146 146 146 146 146 147 146 147 147 147 146 146 145 145 145 145 145 146 146 146 147 146 146 147 147 147 147 147 148 148 148 149 149 149 149 149 150 151 151 150 151 150 150 149 149 150 151 150 151 151 150 150 150 151 151 151 151 151 151 150 150 150 150 149 150 150 150 150 150 150 150 150 150 150 151 150 150 150 151 151 151 152 152 152 152 152 152 151 152 152 152 153 153 153 153 153 154 153 153 153 153 154 154 154 155 155 155 154 154 155 155 155 155 155 156 156 156 156 156 156 156 157 157 157 157 157 158 158 158 158 158 159 159 159 159 159 159 159 159 159 159 159 159 160 160 160 160 160 160 161 161 161 161 161 161 162 162 162 162 162 162 162 163 163 163 164 164 164 165 165 165 165 165 165 165 165 165 165 165 165 166 166 166 166 166 166 166 166 167 169 169 170 171 171 171 170 170 170 169 169 169 169 169 169 170 170 170 170 170 170 171 171 172 172 172 172 172 173 172 173 173 172 172 172 172 172 173 173 173 173 173 173 174 174 174 175 175 175 175 176 176 176 175 175 176 176 176 177 177 178 178 178 178 178 178 178 178 178 179 179 179 180 180 181 181 181 181 181 181 181 182 182 182 182 182 182 183 183 184 141 141 142 142 142 142 142 142 142 143 143 143 144 144 144 144 144 144 144 144 144 144 144 144 144 144 144 144 144 144 145 145 144 144 145 145 145 144 144 145 145 144 144 144 144 144 144 144 144 144 144 144 144 145 145 145 145 145 145 145 144 144 143 143 144 144 143 143 144 144 143 143 143 143 144 144 144 144 144 144 144 144 144 144 144 144 145 145 145 145 145 145 146 146 146 146 146 145 145 145 145 146 146 146 147 147 146 146 145 145 145 145 145 146 147 146 146 147 147 147 147 147 147 148 148 148 149 149 148 149 150 150 151 151 151 151 151 150 150 149 149 151 151 151 151 150 150 150 150 151 151 151 151 151 151 151 150 150 150 150 150 150 150 150 150 150 150 150 151 151 150 150 150 151 152 152 152 152 152 152 152 152 152 152 152 152 153 153 153 153 154 154 154 154 154 154 154 154 154 155 155 154 154 155 155 155 155 155 155 156 156 156 156 156 156 156 157 157 157 157 158 158 158 158 158 159 159 159 159 159 159 159 159 159 159 159 159 159 160 160 160 161 161 161 161 161 161 161 162 162 162 162 162 162 162 163 163 163 163 163 164 164 164 164 164 165 165 165 165 165 165 165 165 165 166 166 166 166 166 166 166 166 167 167 167 168 168 169 170 171 171 170 170 169 169 169 169 169 169 170 170 170 170 170 171 171 171 171 172 172 172 173 173 173 173 173 173 172 172 172 173 173 173 174 174 174 173 174 174 174 175 175 175 175 176 176 176 176 176 176 176 176 177 177 177 178 178 178 178 178 179 179 178 178 178 179 179 179 180 180 182 182 181 181 181 181 182 182 182 183 183 183 141 142 142 142 143 143 144 144 144 144 144 144 144 144 144 144 144 144 144 145 145 145 145 145 145 145 145 145 145 145 145 145 145 145 145 144 144 144 144 144 144 144 144 144 144 144 144 145 145 145 145 145 145 144 144 143 143 144 144 143 143 144 143 143 143 143 143 144 144 144 144 144 144 145 144 144 145 145 144 144 145 145 145 146 145 146 146 146 146 146 146 146 146 146 146 145 145 146 147 147 146 146 146 146 145 146 146 146 146 146 146 146 147 147 148 148 148 148 148 148 148 148 149 150 150 150 151 150 151 151 150 150 149 149 151 150 150 150 150 150 151 150 151 151 151 151 151 151 150 150 150 150 150 151 151 151 150 150 150 150 150 151 151 151 151 150 151 151 152 152 152 152 152 152 152 152 152 152 152 152 153 153 153 153 154 154 154 154 154 154 154 154 154 154 154 155 155 155 155 155 155 155 156 156 156 156 156 157 157 157 157 158 158 158 158 158 158 158 158 159 159 159 159 159 159 159 159 159 159 160 160 160 160 160 161 161 161 161 161 161 161 162 162 162 162 162 162 162 163 163 163 163 163 164 164 164 164 164 165 165 165 165 166 166 166 166 165 166 166 166 166 166 166 166 167 167 167 167 167 168 168 169 170 170 170 170 170 169 169 170 170 170 170 170 170 170 171 171 171 171 172 172 172 172 173 173 173 173 174 173 173 173 173 173 173 174 174 174 174 174 174 174 174 175 175 175 175 176 176 176 176 176 176 176 177 177 178 178 178 178 178 179 179 179 179 178 179 179 179 179 179 179 180 181 181 182 182 182 181 182 182 183 183 183 144 144 144 144 144 144 144 144 144 144 144 144 145 145 145 145 145 145 145 145 145 145 145 145 145 145 145 145 145 145 145 145 144 144 144 144 144 145 144 144 145 145 144 144 145 145 144 144 144 144 144 144 144 144 144 144 143 144 144 143 143 144 144 144 144 144 144 145 145 145 145 145 145 145 145 145 145 146 146 146 146 146 146 146 146 147 147 147 146 146 145 145 146 146 146 146 146 146 146 146 146 146 146 146 146 146 147 147 148 148 148 148 148 148 149 150 150 150 150 150 150 150 150 151 150 150 149 149 150 150 150 151 151 151 151 151 150 150 151 151 151 151 151 150 150 150 151 151 150 151 151 151 150 150 150 151 151 151 151 151 151 151 151 151 152 152 152 152 153 153 153 152 152 153 153 153 153 153 154 153 154 154 154 154 154 154 154 154 155 155 155 155 155 155 155 156 156 156 156 156 156 157 157 158 158 158 158 158 158 158 158 158 159 159 159 159 159 159 159 159 159 160 160 160 160 161 161 161 161 161 161 161 161 162 162 162 162 162 162 162 163 163 163 163 163 163 163 164 164 164 164 164 164 165 165 166 166 166 166 166 166 166 166 166 166 166 167 167 167 167 167 167 168 168 168 168 169 169 170 170 170 170 170 170 170 170 170 170 170 170 171 171 171 171 172 172 172 172 173 173 173 173 173 173 172 172 172 173 173 173 174 174 174 174 174 174 174 175 175 175 175 176 176 176 176 176 176 177 177 177 178 178 178 179 179 179 179 179 179 179 179 179 179 179 179 180 180 180 180 181 181 182 182 182 182 144 144 144 144 144 144 144 144 144 144 144 145 145 145 145 145 145 145 145 145 145 145 145 145 145 145 145 145 145 145 145 145 144 145 145 144 145 145 145 145 145 145 145 144 144 144 145 144 145 144 144 144 144 144 144 144 144 144 144 143 144 145 145 145 144 144 144 145 145 145 145 145 145 145 146 146 146 147 147 147 147 147 146 146 147 146 146 146 146 146 146 146 146 146 146 146 146 146 146 146 147 147 146 146 146 146 147 147 147 148 149 149 149 150 150 150 150 150 150 150 151 151 151 151 150 150 149 150 150 150 150 150 151 151 151 151 151 151 151 151 151 150 150 150 150 150 151 150 151 151 151 150 150 150 151 152 151 151 151 151 151 152 152 152 152 153 153 153 153 153 153 153 153 152 153 153 153 153 153 154 154 154 154 154 154 154 155 155 155 155 156 155 155 155 155 156 156 156 156 156 156 157 157 158 158 158 158 158 158 158 158 159 159 159 159 159 159 159 159 160 160 160 160 161 161 161 161 161 161 161 161 162 162 162 162 162 162 162 162 163 163 163 163 163 163 164 164 164 164 164 164 164 165 165 165 166 166 166 167 167 166 166 166 167 167 167 167 167 167 167 168 168 168 168 168 169 169 169 170 170 170 170 170 170 170 170 170 170 170 171 171 171 172 172 172 172 173 173 173 173 173 173 173 173 173 173 173 173 173 174 174 175 174 174 174 174 175 175 175 176 176 176 176 176 176 177 177 177 177 178 178 178 178 179 179 179 179 179 179 179 179 179 180 180 180 180 180 180 180 181 181 182 144 144 144 144 144 144 144 144 145 144 144 145 145 145 145 145 145 145 145 145 145 145 145 145 145 145 145 145 145 145 145 145 145 145 145 145 145 145 145 145 145 145 145 145 144 145 145 145 145 144 144 144 144 145 145 145 144 144 144 144 144 145 145 145 145 145 145 145 145 145 145 146 146 146 146 146 147 147 147 147 148 147 147 147 147 146 146 146 146 146 146 146 146 146 146 146 147 147 146 146 147 147 146 146 147 147 147 148 149 149 149 149 149 149 150 150 150 150 150 150 151 151 151 151 151 150 150 150 150 150 150 150 151 151 151 151 151 151 151 152 151 151 150 150 150 150 150 150 150 151 151 151 151 151 151 151 151 151 151 151 151 152 152 152 153 153 153 153 153 154 153 153 153 153 153 153 153 154 154 154 154 154 154 154 154 154 154 155 155 155 155 156 156 156 156 156 156 156 156 156 156 156 157 158 158 158 158 158 158 159 159 159 159 159 159 159 159 159 159 160 160 160 161 161 161 161 161 161 161 161 161 162 162 162 162 162 162 163 163 163 163 163 163 163 164 164 164 164 164 164 164 165 165 165 165 166 166 166 167 167 167 166 166 167 167 167 167 167 167 167 168 168 168 168 169 169 169 169 169 170 170 170 171 171 171 170 170 171 171 171 171 171 172 172 172 172 172 173 173 173 173 174 173 173 173 173 173 173 173 173 174 175 174 174 174 174 175 175 175 176 176 176 176 176 176 176 177 177 177 177 178 178 178 179 179 179 179 179 179 179 179 180 180 180 180 180 180 180 180 181 181 181 144 145 144 144 145 145 144 145 145 144 144 145 145 145 145 145 145 145 145 145 145 145 145 145 145 145 145 145 144 145 146 146 145 145 145 145 145 146 145 145 145 145 145 145 145 145 145 144 144 144 144 144 145 145 144 144 144 144 144 144 144 145 145 145 145 146 146 146 146 146 146 146 146 146 147 147 147 147 147 147 147 147 147 147 147 147 147 147 147 146 146 146 147 147 147 147 147 146 147 147 146 146 147 147 148 148 148 148 148 149 149 149 149 150 150 150 150 150 150 151 151 151 151 151 150 150 151 151 151 151 150 150 151 151 151 151 151 151 152 152 151 150 150 151 151 151 151 150 150 150 151 151 151 152 151 151 151 152 151 151 152 152 152 153 153 153 153 153 154 154 154 154 154 154 154 154 154 154 154 154 154 154 154 154 155 155 155 155 155 155 156 156 156 156 156 156 156 156 156 157 157 157 158 158 158 158 158 159 159 159 159 159 159 159 159 159 159 160 160 160 161 161 161 161 161 161 161 161 162 162 162 162 162 162 162 163 163 163 163 163 163 163 164 164 164 164 164 164 164 165 165 165 165 166 166 166 167 167 167 167 166 166 167 167 167 167 167 167 167 168 168 168 169 169 169 169 168 169 169 170 170 171 171 171 171 171 171 171 171 171 171 172 172 172 172 172 173 174 174 174 174 174 174 174 174 174 174 173 173 174 174 175 175 175 174 175 175 175 176 176 176 176 176 176 176 177 177 177 177 178 178 178 179 179 179 179 179 180 180 180 180 180 180 180 180 181 180 181 181 181 145 145 145 145 145 145 145 144 144 145 145 145 145 145 145 145 145 145 145 145 145 145 145 145 145 145 145 145 145 145 145 145 145 145 145 145 145 145 146 146 145 145 145 145 145 144 144 144 144 144 145 145 145 145 144 144 144 144 144 144 145 145 145 145 145 146 146 146 146 146 147 147 147 147 147 147 147 147 147 148 148 147 147 147 147 147 147 147 147 147 146 146 146 146 146 146 146 146 146 147 147 146 146 147 147 148 148 148 148 149 149 149 150 150 150 150 150 150 150 150 150 150 151 151 151 151 150 150 150 150 150 150 151 151 151 151 151 152 152 152 151 151 151 151 151 152 151 151 151 151 150 151 151 152 152 151 152 152 152 151 152 152 153 153 153 153 153 153 153 154 154 154 154 154 155 155 155 154 155 154 154 155 155 155 155 155 155 155 155 155 155 156 156 156 156 156 156 156 157 157 157 158 158 158 158 158 159 159 159 159 159 159 159 159 159 159 159 160 160 160 161 161 161 161 161 161 161 162 162 162 162 162 162 162 163 163 163 163 163 163 163 164 164 164 164 164 164 164 164 165 165 165 165 166 166 166 166 167 167 167 167 167 167 167 167 167 167 167 168 168 168 169 169 169 169 169 169 169 169 169 170 170 170 171 171 171 171 171 171 171 171 172 172 172 172 172 172 173 174 174 174 174 174 174 174 174 174 174 174 174 174 175 176 175 175 175 175 175 176 176 176 176 176 177 176 177 177 177 177 178 178 178 179 179 179 179 179 180 180 180 180 180 180 180 181 181 181 181 181 181 145 145 145 145 145 144 145 145 145 145 145 145 145 145 145 145 145 145 145 145 145 146 146 146 145 145 145 144 145 145 144 145 145 145 145 145 145 145 146 146 145 145 145 144 145 144 144 144 145 145 145 144 144 144 144 144 144 145 146 146 146 146 145 146 146 146 146 146 147 147 146 147 147 147 147 147 147 147 147 148 148 148 147 147 147 147 147 147 147 147 147 147 146 146 146 146 146 146 147 147 147 148 147 147 147 147 148 149 149 149 150 150 150 150 150 150 150 150 151 151 151 151 151 151 150 150 150 151 151 151 151 151 151 151 151 151 151 152 151 151 151 151 151 152 152 152 151 151 151 151 152 152 152 152 152 152 152 152 152 152 153 153 152 153 153 153 153 153 153 154 154 154 155 155 155 155 155 155 155 155 155 155 155 155 155 155 155 155 155 155 156 156 156 156 156 156 157 157 157 158 158 158 158 158 158 159 159 159 159 159 159 159 159 159 160 160 160 160 161 161 161 161 161 162 162 162 162 162 162 162 162 163 163 163 163 163 163 163 163 164 164 164 164 164 164 164 165 165 165 165 166 166 166 167 167 167 167 167 167 167 168 167 167 167 167 167 168 168 168 168 168 168 169 169 169 170 170 169 170 170 170 170 171 171 171 171 171 171 172 172 172 172 172 172 173 173 173 174 174 174 174 174 174 174 175 174 174 174 174 175 176 176 175 175 175 175 176 176 176 176 177 177 177 177 177 177 178 178 178 178 179 179 179 179 179 179 179 179 180 180 180 181 181 181 181 181 181 145 145 145 145 145 145 145 145 145 145 145 145 145 145 145 145 145 145 145 146 146 146 145 145 145 145 145 145 145 145 145 145 145 145 145 145 145 146 146 145 145 145 145 145 144 144 144 145 145 145 144 144 145 144 144 144 144 145 145 145 145 145 145 145 146 146 146 146 146 146 147 147 147 148 148 147 147 147 146 147 148 147 147 148 147 147 147 147 147 147 147 146 146 146 146 146 146 147 146 146 147 147 147 148 148 148 148 148 149 150 150 150 150 150 150 150 150 151 151 152 151 151 151 150 150 151 151 151 151 151 151 151 151 151 151 151 152 152 152 151 152 152 152 152 152 152 152 151 152 152 152 152 152 152 152 152 152 153 152 152 152 152 152 153 153 153 154 154 154 154 154 154 155 155 155 156 155 155 155 155 155 155 155 155 155 155 155 155 156 156 156 156 156 156 156 156 157 157 158 158 158 158 158 158 159 159 159 159 159 159 159 159 160 160 160 160 161 161 161 161 161 161 161 162 162 162 162 162 162 162 163 163 163 163 163 164 164 164 164 164 164 164 164 165 165 165 165 165 166 166 166 167 167 167 167 167 168 167 168 168 168 167 167 167 167 168 168 168 168 168 169 169 169 169 169 170 169 170 170 170 170 170 171 171 171 171 171 171 172 172 172 172 173 173 173 173 173 174 173 174 174 174 174 174 175 175 175 174 174 175 176 176 176 175 175 176 176 176 177 177 177 177 177 177 177 177 178 178 178 178 179 179 179 179 179 179 179 180 180 180 181 181 181 181 181 182 145 145 145 146 146 145 145 145 145 145 145 145 146 146 145 145 146 146 146 146 145 145 145 145 146 145 145 145 145 146 146 146 145 145 146 146 146 146 146 145 145 145 145 145 145 145 145 145 145 145 144 144 145 145 145 145 145 146 145 146 146 146 146 146 146 146 147 147 147 147 148 148 147 147 147 146 146 147 147 147 148 148 148 147 147 147 147 147 147 147 147 147 146 146 146 146 146 147 147 148 148 147 147 148 148 149 149 149 150 150 150 150 150 150 151 151 151 152 151 151 151 151 151 151 151 151 151 151 151 151 151 151 151 152 152 152 151 152 152 152 152 153 153 152 152 152 152 152 152 152 152 152 151 152 152 153 152 153 153 153 153 153 153 154 154 154 154 154 154 155 155 155 156 155 155 155 155 155 155 155 155 155 155 155 156 156 156 156 156 156 156 157 157 157 157 158 158 158 158 158 158 159 159 159 159 159 159 160 160 160 160 160 160 161 161 161 161 161 161 161 162 162 162 162 162 162 163 163 163 163 163 164 164 164 164 164 164 164 164 164 164 165 165 165 166 166 166 166 167 167 167 167 167 167 168 168 168 168 168 167 167 168 168 168 168 168 168 168 169 169 169 169 169 169 170 170 170 170 170 171 171 171 171 171 172 172 172 173 173 173 173 173 173 174 175 174 174 175 175 174 175 175 175 176 175 174 175 175 176 176 176 176 176 176 176 177 177 177 177 177 177 177 177 178 178 178 178 178 178 178 178 179 179 180 180 180 180 180 181 181 181 146 146 146 146 146 146 146 145 145 145 146 146 146 146 145 146 146 146 146 146 145 145 145 146 146 146 146 145 145 145 145 145 145 145 145 145 145 145 146 145 146 145 145 146 146 146 145 145 145 145 145 145 146 145 146 146 147 146 146 146 146 147 147 147 147 147 147 148 148 148 148 147 147 147 146 147 147 147 147 147 147 147 148 148 147 147 147 147 147 147 146 147 147 146 146 147 148 148 148 147 148 148 148 148 149 149 149 150 150 150 151 151 151 151 152 152 152 152 151 152 152 151 151 151 150 151 151 151 151 151 151 151 152 152 152 152 152 152 152 153 153 153 153 153 152 152 152 152 152 152 152 152 152 152 153 153 153 154 154 154 154 154 154 154 155 155 154 155 155 155 155 156 155 155 155 156 156 156 156 155 156 156 156 156 156 156 156 156 157 157 157 157 157 157 158 158 158 158 158 159 159 159 159 159 159 160 160 160 160 160 160 161 161 161 161 161 161 162 162 162 162 162 162 162 163 163 163 163 163 163 164 164 164 164 164 164 164 164 164 165 165 165 165 166 166 166 166 167 167 166 167 167 167 167 168 168 168 167 167 167 168 168 168 168 168 168 168 169 169 169 170 169 169 170 169 169 170 170 170 170 171 172 172 172 172 172 173 173 173 173 173 173 174 174 174 175 175 175 175 175 175 176 176 176 175 175 175 176 176 176 176 176 176 176 177 177 177 177 177 177 177 177 177 177 178 178 178 178 178 178 178 179 179 180 180 180 180 146 146 146 146 146 146 146 146 146 146 146 146 145 145 146 146 146 146 146 146 146 145 145 145 146 145 145 145 145 145 145 145 145 145 145 145 145 146 146 146 146 146 145 145 146 146 146 145 146 145 145 146 146 146 146 147 147 147 146 147 147 147 148 148 147 147 147 147 147 147 147 147 148 147 147 148 147 147 147 147 146 147 147 148 148 148 147 147 147 147 146 147 147 147 147 148 148 147 147 148 148 149 149 149 149 150 150 149 149 150 150 150 150 151 151 152 152 152 151 151 152 152 151 151 151 151 151 151 151 152 151 151 152 152 152 152 152 152 152 152 153 153 153 153 153 152 152 152 153 152 152 152 152 152 153 153 153 153 154 154 154 154 154 155 155 155 155 155 155 155 156 156 156 156 156 157 156 156 156 156 156 156 156 156 156 156 156 156 157 157 157 157 157 157 158 158 158 158 159 159 159 159 159 159 160 160 160 160 160 160 161 161 161 161 161 161 161 162 162 162 162 162 162 163 163 163 163 163 163 164 164 164 164 164 164 164 164 164 165 165 165 165 165 165 166 166 166 166 167 166 167 167 167 167 168 168 168 168 168 168 167 168 169 169 168 168 168 168 169 169 169 169 169 169 169 170 171 171 171 171 171 171 171 172 172 173 173 173 173 173 173 174 174 174 174 175 175 175 176 176 175 175 176 176 175 175 175 175 176 176 176 176 176 176 177 177 177 177 177 177 177 177 177 177 177 178 178 178 178 178 178 178 179 179 179 180 180 146 146 146 146 146 146 146 146 146 145 145 145 146 146 146 145 145 146 146 146 145 145 145 145 146 145 145 145 145 145 146 145 145 145 145 145 146 146 146 146 146 145 145 145 145 145 145 146 146 146 146 146 146 146 147 147 146 146 146 146 147 147 147 147 146 147 148 147 147 147 146 147 147 148 148 147 147 148 147 147 146 146 147 148 148 148 148 147 147 147 148 147 148 147 147 147 147 147 148 148 149 149 150 149 149 149 149 149 150 150 151 151 151 151 151 152 153 152 151 151 152 152 151 151 151 151 151 151 151 151 152 152 152 152 152 152 152 152 153 153 153 153 153 153 152 153 153 153 152 152 152 152 153 153 153 153 153 153 153 154 154 154 154 155 155 155 155 155 155 156 156 157 157 157 157 157 156 156 156 156 156 156 156 156 157 157 157 157 157 157 158 157 157 158 158 158 159 159 159 159 159 159 159 160 160 160 160 160 160 161 161 161 161 161 162 162 162 162 162 162 162 163 163 163 163 163 163 163 164 164 164 164 164 164 165 165 165 165 165 165 165 166 166 166 166 166 166 166 166 167 167 167 167 167 168 168 168 168 169 168 168 169 169 169 169 169 169 169 169 169 169 170 170 170 170 171 171 171 171 172 172 172 172 172 173 173 173 173 174 174 174 174 174 174 175 175 175 175 175 175 176 176 176 176 175 175 175 175 175 175 176 176 176 177 177 177 178 177 177 177 178 178 178 178 178 178 179 179 179 178 178 178 179 179 180 146 146 146 146 146 147 147 146 145 145 146 146 146 146 146 146 145 145 146 146 146 145 145 145 145 145 146 146 145 145 145 145 145 146 146 145 145 146 146 146 146 146 146 146 145 145 145 146 146 146 146 146 146 146 147 147 146 146 146 147 147 147 147 146 146 147 147 147 147 147 147 146 147 147 148 148 148 149 148 148 147 147 147 147 148 147 147 148 147 147 147 147 148 147 147 147 148 148 147 148 148 149 149 150 150 149 149 149 149 150 150 151 151 151 152 152 152 152 152 151 152 152 151 151 151 151 151 151 151 152 152 152 152 152 152 152 152 152 153 153 153 153 153 154 153 153 153 153 152 152 152 152 153 153 153 153 153 153 154 154 154 154 154 154 155 155 156 156 156 156 156 157 157 157 157 157 157 156 156 156 156 156 156 156 157 157 157 157 158 158 158 158 158 158 158 158 159 159 159 159 159 160 160 160 160 160 160 160 161 161 161 161 161 161 162 162 162 162 162 162 163 163 163 163 163 163 163 164 164 164 164 164 164 165 165 165 165 165 165 165 165 166 166 166 166 166 166 166 166 167 167 167 167 167 167 167 168 168 168 168 168 169 169 169 169 169 169 169 169 169 169 170 170 171 171 171 171 171 171 172 173 172 172 172 172 172 173 173 174 174 174 174 174 174 175 175 175 175 175 175 175 176 176 177 176 175 175 175 175 175 176 177 177 177 178 178 178 177 178 177 178 178 178 178 178 178 178 179 179 179 179 179 179 147 147 147 147 146 145 146 147 145 145 145 145 145 145 146 146 146 146 146 146 146 145 146 146 146 146 146 146 146 146 146 146 146 146 146 146 146 147 147 147 146 145 145 146 146 146 145 146 146 146 146 146 146 147 147 147 147 147 146 146 146 147 147 147 147 148 147 147 147 147 148 148 148 149 148 148 148 147 147 147 147 148 147 147 148 148 148 147 147 147 147 148 148 149 148 149 148 149 149 150 150 150 150 150 150 151 151 151 151 152 152 152 152 152 152 152 152 152 152 151 151 151 151 151 151 152 152 152 152 152 152 152 153 152 153 153 153 153 153 153 153 153 153 153 152 152 152 153 153 153 153 153 153 153 154 154 154 154 154 155 155 156 157 157 156 156 156 156 156 157 157 157 157 157 156 156 156 156 156 157 157 157 157 157 158 158 157 158 158 158 158 159 159 159 159 159 159 160 160 160 160 160 160 161 161 161 161 161 161 162 162 162 162 162 162 163 163 163 163 163 163 163 163 164 164 164 164 164 165 165 165 165 165 165 165 165 165 166 166 166 166 166 166 167 167 167 167 167 167 167 168 167 168 168 168 168 168 169 169 169 169 169 170 170 170 170 171 170 170 171 171 172 172 171 172 172 173 172 172 173 172 173 173 173 173 174 174 174 174 174 174 175 175 175 175 175 175 175 176 177 177 176 176 175 175 175 176 177 177 177 177 178 178 178 178 178 178 178 179 178 178 178 178 178 179 147 147 146 146 146 146 146 145 145 145 145 145 146 145 146 146 146 146 146 146 146 146 146 146 146 146 146 146 146 146 146 146 146 147 147 147 147 146 145 145 145 146 146 145 145 145 145 146 146 146 146 147 147 147 147 147 146 147 147 147 147 147 148 148 147 147 147 148 148 148 148 148 148 149 148 147 147 147 147 147 147 147 148 148 147 148 147 148 148 148 149 149 149 149 149 149 150 150 150 150 151 150 151 151 151 152 152 153 152 152 152 152 152 152 152 152 152 151 151 151 151 152 152 152 152 152 152 153 152 153 153 153 153 153 153 153 153 153 153 153 153 152 153 153 153 153 153 153 153 153 153 153 154 154 154 155 155 156 156 156 156 156 156 155 155 156 156 156 156 157 157 156 156 156 156 157 157 157 157 157 157 158 158 158 158 158 159 159 159 159 159 159 159 159 160 160 160 160 161 161 161 161 161 161 161 161 162 162 162 162 162 163 163 163 163 163 163 163 163 163 164 164 164 164 164 165 165 165 165 165 165 165 165 166 166 166 166 166 167 167 167 167 167 167 168 167 167 168 168 168 168 168 168 168 168 168 169 169 169 170 170 170 170 171 171 171 171 171 172 172 172 173 173 173 173 173 173 173 173 173 173 173 174 174 174 174 174 174 174 175 176 176 175 175 175 176 177 177 177 177 176 176 175 176 176 177 177 178 178 178 179 179 178 178 179 179 179 179 179 179 147 147 147 146 146 145 145 145 145 145 145 146 146 146 146 146 146 146 146 146 146 146 146 146 146 146 146 146 147 147 147 147 147 146 145 145 145 145 145 145 146 146 146 146 146 146 146 147 147 147 147 147 146 147 147 147 147 147 148 148 147 147 148 148 148 147 148 149 148 148 148 148 148 147 147 147 147 148 147 147 148 148 148 148 148 148 149 149 149 149 149 149 149 150 150 151 151 151 151 151 151 151 151 152 152 152 152 152 153 152 152 152 152 151 151 151 151 152 152 152 152 152 153 153 153 153 153 153 153 153 153 153 153 153 153 153 153 153 153 153 153 153 153 153 154 154 154 154 154 154 154 155 155 155 155 156 156 157 156 156 156 156 156 156 156 157 157 157 157 157 156 157 157 157 157 157 158 158 158 158 158 158 159 159 159 159 159 159 159 160 160 160 160 161 161 161 161 161 161 161 161 162 162 162 162 162 163 163 163 163 163 163 163 163 163 164 164 164 164 164 164 165 165 165 165 165 165 166 166 166 166 166 167 167 167 167 167 167 167 167 168 167 167 168 168 169 169 168 168 168 169 169 169 169 169 169 169 170 170 170 170 171 171 171 172 172 172 172 172 173 173 174 173 173 174 173 173 173 173 174 174 174 174 174 174 175 175 176 176 176 175 176 176 177 177 176 175 176 176 176 176 176 177 177 178 178 179 179 179 179 179 179 179 180 179 179 146 146 146 146 146 146 146 146 146 146 146 146 146 146 146 146 146 146 146 146 146 146 146 147 147 147 147 147 146 145 145 145 145 145 145 146 146 147 147 146 146 146 147 146 147 146 146 146 147 147 147 147 147 147 147 148 147 147 147 147 147 148 149 148 149 148 148 148 148 148 148 148 147 147 147 148 148 148 147 148 148 148 148 148 149 149 149 149 150 150 150 151 151 151 151 151 151 151 151 152 152 151 152 152 152 152 152 152 152 151 151 151 151 152 152 152 152 152 153 153 153 153 153 153 153 153 153 153 153 153 153 153 153 153 153 154 154 154 153 154 154 155 154 154 155 155 155 155 155 156 156 156 156 157 156 156 156 156 156 156 156 156 156 157 158 157 157 157 157 157 157 157 157 158 158 158 158 158 159 159 160 159 159 160 160 160 160 161 161 161 161 161 161 161 161 162 162 162 162 162 162 162 163 163 163 163 163 163 163 163 164 164 164 164 164 164 164 165 165 165 165 165 166 166 166 166 166 166 167 167 167 167 167 167 167 167 167 167 168 168 168 168 169 168 169 169 169 170 170 170 169 169 170 170 170 171 171 171 171 171 172 172 172 172 172 173 173 174 174 174 174 174 174 174 173 174 174 174 174 174 174 175 175 176 176 176 176 175 175 176 176 175 175 177 177 176 177 177 177 177 178 178 179 179 179 180 180 179 179 179 180 179 147 146 146 146 146 146 146 146 146 146 146 146 146 146 147 146 146 146 147 147 147 147 147 147 145 146 147 147 147 146 146 146 146 147 147 146 147 146 147 147 147 147 147 146 146 146 147 147 147 147 148 147 147 147 148 148 148 148 148 148 148 148 148 148 148 149 149 148 148 148 148 148 148 148 147 148 148 148 148 149 149 150 150 150 150 150 150 151 151 151 151 151 151 151 151 152 152 152 152 151 152 152 152 152 152 152 152 151 152 152 152 152 152 153 153 153 153 153 153 153 153 153 153 153 153 154 154 153 153 153 153 154 154 154 154 154 155 155 155 154 154 155 155 155 156 156 157 156 156 156 156 157 156 156 156 156 156 156 156 157 158 157 157 157 157 157 158 158 158 158 158 158 158 158 159 159 160 160 160 160 160 160 161 161 161 161 161 161 161 161 162 162 162 162 162 162 162 162 162 163 163 163 163 163 163 164 164 164 164 164 164 165 164 165 165 165 165 166 166 166 166 166 166 166 167 167 167 167 167 167 168 168 167 168 168 168 169 168 169 169 169 169 169 169 169 170 170 170 170 170 170 171 171 171 171 172 172 171 172 172 172 173 173 174 174 175 174 175 174 174 174 174 175 175 174 174 175 175 175 176 176 176 177 177 176 176 176 175 176 177 178 177 177 177 177 177 177 178 179 179 179 179 179 179 179 179 179 179 147 146 146 146 146 146 146 146 146 146 146 146 147 147 146 146 147 147 147 147 147 147 147 146 146 147 147 147 147 146 147 147 147 147 146 147 147 147 147 148 148 148 147 146 146 146 147 147 147 147 147 147 147 147 148 148 148 148 148 148 148 148 148 148 148 148 148 148 148 148 148 148 148 147 147 148 148 148 149 150 149 150 149 149 150 150 150 150 151 151 151 152 152 151 151 152 152 152 152 151 152 152 153 152 152 152 152 152 152 152 152 153 153 153 153 153 153 153 153 153 154 154 154 153 153 154 153 154 154 154 154 154 154 155 155 155 154 155 155 154 155 155 155 155 156 156 156 156 156 157 157 156 156 156 156 156 157 157 157 157 157 157 157 157 158 158 158 158 158 158 158 158 158 159 159 160 160 160 160 160 161 161 161 161 161 161 161 161 161 162 162 162 162 162 162 162 162 163 163 163 163 163 163 164 164 164 164 164 164 165 165 165 165 165 165 165 166 166 166 166 166 166 166 167 167 167 167 168 168 168 168 168 168 168 169 169 169 169 170 169 170 170 169 170 170 170 170 170 170 170 171 171 171 172 172 172 171 172 172 172 173 174 173 174 174 175 175 175 175 174 174 175 176 175 175 175 175 175 175 176 176 177 177 177 176 176 176 176 177 178 178 177 177 177 177 178 178 179 179 179 179 179 179 179 179 147 147 147 146 146 146 146 146 147 147 147 146 147 147 147 147 146 146 147 146 146 147 148 148 148 148 147 147 148 147 147 147 147 147 147 147 147 148 148 147 147 146 146 147 147 147 147 147 147 147 147 147 148 148 148 148 148 148 148 148 148 148 148 148 148 148 148 148 148 147 148 148 148 148 149 149 149 149 149 149 150 150 150 150 151 152 152 151 152 152 151 152 152 152 152 152 152 152 152 152 152 152 152 152 152 152 153 153 153 153 153 153 153 153 154 154 154 154 154 154 154 154 154 154 154 154 155 155 155 155 155 155 155 155 155 154 155 155 156 156 156 156 156 156 156 157 156 156 156 156 156 157 157 157 157 158 157 157 157 157 158 158 158 158 158 158 158 159 159 159 159 160 160 160 160 161 161 161 161 161 161 161 161 161 162 162 162 162 162 162 162 162 163 163 163 163 163 163 164 164 164 164 164 164 164 165 165 165 165 165 165 165 165 166 166 166 166 166 166 167 167 167 167 168 168 168 168 169 169 169 169 169 169 169 169 170 170 169 170 171 171 170 171 170 170 170 170 171 171 171 171 172 171 172 172 172 173 173 173 174 174 175 175 176 176 175 175 176 176 175 175 175 175 175 175 176 176 176 177 177 177 177 176 176 176 177 178 178 178 178 178 178 179 179 179 179 180 180 179 180 180 179 147 147 147 147 147 146 146 146 146 146 146 146 146 147 146 147 147 146 147 147 148 148 148 148 148 148 148 148 148 148 147 147 147 147 147 147 148 148 148 147 147 148 147 147 147 148 147 147 147 147 148 148 148 148 148 148 147 148 148 148 148 148 148 148 148 148 148 147 148 149 149 148 148 149 149 149 149 150 150 150 150 150 151 151 151 151 151 151 151 152 152 152 152 152 152 152 152 152 152 152 152 152 152 152 153 153 153 153 153 153 153 154 154 154 154 154 154 154 154 154 154 154 154 154 154 155 155 155 155 155 155 156 155 155 155 155 156 156 155 156 156 157 157 156 156 156 156 156 156 157 157 157 157 157 158 158 157 158 158 158 158 158 158 159 159 159 159 159 160 160 160 160 160 160 161 161 161 161 161 161 161 161 162 162 162 162 162 162 163 163 163 163 163 163 163 164 164 164 164 164 164 164 164 165 165 165 165 165 165 165 165 166 166 166 166 167 167 167 167 167 167 168 168 168 168 168 169 169 169 169 169 169 170 170 170 170 170 171 171 171 171 171 171 170 170 171 172 172 172 173 172 172 172 172 173 173 173 174 174 174 175 175 176 176 176 177 176 176 176 176 176 176 176 176 176 176 176 176 176 176 177 176 176 176 177 178 178 178 178 178 179 179 180 179 179 179 179 179 180 180 147 147 147 147 147 146 146 146 147 147 147 147 148 148 147 147 147 147 148 148 148 148 148 148 148 148 148 148 148 147 147 148 147 148 148 148 147 148 148 148 147 148 148 148 148 147 147 147 147 148 148 148 148 148 148 148 148 149 149 149 148 148 148 148 148 148 149 149 148 148 149 149 149 150 150 150 150 150 150 150 150 151 151 151 151 151 151 152 152 152 152 152 151 151 152 153 152 152 152 152 153 153 153 153 153 153 153 154 154 154 154 154 154 154 154 154 154 154 154 154 154 154 155 155 155 155 155 156 156 155 155 155 155 155 155 156 156 157 157 157 156 156 156 156 157 156 157 157 157 158 157 158 158 158 158 158 158 158 158 159 159 159 159 159 160 160 160 160 160 160 160 161 160 161 161 161 161 161 161 162 162 162 162 162 163 163 163 163 163 163 163 163 163 164 164 164 164 164 164 165 165 165 165 165 165 165 165 166 166 166 166 167 167 167 167 168 168 168 168 168 168 168 168 169 169 169 169 170 170 171 171 171 171 171 172 172 172 172 171 171 172 171 170 171 172 173 173 173 172 173 173 173 173 173 173 173 174 174 175 176 176 176 177 177 176 176 176 176 176 176 177 177 176 177 177 177 177 178 177 177 176 176 178 179 179 179 179 179 180 180 179 180 180 179 180 180 180 147 146 147 147 148 148 148 148 148 148 147 147 147 148 148 148 148 148 148 149 149 149 148 148 149 149 148 148 148 148 148 147 147 147 147 147 148 147 148 148 148 147 147 147 147 147 147 148 148 148 148 148 148 148 149 149 148 148 148 149 148 148 148 149 149 149 149 149 149 150 150 150 150 150 150 151 150 151 151 151 151 151 151 152 152 152 152 152 152 151 152 153 152 152 152 153 153 153 153 153 153 154 154 154 154 154 154 154 154 154 155 155 155 155 155 155 155 155 155 156 156 156 156 156 156 156 155 155 155 156 156 156 156 157 157 157 156 156 156 157 157 157 157 157 157 158 157 157 158 158 158 158 159 159 159 159 159 159 159 159 159 159 159 160 159 159 159 159 160 160 160 161 161 161 161 161 161 161 161 162 162 162 162 162 162 163 163 163 163 163 163 163 163 164 164 164 164 165 164 165 165 165 165 165 165 165 165 166 166 166 167 167 167 167 167 167 168 168 167 168 168 169 169 169 170 171 171 170 170 171 172 172 172 171 171 172 172 171 170 170 171 171 172 172 173 173 173 174 173 173 173 173 173 173 174 174 175 175 176 176 176 176 176 176 176 176 176 176 177 177 177 177 177 178 178 177 177 177 177 178 179 179 179 179 180 180 180 179 179 180 180 147 147 148 148 148 148 148 148 147 147 148 148 148 149 149 148 148 149 150 150 150 149 149 150 150 149 150 149 148 147 147 148 148 148 149 148 148 148 148 147 147 148 147 147 147 147 147 148 148 148 148 148 149 149 149 148 149 149 149 149 149 149 149 149 149 149 149 150 150 150 150 150 151 151 151 150 151 151 151 151 151 151 152 152 152 152 152 152 153 153 152 152 153 153 153 153 153 153 154 154 154 154 154 154 154 154 154 154 155 155 155 155 155 156 156 156 156 156 156 156 156 156 156 155 155 156 156 156 156 156 156 157 157 157 157 157 157 157 157 158 157 157 157 158 157 157 158 158 158 159 159 159 159 159 159 159 159 159 158 159 159 159 159 159 160 160 160 160 160 160 161 161 161 161 161 162 162 162 162 162 162 162 163 163 163 163 163 163 163 163 164 164 164 164 164 165 165 165 165 165 165 165 165 165 165 166 166 166 166 167 167 167 167 168 168 169 168 167 168 168 169 169 170 171 171 171 171 171 172 172 173 172 172 172 172 172 172 171 171 171 172 173 173 173 174 174 174 174 173 173 174 174 174 174 174 175 176 176 176 176 176 177 177 177 177 176 177 178 177 177 177 178 178 178 178 177 177 178 179 179 180 180 180 180 179 179 180 180 180 147 148 148 148 148 148 148 149 148 148 148 148 148 149 149 149 149 149 149 150 150 150 149 150 150 150 150 150 149 149 148 148 148 148 148 148 148 148 148 148 148 148 148 148 148 148 148 148 148 148 148 148 148 149 149 149 149 149 149 149 149 149 149 149 149 149 150 150 150 150 150 150 150 151 151 151 150 151 151 151 151 151 151 152 152 152 152 152 153 153 153 153 153 153 153 153 153 154 154 154 154 154 154 154 154 154 154 154 155 155 155 155 156 156 156 156 156 156 156 156 156 156 156 156 156 156 156 156 156 156 157 157 157 157 157 157 157 157 157 157 158 157 157 157 157 157 158 158 158 158 158 158 158 158 158 158 159 159 159 159 159 159 159 159 160 160 160 160 160 161 161 161 161 161 161 162 162 162 162 162 162 162 162 163 163 163 163 163 163 164 164 164 164 164 164 165 165 165 165 165 165 165 166 165 165 166 166 166 166 167 167 167 168 168 168 169 169 168 168 169 169 169 169 170 171 171 171 171 172 172 172 172 172 172 172 171 171 171 171 172 171 172 172 172 173 174 174 175 174 174 175 175 175 174 174 175 175 176 177 177 177 177 177 178 177 177 177 178 178 178 178 178 179 178 178 178 177 178 179 179 180 180 180 180 180 180 180 180 148 148 148 148 148 149 148 149 148 148 149 149 149 149 149 149 149 150 149 150 150 150 151 150 150 150 151 151 150 150 149 149 149 148 148 148 148 149 149 149 149 149 149 149 149 149 149 148 148 148 148 148 148 149 149 149 149 149 149 149 149 149 149 149 149 149 150 150 151 150 150 150 150 151 151 151 151 151 151 151 151 152 151 152 152 152 153 152 152 153 153 153 153 153 153 153 153 154 154 154 154 154 154 154 154 154 154 154 155 155 155 155 156 156 156 156 156 156 156 156 156 156 156 156 156 156 156 156 157 157 157 157 157 157 157 157 157 157 157 157 158 158 158 158 158 157 158 158 158 158 158 158 158 158 158 159 159 159 159 159 159 159 160 160 160 160 160 160 160 160 161 161 161 161 162 162 162 162 162 162 162 162 163 163 163 163 163 163 164 164 164 164 164 164 165 165 165 165 165 165 165 165 166 166 166 166 166 166 166 167 167 167 168 168 168 168 169 169 168 168 169 169 170 170 171 171 172 172 172 172 171 171 171 171 171 171 171 172 172 172 173 172 173 173 173 173 174 175 175 176 175 175 176 176 175 175 175 176 177 177 177 178 178 178 177 178 178 179 179 178 178 178 178 178 179 180 180 180 181 181 181 181 148 148 148 149 149 149 149 149 149 149 149 149 149 149 149 149 150 150 150 151 151 151 151 151 150 150 150 150 150 150 150 150 150 149 148 148 148 148 149 149 149 149 149 149 149 149 149 149 148 149 149 148 148 148 149 149 149 149 149 149 149 149 150 150 149 150 150 150 151 150 150 150 150 150 151 151 151 151 151 151 151 152 152 151 151 152 153 153 152 153 153 153 153 153 153 153 153 154 154 154 154 154 154 155 155 155 154 154 155 155 156 156 156 156 156 156 156 156 156 156 157 157 157 156 157 157 157 157 157 157 157 157 157 157 157 157 157 157 157 157 157 158 158 158 158 158 158 158 158 158 158 158 159 159 159 159 159 159 159 160 160 160 160 160 160 161 160 160 160 160 161 161 161 162 162 162 162 162 162 162 162 163 163 163 163 163 163 163 163 163 164 164 164 164 164 165 165 165 165 165 165 166 166 166 166 166 166 166 166 167 167 167 168 168 167 168 169 169 168 169 169 169 170 170 171 172 172 172 172 172 172 171 171 171 171 172 173 173 172 173 173 173 174 174 173 173 174 175 175 175 175 175 176 176 176 176 177 176 177 177 177 178 178 178 178 179 178 179 180 148 149 148 148 149 149 150 149 149 149 150 150 150 150 150 149 149 150 150 151 151 151 151 151 151 150 149 149 149 150 150 149 150 150 149 148 148 149 149 149 149 149 149 149 149 149 149 150 150 149 149 149 149 149 149 149 149 149 149 149 149 150 150 150 150 150 150 150 150 150 150 150 150 151 151 151 151 151 151 151 152 152 152 152 151 152 152 153 153 152 153 153 153 154 153 153 153 154 154 154 154 154 154 154 155 155 155 155 155 155 156 156 156 156 156 156 156 156 156 156 156 157 157 157 157 157 158 157 157 158 158 158 157 157 157 157 157 157 157 157 157 157 157 157 158 158 158 158 158 158 158 158 159 159 159 159 159 159 160 160 160 160 160 161 160 161 161 160 160 160 161 161 162 162 162 162 162 162 162 162 162 162 163 163 163 163 163 163 163 163 163 164 164 164 164 164 165 165 165 165 165 165 166 166 166 166 166 166 166 166 166 166 167 167 167 167 168 168 169 169 169 169 170 170 171 171 171 171 172 173 173 172 171 171 171 172 173 173 173 172 173 174 174 175 174 174 173 173 174 175 175 175 175 175 175 175 176 176 176 177 177 179 179 179 148 149 149 149 150 150 149 149 150 149 150 150 150 150 150 150 150 150 150 150 151 151 151 151 151 150 149 149 150 150 149 149 149 149 149 149 148 149 149 149 149 150 150 150 150 150 149 149 150 150 149 149 149 149 149 149 150 150 149 149 149 150 150 150 150 150 150 150 150 150 150 150 151 151 151 151 151 151 151 151 152 152 152 152 152 152 152 153 153 153 153 153 153 154 154 154 153 153 154 154 154 154 154 155 155 155 155 155 155 155 155 156 156 156 156 156 156 156 156 156 156 156 157 157 157 158 158 157 157 157 158 158 158 157 157 157 157 158 158 157 158 158 158 158 158 158 158 158 158 158 158 159 159 159 160 160 159 159 160 160 160 160 160 161 160 161 161 161 161 160 161 161 162 162 162 162 162 162 162 162 162 162 163 163 163 163 163 163 163 163 164 164 164 164 164 165 165 165 165 166 166 165 166 166 167 166 166 166 167 167 167 167 167 166 167 167 167 168 168 169 169 169 170 171 171 171 171 171 172 173 173 172 172 171 172 173 174 174 173 173 173 174 175 174 174 173 174 174 174 174 175 175 175 175 176 176 176 176 176 176 177 150 149 150 150 150 150 151 151 150 150 150 150 151 151 151 151 150 151 150 151 151 151 150 150 149 149 150 150 150 149 149 149 149 150 149 149 149 149 150 150 150 150 150 150 150 150 149 149 150 150 149 149 149 150 150 150 150 150 149 149 150 150 150 150 150 150 150 150 150 150 151 151 151 151 151 151 151 151 151 152 152 152 152 152 152 152 153 153 153 153 153 154 153 154 154 154 154 154 154 154 154 155 155 155 155 155 155 155 155 155 156 156 156 156 156 156 156 156 156 157 156 157 157 157 157 157 157 157 158 158 158 158 158 158 157 158 158 158 158 158 158 158 158 158 158 158 158 159 158 159 159 159 159 160 160 160 160 160 160 160 160 160 161 161 161 161 161 160 161 161 161 162 162 162 162 162 162 162 162 162 162 162 163 163 163 163 163 163 164 164 165 165 164 164 165 165 166 166 166 166 165 166 167 166 166 167 167 167 167 167 167 167 167 167 167 168 168 168 169 170 170 170 170 171 171 171 171 172 172 172 172 172 172 173 173 174 174 174 174 174 174 175 174 174 175 174 174 175 176 176 175 175 175 176 176 176 176 177 178 151 150 151 151 151 151 151 151 151 151 150 150 151 151 151 151 151 151 150 150 150 150 149 149 149 149 149 149 149 148 149 148 149 149 149 149 149 149 150 150 149 149 150 150 150 150 150 150 150 150 150 150 149 150 150 150 150 150 149 150 150 150 150 150 150 150 150 150 151 151 151 151 151 151 151 151 151 151 152 152 152 152 152 152 152 153 153 153 153 153 153 154 153 154 154 154 154 154 154 154 154 155 155 155 155 155 155 155 155 155 156 156 156 156 156 156 156 156 156 157 156 157 157 157 157 157 158 157 158 158 158 158 158 158 158 158 158 158 158 158 158 158 158 158 158 158 158 158 158 159 159 159 159 159 160 160 160 160 160 161 160 161 161 161 161 161 161 161 161 161 161 162 162 162 162 162 162 162 162 162 162 162 163 163 163 164 164 164 164 165 165 166 165 164 165 165 166 166 167 166 165 166 167 167 167 167 167 166 167 167 167 168 167 167 167 167 168 169 169 170 171 171 171 171 171 171 171 172 173 173 173 172 172 172 173 173 174 175 175 175 175 175 174 175 175 174 174 176 176 175 176 176 176 176 177 176 177 152 152 151 151 151 151 152 151 151 151 151 151 151 151 151 151 151 151 151 150 149 149 149 149 148 148 149 148 148 148 148 149 149 149 149 148 149 150 150 150 149 150 150 150 150 150 150 150 150 150 150 150 150 150 150 150 151 150 150 150 150 150 150 151 151 151 151 151 151 151 151 151 151 151 151 151 152 152 152 152 152 152 153 152 152 153 153 153 154 153 153 153 154 154 154 154 154 154 154 155 155 155 155 155 155 155 155 155 155 156 156 156 156 156 157 157 156 156 156 157 157 157 157 157 158 157 158 158 158 158 158 157 158 158 158 158 158 158 159 158 158 158 158 159 158 158 158 158 159 159 159 159 159 160 160 161 161 161 161 161 161 161 161 161 161 161 161 161 161 161 162 162 162 162 162 162 163 163 163 163 163 163 163 164 164 164 164 164 164 165 166 165 165 166 166 167 167 166 166 166 167 167 167 167 167 167 167 167 168 168 168 167 167 167 168 168 169 169 170 170 170 171 171 171 171 172 172 173 173 173 173 172 173 173 173 174 175 176 176 176 175 175 176 176 175 175 176 176 176 176 176 176 177 177 177 151 150 151 151 152 151 152 152 152 152 151 151 151 151 152 151 151 151 151 151 150 151 151 150 150 150 150 150 149 148 148 149 149 148 148 148 149 148 149 149 149 149 149 149 150 150 150 149 150 150 150 150 150 150 150 150 150 150 150 150 150 150 150 150 151 150 150 150 150 150 150 151 151 151 151 151 151 151 151 151 151 152 152 152 152 152 152 152 152 152 153 152 153 153 153 153 154 154 154 153 154 154 154 154 154 154 154 155 155 155 155 155 155 155 155 155 156 156 156 156 156 156 156 157 157 157 157 157 157 157 158 158 157 157 158 158 158 158 158 158 158 158 158 158 159 158 159 159 159 159 159 159 159 159 158 158 159 159 159 160 159 160 160 161 161 161 161 161 161 161 161 161 161 162 161 161 161 162 162 162 162 162 162 162 163 163 163 163 163 163 164 164 165 165 165 164 165 166 166 165 165 166 167 166 166 166 166 166 167 168 167 167 167 167 167 168 168 167 167 167 167 167 167 168 168 168 169 170 170 171 171 172 171 172 172 173 173 174 173 173 173 174 174 175 175 176 176 176 176 176 176 176 175 176 176 176 177 177 177 177 151 151 151 151 152 152 152 152 151 151 152 151 151 151 151 152 152 151 150 150 150 150 150 150 150 150 149 150 150 149 148 148 148 149 149 148 148 148 148 148 149 149 149 149 149 149 149 150 149 150 150 150 150 151 151 150 151 150 150 150 151 151 151 150 150 150 150 151 150 150 150 150 150 150 151 151 151 151 151 151 151 151 151 152 152 152 152 152 152 152 152 152 152 153 153 153 153 153 153 154 154 154 154 154 154 154 154 154 155 155 155 155 155 155 155 156 156 156 156 156 156 156 156 156 156 156 156 157 157 157 157 157 157 157 157 158 158 158 158 158 158 158 158 158 158 158 158 158 159 159 159 159 159 159 159 159 159 158 159 159 160 160 160 160 160 161 161 160 160 161 161 161 161 161 161 162 162 162 161 162 162 162 162 163 162 162 163 163 163 163 164 163 163 164 165 165 165 165 165 165 166 166 165 167 167 166 166 166 166 166 167 168 168 168 167 167 167 168 168 167 167 167 167 168 168 169 168 169 169 169 170 171 172 172 172 172 172 173 174 174 174 173 173 175 175 175 176 176 176 177 177 177 176 176 175 175 176 176 177 177 151 151 151 151 151 151 152 152 152 152 151 151 151 151 151 151 151 151 151 151 150 150 150 149 149 150 149 149 149 150 150 149 148 148 148 148 148 148 148 148 149 149 149 149 149 149 149 149 149 149 149 149 149 150 150 150 150 151 151 151 151 151 150 150 151 151 150 151 151 151 151 151 151 150 150 150 151 151 151 151 151 151 151 151 151 152 152 152 152 152 152 152 152 152 152 152 153 153 153 153 153 153 153 154 154 154 154 154 154 154 155 155 155 155 155 155 155 156 156 156 156 156 156 157 157 157 157 156 156 157 157 157 157 157 157 157 157 158 158 158 158 158 157 158 158 158 159 158 159 158 158 158 159 159 159 159 159 159 159 159 159 159 159 160 160 160 160 161 161 161 161 161 161 161 161 161 161 161 162 162 162 161 161 162 162 163 162 162 163 163 163 163 163 163 164 164 164 165 165 165 165 166 166 166 165 166 167 166 166 167 167 166 166 167 168 168 167 167 167 167 167 167 167 167 167 168 168 168 169 170 170 170 170 171 171 172 172 172 172 172 173 174 174 174 174 174 174 174 175 175 175 176 176 176 177 177 176 176 176 175 176 176 176 151 150 151 151 151 151 151 151 150 150 150 150 151 151 151 150 150 151 150 149 149 149 149 149 149 149 149 149 149 149 148 148 148 148 148 148 148 148 149 149 149 149 149 149 149 149 149 149 149 149 149 150 150 150 150 150 151 151 151 151 151 150 150 150 151 151 151 151 151 151 151 151 151 151 151 151 151 151 151 151 151 151 151 151 152 152 152 152 152 152 152 152 152 152 153 153 153 153 153 153 153 154 154 154 154 154 154 154 154 155 155 155 155 155 155 155 156 156 156 156 156 156 157 157 157 157 157 156 157 157 157 157 157 157 158 158 158 158 159 158 158 157 157 157 158 158 158 159 159 159 159 159 159 159 159 159 159 159 159 160 160 160 160 160 161 161 161 161 161 161 161 161 161 161 161 161 161 162 162 162 162 162 162 162 163 162 162 162 163 163 164 163 164 165 165 165 166 166 165 165 166 167 166 166 166 167 167 167 167 167 167 166 167 168 168 168 167 167 166 166 166 166 167 168 168 169 169 170 170 170 170 171 171 172 172 172 173 173 173 173 174 174 174 174 174 174 175 175 175 175 175 176 176 177 177 176 176 176 176 176 176 176 150 151 151 151 151 151 150 150 150 150 151 151 151 150 150 149 150 149 149 148 148 148 148 148 148 148 148 148 148 147 148 148 148 148 148 149 149 149 149 149 149 149 149 149 149 149 149 149 149 150 150 150 150 151 151 151 151 151 151 151 151 150 150 151 151 151 151 151 151 151 151 151 151 151 151 151 151 151 151 151 151 152 152 152 152 152 152 152 152 152 152 153 153 153 153 153 153 153 154 154 154 154 154 154 154 154 154 154 155 155 155 155 155 155 155 156 156 156 156 156 157 157 157 157 157 157 157 157 157 157 157 158 158 158 158 158 158 158 158 158 158 158 158 157 158 158 158 158 159 159 159 159 159 159 159 159 159 159 160 160 160 160 161 161 161 161 162 162 161 161 161 161 161 161 161 161 162 162 162 161 162 163 162 162 163 162 162 163 164 164 164 165 165 165 166 166 166 165 166 167 167 167 167 167 167 167 167 166 167 167 167 168 168 168 168 167 167 166 166 166 167 167 168 169 170 170 170 170 171 171 171 171 171 172 173 173 173 173 174 174 175 174 174 174 175 176 176 175 176 176 176 177 177 177 176 176 175 176 176 176 176 176 150 149 150 150 150 149 149 149 149 149 149 149 149 149 149 148 149 148 147 147 147 147 147 147 147 147 147 147 147 148 148 148 148 149 149 149 149 149 149 149 149 149 150 149 149 149 149 150 150 150 150 150 150 151 151 150 151 151 151 151 151 151 150 151 151 151 151 151 151 151 151 151 151 151 151 151 152 151 151 151 151 151 152 152 152 152 152 152 152 152 153 153 153 153 153 153 153 153 154 154 154 154 154 155 154 154 154 155 155 155 155 155 155 155 155 156 156 156 156 157 157 157 157 157 158 157 157 157 157 157 158 158 158 158 158 158 158 159 158 158 158 158 158 158 158 158 159 158 159 159 159 159 159 159 159 159 160 159 159 160 160 160 160 161 161 161 162 162 161 161 161 161 161 161 161 162 161 162 162 162 163 163 163 163 163 162 162 163 163 163 164 165 165 166 166 166 166 166 166 166 167 168 168 168 167 167 167 166 166 167 167 168 168 167 167 167 167 166 166 167 168 169 169 170 170 169 170 171 171 171 172 172 172 172 173 173 174 174 174 175 175 175 174 175 176 176 176 176 176 177 177 177 177 177 176 176 176 176 176 176 176 177 177 150 150 148 149 148 148 148 148 148 148 148 148 148 148 148 148 148 147 147 147 147 147 147 147 147 148 148 148 148 148 148 149 149 149 149 149 149 149 149 150 150 149 150 149 149 150 150 150 150 150 150 150 151 151 151 151 151 151 151 151 151 151 151 151 151 151 151 151 151 151 151 151 151 151 151 151 151 151 151 151 151 151 152 152 152 152 152 152 153 153 153 153 153 153 153 153 153 153 154 154 154 154 154 154 154 154 155 155 155 155 156 155 155 155 156 156 156 156 157 156 157 157 157 157 157 157 157 157 158 158 158 158 158 158 158 158 158 159 158 158 158 158 158 158 159 159 159 159 159 159 159 159 159 160 159 160 160 160 159 159 160 160 160 161 160 161 161 162 162 162 162 162 162 161 161 162 162 162 162 162 162 163 163 163 163 163 163 163 164 164 165 165 166 166 166 167 167 166 166 167 167 168 168 168 167 167 167 167 166 166 167 168 168 167 167 167 167 167 167 167 168 169 170 169 169 169 170 171 171 172 171 172 172 173 173 173 174 174 174 175 175 175 175 175 176 176 176 176 177 177 177 177 176 176 176 176 176 176 176 177 177 177 177 151 151 151 150 151 151 152 151 151 150 149 148 148 147 148 148 148 148 148 148 148 148 148 147 147 147 148 147 147 148 148 148 148 148 148 148 149 149 149 149 149 149 149 149 149 149 150 150 150 150 149 149 149 150 150 150 150 150 150 151 150 151 150 151 151 151 151 151 151 151 151 151 151 151 151 151 151 151 151 151 151 151 151 151 152 151 151 151 151 151 152 152 152 152 152 152 152 153 153 153 153 153 153 153 153 153 154 154 154 154 154 154 154 154 154 155 155 155 156 156 156 156 156 156 156 156 156 157 157 157 157 157 157 157 157 157 157 157 158 158 158 158 158 158 158 158 159 158 158 158 158 158 158 159 159 159 159 159 159 159 159 159 160 160 160 160 160 160 160 160 160 160 160 161 161 161 161 161 162 162 162 161 161 162 163 162 163 162 162 163 163 163 163 163 163 163 164 164 165 165 165 166 165 166 166 167 167 167 167 167 168 168 168 168 167 167 167 167 167 166 167 168 167 167 167 168 168 167 167 168 169 169 169 170 170 171 171 171 172 172 172 172 172 173 173 174 174 174 175 175 175 175 175 176 176 176 176 176 176 177 177 176 176 176 176 176 176 176 177 177 177 177 178 151 151 151 151 151 150 150 151 151 152 152 152 151 151 153 152 151 149 149 148 147 147 147 148 148 148 148 148 148 148 148 148 148 148 148 148 148 148 148 148 149 149 149 149 149 149 149 149 149 149 149 149 150 150 150 150 150 149 149 150 150 150 150 150 151 150 150 151 151 151 151 151 151 151 151 151 151 151 151 151 151 151 151 151 151 151 151 151 151 151 151 151 152 152 152 152 151 151 152 152 152 152 152 152 153 153 153 153 153 153 153 153 154 154 154 154 154 154 154 154 154 154 155 155 155 155 155 156 156 156 156 156 156 156 157 157 157 157 158 158 158 158 158 157 158 158 158 158 158 159 159 159 159 159 159 158 158 158 158 158 158 158 158 158 158 159 159 159 160 160 160 160 160 160 161 160 160 160 160 161 161 161 161 162 162 162 162 162 162 162 163 163 163 162 162 163 163 163 163 164 164 163 163 164 164 165 165 165 166 165 166 166 167 167 168 167 168 168 168 168 168 167 167 167 167 167 167 166 167 168 168 167 168 168 167 168 168 168 168 169 170 170 170 171 171 171 172 172 172 173 173 174 174 174 175 175 176 175 175 176 176 176 176 176 176 176 177 177 177 176 176 176 176 176 177 177 177 177 178 178 178 151 151 151 150 151 151 150 151 151 151 151 151 152 153 153 152 151 152 152 153 153 153 152 151 150 149 148 148 147 147 148 148 148 148 148 148 148 148 149 149 149 148 148 149 149 149 149 149 149 149 149 149 149 149 149 149 149 149 150 150 150 150 150 150 150 150 150 150 150 150 150 151 151 151 151 151 151 151 151 151 151 151 151 151 151 151 151 151 151 152 152 151 152 152 152 152 152 151 151 152 152 152 152 152 152 152 152 152 152 152 152 153 153 153 153 153 153 153 154 154 154 154 154 154 154 154 154 154 155 155 155 155 156 156 156 156 156 156 156 156 156 157 157 157 158 158 158 158 158 158 157 158 158 158 158 159 159 159 159 159 159 159 158 159 159 159 159 159 159 159 159 159 159 159 159 159 160 160 160 160 161 161 160 160 160 161 161 161 161 161 162 162 162 162 162 162 163 163 163 163 162 163 164 164 164 164 163 164 163 164 164 165 165 165 165 165 165 166 166 166 167 168 168 168 168 168 168 168 167 167 167 167 167 167 167 167 167 168 167 168 167 168 169 169 170 170 170 170 170 171 171 171 171 171 172 173 173 173 173 174 175 175 175 176 176 176 176 176 176 176 176 176 176 177 177 177 176 176 176 176 177 177 177 177 177 177 178 178 179 151 150 150 150 150 150 151 150 151 151 150 150 151 151 151 152 151 151 151 152 152 152 152 152 152 153 154 154 153 152 151 150 149 148 147 147 148 148 148 149 149 149 149 149 149 149 149 149 149 149 149 149 149 149 149 149 149 149 149 149 149 149 149 150 150 150 150 150 150 150 150 150 150 150 150 150 150 150 151 151 151 151 151 151 151 151 151 151 151 151 151 151 151 151 151 152 152 152 152 152 152 152 152 152 152 152 152 152 153 153 152 152 152 152 152 152 153 153 153 153 153 153 153 153 154 154 154 154 154 154 154 154 154 154 154 155 155 155 155 155 156 156 156 156 157 157 157 157 157 157 158 158 158 158 158 158 158 158 158 158 158 158 159 159 159 160 159 159 159 159 159 159 159 159 159 160 160 160 159 159 159 160 160 160 161 161 161 160 160 160 160 161 161 161 161 161 161 162 161 162 162 163 163 163 163 163 163 163 163 164 164 164 164 164 164 164 164 164 165 165 165 165 165 165 166 166 167 167 168 168 168 167 167 168 168 168 168 168 168 168 168 167 167 167 167 167 168 168 168 169 169 170 170 170 171 171 171 171 172 172 172 172 172 173 173 173 173 174 174 175 176 176 176 176 176 176 176 176 176 177 177 177 177 177 176 177 177 177 178 178 177 177 178 178 178 179 179 179 151 151 150 151 150 151 151 150 150 151 150 151 151 152 151 151 150 150 150 151 152 153 152 152 152 152 153 153 153 152 151 150 149 148 147 147 148 148 148 149 149 149 149 149 149 149 149 149 149 149 149 149 149 149 149 149 149 149 149 149 149 150 150 150 150 150 150 150 149 150 150 150 150 150 150 150 150 150 151 151 151 151 151 151 151 151 152 152 151 151 151 151 151 151 151 152 152 152 152 152 152 152 152 152 152 152 152 152 153 153 153 152 152 152 152 152 152 153 153 153 153 153 154 154 154 154 154 154 154 154 154 154 154 155 155 155 155 155 155 156 156 156 156 156 156 157 157 157 157 158 158 158 158 158 158 158 158 158 158 158 158 158 158 159 159 159 159 159 159 159 159 159 159 160 160 160 160 160 160 160 160 160 161 160 161 161 161 161 161 161 161 161 161 161 161 162 161 161 161 162 162 163 163 163 163 163 163 164 164 164 164 164 164 164 164 164 164 164 164 165 165 165 166 166 166 166 167 167 167 168 167 167 167 168 168 168 168 168 168 168 168 168 168 168 168 168 169 169 169 169 169 169 170 170 170 170 171 171 171 172 172 172 172 172 173 173 173 173 174 175 176 176 176 176 176 176 176 176 176 177 177 177 177 177 177 177 177 177 178 178 178 177 178 178 178 178 179 179 151 151 150 151 150 151 151 151 151 151 150 150 151 151 150 150 150 149 150 151 152 153 152 151 152 153 153 152 152 152 150 149 149 148 147 147 148 148 148 149 149 149 149 149 149 149 149 149 149 149 149 149 149 149 149 149 149 149 149 150 150 150 150 150 150 150 149 150 150 150 150 150 150 150 150 150 151 151 151 151 151 151 151 151 151 151 152 152 152 152 151 151 152 151 152 152 152 152 152 152 152 152 152 152 152 152 152 152 152 153 153 153 152 152 152 152 153 153 153 153 153 153 154 154 154 154 154 154 154 154 154 155 155 155 155 155 155 155 156 156 156 156 156 157 157 157 157 157 157 158 158 158 158 158 158 158 158 158 158 158 158 158 158 159 159 160 159 159 159 159 159 159 159 159 160 160 160 160 161 161 160 160 161 162 162 162 162 162 162 162 161 162 162 162 162 162 162 162 161 162 162 163 163 163 163 163 164 164 164 164 164 164 164 165 165 164 165 165 165 165 165 166 166 166 166 166 166 167 167 167 167 168 167 168 168 168 168 168 168 168 168 168 168 168 168 168 168 169 169 169 169 169 169 170 170 170 171 171 171 172 172 173 173 173 173 173 173 174 174 175 175 176 176 177 177 177 176 176 176 177 177 177 178 178 177 177 177 177 178 178 178 178 178 178 178 179 179 180 151 151 151 151 151 151 151 151 150 150 151 151 151 150 150 150 150 150 151 152 152 151 151 151 152 151 152 152 151 150 150 150 149 148 148 148 148 149 149 149 149 149 149 149 149 149 149 149 149 149 149 149 149 149 149 149 149 150 150 150 150 150 149 149 150 150 150 150 150 150 151 151 151 150 151 151 151 151 151 151 151 151 151 151 152 152 152 152 151 151 152 152 152 152 152 152 152 152 152 152 152 152 152 152 152 152 152 152 152 153 153 153 153 152 152 152 153 153 153 153 154 154 154 154 154 154 154 154 154 155 155 155 155 155 155 155 156 156 156 156 156 156 156 156 157 157 157 158 158 158 158 158 158 158 158 158 158 159 158 158 159 159 159 159 160 159 160 160 160 160 160 160 160 160 160 160 161 161 161 161 161 162 162 162 162 162 162 162 162 162 162 162 162 162 162 162 162 162 162 162 163 163 163 163 163 164 164 164 164 164 164 164 165 165 165 165 165 165 165 165 165 165 166 166 166 167 167 167 167 167 167 167 168 168 168 168 168 168 168 168 168 168 168 168 168 168 169 169 169 170 170 170 170 170 170 170 171 171 171 172 172 173 173 174 174 174 175 175 175 176 176 176 177 177 177 177 176 176 177 177 178 178 178 178 178 177 177 177 178 178 178 178 178 179 179 151 150 150 150 150 151 151 151 151 151 151 150 150 151 150 150 150 150 150 151 151 152 151 151 150 150 150 152 152 150 150 149 149 148 148 148 148 149 149 149 149 149 149 149 149 149 149 150 149 149 149 149 149 149 149 149 150 150 150 150 150 150 150 150 150 150 150 150 150 150 150 150 151 151 151 151 151 151 151 151 151 151 151 151 151 152 152 152 151 151 152 152 152 152 152 152 152 152 152 152 152 152 152 152 152 152 152 152 152 152 153 153 153 153 153 153 153 153 153 153 153 154 154 154 154 154 154 154 155 155 155 155 155 155 155 155 155 155 155 156 156 156 156 156 156 157 157 157 157 157 157 158 158 158 158 158 158 158 159 158 159 159 159 160 160 160 160 160 160 159 160 160 160 160 160 160 160 160 160 161 161 161 161 162 162 162 162 162 162 162 162 162 162 162 162 162 162 162 162 162 162 163 163 163 164 163 164 164 165 165 165 164 165 165 165 165 165 165 165 165 165 165 166 166 167 166 167 167 168 168 168 167 167 167 167 168 168 168 168 168 168 168 168 168 168 168 169 169 169 169 170 170 170 170 170 170 171 171 171 172 172 172 172 173 173 173 174 174 174 175 176 176 176 176 176 177 177 176 177 177 177 178 178 178 178 178 178 178 178 178 179 179 178 178 179 151 151 151 150 150 151 151 151 151 150 149 150 150 149 150 150 150 150 151 151 152 151 150 150 149 151 151 150 149 149 148 148 148 148 149 149 149 149 149 149 149 149 149 149 150 150 149 149 149 149 150 150 150 150 150 150 150 150 150 150 150 150 150 150 150 150 150 150 150 151 151 151 151 151 151 151 151 151 151 151 151 151 152 152 152 152 152 152 152 152 152 152 152 152 152 152 152 152 152 152 153 152 153 153 153 153 153 153 153 153 153 154 153 153 153 153 153 153 153 154 154 154 154 154 154 155 155 155 155 155 155 155 155 155 155 155 156 156 156 156 156 156 156 156 157 157 157 157 157 158 158 158 158 158 158 158 159 159 159 159 159 159 159 160 160 160 159 159 160 160 159 159 160 160 160 161 160 160 161 161 161 162 162 162 162 162 163 163 163 162 162 162 162 163 163 162 162 162 163 163 163 163 164 164 164 164 165 165 165 165 165 165 166 165 165 165 165 165 166 166 166 166 166 166 167 167 168 168 168 168 168 167 168 168 168 168 168 168 169 169 169 168 169 169 169 169 169 170 170 170 170 170 170 170 171 171 171 172 172 172 173 172 172 173 174 174 174 175 176 175 175 176 176 177 177 177 177 177 178 178 178 178 178 178 179 179 179 179 180 180 180 180 180 151 152 151 150 150 150 150 149 149 149 150 149 149 149 149 149 149 150 150 151 152 151 152 151 149 149 149 148 148 148 148 148 149 149 149 149 149 149 150 150 150 150 150 150 150 149 150 150 150 150 150 150 150 150 150 150 150 150 150 150 150 150 150 150 150 150 150 150 151 151 151 151 151 151 151 151 151 151 151 151 152 152 152 151 152 152 152 152 152 152 152 152 152 152 152 152 152 152 153 153 153 153 153 153 153 153 153 153 153 153 153 154 153 153 153 153 154 154 154 154 154 154 154 155 155 155 155 155 155 155 155 155 155 156 156 156 156 156 156 157 157 157 157 156 157 157 157 157 157 158 158 158 158 159 159 159 159 159 159 158 159 159 159 159 159 159 159 159 160 159 159 160 160 160 161 161 161 161 162 161 162 162 162 162 162 162 162 163 163 163 163 163 163 163 163 162 163 164 164 164 164 164 164 164 164 165 165 165 165 165 165 165 165 165 165 165 166 166 166 166 166 166 166 167 167 168 168 168 168 168 167 168 168 168 168 169 168 169 169 169 169 169 169 169 170 170 170 170 170 170 170 171 171 171 171 171 171 172 172 172 172 172 173 173 173 174 174 175 176 175 176 176 177 177 177 177 178 178 178 178 178 179 179 179 179 179 180 180 180 180 180 180 151 150 150 150 150 149 150 150 151 151 150 151 150 149 149 148 149 150 150 151 152 152 151 150 150 150 149 149 149 149 149 149 149 149 149 150 150 150 150 150 150 150 150 150 150 150 150 150 150 150 150 150 150 150 150 150 150 150 150 150 150 150 150 150 151 151 151 151 151 151 151 151 151 151 151 151 152 151 152 152 152 152 151 151 152 152 152 152 152 152 152 152 152 153 152 152 152 153 153 153 153 153 153 153 153 153 153 153 153 153 153 154 153 153 153 153 154 154 154 154 154 154 155 155 155 155 155 155 155 155 155 156 156 156 156 156 156 156 156 157 157 157 157 157 158 157 157 157 158 158 158 158 159 159 160 160 159 159 159 159 159 159 159 159 159 159 159 159 159 160 160 160 160 160 161 161 161 161 161 162 162 162 162 162 162 162 162 163 163 163 163 163 163 163 163 163 164 164 164 164 165 165 165 164 164 165 165 165 165 165 165 165 165 166 166 165 166 166 166 166 167 167 167 167 168 168 168 168 168 168 168 168 168 168 168 169 169 169 169 169 169 169 169 170 170 170 170 170 170 171 171 171 171 171 171 171 171 171 172 172 173 173 173 173 173 174 175 175 175 176 177 177 177 177 178 178 178 178 179 179 179 179 180 180 180 180 180 180 181 151 150 150 151 152 152 152 152 151 151 150 149 149 150 150 150 151 151 151 150 150 149 149 149 149 149 149 149 149 149 150 150 150 150 150 150 150 150 150 150 150 150 150 150 150 150 150 150 150 150 150 150 150 150 150 150 150 150 151 151 151 151 151 151 151 151 151 151 151 151 151 151 152 152 152 152 152 151 152 152 152 152 152 153 153 152 152 152 153 153 152 152 152 153 153 153 153 153 153 153 153 153 153 153 153 153 153 154 154 154 154 154 154 154 154 154 154 154 155 155 155 155 155 155 155 155 155 156 156 156 156 156 156 156 156 156 157 157 158 158 158 158 157 158 158 158 158 158 158 159 159 159 159 159 159 158 158 159 159 159 159 160 160 160 160 160 160 160 160 160 161 162 161 161 161 162 162 162 163 162 162 162 162 163 163 163 163 163 163 164 164 164 164 164 164 164 164 164 165 165 164 165 165 165 165 165 165 165 165 166 166 165 166 166 166 166 167 167 167 167 168 168 168 168 168 168 168 168 168 168 168 168 169 169 169 169 169 169 170 170 170 170 171 171 171 171 171 171 171 171 171 171 172 172 172 173 173 173 174 174 174 174 174 175 175 176 177 177 177 177 178 178 178 178 179 179 179 180 180 180 180 180 180 181 181 181 181 152 152 152 153 153 153 154 154 152 152 153 153 148 148 148 149 150 149 150 149 148 149 148 149 149 149 149 149 149 150 150 150 150 150 150 150 150 150 150 150 150 150 150 150 150 150 150 150 150 150 150 150 150 150 150 150 150 150 151 151 151 151 151 151 151 151 151 151 151 151 151 151 151 152 152 152 152 152 152 152 152 152 153 153 153 152 153 153 153 153 152 152 152 153 153 153 153 153 153 153 153 153 153 153 153 153 153 153 154 154 154 154 154 154 154 154 154 155 155 155 155 155 155 155 155 155 156 156 156 156 156 156 156 156 156 157 156 157 158 158 158 158 158 158 158 158 158 158 158 159 159 159 159 159 159 159 160 160 159 159 160 160 160 160 160 160 160 160 160 160 161 161 161 162 162 161 161 162 163 163 162 163 163 163 163 163 163 163 164 164 164 164 164 163 164 164 164 164 164 165 165 165 165 165 165 166 166 166 165 165 166 166 166 166 167 166 167 167 167 167 168 168 168 168 168 168 168 168 169 169 168 168 169 169 169 169 169 170 170 170 170 171 171 171 171 171 171 171 171 171 172 172 172 172 173 174 174 174 175 176 175 175 175 175 175 176 177 177 177 178 178 178 178 179 179 179 179 180 180 180 180 180 181 181 181 181 181 153 154 155 155 155 154 153 154 154 153 152 151 149 148 149 148 148 148 148 148 148 148 149 149 149 149 150 150 150 150 150 150 150 150 150 150 150 150 150 150 150 150 150 150 150 150 150 150 150 150 150 150 150 150 150 151 151 151 151 151 151 151 151 151 151 151 151 151 151 151 151 152 152 152 152 152 152 152 152 153 153 153 152 153 153 153 153 153 152 153 153 153 153 153 153 153 153 153 153 153 153 153 153 154 154 153 153 154 154 154 154 154 154 154 154 154 155 155 155 155 155 155 156 156 156 156 156 156 156 156 156 156 157 157 157 157 158 158 158 157 158 158 158 158 158 158 159 159 159 159 159 160 160 160 160 160 160 160 160 160 160 160 160 160 160 160 160 160 161 162 161 162 162 162 161 162 163 163 163 163 163 163 163 163 163 163 164 165 164 164 164 164 164 164 164 164 164 165 165 165 165 166 166 166 166 166 166 166 167 166 166 167 167 166 167 167 167 168 168 168 167 167 167 168 168 169 169 169 169 169 169 169 169 169 170 170 170 170 170 171 171 171 171 171 171 171 171 171 172 173 173 174 174 174 174 175 175 176 176 175 176 176 176 176 177 177 177 178 178 178 178 179 179 179 180 180 180 180 180 181 181 181 181 181 155 154 154 154 154 154 154 153 153 152 151 151 150 149 149 150 149 148 149 149 149 149 149 149 150 150 150 150 150 150 150 150 150 150 150 150 150 150 150 150 150 150 150 150 150 150 150 150 150 150 150 150 150 151 151 151 151 151 151 151 151 151 151 151 151 151 151 151 151 152 152 152 152 152 152 152 152 152 153 153 153 153 153 153 153 153 153 152 153 153 153 153 153 153 153 153 153 153 153 153 153 153 154 154 154 153 153 154 154 154 154 154 154 155 155 155 155 155 155 155 156 156 156 156 156 156 156 156 156 156 156 157 157 157 157 158 158 158 157 157 158 158 158 158 158 159 159 159 159 159 159 160 160 160 160 161 160 160 160 160 160 160 160 160 160 160 160 161 162 161 161 162 161 161 162 162 162 163 163 163 164 163 163 163 163 164 164 164 164 164 164 164 164 164 164 165 165 165 165 166 166 167 167 167 166 166 166 167 167 167 167 167 167 167 168 168 168 168 168 167 167 168 168 168 168 168 169 169 169 169 169 169 169 170 170 170 170 170 171 171 171 171 171 172 172 172 172 172 172 173 174 175 175 175 174 175 176 177 177 177 176 176 176 177 177 178 178 178 179 179 179 179 179 179 179 180 180 181 181 180 181 181 154 154 153 153 153 153 154 154 153 152 151 151 151 151 152 152 152 150 149 149 150 149 149 149 150 150 150 150 150 150 150 150 150 150 150 150 150 150 150 150 150 150 150 150 150 150 150 151 151 150 150 150 150 151 151 151 151 151 151 151 151 151 151 151 151 151 151 151 151 152 152 152 152 152 152 152 152 152 153 153 153 153 153 153 153 153 153 153 152 153 153 153 153 153 153 153 153 153 154 154 154 154 154 154 154 154 154 154 154 154 154 154 155 155 155 155 155 155 155 155 156 156 156 156 156 156 156 156 156 156 156 157 157 157 157 157 157 157 158 158 157 158 158 158 159 159 159 159 159 159 159 159 159 159 159 160 160 160 160 160 159 159 160 161 161 160 160 160 161 161 161 161 162 161 162 162 162 162 163 163 163 164 164 163 163 163 164 164 164 164 164 164 164 164 165 164 165 165 165 165 166 167 167 167 167 167 167 167 167 167 167 167 167 167 167 167 168 169 169 168 168 168 168 168 168 168 168 168 169 169 170 169 169 169 170 170 170 170 170 170 171 171 172 172 172 173 172 174 174 173 173 174 174 175 176 176 176 176 177 177 177 177 177 176 177 178 178 179 179 179 179 179 179 179 179 180 180 180 180 180 180 181 182 154 153 152 152 153 152 153 153 153 153 153 153 153 153 154 153 152 151 151 150 150 149 149 149 149 150 150 150 150 150 150 150 150 150 150 150 150 150 150 150 150 150 150 150 150 150 151 151 151 151 151 151 151 150 151 151 151 151 151 151 151 151 151 151 151 151 151 151 152 152 152 152 152 152 152 152 152 152 153 153 153 153 153 153 153 153 153 153 153 152 153 153 153 153 153 153 153 154 154 154 154 154 154 154 154 154 154 154 154 154 154 154 155 155 155 155 155 155 155 156 156 156 156 156 156 156 156 156 156 157 157 157 157 157 157 157 157 157 157 157 158 158 158 158 159 159 159 159 159 159 160 160 160 159 159 159 159 159 160 160 160 159 160 160 161 161 161 161 161 161 161 161 161 161 161 161 162 162 162 163 163 163 163 163 163 163 163 163 164 163 164 164 164 164 164 165 165 165 165 165 166 166 167 167 167 167 167 168 168 168 167 167 167 167 167 167 168 168 169 169 168 168 169 169 169 169 169 169 169 169 169 169 169 169 170 170 170 170 171 171 171 171 171 171 172 173 174 174 174 175 174 173 174 175 175 176 177 177 177 177 177 178 177 177 176 177 177 178 179 179 180 179 179 179 179 179 180 180 180 180 180 181 181 181 182 154 153 153 153 152 152 152 153 153 154 155 155 154 154 155 154 153 151 150 150 149 149 149 149 149 150 150 150 150 150 150 150 150 150 150 151 151 151 151 150 150 150 150 150 150 150 150 151 151 151 151 151 151 151 151 151 151 151 151 151 151 151 151 151 151 151 151 151 152 152 152 152 152 152 152 152 152 152 152 153 153 153 153 153 153 153 153 153 153 152 153 153 153 153 153 154 154 154 154 154 154 154 154 154 154 154 155 155 154 154 154 154 155 155 155 155 155 155 156 156 156 156 156 156 156 156 156 157 157 157 157 157 157 157 157 157 157 157 157 157 158 158 158 159 159 159 159 159 159 159 160 160 160 160 159 159 160 160 160 160 160 160 160 161 161 161 161 161 161 161 162 161 162 161 161 161 162 162 162 162 163 163 163 163 163 163 163 163 164 163 164 164 164 164 165 165 165 165 165 166 166 167 167 167 167 167 168 167 168 168 167 167 167 167 167 167 168 169 169 169 169 169 169 169 169 169 169 169 169 169 169 169 169 169 170 170 170 171 171 171 171 171 171 171 171 172 173 174 174 175 175 174 174 175 176 176 177 176 177 177 178 178 178 177 177 177 178 178 179 179 179 180 179 179 179 179 179 180 180 180 180 181 181 182 154 154 154 155 155 154 153 153 152 153 154 154 154 154 154 155 155 154 152 152 152 152 150 149 149 149 150 150 150 150 150 150 150 150 150 150 150 151 151 151 151 150 150 150 150 150 150 150 151 151 151 151 151 151 151 151 151 151 151 151 151 151 151 151 151 151 152 152 152 151 151 152 152 151 152 152 152 152 152 152 152 153 153 153 153 153 153 153 153 153 153 153 153 153 153 153 154 154 154 154 154 154 154 154 154 154 155 155 155 155 155 154 154 154 155 155 155 155 155 156 156 156 156 156 156 156 156 156 156 157 157 157 157 157 157 158 158 157 157 157 157 158 158 158 158 158 159 159 159 159 159 159 160 160 160 160 160 160 161 160 160 161 161 161 162 162 161 161 161 161 161 161 162 162 162 162 161 161 162 162 162 162 163 163 163 163 163 163 163 163 163 163 164 164 164 164 165 165 165 165 165 166 166 166 167 167 167 167 167 167 168 168 168 168 167 167 167 168 168 169 169 169 168 168 169 169 169 169 169 169 169 169 169 169 169 169 170 170 170 170 171 171 171 172 172 173 173 172 172 173 174 174 175 175 174 174 175 176 176 176 177 177 178 178 178 178 177 178 178 179 179 179 179 179 180 180 180 180 180 180 180 180 181 181 181 182 154 154 155 155 154 154 154 153 152 152 153 153 152 153 152 153 154 154 153 154 154 153 151 150 149 149 149 150 150 150 150 151 151 151 151 151 151 151 151 151 151 150 151 151 151 151 151 151 151 151 151 151 151 151 151 151 151 151 151 151 151 151 151 151 152 152 152 152 152 152 152 152 152 152 152 152 152 152 153 153 153 153 153 153 153 153 153 153 154 154 153 153 153 153 153 153 154 154 154 154 154 154 154 154 154 155 155 155 155 155 155 154 155 155 155 155 155 155 156 156 156 156 156 156 156 156 156 156 157 157 157 157 157 157 157 157 158 157 158 158 158 159 158 158 159 159 159 159 159 159 159 159 160 160 160 160 160 160 161 161 161 161 161 161 161 161 161 161 162 162 162 162 162 162 162 162 161 161 162 162 162 162 162 163 163 163 163 163 163 163 164 163 164 164 165 165 165 165 165 166 166 167 166 166 166 167 167 167 167 167 168 168 168 168 168 167 168 168 169 169 168 168 168 168 168 168 168 169 170 169 169 169 169 169 169 170 170 170 171 170 171 171 172 172 172 173 174 173 173 174 174 175 175 176 176 175 176 175 176 176 176 177 177 178 179 178 178 179 179 179 179 179 179 179 180 180 180 180 180 180 181 181 181 181 182 155 155 155 154 153 153 153 153 152 152 152 152 152 152 152 153 155 155 155 154 153 152 151 150 149 149 149 150 150 150 151 151 151 151 151 151 151 151 151 151 151 151 151 151 151 151 151 151 151 151 151 151 151 151 151 151 151 151 151 151 151 151 151 151 152 152 152 152 152 152 152 152 152 152 152 152 152 153 153 153 153 153 153 153 153 153 153 153 153 154 154 154 153 153 153 153 154 154 154 154 154 154 154 154 154 154 155 155 155 155 155 155 155 155 155 155 155 156 156 156 156 156 156 156 156 156 157 157 157 157 157 157 157 157 157 157 157 157 157 158 158 159 159 158 159 159 159 159 159 159 159 160 160 160 160 160 160 160 160 161 161 161 161 161 161 161 161 161 162 162 162 162 162 162 162 162 162 161 162 162 162 162 162 163 163 163 163 163 163 164 164 163 164 164 165 165 165 166 166 166 166 166 166 167 166 166 166 167 167 167 168 168 169 169 168 168 168 169 169 169 169 168 168 168 168 168 168 169 169 169 169 169 169 169 169 170 170 171 171 171 171 171 172 173 173 173 174 174 174 173 174 175 175 176 176 176 177 176 176 176 177 177 178 179 179 179 179 180 180 180 180 180 179 179 179 180 180 181 180 180 181 181 181 181 182 155 154 153 154 153 152 152 152 152 152 152 151 152 152 153 154 154 155 154 153 152 151 151 150 149 149 150 150 151 151 151 151 151 151 151 151 151 151 151 151 151 151 151 151 151 151 151 151 151 151 151 151 151 151 151 151 151 151 151 151 151 151 151 152 152 152 152 152 152 153 153 153 153 153 153 153 153 153 153 153 153 153 153 153 153 153 153 153 153 154 154 153 153 153 153 154 154 154 154 154 154 154 154 155 155 155 155 155 155 155 155 155 155 155 155 156 156 156 156 156 156 156 156 156 157 157 157 157 157 157 157 157 157 157 157 157 157 158 158 158 159 159 159 159 159 160 160 160 159 159 159 160 160 160 160 160 160 160 161 161 161 161 161 161 161 161 161 161 162 162 163 162 162 162 162 162 162 162 162 162 163 163 163 163 163 163 164 164 164 164 163 164 164 165 165 165 166 166 166 166 166 166 166 166 167 167 167 168 168 168 168 169 169 168 168 168 169 169 169 169 169 168 168 168 168 168 168 169 169 169 169 169 170 170 170 170 171 171 171 171 172 172 172 173 174 174 175 175 174 174 174 175 176 176 176 177 177 177 176 177 177 178 179 179 179 179 179 180 180 180 180 180 180 180 180 180 181 180 180 180 181 181 181 182 155 154 154 155 154 154 153 153 153 153 151 151 151 151 152 152 153 154 153 152 151 151 151 150 150 150 150 150 151 151 151 151 151 151 151 151 151 151 151 151 151 151 151 151 151 151 151 151 151 151 151 151 151 151 151 151 151 152 151 151 151 151 152 152 152 152 152 153 153 153 153 153 153 153 153 153 153 153 153 153 153 153 153 153 153 154 154 154 153 154 154 153 153 153 153 154 154 154 154 154 154 154 154 155 155 155 155 155 155 155 154 155 155 155 156 156 156 156 156 156 156 156 157 157 157 157 157 157 157 157 157 157 158 158 158 158 158 158 158 159 159 159 159 159 159 159 160 160 160 160 159 160 160 160 160 160 160 161 161 161 161 161 161 161 162 162 162 161 162 162 163 162 162 162 162 162 162 162 162 162 163 163 163 164 164 164 164 164 164 164 164 164 164 165 164 165 165 165 166 166 166 166 166 166 167 167 168 168 168 168 169 169 168 168 169 168 168 169 169 169 169 168 168 168 168 168 168 169 169 169 169 169 170 170 170 170 170 171 171 172 172 173 173 173 174 175 175 175 175 175 175 175 175 176 176 176 177 177 177 178 178 179 179 178 178 179 179 178 179 179 179 179 180 180 181 181 180 181 181 180 180 181 182 156 156 156 155 154 153 152 152 152 153 153 152 151 151 152 152 153 153 152 151 150 150 150 150 150 150 151 151 151 151 151 151 151 151 151 151 151 151 151 151 151 151 151 151 151 151 151 151 151 151 151 151 151 151 152 152 152 151 151 151 152 152 152 152 152 152 153 153 153 153 153 153 153 153 153 153 153 153 153 153 153 153 154 154 154 154 154 153 154 153 153 153 153 153 154 154 154 154 154 154 154 155 155 155 155 155 155 155 155 154 155 155 155 156 156 156 156 156 156 156 157 157 157 157 157 157 157 157 157 157 158 158 158 158 158 158 158 158 158 159 159 159 160 160 160 160 160 160 160 160 160 160 160 161 161 161 161 161 161 161 161 161 161 161 162 162 162 162 162 162 162 162 162 162 162 162 162 162 162 163 163 163 164 164 164 164 164 164 164 164 164 164 164 164 165 165 165 165 165 166 166 166 167 167 168 168 168 168 168 168 168 168 168 168 168 168 169 169 168 168 168 168 168 168 168 169 169 169 169 169 170 170 170 170 170 170 171 171 171 172 172 172 173 174 175 175 175 176 175 175 175 175 176 176 176 177 177 177 178 179 179 179 178 179 179 178 179 178 179 178 178 179 179 180 181 180 180 180 180 181 181 182 155 155 155 156 154 153 153 154 154 154 153 153 152 152 151 151 152 153 154 153 151 151 150 150 150 150 150 151 151 151 151 151 151 151 151 151 151 151 151 151 151 151 151 151 151 151 151 151 151 151 152 152 152 152 152 152 152 152 151 151 152 152 152 152 152 152 152 153 153 153 153 153 153 153 153 153 153 153 153 153 153 153 154 154 154 154 154 154 153 154 153 153 153 153 154 154 154 154 154 154 155 155 155 155 155 155 156 156 156 155 155 155 155 155 156 156 156 156 156 156 157 157 157 157 157 157 157 157 157 157 157 158 158 158 158 158 158 158 158 158 159 159 159 159 160 159 159 160 160 160 160 160 160 160 161 161 161 161 161 161 162 162 161 161 162 162 162 162 162 162 163 163 163 162 162 162 162 162 163 163 163 163 163 164 164 164 164 164 164 164 164 164 164 164 164 165 165 165 165 166 166 166 166 167 167 168 168 168 168 167 167 167 168 168 167 168 168 168 168 168 168 168 168 168 169 169 169 169 169 169 170 170 170 170 171 171 172 172 172 171 171 171 172 173 173 174 174 175 175 176 176 176 176 176 177 177 177 178 178 179 179 179 179 178 178 179 179 180 179 179 179 179 178 179 180 180 179 179 180 181 181 181 182 155 155 154 154 153 154 155 156 156 155 154 153 153 152 151 151 151 151 151 152 151 151 151 150 150 150 151 151 151 151 151 151 151 151 151 151 151 151 151 151 151 151 151 151 151 151 151 151 151 151 151 152 152 152 152 152 152 152 152 152 152 152 152 152 153 152 152 152 153 153 153 153 153 153 153 153 153 153 153 153 153 153 154 154 154 154 154 154 154 154 153 154 154 154 154 154 154 154 154 155 155 155 155 155 155 155 155 155 156 155 155 155 155 156 156 156 156 156 156 157 157 157 157 157 157 157 157 157 157 157 158 158 158 158 158 158 158 158 158 158 159 159 159 159 159 159 160 160 160 161 160 160 160 160 161 161 161 161 161 161 162 162 161 162 162 162 162 162 162 162 162 163 163 163 163 163 163 163 163 163 163 163 163 164 164 164 164 164 164 165 164 164 164 164 165 165 165 165 165 166 166 166 166 167 167 167 168 168 168 167 167 167 167 168 168 168 168 168 168 168 168 168 168 169 169 169 169 169 169 170 170 170 170 170 171 171 172 172 172 172 172 172 172 172 173 173 174 174 175 175 176 176 176 176 176 177 177 178 179 179 179 179 179 179 179 179 179 180 180 180 179 179 179 179 180 180 179 180 181 181 182 182 182 182 182 182 156 156 155 154 154 155 155 155 154 154 154 154 153 152 152 152 152 151 150 150 150 151 150 150 151 151 151 151 151 151 151 151 151 151 151 151 151 151 152 152 151 151 151 151 151 151 152 152 151 151 151 152 152 152 152 152 152 152 152 152 152 152 152 152 152 152 153 153 153 153 153 153 153 153 153 153 153 153 154 153 154 154 154 154 154 154 154 154 154 154 154 154 154 154 154 154 154 154 154 155 155 155 155 155 155 155 155 155 156 155 155 155 155 156 156 156 156 156 157 157 157 157 157 157 157 157 157 157 158 158 158 158 158 158 158 158 158 158 159 159 159 159 159 159 160 160 160 160 161 160 160 161 161 160 161 161 161 161 161 162 162 162 162 162 162 162 162 162 162 162 162 163 163 163 163 163 163 163 163 163 163 163 163 164 164 164 164 164 165 165 164 164 165 165 165 165 165 165 166 166 166 166 167 167 167 168 168 167 167 167 167 167 167 167 167 168 168 168 168 168 168 169 169 169 169 169 169 169 169 169 170 170 171 171 171 172 172 172 172 173 172 172 173 173 174 173 174 175 176 176 176 177 177 176 177 177 177 178 178 178 179 179 179 179 180 180 180 181 180 180 179 179 179 179 179 179 179 180 181 181 182 181 182 182 182 182 182 156 155 154 155 155 156 155 155 154 153 153 152 152 152 152 152 152 152 151 151 150 150 151 151 151 151 151 151 151 151 152 151 152 152 152 152 152 152 152 151 151 151 151 151 152 151 151 151 151 151 152 152 152 152 152 152 152 152 152 152 152 152 152 152 153 153 153 153 153 153 153 153 153 153 153 153 154 154 154 154 154 154 154 154 154 154 154 154 154 154 154 154 154 154 154 154 154 154 154 155 155 155 155 155 155 156 155 155 155 155 155 156 156 156 156 156 157 157 157 157 157 157 157 157 157 157 158 158 158 158 158 158 158 158 158 158 158 159 159 159 159 159 160 160 160 160 160 160 160 160 161 161 160 161 161 161 162 162 162 162 162 162 162 162 163 163 163 163 163 163 162 163 163 163 163 163 163 163 163 163 163 163 164 164 164 164 165 165 165 164 164 165 165 165 165 165 165 166 166 166 166 166 167 167 167 167 167 167 167 167 167 167 168 168 168 168 168 168 169 169 169 169 169 169 169 170 170 170 170 170 170 170 171 171 172 172 172 173 173 173 173 173 174 175 174 174 175 175 176 176 177 177 177 177 178 178 179 179 178 178 178 179 179 179 180 181 181 181 180 180 179 179 179 180 180 180 179 179 180 180 181 182 181 182 182 182 182 182 156 156 156 156 157 156 155 154 154 153 153 153 153 153 153 152 151 151 151 150 151 151 151 151 151 151 152 152 152 152 152 152 152 152 152 152 152 152 152 152 152 152 152 152 152 151 152 152 152 152 152 152 152 152 152 152 152 152 152 152 152 152 152 152 153 153 153 153 153 153 153 153 153 153 153 154 154 154 154 154 154 154 154 154 154 154 154 154 154 154 155 154 155 155 154 154 154 154 155 155 155 155 155 156 156 156 155 155 155 155 156 156 156 156 157 157 157 157 157 157 157 157 157 158 158 158 158 158 158 158 158 158 158 159 159 159 159 159 159 159 160 160 160 160 160 160 160 160 161 161 161 161 161 161 161 162 162 162 162 162 162 162 162 162 163 163 163 163 163 163 163 164 163 163 163 163 163 163 164 164 164 164 164 164 165 165 165 165 164 164 165 165 165 165 166 166 166 167 167 167 167 166 167 167 167 167 167 167 167 167 168 168 168 168 168 168 169 169 169 169 169 169 169 170 170 170 170 170 171 171 171 171 171 172 172 173 173 174 173 173 174 174 175 175 175 175 175 175 176 176 177 177 177 178 178 179 179 179 179 178 178 179 179 180 181 180 180 180 180 180 180 180 181 180 180 180 179 179 180 180 181 181 181 181 182 182 182 182 157 157 157 157 157 156 155 154 154 154 153 154 154 153 152 152 151 151 150 151 151 151 151 151 152 152 152 152 152 152 152 152 152 152 152 152 152 152 152 152 152 152 152 152 152 152 152 152 152 152 152 152 152 152 152 152 152 152 152 152 152 153 153 153 153 153 153 153 153 153 153 153 153 153 153 154 154 154 154 154 154 154 154 154 154 154 154 154 155 155 155 155 155 155 154 154 154 154 155 155 155 156 156 156 156 156 155 155 156 156 156 156 156 157 157 157 157 157 157 157 157 157 158 158 158 158 158 158 158 158 158 158 159 159 159 159 159 160 160 160 160 159 160 160 160 160 161 161 161 161 161 161 161 161 162 162 162 162 162 162 162 162 163 163 163 163 163 163 163 163 163 164 163 163 163 163 163 164 164 164 164 164 164 164 165 165 165 164 165 165 165 166 166 166 166 166 166 167 167 167 166 167 167 167 167 167 167 167 168 168 168 168 168 168 169 169 169 169 169 169 169 170 170 170 170 171 171 171 172 172 172 171 171 172 173 173 173 173 173 174 174 175 176 176 176 176 176 177 177 177 178 178 179 179 180 179 179 179 179 178 179 180 180 180 179 179 180 180 180 180 180 182 182 182 181 181 180 180 180 180 181 182 181 181 182 182 182 183 157 156 156 155 154 154 154 154 153 153 152 152 153 152 151 151 150 151 151 151 151 152 152 152 152 152 152 152 152 152 152 152 152 152 152 152 152 152 152 152 152 152 152 152 152 152 152 152 152 152 152 152 152 152 152 152 152 152 152 153 153 153 153 153 153 153 153 153 153 153 153 154 154 154 154 154 154 154 154 154 154 154 154 154 154 154 154 155 155 155 155 155 155 154 154 154 155 155 155 156 156 156 156 156 156 156 156 156 156 156 156 157 157 157 157 157 157 157 157 158 158 158 158 158 158 158 158 158 159 159 159 159 159 159 159 159 159 159 159 160 160 160 160 160 161 161 161 161 161 161 161 161 162 162 162 162 162 162 162 162 163 163 163 163 163 163 163 163 163 163 163 163 163 163 163 164 164 164 164 164 164 164 165 165 165 165 165 166 166 166 166 166 166 166 167 167 167 167 167 167 167 167 167 167 167 168 168 168 168 168 168 169 169 169 169 169 169 170 170 170 170 170 170 170 171 171 171 171 172 172 171 171 172 173 173 173 173 174 175 175 175 175 176 176 176 177 177 177 178 178 179 179 179 179 178 179 179 179 179 180 180 180 180 179 179 180 180 180 180 181 182 181 181 181 182 181 181 181 180 181 182 181 181 182 182 183 183 183 156 155 155 155 155 154 153 152 151 152 152 152 151 151 151 151 151 152 152 152 152 152 152 152 152 152 152 152 152 152 152 152 152 152 152 152 152 152 152 152 152 152 152 152 152 152 152 152 152 152 152 152 152 152 152 152 152 153 153 153 153 153 153 153 153 153 153 154 154 154 154 154 154 154 154 154 154 154 154 154 154 154 154 155 155 155 155 155 155 155 155 154 154 155 155 155 156 156 156 156 156 156 156 156 156 156 156 156 157 157 157 157 157 157 157 158 158 158 158 158 158 158 158 158 158 159 159 159 159 159 159 159 159 160 160 160 160 161 160 160 160 161 161 161 161 161 161 161 161 162 162 162 162 162 163 162 162 162 163 163 163 163 163 163 163 163 164 164 163 163 163 164 164 164 164 164 164 164 164 165 165 166 165 165 165 166 166 166 166 166 166 167 167 166 167 167 167 167 167 167 167 168 168 168 168 168 168 169 169 169 169 169 169 170 170 170 170 170 170 170 171 171 171 172 172 172 172 172 172 172 172 172 173 174 174 174 174 175 175 175 176 177 177 177 176 177 178 179 179 179 179 179 178 179 179 179 180 180 180 179 180 179 180 180 180 180 181 181 181 180 181 181 181 181 181 181 181 182 181 182 182 182 183 183 183 184 184 156 156 155 154 154 153 152 151 151 151 151 151 151 151 151 152 152 152 152 152 152 152 152 152 152 152 152 152 152 152 152 152 152 152 152 152 152 152 152 152 152 152 152 152 152 152 152 152 152 152 152 153 152 152 152 152 153 153 153 153 153 153 153 153 153 154 154 154 154 154 154 154 154 154 154 154 155 154 154 155 154 154 155 155 155 155 155 155 155 155 154 155 155 155 155 156 156 156 156 156 156 156 156 156 156 156 157 157 157 157 157 157 158 158 158 158 158 158 158 158 158 159 159 159 159 159 159 159 159 159 160 160 160 160 160 161 161 161 161 161 161 161 161 161 161 161 161 162 162 162 162 162 163 162 162 162 163 163 163 163 163 163 163 164 164 164 164 163 163 164 164 164 164 164 164 164 164 164 165 165 165 165 165 166 166 166 166 166 166 166 166 166 166 166 167 167 167 167 168 168 168 168 168 168 169 169 169 169 169 170 170 170 170 170 170 170 171 171 171 172 172 172 172 172 173 173 173 173 173 173 173 173 173 174 174 175 175 175 176 176 177 176 177 177 178 179 180 180 180 180 179 179 179 179 179 179 179 179 179 179 179 180 180 181 182 182 181 180 181 181 181 181 181 181 181 182 181 182 182 182 183 183 183 184 184 185 156 155 155 154 154 153 152 151 151 150 150 150 151 151 151 151 151 151 151 151 151 152 152 152 152 152 152 152 152 152 152 152 152 152 152 152 152 152 152 152 151 151 151 152 152 152 152 152 152 152 152 153 152 152 152 152 152 152 153 153 153 153 153 153 153 154 154 154 154 154 154 154 154 154 154 154 154 154 154 154 154 155 155 155 155 155 155 155 155 155 154 154 154 155 155 156 156 156 156 156 156 156 156 156 156 156 156 157 157 157 157 157 158 158 158 158 158 158 158 158 158 158 159 159 159 159 159 159 159 159 160 160 160 160 161 161 161 161 161 162 162 161 161 161 161 161 161 162 162 162 162 162 162 162 163 162 163 163 163 163 163 163 163 164 164 164 164 164 163 164 164 164 164 164 164 165 165 165 165 165 165 165 165 166 166 166 166 166 167 166 166 166 166 167 167 167 168 168 168 168 168 168 168 169 169 169 169 169 169 170 170 170 170 170 170 171 171 171 171 172 172 172 173 172 173 173 173 173 174 174 173 173 174 174 174 174 175 176 176 176 176 176 177 177 177 179 179 179 179 179 179 179 179 179 179 180 180 180 180 180 180 179 180 180 181 181 181 180 180 180 180 180 181 181 181 181 181 181 181 182 183 183 183 183 184 184 155 154 154 153 153 152 152 151 151 150 150 150 151 151 151 151 151 151 152 152 152 152 152 152 152 152 152 152 152 152 152 152 152 152 152 152 151 152 152 151 151 151 152 152 152 152 152 152 152 153 153 153 153 152 152 152 152 153 153 153 153 153 153 153 154 154 154 154 154 154 154 154 154 154 154 154 154 154 154 154 154 155 155 155 155 155 155 155 155 155 154 154 155 155 155 156 156 156 157 157 156 156 156 157 156 157 157 157 157 157 158 158 158 158 158 158 158 158 158 159 159 159 159 159 159 159 159 159 159 160 160 160 160 160 161 161 161 161 161 162 161 161 161 161 161 162 162 162 162 163 162 162 162 163 163 163 163 163 163 163 164 164 164 164 164 164 164 164 164 164 164 164 164 165 165 165 165 165 165 165 165 165 166 166 167 166 166 166 166 166 167 167 167 167 168 168 168 168 168 168 168 169 169 169 169 169 169 169 170 170 170 170 170 171 171 171 171 171 171 172 172 173 173 173 173 174 174 174 174 174 174 175 174 176 175 175 175 176 176 176 176 177 177 178 179 179 179 179 178 179 180 180 180 180 180 181 181 181 181 180 180 180 180 180 181 181 180 181 181 181 181 182 182 182 182 181 181 182 182 183 183 183 183 184 184 184 155 154 154 153 152 152 151 151 151 150 150 151 151 151 151 151 152 152 152 152 152 152 152 152 152 152 152 152 152 152 152 152 152 152 152 152 151 152 151 151 151 152 152 152 152 152 152 152 153 153 153 153 153 153 153 153 153 153 153 153 153 153 153 154 154 154 154 154 154 154 154 154 154 154 155 155 155 154 154 155 155 155 155 155 155 155 155 155 155 155 155 155 155 155 156 156 157 157 157 157 156 156 157 157 157 157 157 157 158 158 158 158 158 158 158 158 158 159 159 159 159 159 159 159 159 159 159 159 160 160 160 160 161 161 161 161 161 161 162 161 161 161 162 162 162 162 162 163 163 162 162 163 163 163 163 163 163 163 164 164 164 164 164 164 164 164 164 164 164 164 164 165 165 166 165 165 165 165 165 165 165 166 166 167 166 166 166 166 167 167 167 167 168 168 168 168 168 168 168 169 169 169 169 169 169 169 170 170 170 170 170 171 171 171 171 171 172 172 172 172 173 173 174 174 175 175 175 175 175 175 175 175 176 175 175 175 176 176 176 177 177 177 178 179 180 180 179 179 179 180 180 180 180 180 181 181 181 181 181 181 181 181 181 181 181 181 182 182 182 182 182 182 182 182 181 181 182 183 183 183 183 184 184 184 184 154 154 153 153 152 152 151 151 151 150 150 151 151 151 151 151 152 152 152 152 152 152 152 152 152 152 152 152 152 152 152 152 152 152 152 152 152 152 151 151 152 152 152 152 152 152 152 152 152 152 152 153 153 153 153 153 153 154 153 153 153 153 153 154 154 154 154 154 154 154 154 154 154 154 155 155 155 155 154 154 154 155 155 155 155 155 155 156 156 155 155 155 155 156 156 156 157 157 157 156 156 156 157 157 157 157 157 158 158 158 158 158 158 158 158 159 159 159 159 159 159 159 159 159 160 159 160 160 160 160 160 160 160 161 161 161 161 161 162 162 161 162 162 162 162 162 162 162 162 162 163 163 163 163 163 163 164 164 164 164 164 164 164 164 164 164 164 164 164 164 165 165 166 165 165 166 165 165 165 166 165 166 166 166 166 166 166 167 167 167 168 168 168 168 168 168 168 169 169 169 169 169 169 169 170 170 170 170 170 170 170 171 171 171 171 171 172 172 172 173 173 174 175 175 175 175 175 175 176 176 176 176 176 176 176 176 176 177 177 177 177 178 179 179 179 180 180 180 180 180 180 180 180 180 181 181 181 181 181 181 181 181 181 181 181 182 183 183 183 182 182 182 182 182 182 181 182 182 183 183 183 184 184 184 153 152 152 152 151 151 150 151 151 151 151 151 151 151 152 152 152 152 152 152 152 152 152 152 152 152 152 152 152 152 152 152 152 152 152 152 152 152 152 152 152 152 152 152 152 152 152 152 153 153 153 154 154 153 153 154 154 154 154 154 154 154 154 154 154 155 154 154 154 154 154 154 154 155 155 155 154 154 154 155 155 155 156 156 156 156 156 156 156 156 156 156 156 156 156 157 157 157 157 157 157 157 157 157 158 158 158 158 158 158 158 158 159 159 159 159 159 159 159 159 159 159 160 160 160 160 160 160 161 161 161 161 161 161 161 162 162 162 162 162 162 162 162 163 163 162 162 162 163 163 163 163 163 164 164 164 164 164 164 164 165 164 165 164 164 164 164 164 165 165 166 166 166 166 166 166 165 166 166 166 166 166 166 166 167 167 167 168 168 168 168 168 168 168 168 169 169 169 169 169 169 170 170 170 170 170 171 171 171 171 171 172 171 172 172 172 172 173 173 174 175 174 175 175 175 175 176 176 177 177 176 177 177 176 176 177 177 178 178 179 179 179 179 180 180 181 181 181 180 181 181 181 182 182 181 181 181 181 182 182 181 181 182 182 183 183 183 183 183 182 182 182 182 182 182 182 184 184 184 184 184 152 152 151 151 151 151 150 150 150 151 151 151 151 152 152 152 152 152 152 152 152 152 152 152 152 152 152 152 152 152 152 152 152 152 152 152 152 152 152 152 152 152 152 152 152 152 152 152 152 152 153 154 154 154 153 153 154 154 154 154 154 154 154 154 154 154 154 154 154 154 155 155 155 155 155 155 155 154 154 154 154 155 155 155 156 156 156 156 156 156 156 156 156 156 156 156 156 156 157 157 157 157 157 157 157 158 158 158 158 158 158 158 159 159 159 159 159 159 159 159 159 159 159 159 160 160 160 160 161 161 161 161 161 161 161 162 162 162 162 162 162 162 162 162 162 163 163 163 162 163 163 163 164 164 164 164 164 164 164 164 164 165 165 165 165 164 164 164 165 165 166 166 166 166 166 166 166 166 166 166 166 166 166 166 167 167 167 168 168 168 168 168 168 168 168 169 169 169 169 169 169 169 170 170 170 170 170 171 171 171 171 171 172 172 172 172 172 173 173 174 175 175 174 175 176 176 176 176 176 177 177 178 178 177 177 178 178 178 179 179 179 180 180 179 180 180 180 181 181 181 181 181 181 182 182 181 181 181 181 182 182 182 182 182 183 183 183 183 182 182 182 182 182 182 182 183 182 183 184 184 185 185 152 151 151 151 152 151 151 151 151 151 152 152 152 152 152 152 152 152 152 152 152 152 152 152 152 152 152 152 152 152 152 152 152 152 152 152 152 152 152 152 152 152 152 152 152 152 152 152 153 154 154 154 153 153 154 154 154 154 154 154 154 154 154 154 154 154 154 155 155 155 155 155 155 155 155 155 155 155 155 155 155 156 156 156 156 156 156 156 156 156 156 156 157 157 157 156 156 157 157 157 157 157 158 158 158 158 158 158 158 159 159 159 159 159 159 159 159 159 159 159 159 159 160 160 160 160 161 161 161 162 161 161 162 162 162 162 162 162 162 162 162 162 162 163 163 163 163 163 163 163 164 164 164 164 164 164 164 164 165 165 165 165 165 165 165 164 165 165 166 166 166 166 166 166 166 166 166 166 166 166 166 167 167 167 168 168 168 168 168 168 168 168 168 169 169 169 169 169 169 170 170 170 170 170 170 171 171 171 171 171 172 172 172 172 173 173 174 175 175 175 174 175 175 176 176 177 177 178 178 177 177 178 178 178 179 179 179 179 179 180 180 179 180 180 180 180 180 181 181 182 182 182 182 181 181 181 182 183 182 182 182 183 183 183 182 182 182 182 182 182 182 183 183 183 183 183 184 184 184 185 152 152 151 151 151 151 151 151 151 151 152 152 152 152 152 152 152 152 152 152 152 152 152 152 152 152 152 152 152 152 152 152 152 152 152 152 152 152 152 152 152 152 152 152 152 152 152 152 152 153 153 153 153 153 153 154 154 154 154 154 154 154 154 154 154 154 155 155 154 155 155 155 155 155 155 155 155 155 155 155 156 156 156 156 156 156 156 156 157 157 157 156 157 157 157 157 156 157 157 157 157 157 158 158 158 158 158 158 159 159 159 159 159 159 159 159 159 160 160 160 160 160 160 160 160 160 161 161 161 161 161 162 162 162 162 162 162 162 162 162 162 162 162 163 163 163 163 163 163 163 164 164 164 164 164 164 164 165 165 165 165 165 165 165 165 165 165 165 166 166 166 166 166 166 166 166 166 166 166 166 167 167 167 167 168 168 168 168 168 168 168 169 169 169 169 169 169 169 169 170 170 170 170 170 171 171 171 172 172 172 172 173 173 173 173 173 174 175 175 175 174 174 175 175 175 176 177 178 178 178 177 178 178 179 179 179 179 179 179 179 180 179 180 180 180 180 180 181 181 182 182 181 181 181 181 182 182 183 183 182 183 183 183 183 183 183 182 182 182 182 183 183 183 183 183 183 184 184 184 185 151 151 151 151 151 151 151 152 152 152 152 152 152 152 152 152 152 152 152 152 152 152 152 152 152 152 152 152 152 152 152 152 152 152 152 152 152 152 152 152 153 153 153 153 153 153 152 152 153 153 152 153 153 154 154 154 154 154 154 154 154 154 154 154 154 155 154 154 155 155 155 155 155 154 155 155 155 155 155 156 156 156 156 156 156 156 157 157 157 157 157 157 157 157 157 157 157 157 158 158 158 158 158 158 158 158 159 159 159 159 159 159 159 159 160 160 160 160 160 160 160 160 160 161 161 161 161 161 161 162 162 162 162 162 162 162 162 163 162 163 163 163 163 163 163 163 163 163 164 164 164 164 164 164 164 164 164 164 164 164 164 164 165 165 165 166 166 166 166 167 167 167 167 166 166 167 167 167 167 167 167 168 168 168 168 168 168 169 169 169 169 169 169 169 170 170 169 170 170 170 171 171 171 171 171 172 172 172 172 173 173 173 173 173 174 174 175 175 174 175 175 175 175 176 176 177 178 177 177 177 178 179 179 178 179 179 179 179 179 179 180 180 180 180 181 181 181 182 182 182 182 182 182 182 183 183 184 183 184 184 184 184 183 182 182 182 182 183 183 183 184 184 184 184 184 184 185 151 151 151 151 151 152 152 152 152 152 152 152 152 152 152 152 152 152 152 152 152 152 152 152 152 152 152 152 152 152 152 152 152 152 152 152 152 152 153 153 153 153 153 153 153 153 153 153 153 153 153 153 154 154 154 154 154 154 154 154 154 154 154 154 154 154 154 154 154 155 155 155 155 155 155 155 155 155 155 156 156 156 156 156 156 156 157 157 157 157 157 157 157 157 157 157 157 157 158 158 158 158 158 158 158 159 159 159 159 159 159 159 159 160 160 160 160 160 160 160 160 160 161 161 161 161 161 161 161 162 162 162 162 162 162 162 162 163 163 163 163 163 163 163 163 163 164 164 164 164 164 164 164 164 165 165 165 165 165 165 165 165 165 165 165 166 166 166 166 167 167 167 167 167 167 167 167 167 167 167 168 168 168 168 168 168 168 169 169 169 169 169 169 170 170 170 170 170 170 171 171 171 171 171 171 172 172 172 172 173 173 173 173 174 174 174 174 174 175 175 176 176 176 177 177 178 178 178 178 178 178 179 179 178 179 180 179 179 179 179 180 179 180 180 180 180 181 182 182 182 183 182 183 183 184 183 184 184 184 184 184 184 183 183 183 183 183 183 183 183 183 184 184 184 184 184 184 151 151 151 151 151 151 152 152 152 152 152 152 152 152 152 152 152 152 152 152 152 152 152 152 152 152 152 152 152 152 153 153 152 152 152 152 152 152 153 153 153 153 153 153 153 153 153 153 153 153 153 153 153 154 154 154 154 154 154 154 154 154 154 154 154 154 154 154 154 155 155 155 156 155 155 155 155 155 155 155 156 156 156 156 156 156 157 157 157 158 158 157 157 156 157 157 157 157 158 158 158 158 158 158 158 159 159 159 159 159 159 159 160 160 160 160 160 160 160 160 160 161 161 161 161 161 161 161 161 162 162 162 162 162 162 162 162 162 163 163 163 163 163 163 163 163 164 164 164 164 164 164 164 165 165 165 165 165 166 165 165 165 165 165 165 166 166 166 166 167 167 167 167 167 167 167 167 167 167 168 168 168 168 168 169 169 169 169 169 169 169 169 169 170 170 170 170 170 170 171 171 171 172 172 172 172 172 173 173 173 173 173 174 174 174 174 174 174 175 175 176 176 176 176 177 177 177 178 178 178 178 178 178 178 179 179 180 179 179 180 180 180 181 181 181 181 181 181 182 182 183 183 183 183 183 184 183 184 184 184 184 184 183 184 183 183 183 183 183 183 183 183 184 184 184 184 151 151 151 151 151 151 151 151 151 151 152 152 152 152 152 152 152 152 152 152 152 152 152 152 152 152 152 152 153 153 153 152 152 152 152 153 152 153 153 153 153 153 153 153 153 153 153 153 153 153 153 153 153 153 153 153 153 154 154 154 155 155 155 155 154 155 155 155 155 154 154 155 155 155 155 155 155 155 155 155 155 155 155 156 155 156 156 156 157 157 157 157 157 156 156 157 157 157 157 157 157 158 158 158 158 158 158 159 159 159 159 159 159 160 160 160 160 160 160 160 160 161 161 161 161 161 161 161 161 161 161 162 162 162 162 162 162 162 163 162 163 163 163 163 163 163 163 164 164 164 164 164 165 165 165 165 165 165 165 166 166 166 165 166 165 165 166 166 166 166 167 167 167 167 167 167 167 167 167 167 167 168 168 168 168 169 169 169 169 169 169 169 169 170 170 170 170 170 170 170 170 171 171 171 172 172 172 172 173 173 173 173 173 174 174 174 174 174 174 174 175 175 175 175 176 177 177 177 176 177 177 178 178 178 178 178 179 179 179 179 180 180 181 180 180 181 181 182 181 181 182 182 183 183 183 183 183 183 183 184 184 183 184 184 184 184 184 183 183 183 183 183 184 184 184 185 185 185 152 151 151 151 151 151 151 151 151 151 152 152 152 152 152 152 152 152 152 152 152 152 152 152 152 152 152 153 153 153 153 153 153 153 153 153 153 153 153 153 153 153 153 153 153 153 153 153 153 153 153 153 153 153 153 153 154 154 154 155 155 155 154 154 155 155 155 155 154 154 154 155 155 155 155 155 155 155 156 155 155 155 155 155 156 156 156 157 157 157 157 157 157 157 158 158 157 157 157 157 158 158 158 158 158 158 159 159 159 159 159 160 160 160 160 160 160 160 160 161 161 161 161 161 161 161 161 161 161 162 162 162 162 162 162 162 163 163 163 163 163 163 163 164 163 164 164 164 164 164 165 165 165 165 165 165 165 165 165 166 166 165 166 166 165 166 166 166 167 167 167 167 167 167 167 167 167 167 168 168 168 168 168 169 169 169 169 169 169 169 170 169 170 170 170 170 171 171 171 171 171 171 171 172 172 172 172 173 173 173 173 173 173 173 174 174 174 174 175 175 175 175 175 176 177 176 176 176 176 177 177 177 178 178 179 180 180 180 180 180 180 181 181 181 180 181 182 182 181 182 182 183 183 183 183 183 183 183 183 183 183 183 183 184 184 184 184 183 183 183 184 184 184 185 152 152 152 151 151 152 151 151 151 152 152 152 152 152 152 152 152 152 152 152 152 153 153 153 152 153 153 153 153 153 153 153 153 153 153 153 153 153 153 153 153 153 153 153 153 153 153 153 153 153 153 154 153 154 153 154 154 154 154 155 155 155 154 155 155 155 155 155 154 154 154 155 155 155 155 155 155 156 155 156 156 156 156 156 156 156 157 157 157 157 158 158 158 158 157 157 157 157 158 158 158 158 158 158 159 159 159 159 159 159 160 160 160 160 160 160 161 161 161 161 161 161 161 161 161 161 162 162 162 162 162 162 162 162 162 163 163 163 163 163 163 164 164 164 164 164 164 164 164 165 165 165 165 165 165 165 165 166 166 166 166 166 166 166 166 166 167 167 167 167 167 167 167 167 167 167 168 168 168 168 168 168 169 169 169 169 169 170 170 170 170 170 170 170 171 171 171 171 171 171 171 172 172 172 172 172 173 173 173 173 173 173 173 173 174 174 174 174 175 175 175 175 176 177 176 176 176 176 177 178 178 179 178 179 180 180 180 180 180 180 181 181 181 181 181 181 182 182 182 183 183 183 183 183 184 184 184 183 184 183 184 183 183 184 184 183 183 183 184 184 185 152 152 152 151 151 151 151 152 152 152 152 152 152 152 152 152 152 152 152 152 153 153 153 153 153 153 153 153 153 153 153 153 153 153 153 153 153 153 153 153 153 153 153 153 153 153 153 153 154 154 154 154 154 154 154 154 154 154 154 154 155 155 155 155 155 155 155 155 155 155 155 155 155 155 155 156 156 155 156 156 156 156 156 157 157 157 157 157 158 159 158 158 158 158 158 158 158 158 158 158 158 158 159 159 159 159 160 160 160 160 160 160 160 161 161 161 161 161 161 161 161 161 161 161 162 162 162 162 162 162 162 163 163 163 163 163 163 163 163 164 164 164 164 164 164 164 164 164 165 165 165 165 165 165 165 166 166 167 166 166 166 166 166 166 167 168 167 167 167 167 167 167 167 168 168 168 168 168 169 169 169 169 169 169 170 170 170 171 171 171 171 170 170 171 171 171 171 171 171 172 172 172 172 173 173 173 173 173 173 173 173 174 174 174 174 175 175 175 175 175 176 176 176 176 177 177 178 178 179 179 179 179 180 181 181 180 181 181 181 181 182 181 181 181 182 183 183 183 184 184 184 184 184 184 184 184 184 184 184 184 184 183 184 184 184 184 185 185 153 153 152 152 151 152 151 151 152 152 152 152 152 152 152 152 152 152 152 152 153 153 153 153 153 153 153 153 153 153 153 153 153 153 153 153 153 153 153 153 153 153 153 153 153 153 153 154 154 154 154 154 154 154 154 154 154 154 154 154 155 155 155 155 155 155 155 155 155 155 155 155 155 155 155 155 155 156 156 156 156 156 156 157 157 157 157 158 158 158 158 158 158 158 158 158 159 159 158 158 158 158 158 159 159 159 160 160 160 160 160 160 160 161 161 161 161 161 161 161 161 162 162 162 162 162 162 162 162 162 163 163 163 163 163 163 163 164 164 164 164 164 164 164 164 165 165 165 164 165 165 165 166 166 166 166 167 167 167 167 166 167 166 167 167 168 167 167 167 168 168 168 168 168 168 168 168 169 169 169 169 169 169 169 170 170 170 171 171 171 171 170 170 171 171 171 171 171 172 172 172 172 173 173 173 173 173 173 173 174 174 174 174 175 174 175 175 176 175 175 175 176 176 176 178 178 177 178 179 179 180 180 180 181 181 181 182 181 181 182 182 182 181 181 182 184 184 184 183 183 184 184 184 184 183 183 183 184 184 184 184 183 184 185 186 153 153 153 153 153 152 152 151 152 152 152 152 152 152 152 152 152 153 153 153 153 153 153 153 153 153 153 153 153 153 153 153 153 153 153 153 153 153 153 153 153 153 153 153 153 153 154 154 154 154 154 154 154 154 154 154 154 155 155 154 155 155 155 155 155 155 155 155 155 155 155 155 155 155 155 155 155 156 156 156 156 156 157 157 157 158 158 158 158 158 158 158 158 158 158 158 158 158 159 159 159 159 159 159 159 159 160 160 160 160 160 160 160 161 161 161 161 161 161 161 162 162 162 162 162 162 162 162 163 163 163 163 163 163 163 164 164 164 164 164 164 164 164 164 164 165 165 165 165 165 165 165 166 166 166 167 167 167 167 167 167 167 167 167 168 167 167 168 168 168 168 168 168 168 168 168 168 169 169 169 169 169 170 170 170 170 171 171 171 171 171 171 171 171 171 171 171 172 172 172 173 173 173 173 173 173 173 173 174 174 175 174 174 175 175 175 176 176 176 176 175 176 177 177 178 178 178 178 178 179 180 181 181 181 181 181 181 182 182 182 182 182 182 183 183 184 184 184 183 184 184 183 183 183 183 183 184 184 184 184 185 185 153 152 152 152 152 152 152 152 152 152 152 152 152 152 152 153 153 153 153 153 153 153 153 153 153 153 153 153 153 153 153 153 153 153 153 153 153 153 153 153 153 153 153 154 154 154 154 154 154 154 154 154 154 155 155 154 155 155 155 155 155 155 155 155 155 155 155 155 155 156 156 155 155 155 156 156 156 156 156 156 156 157 157 157 157 158 158 159 159 158 158 158 158 158 159 159 159 158 159 159 159 159 159 159 159 159 159 160 160 160 160 160 161 161 161 161 161 161 161 161 162 162 162 162 162 162 162 163 163 163 163 163 163 163 164 164 164 164 164 164 164 164 165 165 164 165 165 165 165 165 165 166 166 166 166 167 167 167 167 167 167 167 167 167 167 167 167 168 168 168 169 168 168 168 168 168 169 169 169 169 169 169 169 170 170 171 171 171 171 171 171 171 171 171 171 172 172 172 173 173 173 173 173 173 173 173 174 174 175 174 175 175 175 175 175 176 176 176 176 176 176 176 176 177 177 177 178 178 179 179 180 180 181 181 181 181 181 181 182 182 183 183 183 183 183 184 184 184 183 184 184 184 184 183 183 184 184 184 184 185 185 152 152 152 152 152 152 152 152 152 152 152 152 152 152 152 153 153 153 153 153 153 153 153 153 153 153 153 153 153 153 153 153 153 153 153 153 153 153 153 154 154 154 154 154 154 154 154 154 154 154 154 154 155 155 155 155 155 155 155 155 155 155 155 155 155 155 156 156 156 156 156 156 156 156 156 156 156 156 156 156 156 157 156 156 157 157 157 158 159 158 158 158 158 158 159 160 159 159 159 159 159 159 158 159 159 159 159 159 160 160 160 160 161 161 161 161 161 161 161 162 162 162 162 162 162 162 163 163 163 163 163 163 163 164 164 164 164 164 164 164 164 164 164 165 165 165 165 165 165 165 165 165 166 166 167 167 167 167 167 167 167 167 168 167 167 167 167 168 168 169 168 168 168 168 168 169 169 169 169 169 169 170 170 170 170 171 171 171 171 171 171 171 171 171 172 172 172 173 172 173 172 172 172 173 173 174 174 175 175 175 176 176 176 176 176 176 177 177 176 177 177 177 176 177 178 178 178 178 179 180 180 181 181 181 181 181 181 181 182 182 183 183 183 183 183 183 183 183 184 184 184 184 184 185 184 184 185 185 185 152 152 152 153 152 152 152 152 152 152 153 152 152 152 152 152 153 153 153 153 153 153 153 153 153 153 153 153 153 153 153 154 153 153 153 153 153 153 154 154 154 154 154 154 154 154 154 154 154 154 154 155 155 155 155 155 155 155 155 155 155 155 155 155 155 156 156 156 156 156 156 156 156 156 156 156 156 156 156 156 156 156 157 157 157 158 158 159 159 159 158 158 158 158 159 159 159 159 159 159 159 159 159 159 159 159 159 159 159 160 160 160 161 161 161 161 161 161 162 162 162 162 162 162 162 162 163 163 163 163 163 163 164 164 164 164 164 164 164 164 164 164 165 165 165 165 165 166 166 166 165 165 165 166 166 167 167 167 167 167 168 168 168 168 168 168 168 167 168 168 168 168 168 168 169 169 169 169 169 170 170 170 170 170 170 171 171 171 171 171 171 171 172 172 172 173 173 172 172 172 172 173 173 174 175 175 176 176 177 177 177 177 177 177 177 177 177 177 177 177 177 178 179 178 178 179 179 180 181 181 181 181 181 183 183 184 183 184 183 184 184 184 184 184 185 185 185 185 185 185 186 153 153 153 153 152 153 153 152 152 153 154 153 153 152 152 152 152 153 153 153 153 153 153 153 153 153 153 153 153 153 154 154 154 154 154 154 154 154 154 154 154 154 154 154 154 154 154 154 154 154 154 155 154 155 155 155 155 155 155 155 155 155 155 155 156 156 156 156 156 156 156 156 156 156 156 156 156 156 156 156 156 156 157 157 157 158 159 160 160 159 158 158 159 158 159 159 159 159 160 160 160 159 159 159 159 160 160 160 160 160 160 160 161 161 161 161 161 161 161 161 162 162 162 162 162 163 163 163 163 163 163 164 164 164 164 164 164 164 164 164 164 165 165 165 165 165 166 166 166 166 166 166 165 166 166 167 167 167 167 168 168 168 168 168 168 168 168 168 168 168 168 168 168 169 169 169 169 170 170 170 170 170 170 170 171 171 171 171 171 171 171 171 171 172 172 173 172 172 172 172 173 173 174 175 175 176 176 176 177 177 178 177 177 177 177 177 177 177 177 178 178 179 178 179 179 179 180 181 184 184 184 184 184 185 185 185 185 185 185 154 153 154 153 153 153 153 152 152 153 153 153 153 153 153 153 153 153 153 153 153 153 153 154 154 154 154 154 154 154 154 154 154 154 154 154 154 154 154 154 154 154 154 154 154 155 155 155 155 155 155 155 155 155 156 156 156 156 156 156 156 156 156 156 156 156 156 156 156 156 156 156 156 156 157 157 157 158 159 159 160 160 159 160 160 159 160 159 159 160 160 161 160 160 160 160 160 160 160 160 160 160 160 160 161 161 161 161 161 162 162 162 162 162 162 162 162 163 163 163 163 163 163 164 164 164 164 164 164 164 164 164 164 165 165 165 165 166 166 166 166 166 166 166 166 166 166 167 167 167 167 168 168 168 168 169 168 168 168 168 168 168 168 168 169 169 169 169 170 170 170 170 170 170 170 171 171 171 171 171 171 171 171 172 172 172 172 172 173 173 173 174 176 176 177 177 178 178 177 178 178 178 177 177 177 177 178 179 179 179 180 180 184 184 184 184 153 153 153 153 153 153 153 153 153 154 153 153 153 153 153 153 153 153 154 154 154 154 154 154 154 154 154 154 154 154 154 154 154 154 154 154 154 154 155 155 155 155 155 155 155 155 155 155 156 156 156 156 156 156 156 156 156 156 156 156 156 156 156 156 156 156 156 157 157 158 158 158 159 160 160 161 160 161 161 160 160 160 159 160 161 161 161 160 160 160 160 160 160 160 160 160 160 161 161 161 161 161 161 162 162 162 162 162 162 162 162 163 163 163 163 163 163 163 164 164 164 164 164 164 164 165 165 165 165 165 165 165 166 166 166 167 167 167 166 166 166 167 167 168 168 168 168 168 168 169 169 168 168 168 168 168 168 169 169 169 169 170 170 170 170 170 170 170 170 171 171 171 172 172 172 171 171 172 172 172 172 173 174 174 175 176 176 177 178 177 178 178 178 177 178 178 178 178 179 179 153 153 153 153 153 153 153 154 154 154 154 153 153 153 153 153 154 154 154 154 154 154 154 154 154 154 154 154 154 154 154 154 154 154 154 154 155 155 155 155 155 155 155 155 155 155 156 156 156 156 156 156 156 156 156 156 156 156 156 156 156 156 157 157 157 157 157 158 158 159 159 159 160 160 160 160 160 161 161 161 161 161 161 160 161 160 160 160 160 160 160 160 160 160 160 161 161 161 161 161 161 162 162 162 162 162 162 162 162 163 163 163 163 163 163 163 164 164 164 164 164 164 164 165 165 165 165 166 165 165 166 166 166 166 167 167 166 166 166 166 167 168 168 168 168 168 168 168 168 168 168 168 168 168 169 169 169 169 170 170 170 170 170 170 170 170 170 171 171 171 172 172 172 171 173 174 176 177 177 178 178 178 178 154 153 153 154 154 154 154 154 154 153 153 153 153 153 153 153 154 154 154 154 154 154 154 154 154 154 154 154 154 154 154 154 155 155 155 155 155 155 155 155 155 156 156 156 156 156 156 156 156 156 156 156 156 156 156 156 156 156 156 156 156 157 157 158 158 158 158 159 159 161 160 159 159 159 160 161 161 161 161 160 160 160 160 160 160 160 160 160 160 160 160 161 161 161 161 161 161 162 162 162 162 162 162 162 163 163 163 163 163 163 163 163 163 164 164 164 164 164 165 165 165 165 165 165 165 165 165 166 166 166 167 167 167 167 166 166 166 167 167 168 168 168 168 168 168 168 168 168 168 168 168 169 169 169 169 170 170 170 170 170 170 171 171 171 171 171 171 171 171 154 154 154 153 153 154 154 154 154 153 153 153 153 153 153 153 153 154 154 154 154 154 154 154 154 154 154 154 154 154 154 154 155 155 155 155 155 155 155 155 156 156 156 156 156 156 156 156 156 156 156 156 155 156 156 156 156 156 156 156 157 157 157 158 159 159 158 159 159 161 160 160 159 159 159 160 161 161 161 160 160 160 160 160 160 161 160 160 160 161 161 161 161 161 161 161 162 162 162 162 162 162 162 163 163 163 163 163 163 163 163 164 164 164 164 164 164 164 165 165 165 165 165 165 165 165 165 166 166 166 167 167 167 167 167 166 166 167 167 168 168 169 169 168 169 169 169 169 169 168 169 169 169 169 170 170 170 170 170 170 170 171 171 171 171 171 171 154 154 154 154 154 154 154 154 153 153 153 153 153 153 154 154 154 154 154 154 154 154 154 155 155 155 155 154 154 155 155 155 155 155 155 155 155 156 156 156 156 156 156 156 156 156 156 156 156 155 156 156 156 156 157 157 157 157 158 157 158 159 160 160 160 160 161 161 160 160 160 159 159 160 161 161 161 160 160 161 161 160 160 160 161 161 161 161 161 161 161 161 161 162 162 162 162 162 162 162 163 163 163 163 163 163 163 164 164 164 164 164 164 165 165 165 165 165 165 166 166 165 166 166 167 167 167 167 168 167 167 167 167 167 168 168 169 169 169 168 168 168 168 169 169 169 169 169 170 170 170 170 170 170 170 171 171 171 171 172 172 155 155 155 154 154 154 154 154 153 153 153 153 153 153 153 154 154 155 155 155 155 155 154 154 154 155 155 155 155 155 156 156 156 156 156 156 156 156 156 156 156 156 156 156 156 157 157 158 157 157 158 158 157 158 159 158 158 159 160 161 161 161 161 160 160 160 160 160 159 160 161 161 161 160 160 160 160 160 160 160 160 160 161 160 161 161 161 161 161 162 162 162 162 162 162 162 163 163 163 163 164 163 164 164 164 164 164 164 164 165 165 165 165 165 166 166 166 166 168 168 168 167 167 167 168 168 168 168 169 169 168 169 168 169 169 169 169 169 169 169 170 170 170 170 170 171 171 171 171 171 172 156 156 155 155 154 154 154 153 152 153 154 154 153 153 154 155 155 155 154 154 154 154 154 155 155 155 155 155 156 156 156 156 156 156 156 156 156 156 156 156 156 156 157 157 158 158 159 159 159 160 159 158 159 159 160 160 160 160 160 160 161 161 160 160 159 160 160 160 160 160 160 160 160 160 160 160 160 160 160 160 160 161 161 161 161 161 161 161 162 162 162 162 162 162 162 163 163 163 164 164 164 164 164 164 164 164 165 165 165 165 166 166 165 166 166 167 167 168 168 167 167 168 168 169 169 169 169 169 169 169 169 170 170 169 169 169 169 170 170 170 170 171 171 172 172 172 156 156 156 155 155 154 153 153 154 155 154 153 153 154 155 155 155 154 154 154 154 155 155 155 155 156 156 156 156 156 156 156 156 156 156 156 156 156 156 156 156 157 158 158 159 159 160 160 161 160 159 160 161 160 160 159 160 160 160 160 161 161 161 160 160 160 160 160 160 160 160 160 160 160 160 160 160 161 160 161 161 161 161 161 161 161 161 162 162 162 162 162 163 162 163 163 163 163 164 164 164 164 164 164 164 165 165 165 166 165 166 166 166 166 167 168 168 168 168 168 169 169 169 169 170 170 169 169 170 170 170 170 171 171 156 155 155 155 155 155 155 155 154 154 155 155 155 155 154 154 155 155 155 155 155 155 156 156 156 156 156 156 156 156 156 156 156 156 156 156 156 157 157 157 157 157 158 158 159 160 161 161 160 161 161 161 160 160 159 159 159 160 160 160 161 161 161 160 160 160 160 160 161 161 161 161 161 161 161 162 162 161 162 162 161 161 161 161 161 161 161 161 161 162 162 162 163 163 163 164 164 165 165 165 164 164 165 165 165 165 165 167 167 167 168 169 168 169 170 170 170 171 171 156 156 156 156 155 155 155 155 155 155 155 155 154 154 155 155 155 155 155 155 156 156 156 156 156 156 156 156 156 156 156 156 156 156 156 157 157 158 158 158 158 158 159 160 160 161 161 161 162 162 161 161 161 160 160 160 160 160 160 160 161 160 160 160 161 161 161 161 161 161 162 162 161 162 163 163 163 162 162 161 161 161 161 162 162 162 162 162 162 162 162 163 163 163 164 164 165 165 165 164 164 165 165 165 165 165 168 168 171 171 157 158 158 157 157 156 155 155 155 155 155 155 154 154 155 155 155 155 155 155 156 156 156 156 156 156 156 156 156 156 156 156 156 156 156 156 157 157 158 159 159 158 159 160 161 161 160 161 161 161 161 160 160 160 161 161 160 160 160 160 160 160 161 161 161 161 161 162 162 162 162 162 162 162 163 164 163 163 163 162 162 162 162 162 162 162 162 162 162 162 162 162 163 163 164 164 164 164 165 165 164 165 165 166 166 158 158 158 157 156 155 155 155 155 155 154 154 155 155 155 155 155 155 156 156 156 156 156 156 156 156 156 156 156 156 156 157 157 157 157 157 158 159 159 159 159 160 161 162 161 160 160 160 160 160 160 160 161 161 161 160 160 160 160 161 161 161 161 161 161 161 162 163 163 164 164 163 164 164 164 164 164 163 163 162 162 163 162 163 163 163 162 162 162 163 163 163 164 164 164 165 165 165 165 165 165 159 158 157 156 155 154 154 155 155 155 155 155 155 155 156 156 156 156 156 156 156 156 156 156 156 156 156 156 156 157 157 158 158 158 159 159 159 160 161 161 162 162 161 161 160 160 159 159 159 160 160 160 160 160 160 160 161 161 161 161 161 161 162 162 163 162 162 163 165 165 165 166 166 164 163 163 163 163 162 163 163 163 163 163 163 162 162 162 163 163 164 164 164 164 165 165 165 165 166 158 157 156 155 155 154 155 155 155 155 155 155 155 155 155 156 155 156 156 156 156 156 156 156 156 156 156 156 156 157 158 157 158 158 159 159 160 159 159 160 161 162 162 161 161 161 160 160 160 160 160 160 160 161 161 161 161 161 161 161 162 162 162 163 164 164 163 164 166 165 164 163 162 162 162 162 163 163 163 163 163 163 162 162 163 164 163 164 164 164 164 165 166 156 156 155 154 154 154 154 155 155 154 155 155 155 155 155 155 155 156 156 156 156 156 156 156 156 156 156 156 156 156 157 157 158 159 160 160 160 158 159 160 160 161 162 163 163 163 162 162 162 162 161 161 161 161 161 161 161 161 161 161 162 163 163 163 165 165 165 166 162 162 162 162 163 163 163 163 163 163 162 162 163 163 164 164 165 165 165 165 154 154 155 154 154 154 154 154 155 155 155 155 155 155 155 155 155 155 156 156 156 156 156 156 157 156 157 157 157 157 157 157 158 158 158 159 158 158 159 159 159 160 160 161 161 161 161 162 162 162 163 163 162 161 162 162 162 162 162 163 164 164 165 166 163 162 162 162 163 163 164 163 163 163 163 162 163 163 164 164 165 165 165 165 154 154 154 155 154 154 154 155 155 155 155 155 155 155 155 155 155 155 155 155 156 156 156 157 157 158 158 157 157 158 157 157 157 157 158 158 158 158 158 158 158 159 159 159 159 159 159 160 160 161 161 162 162 162 162 163 162 163 163 163 164 165 166 162 162 163 162 162 163 163 163 163 162 162 162 162 163 163 164 164 164 164 154 154 154 154 154 154 154 155 155 155 155 155 155 155 155 155 156 155 155 156 156 156 157 158 159 158 158 158 158 158 158 158 157 157 158 158 158 158 158 158 158 159 159 159 160 160 160 160 161 161 162 162 162 162 163 164 163 164 164 165 166 162 163 163 163 163 162 163 162 162 162 163 162 162 163 163 164 163 154 154 154 154 155 154 154 154 155 155 155 156 156 156 156 156 156 156 156 155 156 156 156 157 157 158 158 159 158 158 159 158 158 158 159 159 159 159 159 159 159 160 159 160 161 161 161 161 162 162 163 162 163 164 164 164 165 165 166 163 163 164 164 163 163 164 163 164 164 163 162 162 163 163 163 154 154 155 156 155 155 156 156 156 155 156 157 157 156 156 157 157 156 156 157 157 156 157 157 158 159 160 159 159 159 158 159 159 158 159 159 160 159 159 160 160 160 160 161 162 162 162 163 163 164 164 164 165 165 166 166 166 163 163 163 164 164 164 164 164 164 164 164 163 163 163 164 156 156 156 156 157 157 157 157 157 157 158 158 158 158 158 159 158 158 158 158 158 158 158 159 160 160 160 159 159 159 159 159 159 158 158 159 159 160 160 161 161 161 162 163 164 164 165 165 165 165 166 166 166 163 163 163 163 163 164 164 164 163 163 163 163 163 156 156 156 157 157 157 157 158 158 158 158 158 159 159 159 159 159 159 160 160 159 159 159 159 160 160 160 160 160 159 160 160 160 159 159 158 159 160 161 162 163 163 164 165 165 165 166 163 163 163 163 164 164 164 164 163 163 163 158 157 158 158 158 158 158 158 158 158 159 159 159 159 159 159 159 160 160 160 160 159 159 160 160 161 161 160 159 160 161 161 160 160 159 159 159 160 161 162 163 164 166 166 163 163 164 164 164 164 164 164 164 163 163 159 158 159 159 159 159 159 158 158 158 159 159 159 159 159 159 159 159 159 159 159 160 160 160 160 161 161 161 160 160 161 162 161 160 160 160 160 161 161 162 162 164 163 164 164 164 164 164 164 164 164 164 164 163 159 160 160 160 160 159 159 158 158 158 159 159 159 159 159 159 159 159 159 160 160 160 160 160 160 161 161 161 160 160 160 161 161 161 162 162 162 162 162 163 164 163 164 163 164 164 164 165 165 165 165 165 164 161 161 160 159 159 159 159 158 159 159 159 159 159 159 159 159 159 159 159 160 160 160 160 161 161 162 162 162 161 161 161 162 163 164 164 164 163 164 163 164 163 163 163 163 164 164 165 165 161 161 160 159 158 158 158 159 159 159 159 159 160 160 160 159 159 160 160 160 160 161 161 162 162 163 163 163 163 162 162 163 164 163 164 164 164 162 162 162 160 159 158 158 158 158 159 159 159 159 160 160 160 159 160 160 161 161 161 161 161 162 163 164 164 164 163 163 163 164 162 161 160 159 159 158 158 158 158 158 158 159 158 159 159 159 160 159 160 160 161 161 162 162 162 163 164 161 160 159 158 158 158 158 158 158 159 159 159 159 159 159 160 160 160 160 161 161 162 163 163 162 163 164 159 158 158 157 157 158 159 159 159 159 159 159 159 159 160 160 160 161 161 162 163 163 164 163 164 157 157 158 158 159 159 159 159 159 159 159 160 160 160 160 161 161 162 163 164 164 157 158 159 159 158 158 159 159 159 160 159 160 160 160 161 161 162 162 163 164 158 158 159 159 159 158 158 159 159 160 160 160 160 161 161 162 163 163 163 164 159 159 159 159 159 158 159 159 160 161 161 161 162 162 162 163 164 164 164 160 160 160 159 159 159 159 159 160 161 161 162 162 163 163 163 164 164 164 160 160 160 160 160 160 159 159 159 160 161 162 163 163 163 163 163 164 160 160 160 161 161 160 160 160 160 160 161 162 162 163 162 163 165 160 160 160 161 161 161 161 161 162 161 161 161 161 162 162 164 165 161 160 160 161 161 161 161 162 163 163 162 161 162 162 163 164 165 161 160 160 161 161 161 162 162 163 162 162 162 163 164 164 164 165 161 161 160 161 161 161 162 163 163 162 162 162 163 163 163 165 162 161 161 161 162 162 163 164 164 163 162 163 164 164 163 164 166 162 161 161 161 162 162 163 164 164 163 163 163 164 165 165 165 166 162 162 161 161 161 161 162 163 163 164 164 163 163 164 165 166 163 162 162 161 161 161 162 162 163 162 164 165 164 164 165 165 165 163 163 163 162 162 162 162 163 164 164 163 163 165 165 164 165 165 165 166 163 163 163 164 164 163 163 163 163 163 164 164 164 164 165 165 165 165 165 166 166 167 163 163 163 163 164 164 164 164 164 164 164 164 164 165 165 164 164 165 165 165 165 166 166 162 163 163 163 163 163 163 163 164 164 164 165 165 165 165 165 165 165 165 166 165 163 163 163 163 163 163 164 164 164 164 164 164 165 165 165 165 165 165 165 166 163 163 163 164 164 164 164 163 163 164 163 164 164 164 164 165 165 166 164 164 164 164 164 164 163 163 163 163 164 164 165 165 165 165 166 163 163 164 164 163 164 164 164 164 164 165 165 163 163 163 164 165 165 165 