182 182 182 182 182 182 182 182 181 181 181 181 181 181 181 181 182 182 182 182 182 182 182 182 182 183 183 183 183 183 184 184 184 184 184 184 184 184 181 181 181 181 181 181 181 181 181 181 181 182 182 182 182 182 182 182 182 182 182 182 182 183 183 183 183 183 183 183 183 183 184 184 184 184 184 184 184 184 181 181 181 181 181 181 181 181 181 181 181 181 181 182 182 182 182 182 182 182 182 182 182 182 182 183 183 183 183 183 183 183 183 183 183 183 183 184 184 183 184 184 184 184 184 184 184 184 185 185 180 180 180 180 180 181 181 181 181 181 181 181 181 181 181 181 181 182 182 182 182 182 182 182 182 182 182 182 182 182 182 183 183 183 183 183 183 183 183 183 183 183 183 183 183 183 183 184 184 183 184 184 184 184 184 184 184 184 184 184 184 184 184 184 185 185 185 185 185 185 180 180 180 180 181 181 181 181 181 181 181 181 181 181 181 181 181 181 182 182 182 182 182 182 182 182 182 182 182 182 182 182 182 182 182 183 183 183 183 183 183 183 183 183 183 183 183 183 183 183 183 183 183 184 184 183 183 184 184 184 184 184 184 184 184 184 184 184 184 184 184 184 184 184 184 185 185 185 185 185 180 180 180 181 181 181 181 181 181 181 181 181 181 181 181 181 181 181 182 182 182 182 182 182 182 182 182 182 182 182 182 182 182 182 182 182 182 182 183 183 183 183 183 183 183 183 183 183 183 183 183 183 183 183 183 183 183 184 183 183 184 184 184 184 184 184 184 184 184 184 184 184 184 184 184 184 184 184 184 185 185 185 185 185 185 185 180 180 180 181 181 181 181 181 181 181 181 181 181 181 181 181 181 182 182 182 182 182 182 182 182 182 182 182 182 182 182 182 182 182 182 182 182 183 183 183 183 183 183 183 183 183 183 183 183 183 183 183 183 183 183 183 184 183 183 183 184 184 184 184 184 184 184 184 184 184 184 184 184 184 184 184 184 184 185 185 185 185 185 185 185 185 185 180 180 180 180 180 181 181 181 181 181 181 181 181 181 181 181 181 181 181 181 182 182 182 182 182 182 182 182 182 182 182 182 182 182 182 182 182 182 182 182 183 183 183 183 183 183 183 183 183 183 183 183 183 183 183 183 183 183 183 183 183 184 184 184 184 184 184 184 184 184 184 184 184 184 184 184 184 184 184 184 184 185 185 185 185 185 185 185 185 185 185 185 180 180 180 180 180 180 180 181 181 181 181 181 181 181 181 181 181 181 181 181 181 181 182 182 182 182 182 182 182 182 182 182 182 182 182 182 182 182 182 182 182 183 183 183 183 183 183 183 183 183 183 183 183 183 183 183 183 183 183 183 183 183 183 183 184 184 184 184 184 184 184 184 184 184 184 184 184 184 184 184 184 184 184 184 185 185 185 185 185 185 185 185 185 180 180 180 180 180 180 180 180 180 180 180 181 181 181 181 181 181 181 181 181 181 181 181 181 181 182 182 182 182 182 182 182 182 182 182 182 182 182 182 182 182 182 182 182 183 183 183 183 183 183 183 183 183 183 183 183 183 183 183 183 183 183 183 183 183 183 183 184 184 184 184 184 184 184 184 184 184 184 184 184 184 184 184 184 184 184 184 184 185 185 185 185 185 185 185 185 185 185 180 180 180 180 180 180 180 180 180 180 180 181 181 181 181 181 181 181 181 181 181 181 181 181 181 181 182 182 182 182 182 182 182 182 182 182 182 182 182 182 182 182 182 182 182 183 183 183 183 183 183 183 183 183 183 183 183 183 183 183 183 183 183 183 183 183 183 183 184 184 184 184 184 184 184 184 184 184 184 184 184 184 184 184 184 184 184 184 184 185 185 185 185 185 185 185 185 185 185 185 180 180 180 180 180 180 180 180 180 180 180 180 180 181 181 181 181 181 181 181 181 181 181 181 181 181 181 181 182 182 182 182 182 182 182 182 182 182 182 182 182 182 182 182 182 182 182 183 183 183 183 183 183 183 183 183 183 183 183 183 183 183 183 183 183 183 183 183 183 183 184 184 184 184 184 184 184 184 184 184 184 184 184 184 184 184 184 184 184 184 184 185 185 185 185 185 185 185 185 185 185 185 180 180 180 180 180 180 180 180 180 180 180 180 180 180 181 181 181 181 181 181 181 181 181 181 181 181 181 181 181 181 182 182 182 182 182 182 182 182 182 182 182 182 182 182 182 182 182 182 182 183 183 183 183 183 183 183 183 183 183 183 183 183 183 183 183 183 183 183 183 183 183 183 184 184 184 184 184 184 184 184 184 184 184 184 184 184 184 184 184 184 184 184 185 185 185 185 185 185 185 185 185 185 185 180 180 180 180 180 180 180 180 180 180 180 180 180 180 180 180 180 181 181 181 181 181 181 181 181 181 181 181 181 181 181 181 182 182 182 182 182 182 182 182 182 182 182 182 182 182 182 182 182 182 182 183 183 183 183 183 183 183 183 183 183 183 183 183 183 183 183 183 183 183 183 183 183 183 183 184 184 184 184 184 184 184 184 184 184 184 184 184 184 184 184 184 184 184 184 185 185 185 185 185 185 185 185 185 185 185 185 179 180 180 180 180 180 180 180 180 180 180 180 180 180 180 180 180 180 181 181 181 181 181 181 181 181 181 181 181 181 181 181 181 182 182 182 182 182 182 182 182 182 182 182 182 182 182 182 182 182 182 182 182 183 183 183 183 183 183 183 183 183 183 183 183 183 183 183 183 183 183 183 183 183 183 183 183 184 184 184 184 184 184 184 184 184 184 184 184 184 184 184 184 184 184 184 184 185 185 185 185 185 185 185 185 185 185 185 185 179 179 179 179 179 180 180 180 180 180 180 180 180 180 180 180 180 180 180 180 180 180 181 181 181 181 181 181 181 181 181 181 181 181 181 181 181 182 182 182 182 182 182 182 182 182 182 182 182 182 182 182 182 182 182 182 182 182 182 183 183 183 183 183 183 183 183 183 183 183 183 183 183 183 183 183 183 183 183 183 183 183 184 184 184 184 184 184 184 184 184 184 184 184 184 184 184 184 184 184 184 184 185 185 185 185 185 185 185 185 185 185 185 185 177 177 177 179 179 179 179 179 179 179 179 179 179 179 179 180 180 180 180 180 180 180 180 180 180 180 180 180 180 180 180 180 181 181 181 181 181 181 181 181 181 181 181 181 181 181 181 182 182 182 182 182 182 182 182 182 182 182 182 182 182 182 182 182 182 182 182 183 183 183 183 183 183 183 183 183 183 183 183 183 183 183 183 183 183 183 183 183 183 183 183 184 184 184 184 184 184 184 184 184 184 184 184 184 184 184 184 184 184 184 184 184 185 185 185 185 185 185 185 185 185 185 185 177 177 177 177 177 177 179 179 179 179 179 179 179 179 179 179 179 179 179 179 179 180 180 180 180 180 180 180 180 180 180 180 180 180 180 180 180 180 181 181 181 181 181 181 181 181 181 181 181 181 181 181 181 181 182 182 182 182 182 182 182 182 182 182 182 182 182 182 182 182 182 182 182 182 183 183 183 183 183 183 183 183 183 183 183 183 183 183 183 183 183 183 183 183 183 183 183 183 184 184 184 184 184 184 184 184 184 184 184 184 184 184 184 184 184 184 184 184 184 185 185 185 185 185 185 185 185 185 185 177 177 177 177 177 177 177 178 178 179 179 179 179 179 179 179 179 179 179 179 179 179 179 179 179 179 180 180 180 180 180 180 180 180 180 180 180 180 180 180 180 180 181 181 181 181 181 181 181 181 181 181 181 181 181 181 181 181 182 182 182 182 182 182 182 182 182 182 182 182 182 182 182 182 182 182 182 182 182 182 183 183 183 183 183 183 183 183 183 183 183 183 183 183 183 183 183 183 183 183 183 183 184 184 184 184 184 184 184 184 184 184 184 184 184 184 184 184 184 184 184 184 184 184 185 185 185 185 185 185 185 185 185 185 177 177 177 177 177 177 177 177 178 178 178 179 179 179 179 179 179 179 179 179 179 179 179 179 179 179 179 179 180 180 180 180 180 180 180 180 180 180 180 180 180 180 180 180 181 181 181 181 181 181 181 181 181 181 181 181 181 181 181 181 181 182 182 182 182 182 182 182 182 182 182 182 182 182 182 182 182 182 182 182 182 182 182 183 183 183 183 183 183 183 183 183 183 183 183 183 183 183 183 183 183 183 183 183 183 184 184 184 184 184 184 184 184 184 184 184 184 184 184 184 184 184 184 184 184 184 185 185 185 185 185 185 185 185 185 185 185 177 177 177 177 177 177 177 177 177 177 178 178 178 179 179 179 179 179 179 179 179 179 179 179 179 179 179 179 179 179 180 180 180 180 180 180 180 180 180 180 180 180 180 180 180 181 181 181 181 181 181 181 181 181 181 181 181 181 181 181 181 181 181 182 182 182 182 182 182 182 182 182 182 182 182 182 182 182 182 182 182 182 182 182 183 183 183 183 183 183 183 183 183 183 183 183 183 183 183 183 183 183 183 183 183 183 183 184 184 184 184 184 184 184 184 184 184 184 184 184 184 184 184 184 184 184 184 184 185 185 185 185 185 185 185 185 185 177 177 177 177 177 177 177 177 177 177 177 177 178 178 178 178 178 178 178 178 178 178 179 179 179 179 179 179 179 179 179 179 179 179 179 179 179 179 179 180 180 180 180 180 180 180 180 180 180 180 180 180 180 180 181 181 181 181 181 181 181 181 181 181 181 181 181 181 181 181 181 181 182 182 182 182 182 182 182 182 182 182 182 182 182 182 182 182 182 182 182 182 182 182 183 183 183 183 183 183 183 183 183 183 183 183 183 183 183 183 183 183 183 183 183 183 183 184 184 184 184 184 184 184 184 184 184 184 184 184 184 184 184 184 184 184 184 184 185 185 185 185 185 185 185 185 185 177 177 177 177 177 177 177 177 177 177 177 177 177 177 178 178 178 178 178 178 178 178 178 178 178 178 178 178 178 179 179 179 179 179 179 179 179 179 179 179 179 179 179 179 179 179 179 180 180 180 180 180 180 180 180 180 180 180 180 180 180 181 181 181 181 181 181 181 181 181 181 181 181 181 181 181 181 181 181 181 182 182 182 182 182 182 182 182 182 182 182 182 182 182 182 182 182 182 182 182 182 183 183 183 183 183 183 183 183 183 183 183 183 183 183 183 183 183 183 183 183 183 183 183 183 184 184 184 184 184 184 184 184 184 184 184 184 184 184 184 184 184 184 184 184 184 185 185 185 185 185 185 185 185 185 177 177 177 177 177 177 177 177 177 177 178 177 177 177 177 178 178 178 178 178 178 178 178 178 178 178 178 178 178 179 179 179 179 179 179 179 179 179 179 179 179 179 179 179 179 179 179 180 180 180 180 180 180 180 180 180 180 180 180 180 180 180 181 181 181 181 181 181 181 181 181 181 181 181 181 181 181 181 181 181 181 182 182 182 182 182 182 182 182 182 182 182 182 182 182 182 182 182 182 182 182 182 183 183 183 183 183 183 183 183 183 183 183 183 183 183 183 183 183 183 183 183 183 183 183 184 184 184 184 184 184 184 184 184 184 184 184 184 184 184 184 184 184 184 184 184 184 185 185 185 185 185 185 185 185 185 185 177 177 177 177 177 177 177 177 177 177 177 177 177 177 177 178 178 178 178 178 178 178 178 178 178 178 178 178 178 179 179 179 179 179 179 179 179 179 179 179 179 179 179 179 179 179 179 179 180 180 180 180 180 180 180 180 180 180 180 180 180 180 181 181 181 181 181 181 181 181 181 181 181 181 181 181 181 181 181 181 181 181 182 182 182 182 182 182 182 182 182 182 182 182 182 182 182 182 182 182 182 182 182 183 183 183 183 183 183 183 183 183 183 183 183 183 183 183 183 183 183 183 183 183 183 183 184 184 184 184 184 184 184 184 184 184 184 184 184 184 184 184 184 184 184 184 184 184 185 185 185 185 185 185 185 185 185 185 185 176 176 176 177 177 177 177 177 177 177 177 177 177 177 177 177 177 177 177 177 177 177 178 178 178 178 178 178 178 178 178 178 178 178 178 178 178 179 179 179 179 179 179 179 179 179 179 179 179 179 179 179 179 179 179 180 180 180 180 180 180 180 180 180 180 180 180 180 180 180 181 181 181 181 181 181 181 181 181 181 181 181 181 181 181 181 181 181 181 182 182 182 182 182 182 182 182 182 182 182 182 182 182 182 182 182 182 182 182 182 182 183 183 183 183 183 183 183 183 183 183 183 183 183 183 183 183 183 183 183 183 183 183 183 184 184 184 184 184 184 184 184 184 184 184 184 184 184 184 184 184 184 184 184 184 184 185 185 185 185 185 185 185 185 185 185 185 185 185 185 185 185 185 185 176 176 176 176 176 177 177 177 177 177 177 177 177 177 177 177 177 177 177 177 177 177 177 177 178 178 178 178 178 178 178 178 178 178 178 178 178 178 178 179 179 179 179 179 179 179 179 179 179 179 179 179 179 179 179 179 179 180 180 180 180 180 180 180 180 180 180 180 180 180 180 180 180 181 181 181 181 181 181 181 181 181 181 181 181 181 181 181 181 181 181 181 182 182 182 182 182 182 182 182 182 182 182 182 182 182 182 182 182 182 182 182 182 182 183 183 183 183 183 183 183 183 183 183 183 183 183 183 183 183 183 183 183 183 183 183 183 184 184 184 184 184 184 184 184 184 184 184 184 184 184 184 184 184 184 184 184 184 184 185 185 185 185 185 185 185 185 185 185 185 185 185 185 185 185 185 185 185 176 176 176 176 176 177 177 177 177 177 177 177 177 177 177 177 177 177 177 177 177 177 177 177 177 178 178 178 178 178 178 178 178 178 178 178 178 178 178 179 179 179 179 179 179 179 179 179 179 179 179 179 179 179 179 179 179 180 180 180 180 180 180 180 180 180 180 180 180 180 180 180 180 181 181 181 181 181 181 181 181 181 181 181 181 181 181 181 181 181 181 181 181 182 182 182 182 182 182 182 182 182 182 182 182 182 182 182 182 182 182 182 182 182 182 183 183 183 183 183 183 183 183 183 183 183 183 183 183 183 183 183 183 183 183 183 183 183 184 184 184 184 184 184 184 184 184 184 184 184 184 184 184 184 184 184 184 184 184 184 185 185 185 185 185 185 185 185 185 185 185 185 185 185 185 185 185 185 176 176 176 176 176 177 177 177 177 177 177 177 177 177 177 177 177 177 177 177 177 177 177 177 177 178 178 178 178 178 178 178 178 178 178 178 178 178 178 179 179 179 179 179 179 179 179 179 179 179 179 179 179 179 179 179 179 180 180 180 180 180 180 180 180 180 180 180 180 180 180 180 180 180 181 181 181 181 181 181 181 181 181 181 181 181 181 181 181 181 181 181 181 181 182 182 182 182 182 182 182 182 182 182 182 182 182 182 182 182 182 182 182 182 182 182 183 183 183 183 183 183 183 183 183 183 183 183 183 183 183 183 183 183 183 183 183 183 183 183 184 184 184 184 184 184 184 184 184 184 184 184 184 184 184 184 184 184 184 184 184 184 185 185 185 185 185 185 185 185 185 185 185 185 185 185 185 185 185 175 175 175 175 176 176 176 176 176 176 176 176 177 177 177 177 177 177 177 177 177 177 177 177 177 177 177 177 177 177 177 178 178 178 178 178 178 178 178 178 178 178 178 178 178 178 179 179 179 179 179 179 179 179 179 179 179 179 179 179 179 179 179 179 180 180 180 180 180 180 180 180 180 180 180 180 180 180 180 180 181 181 181 181 181 181 181 181 181 181 181 181 181 181 181 181 181 181 181 181 182 182 182 182 182 182 182 182 182 182 182 182 182 182 182 182 182 182 182 182 182 182 182 183 183 183 183 183 183 183 183 183 183 183 183 183 183 183 183 183 183 183 183 183 183 183 183 184 184 184 184 184 184 184 184 184 184 184 184 184 184 184 184 184 184 184 184 184 184 185 185 185 185 185 185 185 185 185 185 185 185 185 185 185 185 175 175 175 175 175 175 176 176 176 176 176 176 176 176 176 176 176 176 176 177 177 177 177 177 177 177 177 177 177 177 177 177 177 177 177 177 177 177 177 178 178 178 178 178 178 178 178 178 178 178 178 178 178 178 179 179 179 179 179 179 179 179 179 179 179 179 179 179 179 179 179 179 180 180 180 180 180 180 180 180 180 180 180 180 180 180 180 180 180 181 181 181 181 181 181 181 181 181 181 181 181 181 181 181 181 181 181 181 181 182 182 182 182 182 182 182 182 182 182 182 182 182 182 182 182 182 182 182 182 182 182 182 183 183 183 183 183 183 183 183 183 183 183 183 183 183 183 183 183 183 183 183 183 183 183 183 184 184 184 184 184 184 184 184 184 184 184 184 184 184 184 184 184 184 184 184 184 184 185 185 185 185 185 185 185 185 185 185 185 185 185 185 185 185 174 175 175 175 175 175 175 175 175 175 176 176 176 176 176 176 176 176 176 176 176 176 177 177 177 177 177 177 177 177 177 177 177 177 177 177 177 177 177 177 177 177 178 178 178 178 178 178 178 178 178 178 178 178 178 178 178 179 179 179 179 179 179 179 179 179 179 179 179 179 179 179 179 179 179 179 180 180 180 180 180 180 180 180 180 180 180 180 180 180 180 180 181 181 181 181 181 181 181 181 181 181 181 181 181 181 181 181 181 181 181 181 181 182 182 182 182 182 182 182 182 182 182 182 182 182 182 182 182 182 182 182 182 182 182 182 183 183 183 183 183 183 183 183 183 183 183 183 183 183 183 183 183 183 183 183 183 183 183 183 184 184 184 184 184 184 184 184 184 184 184 184 184 184 184 184 184 184 184 184 184 184 184 185 185 185 185 185 185 185 185 185 185 185 185 185 185 175 175 175 175 175 175 175 175 175 175 175 175 175 176 176 176 176 176 176 176 176 176 176 176 176 176 177 177 177 177 177 177 177 177 177 177 177 177 177 177 177 177 177 177 177 177 178 178 178 178 178 178 178 178 178 178 178 178 178 178 178 178 179 179 179 179 179 179 179 179 179 179 179 179 179 179 179 179 179 179 180 180 180 180 180 180 180 180 180 180 180 180 180 180 180 180 180 181 181 181 181 181 181 181 181 181 181 181 181 181 181 181 181 181 181 181 181 181 182 182 182 182 182 182 182 182 182 182 182 182 182 182 182 182 182 182 182 182 182 182 182 182 182 182 183 183 183 183 183 183 183 183 183 183 183 183 183 183 183 183 183 183 183 183 183 183 184 184 184 184 184 184 184 184 184 184 184 184 184 184 184 184 184 184 184 184 184 184 185 185 185 185 185 185 185 185 185 185 185 185 185 185 185 185 185 175 175 175 175 175 175 175 175 175 175 175 175 175 176 176 176 176 176 176 176 176 176 176 176 176 176 177 177 177 177 177 177 177 177 177 177 177 177 177 177 177 177 177 177 177 177 177 178 178 178 178 178 178 178 178 178 178 178 178 178 178 178 178 179 179 179 179 179 179 179 179 179 179 179 179 179 179 179 179 179 179 180 180 180 180 180 180 180 180 180 180 180 180 180 180 180 180 181 181 181 181 181 181 181 181 181 181 181 181 181 181 181 181 181 181 181 181 181 181 182 182 182 182 182 182 182 182 182 182 182 182 182 182 182 182 182 182 182 182 182 182 182 182 182 183 183 183 183 183 183 183 183 183 183 183 183 183 183 183 183 183 183 183 183 183 183 183 184 184 184 184 184 184 184 184 184 184 184 184 184 184 184 184 184 184 184 184 184 184 184 185 185 185 185 185 185 185 185 185 185 185 185 185 185 185 185 185 185 175 175 175 175 175 175 175 175 175 175 175 175 175 176 176 176 176 176 176 176 176 176 176 176 176 176 177 177 177 177 177 177 177 177 177 177 177 177 177 177 177 177 177 177 177 177 177 178 178 178 178 178 178 178 178 178 178 178 178 178 178 178 178 179 179 179 179 179 179 179 179 179 179 179 179 179 179 179 179 179 179 180 180 180 180 180 180 180 180 180 180 180 180 180 180 180 180 180 181 181 181 181 181 181 181 181 181 181 181 181 181 181 181 181 181 181 181 181 181 181 182 182 182 182 182 182 182 182 182 182 182 182 182 182 182 182 182 182 182 182 182 182 182 182 182 183 183 183 183 183 183 183 183 183 183 183 183 183 183 183 183 183 183 183 183 183 183 183 184 184 184 184 184 184 184 184 184 184 184 184 184 184 184 184 184 184 184 184 184 184 184 185 185 185 185 185 185 185 185 185 185 185 185 185 185 185 185 185 185 185 175 175 175 175 175 175 175 175 175 175 175 175 176 176 176 176 176 176 176 176 176 176 176 176 176 176 177 177 177 177 177 177 177 177 177 177 177 177 177 177 177 177 177 177 177 177 178 178 178 178 178 178 178 178 178 178 178 178 178 178 178 178 178 179 179 179 179 179 179 179 179 179 179 179 179 179 179 179 179 179 179 180 180 180 180 180 180 180 180 180 180 180 180 180 180 180 180 180 181 181 181 181 181 181 181 181 181 181 181 181 181 181 181 181 181 181 181 181 181 181 182 182 182 182 182 182 182 182 182 182 182 182 182 182 182 182 182 182 182 182 182 182 182 182 182 183 183 183 183 183 183 183 183 183 183 183 183 183 183 183 183 183 183 183 183 183 183 183 183 184 184 184 184 184 184 184 184 184 184 184 184 184 184 184 184 184 184 184 184 184 185 185 185 185 185 185 185 185 185 185 185 185 185 185 185 185 185 185 185 175 175 175 175 175 175 175 175 175 175 175 175 176 176 176 176 176 176 176 176 176 176 176 176 176 176 177 177 177 177 177 177 177 177 177 177 177 177 177 177 177 177 177 177 177 177 178 178 178 178 178 178 178 178 178 178 178 178 178 178 178 178 178 179 179 179 179 179 179 179 179 179 179 179 179 179 179 179 179 179 179 179 180 180 180 180 180 180 180 180 180 180 180 180 180 180 180 180 180 181 181 181 181 181 181 181 181 181 181 181 181 181 181 181 181 181 181 181 181 181 181 182 182 182 182 182 182 182 182 182 182 182 182 182 182 182 182 182 182 182 182 182 182 182 182 182 183 183 183 183 183 183 183 183 183 183 183 183 183 183 183 183 183 183 183 183 183 183 183 184 184 184 184 184 184 184 184 184 184 184 184 184 184 184 184 184 184 184 184 184 184 184 185 185 185 185 185 185 185 185 185 185 185 185 185 185 185 185 185 185 175 175 175 175 175 175 175 175 175 175 176 176 176 176 176 176 176 176 176 176 176 176 176 176 177 177 177 177 177 177 177 177 177 177 177 177 177 177 177 177 177 177 177 177 177 178 178 178 178 178 178 178 178 178 178 178 178 178 178 178 178 179 179 179 179 179 179 179 179 179 179 179 179 179 179 179 179 179 179 179 180 180 180 180 180 180 180 180 180 180 180 180 180 180 180 180 180 180 181 181 181 181 181 181 181 181 181 181 181 181 181 181 181 181 181 181 181 181 181 181 182 182 182 182 182 182 182 182 182 182 182 182 182 182 182 182 182 182 182 182 182 182 182 182 183 183 183 183 183 183 183 183 183 183 183 183 183 183 183 183 183 183 183 183 183 183 183 183 184 184 184 184 184 184 184 184 184 184 184 184 184 184 184 184 184 184 184 184 184 184 184 185 185 185 185 185 185 185 185 185 185 185 185 185 185 185 185 185 185 185 185 185 175 175 175 175 175 175 175 175 175 176 176 176 176 176 176 176 176 176 176 176 176 176 176 177 177 177 177 177 177 177 177 177 177 177 177 177 177 177 177 177 177 177 177 177 177 178 178 178 178 178 178 178 178 178 178 178 178 178 178 178 178 179 179 179 179 179 179 179 179 179 179 179 179 179 179 179 179 179 179 179 180 180 180 180 180 180 180 180 180 180 180 180 180 180 180 180 180 180 181 181 181 181 181 181 181 181 181 181 181 181 181 181 181 181 181 181 181 181 181 181 182 182 182 182 182 182 182 182 182 182 182 182 182 182 182 182 182 182 182 182 182 182 182 182 183 183 183 183 183 183 183 183 183 183 183 183 183 183 183 183 183 183 183 183 183 183 183 183 183 184 184 184 184 184 184 184 184 184 184 184 184 184 184 184 184 184 184 184 184 184 184 184 185 185 185 185 185 185 185 185 185 185 185 185 185 185 185 185 185 185 185 185 175 175 175 175 175 175 175 175 175 176 176 176 176 176 176 176 176 176 176 176 176 176 176 177 177 177 177 177 177 177 177 177 177 177 177 177 177 177 177 177 177 177 177 177 177 178 178 178 178 178 178 178 178 178 178 178 178 178 178 178 178 179 179 179 179 179 179 179 179 179 179 179 179 179 179 179 179 179 179 179 179 180 180 180 180 180 180 180 180 180 180 180 180 180 180 180 180 180 180 181 181 181 181 181 181 181 181 181 181 181 181 181 181 181 181 181 181 181 181 181 181 181 182 182 182 182 182 182 182 182 182 182 182 182 182 182 182 182 182 182 182 182 182 182 182 183 183 183 183 183 183 183 183 183 183 183 183 183 183 183 183 183 183 183 183 183 183 183 183 183 184 184 184 184 184 184 184 184 184 184 184 184 184 184 184 184 184 184 184 184 184 184 184 184 184 185 185 185 185 185 185 185 185 185 185 185 185 185 185 185 185 185 185 175 175 175 175 175 175 175 175 175 176 176 176 176 176 176 176 176 176 176 176 176 176 176 177 177 177 177 177 177 177 177 177 177 177 177 177 177 177 177 177 177 177 177 177 177 178 178 178 178 178 178 178 178 178 178 178 178 178 178 178 178 178 179 179 179 179 179 179 179 179 179 179 179 179 179 179 179 179 179 179 179 180 180 180 180 180 180 180 180 180 180 180 180 180 180 180 180 180 180 180 181 181 181 181 181 181 181 181 181 181 181 181 181 181 181 181 181 181 181 181 181 181 181 182 182 182 182 182 182 182 182 182 182 182 182 182 182 182 182 182 182 182 182 182 182 182 183 182 183 183 183 183 183 183 183 183 183 183 183 183 183 183 183 183 183 183 183 183 183 183 183 184 184 184 184 184 184 184 184 184 184 184 184 184 184 184 184 184 184 184 184 184 184 184 184 184 184 185 185 185 185 185 185 185 185 185 185 185 185 185 185 185 185 185 185 175 175 175 175 175 175 175 175 175 175 175 176 176 176 176 176 176 176 176 176 176 176 176 176 176 176 177 177 177 177 177 177 177 177 177 177 177 177 177 177 177 178 178 178 178 178 178 178 178 178 178 178 178 178 178 178 178 178 179 179 179 179 179 179 179 179 179 179 179 179 179 179 179 179 179 179 179 179 179 180 180 180 180 180 180 180 180 180 180 180 180 180 180 180 180 180 180 180 181 181 181 181 181 181 181 181 181 181 181 181 181 181 181 181 181 181 181 181 181 181 181 182 182 182 182 182 182 182 182 182 182 182 182 182 182 182 182 182 182 182 182 182 183 183 183 183 183 183 183 183 183 183 183 183 183 183 183 183 183 183 183 183 183 183 183 183 183 184 184 184 184 184 184 184 184 184 184 184 184 184 184 184 184 184 184 184 184 184 184 184 184 184 184 184 184 184 184 185 185 185 185 185 185 185 185 185 185 185 185 185 185 185 185 185 185 185 175 175 175 175 175 175 175 175 175 175 175 176 176 176 176 176 176 176 176 176 176 176 176 176 176 176 176 177 177 177 177 177 177 177 177 177 177 177 177 177 177 177 178 178 178 178 178 178 178 178 178 178 178 178 178 178 178 178 178 178 179 179 179 179 179 179 179 179 179 179 179 179 179 179 179 179 179 179 179 179 180 180 180 180 180 180 180 180 180 180 180 180 180 180 180 180 180 180 180 180 181 181 181 181 181 181 181 181 181 181 181 181 181 181 181 181 181 181 181 181 181 181 181 181 182 182 182 182 182 182 182 182 182 182 182 182 182 182 182 182 182 182 182 183 183 183 183 183 183 183 183 183 183 183 183 183 183 183 183 183 183 183 183 183 183 183 183 183 183 184 184 184 184 184 184 184 184 184 184 184 184 184 184 184 184 184 184 184 184 184 184 184 184 184 184 184 184 184 184 185 185 185 185 185 185 185 185 185 185 185 185 185 185 185 185 185 185 175 175 175 175 175 175 175 175 175 175 175 176 176 176 176 176 176 176 176 176 176 176 176 176 176 176 176 177 177 177 177 177 177 177 177 177 177 177 177 177 177 177 178 178 178 178 178 178 178 178 178 178 178 178 178 178 178 178 178 178 179 179 179 179 179 179 179 179 179 179 179 179 179 179 179 179 179 179 179 179 180 180 180 180 180 180 180 180 180 180 180 180 180 180 180 180 180 180 180 180 180 181 181 181 181 181 181 181 181 181 181 181 181 181 181 181 181 181 181 181 181 181 181 181 181 182 182 182 182 182 182 182 182 182 182 182 182 182 182 182 182 182 182 182 182 183 183 183 183 183 183 183 183 183 183 183 183 183 183 183 183 183 183 183 183 183 183 183 183 183 183 184 184 184 184 184 184 184 184 184 184 184 184 184 184 184 184 184 184 184 184 184 184 184 184 184 184 184 184 184 184 185 185 185 185 185 185 185 185 185 185 185 185 185 185 185 175 175 175 175 175 175 175 175 175 175 175 175 176 176 176 176 176 176 176 176 176 176 176 176 176 176 176 177 177 177 177 177 177 177 177 177 177 177 177 177 177 177 178 178 178 178 178 178 178 178 178 178 178 178 178 178 178 178 178 178 179 179 179 179 179 179 179 179 179 179 179 179 179 179 179 179 179 179 179 179 179 180 180 180 180 180 180 180 180 180 180 180 180 180 180 180 180 180 180 180 180 180 181 181 181 181 181 181 181 181 181 181 181 181 181 181 181 181 181 181 181 181 181 181 181 181 182 182 182 182 182 182 182 182 182 182 182 182 182 182 182 182 182 182 182 182 183 183 183 183 183 183 183 183 183 183 183 183 183 183 183 183 183 183 183 183 183 183 183 183 183 183 183 184 184 184 184 184 184 184 184 184 184 184 184 184 184 184 184 184 184 184 184 184 184 184 184 184 184 184 184 184 184 184 185 185 185 185 185 185 185 185 185 185 185 185 185 175 175 175 175 175 175 175 175 175 175 175 175 176 176 176 176 176 176 176 176 176 176 176 176 176 176 176 176 177 177 177 177 177 177 177 177 177 177 177 177 177 177 177 178 178 178 178 178 178 178 178 178 178 178 178 178 178 178 178 178 178 179 179 179 179 179 179 179 179 179 179 179 179 179 179 179 179 179 179 179 179 179 180 180 180 180 180 180 180 180 180 180 180 180 180 180 180 180 180 180 180 180 180 181 181 181 181 181 181 181 181 181 181 181 181 181 181 181 181 181 181 181 181 181 181 181 181 182 182 182 182 182 182 182 182 182 182 182 182 182 182 182 182 182 182 182 183 183 183 183 183 183 183 183 183 183 183 183 183 183 183 183 183 183 183 183 183 183 183 183 183 183 183 183 183 184 184 184 184 184 184 184 184 184 184 184 184 184 184 184 184 184 184 184 184 184 184 184 184 184 184 184 184 184 184 184 184 185 185 185 185 185 185 185 185 185 185 185 175 175 175 175 175 175 175 175 175 175 175 176 176 176 176 176 176 176 176 176 176 176 176 176 176 176 176 177 177 177 177 177 177 177 177 177 177 177 177 177 177 177 178 178 178 178 178 178 178 178 178 178 178 178 178 178 178 178 178 178 179 179 179 179 179 179 179 179 179 179 179 179 179 179 179 179 179 179 179 179 180 180 180 180 180 180 180 180 180 180 180 180 180 180 180 180 180 180 180 180 180 180 180 181 181 181 181 181 181 181 181 181 181 181 181 181 181 181 181 181 181 181 181 181 181 181 181 182 182 182 182 182 182 182 182 182 182 182 182 182 182 182 182 182 182 182 182 183 183 183 183 183 183 183 183 183 183 183 183 183 183 183 183 183 183 183 183 183 183 183 183 183 183 183 183 184 184 184 184 184 184 184 184 184 184 184 184 184 184 184 184 184 184 184 184 184 184 184 184 184 184 184 184 184 184 184 184 184 184 185 185 185 185 185 185 185 185 185 185 175 175 175 175 175 175 175 175 176 176 176 176 176 176 176 176 176 176 176 176 176 176 176 176 177 177 177 177 177 177 177 177 177 177 177 177 177 177 177 177 178 178 178 178 178 178 178 178 178 178 178 178 178 178 178 178 178 178 179 179 179 179 179 179 179 179 179 179 179 179 179 179 179 179 179 179 179 179 180 180 180 180 180 180 180 180 180 180 180 180 180 180 180 180 180 180 180 180 180 180 180 181 181 181 181 181 181 181 181 181 181 181 181 181 181 181 181 181 181 181 181 181 181 181 181 181 182 182 182 182 182 182 182 182 182 182 182 182 182 182 182 182 182 182 182 182 183 183 183 183 183 183 183 183 183 183 183 183 183 183 183 183 183 183 183 183 183 183 183 183 183 183 183 183 184 184 184 184 184 184 184 184 184 184 184 184 184 184 184 184 184 184 184 184 184 184 184 184 184 184 184 184 184 184 184 184 184 184 184 185 185 185 185 185 185 185 185 185 185 185 175 175 175 175 175 175 175 176 176 176 176 176 176 176 176 176 176 176 176 176 176 176 176 176 177 177 177 177 177 177 177 177 177 177 177 177 177 177 177 178 178 178 178 178 178 178 178 178 178 178 178 178 178 178 178 178 178 179 179 179 179 179 179 179 179 179 179 179 179 179 179 179 179 179 179 179 179 180 180 180 180 180 180 180 180 180 180 180 180 180 180 180 180 180 180 180 180 180 180 180 180 181 181 181 181 181 181 181 181 181 181 181 181 181 181 181 181 181 181 181 181 181 181 181 181 181 182 182 182 182 182 182 182 182 182 182 182 182 182 182 182 182 182 182 182 182 183 183 183 183 183 183 183 183 183 183 183 183 183 183 183 183 183 183 183 183 183 183 183 183 183 183 183 183 183 184 184 184 184 184 184 184 184 184 184 184 184 184 184 184 184 184 184 184 184 184 184 184 184 184 184 184 184 184 184 184 184 184 184 184 184 185 185 185 185 185 185 185 185 185 185 185 175 175 175 175 175 175 175 176 176 176 176 176 176 176 176 176 176 176 176 176 176 176 176 176 177 177 177 177 177 177 177 177 177 177 177 177 177 177 177 178 178 178 178 178 178 178 178 178 178 178 178 178 178 178 178 178 178 178 179 179 179 179 179 179 179 179 179 179 179 179 179 179 179 179 179 179 179 179 179 180 180 180 180 179 180 180 180 180 180 180 180 180 180 180 180 180 180 180 180 180 180 180 181 181 181 181 181 181 181 181 181 181 181 181 181 181 181 181 181 181 181 181 181 181 181 181 181 181 182 182 182 182 182 182 182 182 182 182 182 182 182 182 182 182 182 182 182 182 182 183 183 183 183 183 183 183 183 183 183 183 183 183 183 183 183 183 183 183 183 183 183 183 183 183 183 183 183 183 184 184 184 184 184 184 184 184 184 184 184 184 184 184 184 184 184 184 184 184 184 184 184 184 184 184 184 184 184 184 184 184 184 184 184 184 185 185 185 185 185 185 185 175 175 175 175 175 175 175 176 176 176 176 176 176 176 176 176 176 176 176 176 176 176 176 176 177 177 177 177 177 177 177 177 177 177 177 177 177 177 177 177 178 178 178 178 178 178 178 178 178 178 178 178 178 178 178 178 178 178 179 179 179 179 179 179 179 179 179 179 179 179 179 179 179 179 179 179 179 179 179 179 180 180 180 179 180 180 180 180 180 180 180 180 180 180 180 180 180 180 180 180 180 180 180 181 181 181 181 181 181 181 181 181 181 181 181 181 181 181 181 181 181 181 181 181 181 181 181 181 182 182 182 182 182 182 182 182 182 182 182 182 182 182 182 182 182 182 182 182 182 182 182 183 183 183 183 183 183 183 183 183 183 183 183 183 183 183 183 183 183 183 183 183 183 183 183 183 183 183 183 183 184 184 184 184 184 184 184 184 184 184 184 184 184 184 184 184 184 184 184 184 184 184 184 184 184 184 184 184 184 184 184 184 184 184 184 184 184 185 185 185 185 185 185 185 185 185 185 185 175 175 175 175 175 175 176 176 176 176 176 176 176 176 176 176 176 176 176 176 176 176 176 177 177 177 177 177 177 177 177 177 177 177 177 177 177 177 177 178 178 178 178 178 178 178 178 178 178 178 178 178 178 178 178 178 178 178 178 179 179 179 179 179 179 179 179 179 179 179 179 179 179 179 179 179 179 179 179 179 180 180 180 179 180 180 180 180 180 180 180 180 180 180 180 180 180 180 180 180 180 180 180 181 181 181 181 181 181 181 181 181 181 181 181 181 181 181 181 181 181 181 181 181 181 181 181 181 182 182 182 182 182 182 182 182 182 182 182 182 182 182 182 182 182 182 182 182 182 182 182 182 183 183 183 183 183 183 183 183 183 183 183 183 183 183 183 183 183 183 183 183 183 183 183 183 183 183 183 183 183 184 183 183 183 184 184 184 184 184 184 184 184 184 184 184 184 184 184 184 184 184 184 184 184 184 184 184 184 184 184 184 184 184 184 184 184 184 184 184 184 185 185 185 185 185 185 185 185 175 175 175 175 175 175 175 176 176 176 176 176 176 176 176 176 176 176 176 176 176 176 176 177 177 177 177 177 177 177 177 177 177 177 177 177 177 177 177 177 178 178 178 178 178 178 178 178 178 178 178 178 178 178 178 178 178 178 178 179 179 179 179 179 179 179 179 179 179 179 179 179 179 179 179 179 179 179 179 179 179 180 180 180 179 180 180 180 180 180 180 180 180 180 180 180 180 180 180 180 180 180 180 180 181 180 181 181 181 181 181 181 181 181 181 181 181 181 181 181 181 181 181 181 181 181 181 181 181 181 181 182 182 182 182 182 182 182 182 182 182 182 182 182 182 182 182 182 182 182 182 182 182 182 183 183 183 183 183 183 183 183 183 183 183 183 183 183 183 183 183 183 183 183 183 183 183 183 183 183 183 183 183 183 183 183 183 183 184 184 184 184 184 184 184 184 184 184 184 184 184 184 184 184 184 184 184 184 184 184 184 184 184 184 184 184 184 184 184 184 184 184 184 184 184 185 185 185 175 175 175 175 175 175 175 176 176 176 176 176 176 176 176 176 176 176 176 176 176 176 176 176 177 177 177 177 177 177 177 177 177 177 177 177 177 177 177 177 178 178 178 178 178 178 178 178 178 178 178 178 178 178 178 178 178 178 178 178 179 179 179 179 179 179 179 179 179 179 179 179 179 179 179 179 179 179 179 179 179 179 179 179 179 179 180 180 180 180 180 180 180 180 180 180 180 180 180 180 180 180 180 180 180 180 180 181 181 181 181 181 181 181 181 181 181 181 181 181 181 181 181 181 181 181 181 181 181 181 181 181 182 182 182 182 182 182 182 182 182 182 182 182 182 182 182 182 182 182 182 182 182 182 182 183 183 183 183 183 183 183 183 183 183 183 183 183 183 183 183 183 183 183 183 183 183 183 183 183 183 183 183 183 183 183 183 183 183 183 183 184 184 184 184 184 184 184 184 184 184 184 184 184 184 184 184 184 184 184 184 184 184 184 184 184 184 184 184 184 184 184 184 184 184 184 184 184 175 175 175 175 175 175 175 176 176 176 176 176 176 176 176 176 176 176 176 176 176 176 176 176 177 177 177 177 177 177 177 177 177 177 177 177 177 177 177 177 177 178 178 178 178 178 178 178 178 178 178 178 178 178 178 178 178 178 178 178 178 179 179 179 179 179 179 179 179 179 179 179 179 179 179 179 179 179 179 179 179 180 179 179 180 179 179 180 180 180 180 180 180 180 180 180 180 180 180 180 180 180 180 180 180 180 180 181 181 181 181 181 181 181 181 181 181 181 181 181 181 181 181 181 181 181 181 181 181 181 181 181 182 182 182 182 182 182 182 182 182 182 182 182 182 182 182 182 182 182 182 182 182 182 182 182 182 183 183 183 183 183 183 183 183 183 183 183 183 183 183 183 183 183 183 183 183 183 183 183 183 183 183 183 183 183 183 183 183 183 183 183 183 183 184 184 184 184 184 184 184 184 184 184 184 184 184 184 184 184 184 184 184 184 184 184 184 184 184 184 184 184 184 184 184 184 184 184 175 175 175 175 175 175 175 176 176 176 176 176 176 176 176 176 176 176 176 176 176 176 176 177 177 177 177 177 177 177 177 177 177 177 177 177 177 177 177 177 178 178 178 178 178 178 178 178 178 178 178 178 178 178 178 178 178 178 178 178 179 179 179 179 179 179 179 179 179 179 179 179 179 179 179 179 179 179 179 179 180 179 179 179 180 180 180 180 180 180 180 180 180 180 180 180 180 180 180 180 180 180 180 180 180 180 180 180 181 181 181 181 181 181 181 181 181 181 181 181 181 181 181 181 181 181 181 181 181 181 181 182 182 182 182 182 182 182 182 182 182 182 182 182 182 182 182 182 182 182 182 182 182 182 182 182 182 182 183 183 183 183 183 183 183 183 183 183 183 183 183 183 183 183 183 183 183 183 183 183 183 183 183 183 183 183 183 183 183 183 183 183 183 183 183 183 184 184 184 184 184 184 184 184 184 184 184 184 184 184 184 184 184 184 184 184 184 184 184 184 184 184 184 184 184 184 184 175 175 175 175 175 175 176 176 176 176 176 176 176 176 176 176 176 176 176 176 176 176 176 176 177 177 177 177 177 177 177 177 177 177 177 177 177 177 177 177 178 178 178 178 178 178 178 178 178 178 178 178 178 178 178 178 178 178 178 178 178 179 179 179 179 179 179 179 179 179 179 179 179 179 179 179 179 179 179 179 179 179 179 179 180 180 180 180 180 180 180 180 180 180 180 180 180 180 180 180 180 180 180 180 180 180 180 180 180 181 181 181 181 181 181 181 181 181 181 181 181 181 181 181 181 181 181 181 181 181 181 182 182 182 182 182 182 182 182 182 182 182 182 182 182 182 182 182 182 182 182 182 182 182 182 182 182 182 182 182 183 183 183 183 183 183 183 183 183 183 183 183 183 183 183 183 183 183 183 183 183 183 183 183 183 183 183 183 183 183 183 183 183 183 183 183 183 183 183 183 184 184 184 184 184 184 184 184 184 184 184 184 184 184 184 184 184 184 184 184 184 184 184 184 184 184 184 175 175 175 175 175 175 176 176 176 176 176 176 176 176 176 176 176 176 176 176 176 176 176 177 177 177 177 177 177 177 177 177 177 177 177 177 177 177 177 177 178 178 178 178 178 178 178 178 178 178 178 178 178 178 178 178 178 178 178 178 178 179 179 179 179 179 179 179 179 179 179 179 179 179 179 179 179 179 179 179 179 179 180 179 180 180 180 180 180 180 180 180 180 180 180 180 180 180 180 180 180 180 180 180 180 180 180 180 180 181 181 181 181 181 181 181 181 181 181 181 181 181 181 181 181 181 181 181 181 181 181 182 182 182 182 182 182 182 182 182 182 182 182 182 182 182 182 182 182 182 182 182 182 182 182 182 182 182 182 182 182 183 183 183 183 183 183 183 183 183 183 183 183 183 183 183 183 183 183 183 183 183 183 183 183 183 183 183 183 183 183 183 183 183 183 183 183 183 183 183 183 183 183 184 184 184 184 184 184 184 184 184 184 184 184 184 184 184 184 184 184 184 184 184 184 184 175 175 175 175 176 176 176 176 176 176 176 176 176 176 176 176 176 176 176 176 176 176 177 177 177 177 177 177 177 177 177 177 177 177 177 177 177 177 177 178 178 178 178 178 178 178 178 178 178 178 178 178 178 178 178 178 178 178 178 178 179 179 179 179 179 179 179 179 179 179 179 179 179 179 179 179 179 179 179 179 179 180 179 180 180 180 180 180 180 180 180 180 180 180 180 180 180 180 180 180 180 180 180 180 180 180 180 180 181 181 181 181 181 181 181 181 181 181 181 181 181 181 181 181 181 181 181 181 181 181 181 182 182 182 182 182 182 182 182 182 182 182 182 182 182 182 182 182 182 182 182 182 182 182 182 182 182 182 182 182 182 183 183 183 183 183 183 183 183 183 183 183 183 183 183 183 183 183 183 183 183 183 183 183 183 183 183 183 183 183 183 183 183 183 183 183 183 183 183 183 183 183 183 183 183 184 184 184 184 184 184 184 184 184 184 184 184 184 184 184 184 184 184 184 175 176 176 176 176 176 176 176 176 176 176 176 176 176 176 176 176 176 176 177 177 177 177 177 177 177 177 177 177 177 177 177 177 177 177 177 178 178 178 178 178 178 178 178 178 178 178 178 178 178 178 178 178 178 178 178 178 178 178 179 179 179 179 179 179 179 179 179 179 179 179 179 179 179 179 179 179 179 179 179 179 180 180 180 180 180 180 180 180 180 180 180 180 180 180 180 180 180 180 180 180 180 180 180 180 180 181 181 181 181 181 181 181 181 181 181 181 181 181 181 181 181 181 181 181 181 181 181 181 181 181 182 182 182 182 182 182 182 182 182 182 182 182 182 182 182 182 182 182 182 182 182 182 182 182 182 182 182 182 182 182 183 183 183 183 183 183 183 183 183 183 183 183 183 183 183 183 183 183 183 183 183 183 183 183 183 183 183 183 183 183 183 183 183 183 183 183 183 183 183 183 183 183 183 183 183 184 184 184 184 184 184 184 184 184 184 184 184 184 184 184 176 176 176 176 176 176 176 176 176 176 176 176 176 176 176 176 176 176 176 177 177 177 177 177 177 177 177 177 177 177 177 177 177 177 177 177 178 178 178 178 178 178 178 178 178 178 178 178 178 178 178 178 178 178 178 178 178 178 178 179 179 179 179 179 179 179 179 179 179 179 179 179 179 179 179 179 179 179 179 179 179 180 180 180 180 180 180 180 180 180 180 180 180 180 180 180 180 180 180 180 180 180 180 180 180 180 180 181 181 181 181 181 181 181 181 181 181 181 181 181 181 181 181 181 181 181 181 181 181 181 181 181 182 182 182 182 182 182 182 182 182 182 182 182 182 182 182 182 182 182 182 182 182 182 182 182 182 182 182 182 182 182 183 183 183 183 183 183 183 183 183 183 183 183 183 183 183 183 183 183 183 183 183 183 183 183 183 183 183 183 183 183 183 183 183 183 183 183 183 183 183 183 183 183 183 183 183 183 183 183 184 184 184 184 184 184 184 184 184 184 175 176 176 176 176 176 176 176 176 176 176 176 176 176 176 176 176 176 176 177 177 177 177 177 177 177 177 177 177 177 177 177 177 177 177 177 178 178 178 178 178 178 178 178 178 178 178 178 178 178 178 178 178 178 178 178 178 178 178 178 179 179 179 179 179 179 179 179 179 179 179 179 179 179 179 179 179 179 179 179 179 179 179 180 180 180 180 180 180 180 180 180 180 180 180 180 180 180 180 180 180 180 180 180 180 180 180 180 180 181 181 181 181 181 181 181 181 181 181 181 181 181 181 181 181 181 181 181 181 181 181 181 182 181 182 182 182 182 182 182 182 182 182 182 182 182 182 182 182 182 182 182 182 182 182 182 182 182 182 182 182 182 182 182 182 183 183 183 183 183 183 183 183 183 183 183 183 183 183 183 183 183 183 183 183 183 183 183 183 183 183 183 183 183 183 183 183 183 183 183 183 183 183 183 183 183 183 183 183 183 183 183 183 184 184 184 184 184 184 184 175 175 176 176 176 176 176 176 176 176 176 176 176 176 176 176 176 176 176 176 177 177 177 177 177 177 177 177 177 177 177 177 177 177 177 177 177 177 178 178 178 178 178 178 178 178 178 178 178 178 178 178 178 178 178 178 178 178 178 178 178 179 179 179 179 179 179 179 179 179 179 179 179 179 179 179 179 179 179 179 179 179 179 179 179 180 180 180 180 180 180 180 180 180 180 180 180 180 180 180 180 180 180 180 180 180 180 180 180 180 180 180 181 181 181 181 181 181 181 181 181 181 181 181 181 181 181 181 181 181 181 181 181 181 181 181 182 182 182 182 182 182 182 182 182 182 182 182 182 182 182 182 182 182 182 182 182 182 182 182 182 182 182 182 182 182 182 182 182 183 183 183 183 183 183 182 183 183 183 183 183 183 183 183 183 183 183 183 183 183 183 183 183 183 183 183 183 183 183 183 183 183 183 183 183 183 183 183 183 183 183 183 183 183 183 183 183 183 183 183 183 175 175 175 175 175 176 176 176 176 176 176 176 176 176 176 176 176 176 176 176 176 176 176 177 177 177 177 177 177 177 177 177 177 177 177 177 177 177 177 177 177 178 178 178 178 178 178 178 178 178 178 178 178 178 178 178 178 178 178 178 178 178 178 179 179 179 179 179 179 179 179 179 179 179 179 179 179 179 179 179 179 179 179 179 179 179 179 179 179 180 180 180 180 180 180 180 180 180 180 180 180 180 180 180 180 180 180 180 180 180 180 180 180 180 180 180 181 181 181 181 181 181 181 181 181 181 181 181 181 181 181 181 181 181 181 181 181 181 181 182 182 182 182 182 182 182 182 182 182 182 182 182 182 182 182 182 182 182 182 182 182 182 182 182 182 182 182 182 182 182 182 182 182 182 183 183 183 182 182 182 182 183 183 183 183 183 183 183 183 183 183 183 183 183 183 183 183 183 183 183 183 183 183 183 183 183 183 183 183 183 183 183 183 183 183 183 183 183 183 183 183 183 175 175 175 175 175 175 176 176 176 176 176 176 176 176 176 176 176 176 176 176 176 176 176 176 176 177 177 177 177 177 177 177 177 177 177 177 177 177 177 177 177 177 178 178 178 178 178 178 178 178 178 178 178 178 178 178 178 178 178 178 178 178 178 178 179 179 179 179 179 179 179 179 179 179 179 179 179 179 179 179 179 179 179 179 179 179 179 179 179 179 180 180 180 180 180 180 180 180 180 180 180 180 180 180 180 180 180 180 180 180 180 180 180 180 180 180 180 181 181 181 181 181 181 181 181 181 181 181 181 181 181 181 181 181 181 181 181 181 181 181 181 181 181 181 182 182 182 182 182 182 182 182 182 182 182 182 182 182 182 182 182 182 182 182 182 182 182 182 182 182 182 182 182 182 182 182 182 183 182 182 182 182 182 182 182 182 182 183 183 183 183 183 183 183 183 183 183 183 183 183 183 183 183 183 183 183 183 183 183 183 183 183 183 183 183 183 183 183 183 183 183 183 175 175 175 175 175 175 176 176 176 176 176 176 176 176 176 176 176 176 176 176 176 176 176 176 176 177 177 177 177 177 177 177 177 177 177 177 177 177 177 177 177 177 177 178 178 178 178 178 178 178 178 178 178 178 178 178 178 178 178 178 178 178 178 178 179 179 179 179 179 179 179 179 179 179 179 179 179 179 179 179 179 179 179 179 179 179 179 179 179 179 179 179 180 180 180 180 180 180 180 180 180 180 180 180 180 180 180 180 180 180 180 180 180 180 180 180 180 180 180 181 181 181 181 181 181 181 181 181 181 181 181 181 181 181 181 181 181 181 181 181 181 181 181 181 181 181 182 182 182 182 182 182 182 182 182 182 182 182 182 182 182 182 182 182 182 182 182 182 182 182 182 182 182 182 182 182 182 182 182 182 182 182 182 182 182 182 182 182 182 182 182 183 183 183 183 183 183 183 183 183 183 183 183 183 183 183 183 183 183 183 183 183 183 183 183 183 183 183 183 183 183 183 175 175 175 175 175 175 175 175 175 175 176 176 176 176 176 176 176 176 176 176 176 176 176 176 176 176 176 176 176 177 177 177 177 177 177 177 177 177 177 177 177 177 177 177 177 177 177 178 178 178 178 178 178 178 178 178 178 178 178 178 178 178 178 178 178 178 178 178 179 179 179 179 179 179 179 179 179 179 179 179 179 179 179 179 179 179 179 179 179 179 179 179 179 179 179 179 180 180 180 180 180 180 180 180 180 180 180 180 180 180 180 180 180 180 180 180 180 180 180 180 180 180 180 180 181 181 181 181 181 181 181 181 181 181 181 181 181 181 181 181 181 181 181 181 181 181 181 181 181 181 181 182 182 182 182 182 182 182 182 182 182 182 182 182 182 182 182 182 182 182 182 182 182 182 182 182 182 182 182 182 182 182 182 182 182 182 182 182 182 182 182 182 182 182 182 182 182 182 183 183 183 183 183 183 183 183 183 183 183 183 183 183 183 183 183 183 183 183 183 183 183 183 183 183 175 175 175 175 175 175 175 175 175 175 175 176 176 176 176 176 176 176 176 176 176 176 176 176 176 176 176 176 176 177 177 177 177 177 177 177 177 177 177 177 177 177 177 177 177 177 177 177 178 178 178 178 178 178 178 178 178 178 178 178 178 178 178 178 178 178 178 178 178 179 179 179 179 179 179 179 179 179 179 179 179 179 179 179 179 179 179 179 179 179 179 179 179 179 179 179 179 179 180 180 180 180 180 180 180 180 180 180 180 180 180 180 180 180 180 180 180 180 180 180 180 180 180 180 180 181 181 181 181 181 181 181 181 181 181 181 181 181 181 181 181 181 181 181 181 181 181 181 181 181 181 181 181 182 182 182 182 182 182 182 182 182 182 182 182 182 182 182 182 182 182 182 182 182 182 182 182 182 182 182 182 182 182 182 182 182 182 182 182 182 182 182 182 182 182 182 182 182 182 182 182 182 182 183 183 183 183 183 183 183 183 183 183 183 183 183 183 183 183 183 183 183 183 175 175 175 175 175 175 175 175 175 175 175 176 176 176 176 176 176 176 176 176 176 176 176 176 176 176 176 176 176 176 176 177 177 177 177 177 177 177 177 177 177 177 177 177 177 177 177 177 178 178 178 178 178 178 178 178 178 178 178 178 178 178 178 178 178 178 178 178 178 178 179 179 179 179 179 179 179 179 179 179 179 179 179 179 179 179 179 179 179 179 179 179 179 179 179 179 179 179 179 180 180 180 180 180 180 180 180 180 180 180 180 180 180 180 180 180 180 180 180 180 180 180 180 180 180 180 180 181 181 181 181 181 181 181 181 181 181 181 181 181 181 181 181 181 181 181 181 181 181 181 181 181 181 181 181 181 182 182 182 182 182 182 182 182 182 182 182 182 182 182 182 182 182 182 182 182 182 182 182 182 182 182 182 182 182 182 182 182 182 182 182 182 182 182 182 182 182 182 182 182 182 182 182 182 182 182 182 182 183 183 183 183 183 183 183 183 183 183 183 183 183 183 183 175 175 175 175 175 175 175 175 175 175 176 176 176 176 176 176 176 176 176 176 176 176 176 176 176 176 176 176 176 176 177 177 177 177 177 177 177 177 177 177 177 177 177 177 177 177 177 177 178 178 178 178 178 178 178 178 178 178 178 178 178 178 178 178 178 178 178 178 178 178 179 179 179 179 179 179 179 179 179 179 179 179 179 179 179 179 179 179 179 179 179 179 179 179 179 179 179 179 179 180 180 180 180 180 180 180 180 180 180 180 180 180 180 180 180 180 180 180 180 180 180 180 180 180 180 180 180 180 181 181 181 181 181 181 181 181 181 181 181 181 181 181 181 181 181 181 181 181 181 181 181 181 181 181 181 181 182 182 182 182 182 182 182 182 182 182 182 182 182 182 182 182 182 182 182 182 182 182 182 182 182 182 182 182 182 182 182 182 182 182 182 182 182 182 182 182 182 182 182 182 182 182 182 182 182 182 182 182 182 182 182 182 182 183 183 183 183 183 183 183 183 183 175 175 175 175 175 175 175 175 175 175 175 175 176 176 176 176 176 176 176 176 176 176 176 176 176 176 176 176 176 176 176 176 177 177 177 177 177 177 177 177 177 177 177 177 177 177 177 177 177 177 177 178 178 178 178 178 178 178 178 178 178 178 178 178 178 178 178 178 178 178 178 178 178 179 179 179 179 179 179 179 179 179 179 179 179 179 179 179 179 179 179 179 179 179 179 179 179 179 179 179 179 179 180 180 180 180 180 180 180 180 180 180 180 180 180 180 180 180 180 180 180 180 180 180 180 180 180 180 180 180 180 180 181 181 181 181 181 181 181 181 181 181 181 181 181 181 181 181 181 181 181 181 181 181 181 181 181 181 181 181 181 182 182 182 182 182 182 182 182 182 182 182 182 182 182 182 182 182 182 182 182 182 182 182 182 182 182 182 182 182 182 182 182 182 182 182 182 182 182 182 182 182 182 182 182 182 182 182 182 182 182 182 182 182 182 182 182 182 182 182 182 183 183 183 183 175 175 175 175 175 175 175 175 175 175 175 175 175 175 175 176 176 176 176 176 176 176 176 176 176 176 176 176 176 176 176 176 176 177 177 177 177 177 177 177 177 177 177 177 177 177 177 177 177 177 177 177 177 178 178 178 178 178 178 178 178 178 178 178 178 178 178 178 178 178 178 178 178 178 178 179 179 179 179 179 179 179 179 179 179 179 179 179 179 179 179 179 179 179 179 179 179 179 179 179 179 179 179 179 180 180 180 180 180 180 180 180 180 180 180 180 180 180 180 180 180 180 180 180 180 180 180 180 180 180 180 180 180 181 181 181 181 181 181 181 181 181 181 181 181 181 181 181 181 181 181 181 181 181 181 181 181 181 181 181 181 181 181 181 181 182 182 182 182 182 182 182 182 182 182 182 182 182 182 182 182 182 182 182 182 182 182 182 182 182 182 182 182 182 182 182 182 182 182 182 182 182 182 182 182 182 182 182 182 182 182 182 182 182 182 182 182 182 182 182 182 182 182 182 182 182 182 182 182 175 175 175 175 175 175 175 175 175 175 175 175 175 175 175 176 176 176 176 176 176 176 176 176 176 176 176 176 176 176 176 176 176 176 177 177 177 177 177 177 177 177 177 177 177 177 177 177 177 177 177 177 177 177 178 178 178 178 178 178 178 178 178 178 178 178 178 178 178 178 178 178 178 178 178 178 179 179 179 179 179 179 179 179 179 179 179 179 179 179 179 179 179 179 179 179 179 179 179 179 179 179 179 179 179 179 180 180 180 180 180 180 180 180 180 180 180 180 180 180 180 180 180 180 180 180 180 180 180 180 180 180 180 181 181 181 181 181 181 181 181 181 181 181 181 181 181 181 181 181 181 181 181 181 181 181 181 181 181 181 181 181 181 181 181 181 181 181 182 182 182 182 182 182 182 182 182 182 182 182 182 182 182 182 182 182 182 182 182 182 182 182 182 182 182 182 182 182 182 182 182 182 182 182 182 182 182 182 182 182 182 182 182 182 182 182 182 182 182 182 182 182 182 182 182 182 182 182 182 182 175 175 175 175 175 175 175 175 175 175 175 175 175 175 175 175 176 176 176 176 176 176 176 176 176 176 176 176 176 176 176 176 176 176 177 177 177 177 177 177 177 177 177 177 177 177 177 177 177 177 177 177 177 177 177 178 178 178 178 178 178 178 178 178 178 178 178 178 178 178 178 178 178 178 178 178 178 179 179 179 179 179 179 179 179 179 179 179 179 179 179 179 179 179 179 179 179 179 179 179 179 179 179 179 179 179 179 179 180 180 180 180 180 180 180 180 180 180 180 180 180 180 180 180 180 180 180 180 180 180 180 180 180 180 180 180 180 181 181 181 181 181 181 181 181 181 181 181 181 181 181 181 181 181 181 181 181 181 181 181 181 181 181 181 181 181 181 181 181 181 181 181 182 182 182 182 182 182 182 182 182 182 182 182 182 182 182 182 182 182 182 182 182 182 182 182 182 182 182 182 182 182 182 182 182 182 182 182 182 182 182 182 182 182 182 182 182 182 182 182 182 182 182 182 182 182 182 182 182 182 182 175 175 175 175 175 175 175 175 175 175 175 175 176 176 176 176 176 176 176 176 176 176 176 176 176 176 176 176 176 177 177 177 177 177 177 177 177 177 177 177 177 177 177 177 177 177 177 177 177 177 177 178 178 178 178 178 178 178 178 178 178 178 178 178 178 178 178 178 178 178 178 178 178 179 179 179 179 179 179 179 179 179 179 179 179 179 179 179 179 179 179 179 179 179 179 179 179 179 179 179 179 179 179 179 179 180 180 180 180 180 180 180 180 180 180 180 180 180 180 180 180 180 180 180 180 180 180 180 180 180 180 180 180 181 181 181 181 181 181 181 181 181 181 181 181 181 181 181 181 181 181 181 181 181 181 181 181 181 181 181 181 181 181 181 181 181 181 181 181 181 182 182 182 182 182 182 182 182 181 181 181 182 182 182 182 182 182 182 182 182 182 182 182 182 182 182 182 182 182 182 182 182 182 182 182 182 182 182 182 182 182 182 182 182 182 182 182 182 182 182 182 182 182 182 182 182 182 175 175 175 175 175 175 175 175 175 175 175 175 176 176 176 176 176 176 176 176 176 176 176 176 176 176 176 177 177 177 177 177 177 177 177 177 177 177 177 177 177 177 177 177 177 177 177 177 177 178 178 178 178 178 178 178 178 178 178 178 178 178 178 178 178 178 178 178 178 178 178 179 179 179 179 178 179 179 179 179 179 179 179 179 179 179 179 179 179 179 179 179 179 179 179 179 179 179 179 179 179 179 179 180 180 180 180 180 180 180 180 180 180 180 180 180 180 180 180 180 180 180 180 180 180 180 180 180 180 180 180 180 181 181 181 181 181 181 181 181 181 181 181 181 181 181 181 181 181 181 181 181 181 181 181 181 181 181 181 181 181 181 181 181 181 181 181 181 181 181 181 181 182 182 182 181 181 181 181 181 181 181 181 182 181 182 182 182 182 182 182 182 182 182 182 182 182 182 182 182 182 182 182 182 182 182 182 182 182 182 182 182 182 182 182 182 182 182 182 182 182 182 182 182 175 175 175 175 175 175 175 175 175 175 176 176 176 176 176 176 176 176 176 176 176 176 176 176 176 177 177 177 177 177 177 177 177 177 177 177 177 177 177 177 177 177 177 177 177 177 178 178 178 178 178 178 178 178 178 178 178 178 178 178 178 178 178 178 178 178 178 178 178 179 179 178 178 179 179 179 179 179 179 179 179 179 179 179 179 179 179 179 179 179 179 179 179 179 179 179 179 179 179 179 179 180 180 180 180 180 180 180 180 180 180 180 180 180 180 180 180 180 180 180 180 180 180 180 180 180 180 180 180 180 180 181 181 181 181 181 181 181 181 181 181 181 181 181 181 181 181 181 181 181 181 181 181 181 181 181 181 181 181 181 181 181 181 181 181 181 181 181 181 181 181 181 181 181 181 181 181 181 181 181 181 181 181 181 181 181 181 182 182 182 182 182 182 182 182 182 182 182 182 182 182 182 182 182 182 182 182 182 182 182 182 182 182 182 182 182 182 182 182 182 182 175 176 176 176 176 176 176 176 176 176 176 176 176 176 176 177 177 177 177 177 177 177 177 177 177 177 177 177 177 177 177 177 177 177 177 177 177 178 178 178 178 178 178 178 178 178 178 178 178 178 178 178 178 178 178 178 178 178 178 178 179 178 178 178 179 179 179 179 179 179 179 179 179 179 179 179 179 179 179 179 179 179 179 179 179 179 179 179 179 179 179 179 179 180 180 180 180 180 180 180 180 180 180 180 180 180 180 180 180 180 180 180 180 180 180 180 180 180 180 180 180 180 180 181 181 181 181 181 181 181 181 181 181 181 181 181 181 181 181 181 181 181 181 181 181 181 181 181 181 181 181 181 181 181 181 181 181 181 181 181 181 181 181 181 181 181 181 181 181 181 181 181 181 181 181 181 181 181 181 181 181 181 181 182 182 182 182 182 182 182 182 182 182 182 182 182 182 182 182 182 182 182 182 182 182 182 182 182 182 182 176 176 176 176 176 176 176 176 176 176 176 176 176 176 177 177 177 177 177 177 177 177 177 177 177 177 177 177 177 177 177 177 177 177 177 177 178 178 178 178 178 178 178 178 178 178 178 178 178 178 178 178 178 178 178 178 178 178 178 178 178 178 178 178 179 179 179 179 179 179 179 179 179 179 179 179 179 179 179 179 179 179 179 179 179 179 179 179 179 179 179 179 179 180 180 180 180 180 180 180 180 180 180 180 180 180 180 180 180 180 180 180 180 180 180 180 180 180 180 180 180 180 180 180 181 181 181 181 181 181 181 181 181 181 181 181 181 181 181 181 181 181 181 181 181 181 181 181 181 181 181 181 181 181 181 181 181 181 181 181 181 181 181 181 181 181 181 181 181 181 181 181 181 181 181 181 181 181 181 181 181 181 181 181 181 181 181 181 182 182 182 182 182 182 182 182 182 182 182 182 182 182 182 182 182 182 182 176 176 176 176 176 176 176 176 176 176 176 176 176 177 177 177 177 177 177 177 177 177 177 177 177 177 177 177 177 177 177 177 177 177 177 177 178 178 178 178 178 178 178 178 178 178 178 178 178 178 178 178 178 178 178 178 178 178 178 178 178 178 178 178 179 179 179 179 179 179 179 179 179 179 179 179 179 179 179 179 179 179 179 179 179 179 179 179 179 179 179 179 180 179 180 180 180 180 180 180 180 180 180 180 180 180 180 180 180 180 180 180 180 180 180 180 180 180 180 180 180 180 180 180 180 180 180 181 181 181 181 181 181 181 181 181 181 181 181 181 181 181 181 181 181 181 181 181 181 181 181 181 181 181 181 181 181 181 181 181 181 181 181 181 181 181 181 181 181 181 181 181 181 181 181 181 181 181 181 181 181 181 181 181 181 181 181 181 181 181 181 181 181 181 181 181 182 182 182 182 182 182 182 182 176 176 176 176 176 176 176 176 176 176 176 176 176 176 177 177 177 177 177 177 177 177 177 177 177 177 177 177 177 177 177 177 177 177 177 177 177 178 178 178 178 178 178 178 178 178 178 178 178 178 178 178 178 178 178 178 178 178 178 178 178 178 178 178 178 178 179 179 179 179 179 179 179 179 179 179 179 179 179 179 179 179 179 179 179 179 179 179 179 179 179 179 179 179 180 179 180 180 180 180 180 180 180 180 180 180 180 180 180 180 180 180 180 180 180 180 180 180 180 180 180 180 180 180 180 180 180 180 180 180 181 181 181 181 181 181 181 181 181 181 181 181 181 181 181 181 181 181 181 181 181 181 181 181 181 181 181 181 181 181 181 181 181 181 181 181 181 181 181 181 181 181 181 181 181 181 181 181 181 181 181 181 181 181 181 181 181 181 181 181 181 181 181 181 181 181 181 181 181 181 181 181 176 176 176 176 176 176 176 176 176 176 176 176 176 176 176 177 177 177 177 177 177 177 177 177 177 177 177 177 177 177 177 177 177 177 177 177 177 177 178 178 178 178 178 178 178 178 178 178 178 178 178 178 178 178 178 178 178 178 178 178 178 178 178 178 178 178 178 179 179 179 179 179 179 179 179 179 179 179 179 179 179 179 179 179 179 179 179 179 179 179 179 179 179 179 179 179 180 179 180 180 180 180 180 180 180 180 180 180 180 180 180 180 180 180 180 180 180 180 180 180 180 180 180 180 180 180 180 180 180 180 180 181 181 181 181 181 181 181 181 181 181 181 181 181 181 181 181 181 181 181 181 181 181 181 181 181 181 181 181 181 181 181 181 181 181 181 181 181 181 181 181 181 181 181 181 181 181 181 181 181 181 181 181 181 181 181 181 181 181 181 181 181 181 181 181 181 181 181 181 181 181 175 175 175 175 175 175 176 176 176 176 176 176 176 176 176 176 176 176 176 176 176 176 176 176 177 177 177 177 177 177 177 177 177 177 177 177 177 177 177 177 177 177 177 177 177 177 177 178 178 178 178 178 178 178 178 178 178 178 178 178 178 178 178 178 178 178 178 178 178 178 178 178 178 178 178 178 178 179 179 179 179 179 179 179 179 179 179 179 179 179 179 179 179 179 179 179 179 179 179 179 179 179 179 179 179 179 179 179 180 180 180 180 180 180 180 180 180 180 180 180 180 180 180 180 180 180 180 180 180 180 180 180 180 180 180 180 180 180 180 180 180 180 180 181 181 181 181 181 181 181 181 181 181 181 181 181 181 181 181 181 181 181 181 181 181 181 181 181 181 181 181 181 181 181 181 181 181 181 181 181 181 181 181 181 181 181 181 181 181 181 181 181 181 181 181 181 181 181 181 181 181 181 181 181 181 181 181 181 181 175 175 175 175 175 175 175 175 175 175 175 175 175 176 176 176 176 176 176 176 176 176 176 176 176 176 176 176 176 176 177 177 177 177 177 177 177 177 177 177 177 177 177 177 177 177 177 177 177 177 177 177 177 178 178 178 178 178 178 178 178 178 178 178 178 178 178 178 178 178 178 178 178 178 178 178 178 178 178 178 178 178 178 179 179 179 179 179 179 179 179 179 179 179 179 179 179 179 179 179 179 179 179 179 179 179 179 179 179 179 179 179 179 179 179 180 180 180 180 180 180 180 180 180 180 180 180 180 180 180 180 180 180 180 180 180 180 180 180 180 180 180 180 180 180 180 180 180 180 180 180 180 181 181 181 181 181 181 181 181 181 181 181 181 181 181 181 181 181 181 181 181 181 181 181 181 181 181 181 181 181 181 181 181 181 181 181 181 181 181 181 181 181 181 181 181 181 181 181 181 181 181 181 181 181 181 181 181 181 181 181 181 181 181 181 181 181 181 181 181 181 175 175 175 175 175 175 175 175 175 175 175 175 175 176 176 176 176 176 176 176 176 176 176 176 176 176 176 176 176 176 176 177 177 177 177 177 177 177 177 177 177 177 177 177 177 177 177 177 177 177 177 177 177 177 178 178 178 178 178 178 178 178 178 178 178 178 178 178 178 178 178 178 178 178 178 178 178 178 178 178 178 178 178 178 178 179 179 179 179 179 179 179 179 179 179 179 179 179 179 179 179 179 179 179 179 179 179 179 179 179 179 179 179 179 179 179 179 180 180 180 180 180 180 180 180 180 180 180 180 180 180 180 180 180 180 180 180 180 180 180 180 180 180 180 180 180 180 180 180 180 180 180 180 180 180 180 181 181 181 181 181 181 181 181 181 181 181 181 181 181 181 180 180 181 181 181 181 181 181 181 181 181 181 181 181 181 181 181 181 181 181 181 181 181 181 181 181 181 181 181 181 181 181 181 181 181 181 181 181 181 181 181 181 181 181 181 181 181 181 181 181 182 182 175 175 175 175 175 175 175 175 175 175 175 175 175 176 176 176 176 176 176 176 176 176 176 176 176 176 176 176 176 176 176 176 177 177 177 177 177 177 177 177 177 177 177 177 177 177 177 177 177 177 177 177 177 177 177 178 178 178 178 178 178 178 178 178 178 178 178 178 178 178 178 178 178 178 178 178 178 178 178 178 178 178 178 178 178 178 178 179 179 179 179 179 179 179 179 179 179 179 179 179 179 179 179 179 179 179 179 179 179 179 179 179 179 179 179 179 179 179 179 179 180 180 180 180 180 180 180 180 180 180 180 180 180 180 180 180 180 180 180 180 180 180 180 180 180 180 180 180 180 180 180 180 180 180 180 180 180 180 180 180 181 181 181 181 181 181 181 181 181 181 181 180 180 180 180 180 180 180 180 180 181 181 181 181 181 181 181 181 181 181 181 181 181 181 181 181 181 181 181 181 181 181 181 181 181 181 181 181 181 181 181 181 181 181 181 181 181 181 181 181 181 182 182 182 182 175 175 175 175 175 175 175 175 175 175 175 175 175 175 176 176 176 176 176 176 176 176 176 176 176 176 176 176 176 176 176 176 176 176 177 177 177 177 177 177 177 177 177 177 177 177 177 177 177 177 177 177 177 177 177 177 177 178 178 178 178 178 178 178 178 178 178 178 178 178 178 178 178 178 178 178 178 178 178 178 178 178 178 178 178 178 178 178 178 178 179 179 179 179 179 179 179 179 179 179 179 179 179 179 179 179 179 179 179 179 179 179 179 179 179 179 179 179 179 179 179 179 180 180 180 180 180 180 180 180 180 180 180 180 180 180 180 180 180 180 180 180 180 180 180 180 180 180 180 180 180 180 180 180 180 180 180 180 180 180 180 180 180 180 180 180 181 181 181 181 181 181 180 180 180 180 180 180 180 180 180 180 180 180 180 180 180 180 180 181 181 181 181 181 181 181 181 181 181 181 181 181 181 181 181 181 181 181 181 181 181 181 181 181 181 181 181 181 181 181 181 181 182 182 182 182 182 175 175 175 175 175 175 175 175 175 175 175 175 175 175 176 176 176 176 176 176 176 176 176 176 176 176 176 176 176 176 176 176 176 176 177 177 177 177 177 177 177 177 177 177 177 177 177 177 177 177 177 177 177 177 177 177 177 177 178 178 178 178 178 178 178 178 178 178 178 178 178 178 178 178 178 178 178 178 178 178 178 178 178 178 178 178 178 178 178 178 178 179 179 179 179 179 179 179 179 179 179 179 179 179 179 179 179 179 179 179 179 179 179 179 179 179 179 179 179 179 179 180 180 180 180 180 180 180 180 180 180 180 180 180 180 180 180 180 180 180 180 180 180 180 180 180 180 180 180 180 180 180 180 180 180 180 180 180 180 180 180 180 180 180 180 180 180 180 180 180 181 180 180 180 180 180 180 180 180 180 180 180 180 180 180 180 180 180 180 180 180 180 180 180 180 180 180 181 181 181 181 181 181 181 181 181 181 181 181 181 181 181 181 181 181 181 181 181 181 181 181 182 182 182 182 182 182 175 175 175 175 175 175 175 175 175 175 175 175 175 175 176 176 176 176 176 176 176 176 176 176 176 176 176 176 176 176 176 176 176 176 177 177 177 177 177 177 177 177 177 177 177 177 177 177 177 177 177 177 177 177 177 177 177 177 178 178 178 178 178 178 178 178 178 178 178 178 178 178 178 178 178 178 178 178 178 178 178 178 178 178 178 178 178 178 178 178 178 179 179 179 179 179 179 179 179 179 179 179 179 179 179 179 179 179 179 179 179 179 179 179 179 179 179 179 179 179 179 179 179 180 180 180 180 180 180 180 180 180 180 180 180 180 180 180 180 180 180 180 180 180 180 180 180 180 180 180 180 180 180 180 180 180 180 180 180 180 180 180 180 180 180 180 180 180 180 180 180 180 180 180 180 180 180 180 180 180 180 180 180 180 180 180 180 180 180 180 180 180 180 180 180 180 180 180 180 180 180 180 180 180 180 180 180 181 181 181 181 181 181 181 181 181 181 181 181 181 181 181 181 181 181 175 175 175 175 175 175 175 175 175 175 175 175 175 175 176 176 176 176 176 176 176 176 176 176 176 176 176 176 176 176 176 176 176 177 177 177 177 177 177 177 177 177 177 177 177 177 177 177 177 177 177 177 177 177 177 177 177 178 178 178 178 178 178 178 178 178 178 178 178 178 178 178 178 178 178 178 178 178 178 178 178 178 178 178 178 178 178 178 178 178 178 179 179 179 179 179 179 179 179 179 179 179 179 179 179 179 179 179 179 179 179 179 179 179 179 179 179 179 179 179 179 179 179 179 179 180 180 180 180 180 180 180 180 180 180 180 180 180 180 180 180 180 180 180 180 180 180 180 180 180 180 180 180 180 180 180 180 180 180 180 180 180 180 180 180 180 180 180 180 180 180 180 180 180 180 180 180 180 180 180 180 180 180 180 180 180 180 180 180 180 180 180 180 180 180 180 180 180 180 180 180 180 180 180 180 180 180 180 180 180 180 180 180 180 180 180 180 180 181 181 181 181 175 175 175 175 175 175 175 175 175 175 175 175 175 175 176 176 176 176 176 176 176 176 176 176 176 176 176 176 176 176 176 176 176 176 177 177 177 177 177 177 177 177 177 177 177 177 177 177 177 177 177 177 177 177 177 177 177 178 178 178 178 178 178 178 178 178 178 178 178 178 178 178 178 178 178 178 178 178 178 178 178 178 178 178 178 178 178 178 178 178 178 178 179 179 179 179 179 179 179 179 179 179 179 179 179 179 179 179 179 179 179 179 179 179 179 179 179 179 179 179 179 179 179 179 179 179 179 179 179 179 180 180 180 180 180 180 180 180 180 180 180 180 180 180 180 180 180 180 180 180 180 180 180 180 180 180 180 180 180 180 180 180 180 180 180 180 180 180 180 180 180 180 180 180 180 180 180 180 180 180 180 180 180 180 180 180 180 180 180 180 180 180 180 180 180 180 180 180 180 180 180 180 180 180 180 180 180 180 180 180 180 180 180 180 180 180 180 181 181 181 181 181 181 181 175 175 175 175 175 175 175 175 175 175 175 175 175 175 175 175 175 175 176 176 176 176 176 176 176 176 176 176 176 176 176 176 176 176 176 176 176 176 176 176 176 176 176 177 177 177 177 177 177 177 177 177 177 177 177 177 177 177 177 177 177 177 177 177 177 177 177 177 177 178 178 178 178 178 178 178 178 178 178 178 178 178 178 178 178 178 178 178 178 178 178 178 178 178 178 178 178 178 178 178 178 178 178 179 179 179 179 179 179 179 179 179 179 179 179 179 179 179 179 179 179 179 179 179 179 179 179 179 179 179 179 179 179 179 180 180 180 180 180 180 180 180 180 180 180 180 180 180 180 180 180 180 180 180 180 180 180 180 180 180 180 180 180 180 180 180 180 180 180 180 180 180 180 180 180 180 180 180 180 180 180 180 180 180 180 180 180 180 180 180 180 180 180 180 180 180 180 180 180 180 180 180 180 180 180 180 180 180 180 180 180 180 180 180 180 180 181 181 181 181 181 181 181 181 181 181 181 175 175 175 175 175 175 175 175 175 175 175 175 175 175 175 175 175 175 175 175 176 176 176 176 176 176 176 176 176 176 176 176 176 176 176 176 176 176 176 176 176 176 176 176 176 177 177 177 177 177 177 177 177 177 177 177 177 177 177 177 177 177 177 177 177 177 177 177 177 177 177 177 178 178 178 178 178 178 178 178 178 178 178 178 178 178 178 178 178 178 178 178 178 178 178 178 178 178 178 178 178 178 178 178 178 179 179 179 179 179 179 179 179 179 179 179 179 179 179 179 179 179 179 179 179 179 179 179 179 179 179 179 179 179 179 179 179 179 179 180 179 179 180 180 180 180 180 180 180 180 180 180 180 180 180 180 180 180 180 180 180 180 180 180 180 180 180 180 180 180 180 180 180 180 180 180 180 180 180 180 180 180 180 180 180 180 180 180 180 180 180 180 180 180 180 180 180 180 180 180 180 180 180 180 180 180 180 180 180 180 180 180 180 180 180 180 180 181 181 181 181 181 181 181 181 181 181 181 174 174 174 174 174 174 175 175 175 175 175 175 175 175 175 175 175 175 175 175 175 175 175 175 175 175 175 176 176 176 176 176 176 176 176 176 176 176 176 176 176 176 176 176 176 176 176 176 176 176 176 176 177 177 177 177 177 177 177 177 177 177 177 177 177 177 177 177 177 177 177 177 177 177 177 177 177 177 177 177 178 178 178 178 178 178 178 178 178 178 178 178 178 178 178 178 178 178 178 178 178 178 178 178 178 178 178 178 178 178 178 178 178 178 179 179 179 179 179 179 179 179 179 179 179 179 179 179 179 179 179 179 179 179 179 179 179 179 179 179 179 179 179 179 179 179 179 179 179 179 179 179 179 180 180 180 180 180 180 180 180 180 180 180 180 180 180 180 180 180 180 180 180 180 180 180 180 180 180 180 180 180 180 180 180 180 180 180 180 180 180 180 180 180 180 180 180 180 180 180 180 180 180 180 180 180 180 180 180 180 180 180 180 180 180 180 180 180 180 180 180 180 180 181 181 181 181 181 181 181 181 181 181 181 181 174 174 174 174 174 174 174 174 175 175 175 175 175 175 175 175 175 175 175 175 175 175 175 175 175 175 175 175 175 176 176 176 176 176 176 176 176 176 176 176 176 176 176 176 176 176 176 176 176 176 176 176 176 176 176 177 177 177 177 177 177 177 177 177 177 177 177 177 177 177 177 177 177 177 177 177 177 177 177 177 177 177 178 178 178 178 178 178 178 178 178 178 178 178 178 178 178 178 178 178 178 178 178 178 178 178 178 178 178 178 178 178 178 178 178 178 178 179 179 179 179 179 179 179 179 179 179 179 179 179 179 179 179 179 179 179 179 179 179 179 179 179 179 179 179 179 179 179 179 179 179 179 179 179 179 179 179 179 180 180 180 180 180 180 180 180 180 180 180 180 180 180 180 180 180 180 180 180 180 180 180 180 180 180 180 180 180 180 180 180 180 180 180 180 180 180 180 180 180 180 180 180 180 180 180 180 180 180 180 180 180 180 180 180 180 180 180 180 180 180 180 180 180 180 181 181 181 181 181 181 181 181 181 181 181 181 174 174 174 174 174 174 174 174 175 175 175 175 175 175 175 175 175 175 175 175 175 175 175 175 175 175 175 175 175 175 175 176 176 176 176 176 176 176 176 176 176 176 176 176 176 176 176 176 176 176 176 176 176 176 176 176 177 177 177 177 177 177 177 177 177 177 177 177 177 177 177 177 177 177 177 177 177 177 177 177 177 177 177 177 178 178 178 178 178 178 178 178 178 178 178 178 178 178 178 178 178 178 178 178 178 178 178 178 178 178 178 178 178 178 178 178 178 178 178 178 179 179 179 179 179 179 179 179 179 179 179 179 179 179 179 179 179 179 179 179 179 179 179 179 179 179 179 179 179 179 179 179 179 179 179 179 179 179 179 179 179 179 179 180 180 180 180 180 180 180 180 180 180 180 180 180 180 180 180 180 180 180 180 180 180 180 180 180 180 180 180 180 180 180 180 180 180 180 180 180 180 180 180 180 180 180 180 180 180 180 180 180 180 180 180 180 180 180 180 180 180 180 180 180 181 181 181 181 181 181 181 181 181 181 181 181 181 181 174 174 174 174 174 174 174 174 174 175 175 175 175 175 175 175 175 175 175 175 175 175 175 175 175 175 175 175 175 175 175 175 176 176 176 176 176 176 176 176 176 176 176 176 176 176 176 176 176 176 176 176 176 176 176 176 176 177 177 177 177 177 177 177 177 177 177 177 177 177 177 177 177 177 177 177 177 177 177 177 177 177 177 177 177 178 178 178 178 178 178 178 178 178 178 178 178 178 178 178 178 178 178 178 178 178 178 178 178 178 178 178 178 178 178 178 178 178 178 178 178 178 178 179 179 179 179 179 179 179 179 179 179 179 179 179 179 179 179 179 179 179 179 179 179 179 179 179 179 179 179 179 179 179 179 179 179 179 179 179 179 179 179 179 179 179 179 179 180 180 180 180 180 179 180 180 180 180 180 180 180 180 180 180 180 180 180 180 180 180 180 180 180 180 180 180 180 180 180 180 180 180 180 180 180 180 180 180 180 180 180 180 180 180 180 180 180 180 180 180 180 180 180 181 181 181 181 181 181 181 181 181 181 181 181 181 181 181 174 174 174 174 174 174 174 174 175 175 175 175 175 175 175 175 175 175 175 175 175 175 175 175 175 175 175 175 175 175 175 176 176 176 176 176 176 176 176 176 176 176 176 176 176 176 176 176 176 176 176 176 176 176 176 176 177 177 177 177 177 177 177 177 177 177 177 177 177 177 177 177 177 177 177 177 177 177 177 177 177 177 177 177 177 178 178 178 178 178 178 178 178 178 178 178 178 178 178 178 178 178 178 178 178 178 178 178 178 178 178 178 178 178 178 178 178 178 178 178 178 179 179 179 179 179 179 179 179 179 179 179 179 179 179 179 179 179 179 179 179 179 179 179 179 179 179 179 179 179 179 179 179 179 179 179 179 179 179 179 179 179 179 179 179 179 179 179 179 179 179 179 179 179 179 179 179 179 180 180 180 180 180 180 180 180 180 180 180 180 180 180 180 180 180 180 180 180 180 180 180 180 180 180 180 180 180 180 180 180 180 180 180 180 180 180 180 180 180 180 180 181 181 181 181 181 181 181 181 181 181 180 180 180 180 180 180 180 174 174 174 174 174 174 174 174 175 175 175 175 175 175 175 175 175 175 175 175 175 175 175 175 175 175 175 175 175 175 176 176 176 176 176 176 176 176 176 176 176 176 176 176 176 176 176 176 176 176 176 176 176 176 176 176 177 177 177 177 177 177 177 177 177 177 177 177 177 177 177 177 177 177 177 177 177 177 177 177 177 177 177 177 177 178 178 178 178 178 178 178 178 178 178 178 178 178 178 178 178 178 178 178 178 178 178 178 178 178 178 178 178 178 178 178 178 178 178 179 179 179 179 179 179 179 179 179 179 179 179 179 179 179 179 179 179 179 179 179 179 179 179 179 179 179 179 179 179 179 179 179 179 179 179 179 179 179 179 179 179 179 179 179 179 179 179 179 179 179 179 179 179 179 179 179 179 179 179 179 179 179 179 179 179 179 180 180 180 180 180 180 180 180 180 180 180 180 179 179 180 180 180 180 180 180 180 180 180 180 180 180 180 180 180 180 180 180 180 180 180 180 180 180 180 180 180 180 180 180 180 180 180 180 180 180 180 174 174 174 174 174 174 174 174 175 175 175 175 175 175 175 175 175 175 175 175 175 175 175 175 175 175 175 175 175 175 175 176 176 176 176 176 176 176 176 176 176 176 176 176 176 176 176 176 176 176 176 176 176 176 176 176 177 177 177 177 177 177 177 177 177 177 177 177 177 177 177 177 177 177 177 177 177 177 177 177 177 177 177 177 177 177 178 178 178 178 178 178 178 178 178 178 178 178 178 178 178 178 178 178 178 178 178 178 178 178 178 178 178 178 178 178 178 178 179 179 179 179 179 179 179 179 179 179 179 179 179 179 179 179 179 179 179 179 179 179 179 179 179 179 179 179 179 179 179 179 179 179 179 179 179 179 179 179 179 179 179 179 179 179 179 179 179 179 179 179 179 179 179 179 179 179 179 179 179 179 179 179 179 179 179 179 179 179 179 179 179 179 179 179 179 179 179 179 179 179 179 179 179 179 179 179 179 180 180 180 180 180 180 180 180 180 180 180 180 180 180 180 180 180 180 180 180 180 180 180 180 180 180 180 180 180 180 175 175 175 175 175 175 175 175 175 175 175 175 175 175 175 175 175 175 175 175 175 175 176 176 176 176 176 176 176 176 176 176 176 176 176 176 176 176 176 176 176 176 176 176 176 176 176 176 176 177 177 177 177 177 177 177 177 177 177 177 177 177 177 177 177 177 177 177 177 177 177 177 177 177 177 177 177 177 177 178 178 178 178 178 178 178 178 178 178 178 178 178 178 178 178 178 178 178 178 178 178 178 178 178 178 178 178 178 178 178 178 179 179 179 179 179 179 179 179 179 179 179 179 179 179 179 179 179 179 179 179 179 179 179 179 179 179 179 179 179 179 179 179 179 179 179 179 179 179 179 179 179 179 179 179 179 179 179 179 179 179 179 179 179 179 179 179 179 179 179 179 179 179 179 179 179 179 179 179 179 179 179 179 179 179 179 179 179 179 179 179 179 179 179 179 179 179 179 179 179 179 179 179 179 179 179 179 179 179 180 180 180 180 180 180 180 180 180 180 180 180 180 180 180 180 180 180 180 180 180 175 175 175 175 175 175 175 175 175 175 175 175 175 175 175 175 175 175 175 175 175 175 176 176 176 176 176 176 176 176 176 176 176 176 176 176 176 176 176 176 176 176 176 176 176 176 176 176 176 177 177 177 177 177 177 177 177 177 177 177 177 177 177 177 177 177 177 177 177 177 177 177 177 177 177 177 177 177 177 177 178 178 178 178 178 178 178 178 178 178 178 178 178 178 178 178 178 178 178 178 178 178 178 178 178 178 178 178 178 178 178 178 178 178 178 179 179 179 179 179 179 179 179 179 179 179 179 179 179 179 179 179 179 179 179 179 179 179 179 179 179 179 179 179 179 179 179 179 179 179 179 179 179 179 179 179 179 179 179 179 179 179 179 179 179 179 179 179 179 179 179 179 179 179 179 179 179 179 179 179 179 179 179 179 179 179 179 179 179 179 179 179 179 179 179 179 179 179 179 179 179 179 179 179 179 179 179 179 180 180 180 180 180 180 180 180 180 180 180 180 180 180 180 180 180 180 180 180 180 180 180 180 174 175 175 175 175 175 175 175 175 175 175 175 175 175 175 175 175 175 175 175 175 175 175 176 176 176 176 176 176 176 176 176 176 176 176 176 176 176 176 176 176 176 176 176 176 176 176 176 176 176 176 177 177 177 177 177 177 177 177 177 177 177 177 177 177 177 177 177 177 177 177 177 177 177 177 177 177 177 177 177 177 177 178 178 178 178 178 178 178 178 178 178 178 178 178 178 178 178 178 178 178 178 178 178 178 178 178 178 178 178 178 178 178 178 178 178 178 178 178 178 179 179 179 179 179 179 179 179 179 179 179 179 179 179 179 179 179 179 179 179 179 179 179 179 179 179 179 179 179 179 179 179 179 179 179 179 179 179 179 179 179 179 179 179 179 179 179 179 179 179 179 179 179 179 179 179 179 179 179 179 179 179 179 179 179 179 179 179 179 179 179 179 179 179 179 179 179 179 179 179 179 179 179 179 179 179 179 179 180 180 180 180 180 180 180 180 180 180 180 180 180 180 180 180 180 180 180 180 180 180 180 180 180 180 180 180 180 180 174 174 174 175 175 175 175 175 175 175 175 175 175 175 175 175 175 175 175 175 175 175 175 175 175 176 176 176 176 176 176 176 176 176 176 176 176 176 176 176 176 176 176 176 176 176 176 176 176 176 176 176 177 177 177 177 177 177 177 177 177 177 177 177 177 177 177 177 177 177 177 177 177 177 177 177 177 177 177 177 177 177 177 177 177 178 178 178 178 178 178 178 178 178 178 178 178 178 178 178 178 178 178 178 178 178 178 178 178 178 178 178 178 178 178 178 178 178 178 178 178 178 178 178 178 178 178 178 178 178 178 178 178 179 179 179 179 179 179 179 179 179 179 179 179 179 179 179 179 179 179 179 179 179 179 179 179 179 179 179 179 179 179 179 179 179 179 179 179 179 179 179 179 179 179 179 179 179 179 179 179 179 179 179 179 179 179 179 179 179 179 179 179 179 179 179 179 179 179 179 179 179 179 179 179 179 179 179 180 180 180 180 180 180 180 180 180 180 180 180 180 180 180 180 180 180 180 180 180 180 180 180 180 180 180 180 180 180 180 180 180 180 174 174 174 174 175 175 175 175 175 175 175 175 175 175 175 175 175 175 175 175 175 175 175 175 175 175 176 176 176 176 176 176 176 176 176 176 176 176 176 176 176 176 176 176 176 176 176 176 176 176 176 176 176 176 177 177 177 177 177 177 177 177 177 177 177 177 177 177 177 177 177 177 177 177 177 177 177 177 177 177 177 177 177 177 177 177 177 177 177 177 177 178 178 178 178 178 178 178 178 178 178 178 178 178 178 178 178 178 178 178 178 178 178 178 178 178 178 178 178 178 178 178 178 178 178 178 178 178 178 178 178 178 178 178 178 178 178 178 179 179 179 179 179 179 179 179 179 179 179 179 179 179 179 179 179 179 179 179 179 179 179 179 179 179 179 179 179 179 179 179 179 179 179 179 179 179 179 179 179 179 179 179 179 179 179 179 179 179 179 179 179 179 179 179 179 179 179 179 179 179 179 179 179 179 179 179 179 179 180 180 180 180 180 180 180 180 180 180 180 180 180 180 180 180 180 180 180 180 180 180 180 180 180 180 180 180 180 180 180 180 180 179 179 179 179 179 174 174 174 174 174 175 175 175 175 175 175 175 175 175 175 175 175 175 175 175 175 175 175 175 175 175 175 176 176 176 176 176 176 176 176 176 176 176 176 176 176 176 176 176 176 176 176 176 176 176 176 176 176 176 176 177 177 177 177 177 177 177 177 177 177 177 177 177 177 177 177 177 177 177 177 177 177 177 177 177 177 177 177 177 177 177 177 177 177 177 177 177 178 178 178 178 178 178 178 178 178 178 178 178 178 178 178 178 178 178 178 178 178 178 178 178 178 178 178 178 178 178 178 178 178 178 178 178 178 178 178 178 178 178 178 178 178 178 178 178 179 179 179 179 179 179 179 179 179 179 179 179 179 179 179 179 179 179 179 179 179 179 179 179 179 179 179 179 179 179 179 179 179 179 179 179 179 179 179 179 179 179 179 179 179 179 179 179 179 179 179 179 179 179 179 179 179 179 179 179 179 179 179 179 179 179 179 180 180 180 180 180 180 180 180 180 180 180 180 180 180 180 180 180 180 180 180 180 180 180 180 180 180 180 179 179 179 179 179 179 179 179 179 179 179 179 179 179 179 179 174 174 174 174 174 175 175 175 175 175 175 175 175 175 175 175 175 175 175 175 175 175 175 175 175 175 176 176 176 176 176 176 176 176 176 176 176 176 176 176 176 176 176 176 176 176 176 176 176 176 176 176 176 176 176 177 177 177 177 177 177 177 177 177 177 177 177 177 177 177 177 177 177 177 177 177 177 177 177 177 177 177 177 177 177 177 177 177 177 177 177 177 178 178 178 178 178 178 178 178 178 178 178 178 178 178 178 178 178 178 178 178 178 178 178 178 178 178 178 178 178 178 178 178 178 178 178 178 178 178 178 178 178 178 178 178 178 178 178 178 178 179 179 179 179 179 179 179 179 179 179 179 179 179 179 179 178 178 179 179 179 179 179 179 179 179 179 179 179 179 179 179 179 179 179 179 179 179 179 179 179 179 179 179 179 179 179 179 179 179 179 179 179 179 179 179 179 179 179 179 179 179 179 179 179 180 180 180 180 180 180 180 180 180 180 180 180 180 180 179 179 179 179 179 179 179 179 179 179 179 179 179 179 179 179 179 179 179 179 179 179 179 179 179 179 179 179 179 174 174 174 175 175 175 175 175 175 175 175 175 175 175 175 175 175 175 175 175 175 175 175 175 175 175 176 176 176 176 176 176 176 176 176 176 176 176 176 176 176 176 176 176 176 176 176 176 176 176 176 176 176 176 177 177 177 177 177 177 177 177 177 177 177 177 177 177 177 177 177 177 177 177 177 177 177 177 177 177 177 177 177 177 177 177 177 177 177 177 177 177 178 178 178 178 178 178 178 178 178 178 178 178 178 178 178 178 178 178 178 178 178 178 178 178 178 178 178 178 178 178 178 178 178 178 178 178 178 178 178 178 178 178 178 178 178 178 178 178 178 178 178 178 178 178 178 178 178 178 179 179 178 178 178 178 178 178 179 178 179 179 179 179 179 179 179 179 179 179 179 179 179 179 179 179 179 179 179 179 179 179 179 179 179 179 179 179 179 179 179 179 179 179 179 179 179 179 179 179 179 179 179 179 179 179 179 179 179 179 179 179 179 179 179 179 179 179 179 179 179 179 179 179 179 179 179 179 179 179 179 179 179 179 179 179 179 179 179 179 179 179 179 179 179 179 174 174 175 175 175 175 175 175 175 175 175 175 175 175 175 175 175 175 175 175 175 175 175 175 175 176 176 176 176 176 176 176 176 176 176 176 176 176 176 176 176 176 176 176 176 176 176 176 176 176 176 176 176 177 177 177 177 177 177 177 177 177 177 177 177 177 177 177 177 177 177 177 177 177 177 177 177 177 177 177 177 177 177 177 177 177 177 177 177 177 177 177 177 177 177 177 178 178 178 178 178 178 178 178 178 178 178 178 178 178 178 178 178 178 178 178 178 178 178 178 178 178 178 178 178 178 178 178 178 178 178 178 178 178 178 178 178 178 178 178 178 178 178 178 178 178 178 178 178 178 178 178 178 178 178 178 178 178 178 178 178 179 179 179 178 178 178 178 179 179 178 178 178 178 178 178 179 179 179 179 179 179 179 179 179 179 179 179 179 179 179 179 179 179 179 179 179 179 179 179 179 179 179 179 179 179 179 179 179 179 179 179 179 179 179 179 179 179 179 179 179 179 179 179 179 179 179 179 179 179 179 179 179 179 179 179 179 179 179 179 179 179 179 179 174 174 175 175 175 175 175 175 175 175 175 175 175 175 175 175 175 175 175 175 175 175 175 176 176 176 176 176 176 176 176 176 176 176 176 176 176 176 176 176 176 176 176 176 176 176 176 176 176 176 176 176 177 177 177 177 177 177 177 177 177 177 177 177 177 177 177 177 177 177 177 177 177 177 177 177 177 177 177 177 177 177 177 177 177 177 177 177 177 177 177 177 177 177 177 177 178 178 178 178 178 178 178 178 178 178 178 178 178 178 178 178 178 178 178 178 178 178 178 178 178 178 178 178 178 178 178 178 178 178 178 178 178 178 178 178 178 178 178 178 178 178 178 178 178 178 178 178 178 178 178 178 178 178 178 178 178 178 178 178 178 178 178 178 178 178 178 178 178 178 178 178 178 178 178 178 178 178 178 178 178 178 178 178 178 178 178 178 178 178 178 178 178 178 178 178 179 179 179 179 179 179 179 179 179 179 179 179 179 179 179 179 179 179 179 179 179 179 179 179 179 179 179 179 179 179 179 179 179 179 179 179 179 179 179 179 179 179 179 179 179 174 174 175 175 175 175 175 175 175 175 175 175 175 175 175 175 175 175 175 175 175 175 176 176 176 176 176 176 176 176 176 176 176 176 176 176 176 176 176 176 176 176 176 176 176 176 176 176 176 176 176 176 177 177 177 177 177 177 177 177 177 177 177 177 177 177 177 177 177 177 177 177 177 177 177 177 177 177 177 177 177 177 177 177 177 177 177 177 177 177 177 177 177 178 178 178 178 178 178 178 178 178 178 178 178 178 178 178 178 178 178 178 178 178 178 178 178 178 178 178 178 178 178 178 178 178 178 178 178 178 178 178 178 178 178 178 178 178 178 178 178 178 178 178 178 178 178 178 178 178 178 178 178 178 178 178 178 178 178 178 178 178 178 178 178 178 178 178 178 178 178 178 178 178 178 178 178 178 178 178 178 178 178 178 178 178 178 178 178 178 178 178 178 179 179 179 179 179 179 179 179 179 179 179 179 179 179 179 179 179 179 179 179 179 179 179 179 179 179 179 179 179 179 179 179 179 179 179 179 179 179 179 179 179 179 179 179 179 179 174 175 175 175 175 175 175 175 175 175 175 175 175 175 175 175 175 175 175 175 175 175 176 176 176 176 176 176 176 176 176 176 176 176 176 176 176 176 176 176 176 176 176 176 176 176 176 176 176 176 176 177 177 177 177 177 177 177 177 177 177 177 177 177 177 177 177 177 177 177 177 177 177 177 177 177 177 177 177 177 177 177 177 177 177 177 177 177 177 177 178 178 178 178 178 178 178 178 178 178 178 178 178 178 178 178 178 178 178 178 178 178 178 178 178 178 178 178 178 178 178 178 178 178 178 178 178 178 178 178 178 178 178 178 178 178 178 178 178 178 178 178 178 178 178 178 178 178 178 178 178 178 178 178 178 178 178 178 178 178 178 178 178 178 178 178 178 178 178 178 178 178 178 178 178 178 178 178 178 178 178 178 178 178 178 178 178 178 178 178 179 179 179 179 179 179 179 179 179 179 179 179 179 179 179 179 179 179 179 179 179 179 179 179 179 179 179 179 179 179 179 179 179 179 179 179 179 179 179 179 179 179 179 179 179 179 178 178 178 175 175 175 175 175 175 175 175 175 175 175 175 175 175 175 175 175 175 175 175 175 175 175 175 175 175 176 176 176 176 176 176 176 176 176 176 176 176 176 176 176 176 176 176 176 176 176 176 176 176 176 177 177 177 177 177 177 177 177 177 177 177 177 177 177 177 177 177 177 177 177 177 177 177 177 177 177 177 177 177 177 177 177 177 177 177 177 177 178 178 178 178 178 178 178 178 178 178 178 178 178 178 178 178 178 178 178 178 178 178 178 178 178 178 178 178 178 178 178 178 178 178 178 178 178 178 178 178 178 178 178 178 178 178 178 178 178 178 178 178 178 178 178 178 178 178 178 178 178 178 178 178 178 178 178 178 178 178 178 178 178 178 178 178 178 178 178 178 178 178 178 178 178 178 178 178 178 178 178 178 178 178 178 178 178 178 179 179 179 179 179 179 179 179 179 179 179 179 179 179 179 179 179 179 179 179 179 179 179 179 179 179 179 179 179 179 179 179 179 179 179 179 179 179 179 179 179 178 178 178 178 178 178 178 178 178 178 178 178 178 178 178 175 175 175 175 175 175 175 176 176 175 175 175 176 176 176 176 176 176 176 176 176 176 176 176 176 176 176 176 176 176 176 176 176 176 176 176 176 176 177 177 177 177 177 177 177 177 177 177 177 176 176 177 177 177 177 177 177 177 177 177 177 177 177 177 177 177 177 177 177 177 177 177 177 178 178 178 178 178 178 178 178 178 178 178 178 178 178 178 178 177 177 177 177 178 178 178 178 178 178 178 178 178 178 178 178 178 178 178 178 178 178 178 178 178 178 178 178 178 178 178 178 178 178 178 178 178 178 178 178 178 178 178 178 178 178 178 178 178 178 178 178 178 178 178 178 178 178 178 178 178 178 178 178 178 178 178 178 178 178 178 178 178 178 178 178 178 178 178 178 179 179 179 179 179 179 179 179 179 179 179 179 179 179 179 179 179 179 179 179 179 179 179 179 179 179 179 179 179 179 179 179 179 179 179 178 178 178 178 178 178 178 178 178 178 178 178 178 178 178 178 178 178 178 178 178 178 178 178 178 178 178 175 175 175 175 175 175 175 176 176 176 176 175 175 176 176 176 176 176 176 176 176 176 176 176 176 176 176 176 176 176 176 176 176 176 176 176 176 176 176 176 176 176 176 176 176 176 176 176 176 176 176 177 177 177 177 177 177 177 176 177 177 177 177 177 177 177 177 177 177 177 177 177 177 177 177 177 177 177 177 178 178 178 178 178 178 178 178 178 178 178 178 177 177 177 177 177 177 177 178 178 178 178 178 178 178 178 177 178 178 178 178 178 178 178 178 178 178 178 178 178 178 178 178 178 178 178 178 178 178 178 178 178 178 178 178 178 178 178 178 178 178 178 178 178 178 178 178 178 178 178 178 178 178 178 178 178 178 178 178 178 178 178 178 178 178 178 178 178 178 179 179 179 179 179 179 179 179 179 179 179 179 179 179 179 179 179 179 179 179 179 179 179 179 179 179 178 178 178 178 178 178 178 178 178 178 178 178 178 178 178 178 178 178 178 178 178 178 178 178 178 178 178 178 178 178 178 178 177 177 177 177 177 177 177 177 177 175 175 175 175 175 175 175 176 176 175 176 175 175 176 176 175 175 175 175 175 175 176 176 176 176 176 176 176 176 176 176 176 176 176 176 176 176 176 176 176 176 176 176 176 176 176 176 176 176 176 176 176 176 177 177 177 177 176 176 176 177 177 177 177 177 177 177 177 177 177 177 177 177 177 177 177 177 177 177 177 177 177 177 177 177 177 177 177 177 177 177 177 177 177 177 177 177 177 177 177 177 177 177 177 178 177 177 178 178 178 178 178 178 178 178 178 178 178 178 178 178 178 178 178 178 178 178 178 178 178 178 178 178 178 178 178 178 178 178 178 178 178 178 178 178 178 178 178 178 178 178 178 178 178 178 178 178 178 178 178 178 178 178 178 178 178 178 178 179 179 179 179 179 179 179 179 179 179 179 179 179 179 179 179 179 178 178 178 178 178 178 178 178 178 178 178 178 178 178 178 178 178 178 178 178 178 178 178 178 178 178 178 178 178 178 178 178 178 178 178 178 178 177 177 177 177 177 177 177 177 177 177 177 177 177 177 177 177 177 177 174 175 175 175 175 175 175 175 175 175 175 175 175 175 175 175 175 175 175 175 175 175 175 175 175 176 176 176 176 176 176 176 176 176 176 176 176 176 176 176 176 176 176 176 176 176 176 176 176 176 176 176 176 176 177 177 176 176 177 176 176 176 176 176 176 177 177 177 177 177 177 177 177 177 177 177 177 177 177 177 177 177 177 177 177 177 177 177 177 177 177 177 177 177 177 177 177 177 177 177 177 177 177 177 177 177 177 177 177 177 178 178 178 178 178 178 178 178 178 178 178 178 178 178 178 178 178 178 178 178 178 178 178 178 178 178 178 178 178 178 178 178 178 178 178 178 178 178 178 178 178 178 178 178 178 178 178 178 178 178 178 178 178 178 178 178 178 178 178 178 178 178 178 178 178 178 178 178 178 178 178 178 178 178 178 178 178 178 178 178 178 178 178 178 178 178 178 178 178 178 178 178 178 178 178 178 178 178 178 178 178 178 178 178 178 178 178 178 178 178 178 178 178 178 177 177 177 177 177 177 177 177 177 177 177 177 177 177 177 177 177 177 177 174 174 174 174 174 175 175 175 175 175 175 175 175 175 175 175 175 175 175 175 175 175 175 175 175 175 175 175 176 175 176 175 176 176 176 176 176 175 175 176 175 176 176 176 176 176 176 176 176 176 176 176 176 176 176 176 176 176 176 176 176 176 176 176 176 176 176 176 176 176 177 177 177 177 177 177 177 177 177 177 177 177 177 177 177 177 177 177 177 177 177 177 177 177 177 177 177 177 177 177 177 177 177 177 177 177 177 177 177 177 177 177 177 177 178 178 178 178 178 178 178 178 178 178 178 178 178 178 178 178 177 177 177 177 177 177 177 178 178 178 178 178 178 178 178 178 178 178 178 178 178 178 178 178 177 177 178 178 178 178 178 178 178 178 178 178 178 178 177 177 177 177 177 177 178 178 178 178 178 178 178 178 178 178 178 178 178 178 178 178 178 178 178 178 178 178 178 178 178 178 178 178 178 178 178 178 178 178 178 178 178 178 178 178 178 178 178 178 178 178 178 178 178 178 177 177 177 177 177 177 177 177 177 177 177 177 177 177 177 177 177 177 177 177 177 177 177 177 177 177 174 174 174 174 174 174 175 175 175 175 175 175 175 175 175 175 175 175 175 175 175 175 175 175 175 175 175 175 175 175 175 176 176 175 176 176 176 176 176 176 176 176 176 176 176 176 176 176 176 176 176 176 176 176 176 176 176 176 176 176 176 176 176 176 176 176 176 176 176 176 176 176 176 176 176 176 176 176 176 177 177 177 177 177 177 177 177 177 177 177 177 177 177 177 177 177 177 177 177 177 177 177 177 177 177 177 177 177 177 177 177 177 177 177 177 177 177 177 177 177 177 177 177 177 177 177 178 178 178 178 177 177 177 177 177 177 177 177 177 177 177 177 177 177 177 177 177 177 177 177 177 177 177 177 177 177 177 177 177 177 177 177 177 177 178 178 178 178 178 178 178 177 177 177 177 177 177 177 177 177 178 178 178 178 178 178 178 178 178 178 178 178 178 178 178 178 178 178 178 178 178 178 178 178 178 178 178 178 178 178 178 178 178 178 178 178 178 178 178 178 178 178 178 178 178 178 178 178 178 178 177 177 177 177 177 177 177 177 177 177 177 177 177 177 177 177 177 177 177 177 177 176 177 177 177 177 177 176 174 174 174 174 174 174 175 175 175 175 175 175 175 175 175 175 175 175 175 175 175 175 175 175 175 175 175 175 175 175 175 175 176 176 175 176 176 175 176 176 176 176 176 176 176 176 175 176 176 176 176 176 176 176 176 176 176 176 176 176 176 176 176 176 176 176 176 176 176 176 176 176 176 176 176 176 176 176 176 176 176 177 177 177 177 177 177 177 177 177 177 177 177 177 177 177 177 177 177 177 177 177 177 177 177 177 177 177 177 177 177 177 177 177 177 177 177 177 177 177 177 177 177 177 177 177 177 177 177 177 177 177 177 177 177 177 177 177 177 177 177 177 177 177 177 177 177 177 177 177 177 177 177 177 177 177 177 177 177 177 177 177 177 177 177 177 177 177 177 177 177 177 177 177 177 177 177 177 177 177 178 178 178 178 178 178 178 178 178 178 178 178 178 178 178 178 178 178 178 178 178 178 178 178 178 178 178 178 178 178 178 178 178 178 178 178 178 178 178 178 178 178 178 178 178 178 178 178 178 177 177 177 177 177 177 177 177 177 177 177 177 177 177 177 177 177 177 176 176 176 176 176 176 176 176 176 176 176 176 174 174 174 174 174 174 174 174 174 174 174 174 174 174 175 174 175 175 175 175 175 175 175 175 175 175 175 175 175 175 175 175 175 175 175 175 175 175 175 175 175 175 175 176 175 175 175 175 175 175 175 176 176 176 176 176 176 175 175 176 176 176 176 176 176 176 176 176 176 176 176 176 176 176 176 176 176 176 176 176 176 176 176 176 176 176 176 176 176 176 176 176 176 176 176 176 176 176 176 176 176 177 177 177 177 177 176 176 177 177 177 177 177 177 177 177 176 177 177 177 177 177 177 177 177 177 177 177 177 177 177 177 177 177 177 177 177 177 177 177 177 177 177 177 177 177 177 177 177 177 177 177 177 177 177 177 177 177 177 177 177 177 177 177 177 177 177 177 177 177 177 177 177 177 177 177 177 177 177 177 177 177 177 177 177 177 177 177 177 177 177 178 178 178 178 178 178 178 178 178 178 178 178 178 178 178 178 178 178 178 178 178 178 178 178 178 178 178 178 178 178 178 178 178 178 178 178 178 178 178 178 178 178 178 178 178 177 177 177 177 177 177 177 177 177 177 177 177 177 177 177 177 177 177 176 176 176 176 176 176 176 176 176 176 176 176 176 176 176 176 176 176 176 174 174 174 174 174 174 174 174 174 174 174 174 174 174 174 174 174 174 174 174 174 174 175 175 175 175 175 175 175 175 175 175 175 175 175 175 175 175 175 175 175 175 175 175 176 176 175 175 175 175 175 175 175 175 175 175 175 176 175 176 176 176 176 176 176 176 176 176 176 176 176 176 176 176 176 176 176 176 176 176 176 176 177 177 176 176 176 176 176 176 176 176 176 176 176 176 176 176 177 177 177 177 177 177 177 177 177 177 177 177 177 177 177 177 177 177 177 177 177 177 177 177 177 177 176 176 176 177 177 177 177 177 177 177 177 177 177 177 177 177 177 177 177 177 177 177 177 177 177 177 177 177 177 177 177 177 177 177 177 177 177 177 177 177 177 177 177 177 177 177 177 177 177 177 177 177 177 177 177 177 177 177 177 177 177 177 177 177 177 177 177 177 177 177 177 177 177 177 178 178 178 178 178 178 178 178 178 178 178 178 178 178 178 178 178 178 178 178 178 178 178 178 178 178 178 178 178 178 178 178 178 178 178 178 178 178 178 178 177 177 177 177 177 177 177 177 177 177 177 177 177 177 177 177 177 177 177 176 176 176 176 176 176 176 176 176 176 176 176 176 176 176 176 176 176 176 176 176 176 176 176 173 173 174 174 174 174 174 174 174 174 174 174 174 174 174 174 174 174 174 174 174 174 174 175 175 175 175 175 174 175 175 175 175 175 175 175 175 175 175 175 175 175 175 175 175 175 175 175 175 175 175 175 175 175 175 175 175 176 176 176 175 176 176 176 176 176 176 176 176 176 176 176 176 176 176 176 176 177 176 177 176 177 177 177 177 177 176 176 176 176 176 176 176 177 176 176 176 176 176 177 176 176 176 177 177 177 177 177 177 177 177 177 177 177 177 177 177 177 176 177 177 177 177 177 177 177 177 176 176 176 177 177 177 177 177 177 177 177 177 177 177 177 177 177 177 177 177 177 177 177 177 177 177 177 177 177 177 177 177 177 177 177 177 177 177 177 177 177 177 177 177 177 177 177 177 177 177 177 177 177 177 177 177 177 177 177 177 177 177 177 177 177 177 177 177 177 177 177 177 178 178 178 178 178 178 178 178 178 178 178 178 178 178 178 178 178 178 178 178 178 178 178 178 178 178 178 178 178 178 178 178 178 178 177 177 177 177 177 177 177 177 177 177 177 177 177 177 177 177 177 177 177 177 177 177 176 176 176 176 176 176 176 175 175 175 176 175 175 175 175 175 175 176 176 176 176 176 176 176 176 176 176 173 173 173 173 173 174 174 174 174 174 174 174 174 174 174 174 174 174 174 174 174 174 174 174 174 175 174 174 174 174 174 174 174 174 174 175 175 175 175 175 175 175 175 175 175 175 175 175 175 176 175 175 175 175 175 175 176 175 176 176 176 176 176 176 176 176 176 176 176 176 176 176 176 175 176 175 176 176 176 176 176 176 176 176 176 176 176 176 176 176 176 176 176 176 176 176 176 176 176 176 176 177 177 177 176 176 176 176 176 177 177 177 177 177 177 177 177 177 177 177 176 177 176 177 176 177 177 177 177 177 177 176 176 177 177 177 177 177 177 177 177 177 177 177 177 177 177 177 177 177 177 177 177 177 177 177 177 177 177 177 177 177 177 177 177 177 177 177 177 177 177 177 177 177 177 177 177 177 177 177 177 177 177 177 177 177 177 177 177 177 177 177 177 177 177 177 177 177 177 177 177 178 178 178 178 178 178 178 178 178 178 177 178 178 178 178 178 178 178 178 178 178 178 178 178 178 178 178 178 177 177 177 177 177 177 177 177 177 177 177 177 177 177 177 177 177 177 177 177 177 177 177 177 177 177 176 176 176 176 176 176 176 175 175 176 176 176 176 175 175 176 176 175 175 175 175 175 175 175 175 175 175 175 175 173 173 173 173 173 173 173 173 173 173 174 174 174 174 174 174 174 174 174 174 174 174 174 174 174 174 174 174 174 174 174 174 174 174 174 174 174 174 174 174 175 175 175 175 175 175 175 175 175 175 175 175 175 175 175 175 175 175 175 176 176 176 176 176 176 176 176 176 176 176 176 176 176 176 176 176 176 176 176 175 175 175 176 176 176 176 176 176 176 176 176 176 176 176 176 176 176 176 176 176 176 176 176 176 176 176 176 176 176 176 176 176 176 176 176 176 176 176 177 177 177 177 177 177 177 177 177 177 177 177 177 177 177 177 177 177 177 176 176 177 177 177 177 177 177 177 177 177 177 177 177 177 177 177 177 177 177 177 177 177 177 177 177 177 177 177 177 177 177 177 177 177 177 177 177 177 177 177 177 177 177 177 177 177 177 177 177 177 177 177 177 177 177 177 177 177 177 177 177 177 177 177 177 177 177 177 178 178 178 178 178 178 178 177 177 177 177 177 178 178 178 178 178 178 178 178 178 177 177 177 177 177 177 177 177 177 177 177 177 177 177 177 177 177 177 177 177 177 177 177 177 177 177 177 177 177 177 176 176 176 176 176 176 176 176 175 175 175 176 177 177 176 176 176 176 177 176 176 175 175 175 175 175 175 175 175 175 175 175 173 173 173 173 173 173 173 173 173 173 173 173 173 173 173 174 174 174 174 174 174 174 174 174 174 174 174 174 174 174 174 174 174 174 174 174 174 174 174 174 174 174 174 174 174 174 174 174 175 175 175 175 175 175 175 175 175 175 175 175 175 175 175 175 175 175 175 175 175 175 175 175 175 175 175 175 175 176 176 176 175 176 176 175 175 175 176 176 176 176 176 176 176 176 176 176 176 176 176 176 176 176 176 176 176 176 176 176 176 176 176 176 176 176 176 176 176 176 176 176 176 176 176 177 177 177 177 177 177 177 177 177 177 177 177 177 177 177 177 177 177 176 176 176 176 177 177 177 177 177 177 177 177 177 177 177 177 177 177 177 177 177 177 177 177 177 177 177 177 177 177 177 177 177 177 177 177 177 177 177 177 177 177 177 177 177 177 177 177 177 177 177 177 177 177 177 177 177 177 177 177 177 177 177 177 177 177 177 177 177 178 178 178 178 178 177 177 177 177 177 177 177 177 177 177 177 177 177 177 177 177 177 177 177 177 177 177 177 177 177 177 177 177 177 177 177 177 177 177 177 177 177 177 177 177 177 177 177 177 177 176 176 176 176 176 176 176 176 175 176 176 176 176 176 176 176 176 176 176 176 176 176 175 175 175 175 175 175 175 176 173 173 173 173 173 173 173 173 173 173 173 173 173 173 173 173 173 174 174 174 174 174 174 174 174 174 174 174 174 174 174 174 174 174 174 174 174 174 174 174 174 174 174 174 174 174 174 174 174 174 174 174 174 175 175 175 175 175 175 175 175 175 175 175 175 175 175 175 175 175 175 175 175 175 175 175 175 175 175 175 176 175 175 175 175 175 175 176 176 176 176 176 176 176 176 176 176 176 176 176 176 176 176 176 176 176 176 176 176 176 176 176 176 176 176 176 176 176 176 176 176 176 176 176 176 176 176 177 177 177 177 176 177 177 177 177 177 177 177 177 177 177 177 176 176 176 176 177 177 177 177 177 177 177 177 177 177 177 177 177 177 177 177 177 177 177 177 177 177 177 177 177 177 177 177 177 177 177 177 177 177 177 177 177 177 177 177 177 177 177 177 177 177 177 177 177 177 177 177 177 177 177 177 177 177 177 177 177 177 177 177 178 178 178 178 178 177 177 177 177 177 177 177 177 177 177 177 177 177 177 177 177 177 177 177 177 177 177 177 177 177 177 177 177 177 177 177 177 177 177 177 177 177 177 177 177 177 177 177 177 177 176 176 176 176 176 176 176 176 176 176 176 176 176 175 175 175 176 175 175 176 176 175 175 175 175 176 176 173 173 173 173 173 173 173 173 173 173 173 173 173 173 173 173 173 174 173 174 174 174 173 174 174 174 174 174 174 174 174 174 174 174 174 174 174 174 174 174 174 174 174 174 174 174 174 174 174 174 174 174 175 175 175 175 175 175 175 175 175 175 175 175 175 175 175 175 175 175 175 175 175 175 175 175 175 175 175 175 175 175 175 176 176 175 175 176 175 176 176 176 176 176 176 176 176 176 176 176 176 176 176 176 176 176 176 176 176 176 176 176 176 176 176 176 176 176 176 176 176 176 176 176 176 176 176 176 176 176 176 176 176 176 177 177 176 176 176 176 177 176 177 176 176 176 176 176 177 177 177 177 177 177 177 177 177 177 177 177 177 177 177 177 177 177 177 177 177 177 177 177 177 177 177 177 177 177 177 177 177 177 177 177 177 177 177 177 177 177 177 177 177 177 177 177 177 177 177 177 177 177 177 177 177 177 177 177 177 177 177 178 177 177 177 177 177 177 177 177 177 177 177 177 177 177 177 177 177 177 177 177 177 177 177 177 177 177 177 177 177 177 177 177 177 177 177 177 177 177 177 177 177 177 177 177 177 177 177 177 176 176 176 176 176 176 176 176 176 176 176 175 175 175 175 175 176 175 175 175 175 175 175 175 175 175 175 173 173 173 173 173 173 173 173 173 173 173 173 173 173 173 173 173 173 173 173 173 173 174 173 174 174 174 174 174 174 174 174 174 174 174 174 174 174 174 174 174 174 174 174 174 174 174 174 174 174 175 175 175 175 175 175 175 175 175 175 175 175 175 175 175 175 175 175 175 175 175 175 175 175 175 175 175 175 175 175 175 175 175 176 175 175 176 175 176 175 176 176 176 176 176 176 176 176 176 176 176 176 176 176 176 176 176 176 176 176 176 176 176 176 176 176 176 176 176 176 176 176 176 176 176 176 176 176 176 176 176 176 176 176 176 176 176 176 176 176 176 176 176 176 176 176 176 176 176 177 177 177 176 176 177 177 177 177 177 176 176 176 176 176 176 176 176 176 176 176 177 177 177 177 177 177 177 177 177 177 177 177 177 176 176 176 176 176 176 176 176 176 176 176 176 176 177 177 176 177 177 177 177 177 177 177 177 177 177 177 177 177 177 177 177 177 177 177 177 177 177 177 177 177 177 177 177 177 177 177 177 177 177 177 177 177 177 177 177 177 177 177 177 177 177 177 177 177 177 177 177 177 177 177 177 177 176 176 176 176 176 176 176 176 176 176 176 176 175 175 175 175 175 175 175 175 175 175 175 175 175 175 175 175 175 175 173 173 173 173 173 173 173 173 173 173 173 173 173 173 173 173 173 173 173 173 173 173 174 174 174 174 174 174 174 174 174 174 174 174 174 174 174 174 174 174 174 174 174 174 174 174 174 174 174 174 175 175 175 175 175 175 175 175 175 175 175 175 175 175 175 175 175 175 175 175 175 175 175 175 175 175 175 175 175 175 175 175 175 175 175 175 175 175 175 175 176 176 176 176 176 176 176 176 176 176 176 176 176 176 176 176 176 176 176 176 176 176 176 176 176 176 176 176 176 176 176 176 176 176 176 176 176 176 176 176 176 176 176 176 176 176 176 176 176 176 176 176 176 176 176 176 176 176 176 176 176 176 176 176 176 176 176 176 176 176 176 176 176 176 176 176 176 176 176 176 176 176 176 176 176 176 176 176 176 176 176 176 176 176 176 176 176 176 176 176 176 176 176 176 176 176 176 176 176 176 176 176 176 176 176 176 176 176 177 177 177 177 177 177 177 177 177 177 177 177 177 177 177 177 177 177 177 177 177 177 177 177 177 177 177 177 177 177 177 177 177 177 177 177 177 177 177 177 177 177 177 177 177 176 176 176 176 176 176 176 176 176 176 176 176 176 176 176 175 175 175 175 175 175 175 175 175 175 175 175 175 175 175 175 175 175 175 173 173 173 173 173 173 173 173 173 173 173 173 173 173 173 173 173 173 173 174 174 174 174 174 174 174 174 174 174 174 174 174 174 174 174 174 174 174 174 174 174 174 174 174 174 174 174 174 174 174 174 175 175 175 175 175 175 175 175 175 175 175 175 175 175 175 175 175 175 175 175 175 175 175 175 175 175 175 175 175 175 175 175 175 175 175 175 175 175 175 176 175 176 176 176 176 176 176 176 176 176 176 176 176 176 176 176 176 176 176 176 176 176 176 176 176 176 176 176 176 176 176 176 176 176 176 176 176 176 176 176 176 176 176 176 176 176 176 176 176 176 176 176 176 176 176 176 176 176 176 176 176 176 176 176 176 176 176 176 176 176 176 176 176 176 176 176 176 176 176 176 176 176 176 176 176 176 176 176 176 176 176 176 176 176 176 176 176 176 176 176 176 176 176 176 176 176 176 176 176 176 176 176 176 176 176 176 176 177 177 177 177 177 177 177 177 177 177 177 177 177 177 177 177 177 177 177 177 177 177 177 177 177 177 177 177 177 177 177 177 177 177 177 177 177 177 177 177 177 176 176 176 176 176 176 176 176 176 176 176 176 176 176 176 176 176 176 175 175 175 175 175 175 175 175 175 175 175 175 175 175 175 175 175 175 173 173 173 173 173 173 173 173 173 173 173 173 173 173 173 173 173 173 173 174 174 174 174 174 174 174 174 174 174 174 174 174 174 174 174 174 174 174 174 174 174 174 174 174 174 174 174 174 174 174 174 174 175 175 175 175 175 175 175 175 175 175 175 175 175 175 175 175 175 175 175 175 175 175 175 175 175 175 175 175 175 175 175 175 175 175 175 175 175 175 175 176 176 176 175 176 176 176 176 176 176 176 176 176 176 176 176 176 176 176 176 176 176 176 176 176 176 176 176 176 176 176 176 176 176 176 176 176 176 176 176 176 176 176 176 176 176 176 176 176 176 176 176 176 176 176 176 176 176 176 176 176 176 176 176 176 176 176 176 176 176 176 176 176 176 176 176 176 176 176 176 176 176 176 176 176 176 176 176 176 176 176 176 176 176 176 176 176 176 176 176 176 176 176 176 176 176 176 176 176 176 176 176 176 176 176 176 177 177 177 177 177 177 177 177 177 177 177 177 177 177 177 177 177 177 177 177 177 177 177 177 177 177 177 177 177 177 177 177 177 177 176 176 176 176 176 176 176 176 176 176 176 176 176 176 176 176 176 176 176 176 176 176 176 176 175 175 175 175 175 175 175 175 175 175 175 175 175 175 175 175 174 174 173 173 173 173 173 173 173 173 173 173 173 173 173 173 173 173 173 173 173 173 173 174 174 174 174 174 174 174 174 174 174 174 174 174 174 174 174 174 174 174 174 174 174 174 174 174 174 174 174 174 174 174 174 174 174 174 175 175 174 175 175 175 175 175 175 175 175 175 175 175 175 175 175 175 175 175 175 175 175 175 175 175 175 175 175 175 175 175 175 175 175 175 175 175 175 175 175 176 176 175 176 176 176 176 176 176 176 176 176 176 176 176 176 176 176 176 176 176 176 176 176 176 176 176 176 176 176 176 176 176 176 176 176 176 176 176 176 176 176 176 176 176 176 176 176 176 176 176 176 176 176 176 176 176 176 176 176 176 176 176 176 176 176 176 176 176 176 176 176 176 176 176 176 176 176 176 176 176 176 176 176 176 176 176 176 176 176 176 176 176 176 176 176 176 176 176 176 176 176 176 176 176 176 176 176 176 176 176 177 177 177 177 177 177 177 177 177 177 177 177 177 177 177 177 176 176 176 176 176 176 176 177 177 177 176 176 176 176 176 176 176 176 176 176 176 176 176 176 176 176 176 176 176 176 176 176 176 176 176 176 176 176 175 175 175 175 175 175 175 175 175 175 175 175 175 175 175 175 175 175 175 175 174 173 173 173 173 173 173 173 173 173 173 173 173 173 173 173 173 173 173 173 173 173 173 173 174 174 174 174 174 174 174 174 174 174 174 174 174 174 174 174 174 174 174 174 174 174 174 174 174 174 174 174 174 174 174 174 174 174 174 174 174 174 174 175 175 175 175 175 175 175 175 175 175 175 175 175 175 175 175 175 175 175 175 175 175 175 175 175 175 175 175 175 175 175 175 175 175 175 175 175 175 175 175 175 176 176 176 176 176 176 176 176 176 176 176 176 176 176 176 176 176 176 176 176 176 176 176 176 176 176 176 176 176 176 176 176 176 176 176 176 176 176 176 176 176 176 176 176 176 176 176 176 176 176 176 176 176 176 176 176 176 176 176 176 176 176 176 176 176 176 176 176 176 176 176 176 176 176 176 176 176 176 176 176 176 176 176 176 176 176 176 176 176 176 176 176 176 176 176 176 176 176 176 176 176 176 176 176 176 177 177 177 177 177 177 177 177 177 177 177 177 177 177 177 176 176 176 176 176 176 176 176 176 176 176 176 176 176 176 176 176 176 176 176 176 176 176 176 176 176 176 176 176 176 176 176 176 176 176 175 175 175 175 175 175 175 175 175 175 175 175 175 175 175 175 175 175 175 175 175 175 174 174 174 172 172 173 173 173 173 173 173 173 173 173 173 173 173 173 173 173 173 173 173 173 173 173 173 173 174 174 174 174 174 174 174 174 174 174 174 174 174 174 174 174 174 174 174 174 174 174 174 174 174 174 174 174 174 174 174 174 174 174 174 174 175 175 175 175 175 175 175 175 175 175 175 175 175 175 175 175 175 175 175 175 175 175 175 175 175 175 175 175 175 175 175 175 175 175 175 175 175 175 175 175 175 175 175 175 175 175 176 176 176 176 176 176 176 176 176 176 176 176 176 176 176 176 176 176 176 176 176 176 176 176 176 176 176 176 176 176 176 176 176 176 176 176 176 176 176 176 176 176 176 176 176 176 176 176 176 176 176 176 176 176 176 176 176 176 176 176 176 176 176 176 176 176 176 176 176 176 176 176 176 176 176 176 176 176 176 176 176 176 176 176 176 176 176 176 176 176 176 176 176 176 176 176 176 176 176 176 176 177 177 177 177 177 177 177 177 177 177 177 177 177 177 177 176 176 176 176 176 176 176 176 176 176 176 176 176 176 176 176 176 176 176 176 176 176 176 176 176 176 176 176 176 176 176 176 176 176 176 175 175 175 175 175 175 175 175 175 175 175 175 175 175 175 175 175 175 175 174 174 174 174 174 172 172 172 173 173 173 173 173 173 173 173 173 173 173 173 173 173 173 173 173 173 173 173 173 173 173 174 174 174 174 174 174 174 174 174 174 174 174 174 174 174 174 174 174 174 174 174 174 174 174 174 174 174 174 174 174 174 174 174 174 174 174 174 175 175 175 175 175 175 175 175 175 175 175 175 175 175 175 175 175 175 175 175 175 175 175 175 175 175 175 175 175 175 175 175 175 175 175 175 175 175 175 175 175 175 175 175 175 176 176 176 176 176 176 176 176 176 176 176 176 176 176 176 176 176 176 176 176 176 176 176 176 176 176 176 176 176 176 176 176 176 176 176 176 176 176 176 176 176 176 176 176 176 176 176 176 176 176 176 176 176 176 176 176 176 176 176 176 176 176 176 176 176 176 176 176 176 176 176 176 176 176 176 176 176 176 176 176 176 176 176 176 176 176 176 176 176 176 176 176 176 176 176 176 176 176 176 176 177 177 177 177 177 177 177 177 177 177 177 177 177 176 176 176 176 176 176 176 176 176 176 176 176 176 176 176 176 176 176 176 176 176 176 176 176 176 176 176 176 176 176 176 176 176 176 176 176 176 175 175 175 175 175 175 175 175 175 175 175 175 175 175 175 175 175 174 174 174 174 174 174 174 172 172 172 172 173 173 173 173 173 173 173 173 173 173 173 173 173 173 173 173 173 173 173 173 173 173 173 173 173 174 174 174 174 174 174 174 174 174 174 174 174 174 174 174 174 174 174 174 174 174 174 174 174 174 174 174 174 174 174 174 174 174 174 174 174 174 174 174 175 175 175 175 175 175 175 175 175 175 175 175 175 175 175 175 175 175 175 175 175 175 175 175 175 175 175 175 175 175 175 175 175 175 175 175 175 175 175 175 175 175 176 176 176 176 176 176 176 176 176 176 176 176 176 176 176 176 176 176 176 176 176 176 176 176 176 176 176 176 176 176 176 176 176 176 176 176 176 176 176 176 176 176 176 176 176 176 176 176 176 176 176 176 176 176 176 176 176 176 176 176 176 176 176 176 176 176 176 176 176 176 176 176 176 176 176 176 176 176 176 176 176 176 176 176 176 176 176 176 176 176 176 176 176 176 176 176 176 176 176 177 177 177 177 177 177 177 177 177 177 177 177 176 176 176 176 176 176 176 176 176 176 176 176 176 176 176 176 176 176 176 176 176 176 176 176 176 176 176 176 176 176 176 176 176 176 176 176 176 176 175 175 175 175 175 175 175 175 175 175 175 175 175 175 175 174 174 174 174 174 174 174 174 172 172 172 172 173 173 173 173 173 173 173 173 173 173 173 173 173 173 173 173 173 173 173 173 173 173 173 173 173 173 174 174 174 174 174 174 174 174 174 174 174 174 174 174 174 174 174 174 174 174 174 174 174 174 174 174 174 174 174 174 174 174 174 174 174 174 174 174 175 175 175 175 175 175 175 175 175 175 175 175 175 175 175 175 175 175 175 175 175 175 175 175 175 175 175 175 175 175 175 175 175 175 175 175 175 175 175 175 175 175 175 175 175 175 175 175 175 175 175 175 176 176 176 176 176 176 176 176 176 176 176 176 176 176 176 176 176 176 176 176 176 176 176 176 176 176 176 176 176 176 176 175 176 176 176 176 176 176 176 176 176 176 176 176 176 176 176 176 176 176 176 176 176 176 176 176 176 176 176 176 176 176 176 176 176 176 176 176 176 176 176 176 176 175 176 175 176 176 175 176 176 176 176 176 176 176 176 176 177 177 177 177 176 176 176 176 176 176 176 176 176 176 176 176 176 176 176 176 176 176 176 176 176 176 176 176 176 176 176 176 176 176 176 176 176 176 176 176 176 176 176 176 176 176 176 176 176 175 175 175 175 175 175 175 175 175 175 175 175 175 175 174 174 174 174 174 172 172 172 172 172 172 173 173 173 173 173 173 173 173 173 173 173 173 173 173 173 173 173 173 173 173 173 173 173 173 173 173 174 174 174 174 174 174 174 174 174 174 174 174 174 174 174 174 174 174 174 174 174 174 174 174 174 174 174 174 174 174 174 174 174 174 174 174 174 174 174 175 175 175 175 175 175 175 175 175 175 175 175 175 175 175 175 175 175 175 175 175 175 175 175 175 175 175 175 175 175 175 175 175 175 175 175 175 175 175 175 175 175 175 175 175 175 175 175 175 175 175 175 175 175 175 175 175 176 176 176 176 176 176 176 176 176 176 176 176 176 176 176 176 176 176 176 176 176 175 175 175 175 176 176 176 176 176 175 175 175 175 176 176 176 176 176 176 176 176 176 176 176 176 176 176 176 176 176 176 176 176 176 176 176 176 176 176 176 176 175 175 175 175 175 175 175 175 175 175 175 175 175 175 175 175 176 176 176 176 176 176 176 176 176 176 176 176 176 176 176 176 176 176 176 176 176 176 176 176 176 176 176 176 176 176 176 176 176 176 176 176 176 176 176 176 176 176 176 176 176 176 176 175 175 175 175 175 175 175 175 175 175 175 175 175 175 175 175 174 174 172 172 172 172 172 172 172 173 173 173 173 173 173 173 173 173 173 173 173 173 173 173 173 173 173 173 173 173 173 173 173 173 173 173 174 174 174 174 174 174 174 174 174 174 174 174 174 174 174 174 174 174 174 174 174 174 174 174 174 174 174 174 174 174 174 174 174 174 174 174 174 174 174 174 174 175 175 175 175 175 175 175 175 175 175 175 175 175 175 175 175 175 175 175 175 175 175 175 175 175 175 175 175 175 175 175 175 175 175 175 175 175 175 175 175 175 175 175 175 175 175 175 175 175 175 175 175 175 175 175 175 175 175 175 175 176 176 176 176 175 175 175 175 175 175 175 175 175 175 175 175 175 175 175 176 176 176 176 175 175 175 175 175 175 175 175 175 175 175 175 175 175 175 175 175 175 175 175 175 175 175 175 175 175 175 175 175 175 175 175 175 175 175 175 175 175 175 175 175 175 175 175 175 175 175 175 175 175 176 176 176 176 176 176 176 176 176 176 176 176 176 176 176 176 176 176 176 176 176 176 176 176 176 176 176 176 176 176 176 176 176 176 176 176 176 176 176 175 176 175 175 175 175 175 175 175 175 175 175 175 175 175 175 175 175 175 175 174 174 174 174 174 172 172 172 172 172 172 172 172 172 172 172 173 173 173 173 173 173 173 173 173 173 173 173 173 173 173 173 173 173 173 173 173 173 173 173 174 174 174 174 174 174 174 174 174 174 174 174 174 174 174 174 174 174 174 174 174 174 174 174 174 174 174 174 174 174 174 174 174 174 174 174 174 174 174 174 174 175 174 175 175 175 175 175 175 175 175 175 175 175 175 175 175 175 175 175 175 175 175 175 175 175 175 175 175 175 175 175 175 175 175 175 175 175 175 175 175 175 175 175 175 175 175 175 175 175 175 175 175 175 175 175 175 175 175 175 175 175 175 175 175 175 175 175 175 175 175 175 175 175 175 175 175 175 175 175 175 175 175 175 175 175 175 175 175 175 175 175 175 175 175 175 175 175 175 175 175 175 175 175 175 175 175 175 175 175 175 175 175 175 175 175 175 175 175 175 175 175 175 175 175 175 175 175 175 175 175 175 175 176 176 176 176 176 176 176 176 176 176 176 176 176 176 176 176 176 176 176 176 176 176 176 176 176 176 176 176 176 176 176 176 176 175 175 175 175 175 175 175 175 175 175 175 175 175 175 175 175 175 175 175 175 175 175 175 174 174 174 174 174 174 174 174 174 174 172 172 172 172 172 172 172 172 172 172 172 172 172 172 172 172 172 172 173 173 173 173 173 173 173 173 173 173 173 173 173 173 173 173 173 173 173 173 173 173 173 173 173 173 173 173 174 174 174 174 174 174 174 174 174 174 174 174 174 174 174 174 174 174 174 174 174 174 174 174 174 174 174 174 174 174 174 174 174 174 175 175 175 175 175 175 175 175 175 175 175 175 175 175 175 175 175 175 175 175 175 175 175 175 175 175 175 175 175 175 175 175 175 175 175 175 175 175 175 175 175 175 175 175 175 175 175 175 175 175 175 175 175 175 175 175 175 175 175 175 175 175 175 175 175 175 175 175 175 175 175 175 175 175 175 175 175 175 175 175 175 175 175 175 175 175 175 175 175 175 175 175 175 175 175 175 175 175 175 175 175 175 175 175 175 175 175 175 175 175 175 175 175 175 175 175 175 175 175 175 175 175 175 175 175 175 175 175 175 176 176 176 176 176 176 176 176 176 176 176 176 176 176 176 176 176 176 176 176 176 176 176 176 176 176 176 175 175 175 175 175 175 175 175 175 175 175 175 175 175 175 175 175 175 175 175 175 175 175 175 175 175 175 175 175 175 175 174 174 174 174 174 174 174 174 174 174 174 172 172 172 172 172 172 172 172 172 172 172 172 172 172 172 172 172 172 172 172 172 173 173 173 173 173 173 173 173 173 173 173 173 173 173 173 173 173 173 173 173 173 173 173 173 173 173 173 173 174 174 174 174 174 174 174 174 174 174 174 174 174 174 174 174 174 174 174 174 174 174 174 174 174 174 174 174 174 174 174 174 174 174 174 174 174 175 175 174 175 175 175 175 175 175 175 174 175 175 175 175 175 175 175 175 175 175 175 175 175 175 175 175 175 175 175 175 175 175 175 175 175 175 175 175 175 175 175 175 175 175 175 175 175 175 175 175 175 175 175 175 175 175 175 175 175 175 175 175 175 175 175 175 175 175 175 175 175 175 175 175 175 175 175 175 175 175 175 175 175 175 175 175 175 175 175 175 175 175 175 175 175 175 175 175 175 175 175 175 175 175 175 175 175 175 175 175 175 175 175 175 175 175 175 175 175 175 175 175 175 175 176 176 176 176 176 176 176 176 176 176 176 176 176 176 176 176 176 176 176 176 176 176 176 176 176 176 176 175 175 175 175 175 175 175 175 175 175 175 175 175 175 175 175 175 175 175 175 175 175 175 175 175 175 175 175 175 174 174 174 174 174 174 174 174 174 174 174 174 174 172 172 172 172 172 172 172 172 172 172 172 172 172 172 172 172 172 172 172 172 172 172 172 173 172 173 173 173 173 173 173 173 173 173 173 173 173 173 173 173 173 173 173 173 173 173 173 173 173 173 173 173 173 174 174 174 174 174 174 174 174 174 174 174 174 174 174 174 174 174 174 174 174 174 174 174 174 174 174 174 174 174 174 174 174 174 174 174 174 174 174 174 175 175 175 174 174 175 174 174 174 174 174 174 175 175 175 175 175 175 175 175 175 175 175 175 175 175 175 175 175 175 175 175 175 175 175 175 175 175 175 175 175 175 175 175 175 175 175 175 175 175 175 175 175 175 175 175 175 175 175 175 175 175 175 175 175 175 175 175 175 175 175 175 175 175 175 175 175 175 175 175 175 175 175 175 175 175 175 175 175 175 175 175 175 175 175 175 175 175 175 175 175 175 175 175 175 175 175 175 175 175 175 175 175 175 175 175 175 175 175 175 175 176 176 176 176 176 176 176 176 176 176 176 176 176 176 176 176 176 176 176 176 176 176 176 175 176 175 175 175 175 175 175 175 175 175 175 175 175 175 175 175 175 175 175 175 175 175 175 175 175 175 175 175 174 174 174 174 174 174 174 174 174 174 174 174 174 174 174 174 174 172 172 172 172 172 172 172 172 172 172 172 172 172 172 172 172 172 173 173 173 173 173 173 173 173 173 173 173 173 173 173 173 173 173 173 173 173 173 173 173 173 173 173 173 173 173 174 174 174 174 174 174 174 174 174 174 174 174 174 174 174 174 174 174 174 174 174 174 174 174 174 174 174 174 174 174 174 174 174 174 174 174 174 174 174 174 174 174 174 174 174 174 174 174 174 174 174 175 175 175 175 175 175 175 175 175 175 175 175 175 175 175 175 175 175 175 175 175 175 175 175 175 175 175 175 175 175 175 175 175 175 175 175 175 175 175 175 175 175 175 175 175 175 175 175 175 175 175 175 175 175 175 175 175 175 175 175 175 175 175 175 175 175 175 175 175 175 175 175 175 175 175 175 175 175 175 175 175 175 175 175 175 175 175 175 175 175 175 175 175 175 175 175 175 175 175 175 175 175 175 175 175 175 175 176 176 176 176 176 176 176 176 176 176 176 176 176 176 176 176 176 176 176 176 176 176 175 175 175 175 175 175 175 175 175 175 175 175 175 175 175 175 175 175 175 175 175 175 175 175 175 175 175 174 174 174 174 174 174 174 174 174 174 174 174 174 174 174 174 174 174 174 174 172 172 172 172 172 172 172 172 172 172 172 172 172 172 172 172 172 173 173 173 173 173 173 173 173 173 173 173 173 173 173 173 173 173 173 173 173 173 173 173 173 173 173 173 173 173 173 174 174 174 174 174 174 174 174 174 174 174 174 174 174 174 174 174 174 174 174 174 174 174 174 174 174 174 174 174 174 174 174 174 174 174 174 174 174 174 174 174 174 174 174 174 174 174 175 175 175 175 175 175 175 175 175 175 175 175 175 175 175 175 175 175 175 175 175 175 175 175 175 175 175 175 175 175 175 175 175 175 175 175 175 175 175 175 175 175 175 175 175 175 175 175 175 175 175 175 175 175 175 175 175 175 175 175 175 175 175 175 175 175 175 175 175 175 175 175 175 175 175 175 175 175 175 175 175 175 175 175 175 175 175 175 175 175 175 175 175 175 175 175 175 175 175 175 175 175 175 175 175 175 175 175 175 175 175 175 175 175 176 176 176 176 176 176 176 175 176 175 175 175 175 175 175 175 175 175 175 175 175 175 175 175 175 175 175 175 175 175 175 175 175 175 175 175 175 174 174 174 174 174 174 174 174 174 174 174 174 174 174 174 174 174 174 174 174 174 174 174 174 174 174 174 174 174 173 173 172 172 172 172 172 172 172 172 172 172 172 172 172 172 172 172 172 172 173 173 173 173 173 173 173 173 173 173 173 173 173 173 173 173 173 173 173 173 173 173 173 173 173 173 173 173 173 173 174 174 174 174 174 174 174 174 174 174 174 174 174 174 174 174 174 174 174 174 174 174 174 174 174 174 174 174 174 174 174 174 174 174 174 174 174 174 174 174 174 174 174 174 174 174 174 175 175 175 175 175 175 175 175 175 175 175 175 175 175 175 175 175 175 175 175 175 175 175 175 175 175 175 175 175 175 175 175 175 175 175 175 175 175 175 175 175 175 175 175 175 175 175 175 175 175 175 175 175 175 175 175 175 175 175 175 175 175 175 175 175 175 175 175 175 175 175 175 175 175 175 175 175 175 175 175 175 175 175 175 175 175 175 175 175 175 175 175 175 175 175 175 175 175 175 175 175 175 175 175 175 175 175 175 175 175 175 175 175 175 175 175 175 175 175 175 175 175 175 175 175 175 175 175 175 175 175 175 175 175 175 175 175 175 175 175 175 175 175 175 175 175 174 174 174 174 174 174 174 174 174 174 174 174 174 174 174 174 174 174 174 174 174 174 174 174 174 174 174 174 174 174 174 174 173 173 173 173 173 173 173 172 172 172 172 172 172 172 172 172 172 172 172 172 172 172 172 172 172 172 172 172 173 173 173 173 173 173 173 173 173 173 173 173 173 173 173 173 173 173 173 173 173 173 173 173 173 173 173 173 173 173 173 174 174 174 174 174 174 174 174 174 174 174 174 174 174 174 174 174 174 174 174 174 174 174 174 174 174 174 174 174 174 174 174 174 174 174 174 174 174 174 174 174 174 174 174 174 174 174 174 174 174 174 174 174 175 175 175 175 175 175 175 175 175 175 175 175 175 175 175 175 175 175 175 175 175 175 175 175 175 175 175 175 175 175 175 175 175 174 174 174 175 175 175 175 175 175 175 175 175 175 175 175 175 175 175 175 175 175 175 175 175 175 175 175 175 175 175 175 175 175 175 175 175 175 175 175 175 175 175 175 175 175 175 175 175 175 175 175 175 175 175 175 175 175 175 175 175 175 175 175 175 175 175 175 175 175 175 175 175 175 175 175 175 175 175 175 175 175 175 175 175 175 175 175 175 175 175 175 175 175 175 175 175 175 175 175 175 175 175 175 175 175 175 175 175 174 174 174 174 174 174 174 174 174 174 174 174 174 174 174 174 174 174 174 174 174 174 174 174 174 174 174 174 173 173 173 173 173 173 173 173 173 173 173 172 172 172 172 172 172 172 172 172 172 172 172 172 172 172 172 172 172 172 172 172 172 172 172 172 173 173 173 173 173 173 173 173 173 173 173 173 173 173 173 173 173 173 173 173 173 173 173 173 173 173 173 173 173 173 174 174 174 174 174 174 174 174 174 174 174 174 174 174 174 174 174 174 174 174 174 174 174 174 174 174 174 174 174 174 174 174 174 174 174 174 174 174 174 174 174 174 174 174 174 174 174 174 174 174 174 174 174 174 174 174 174 174 174 174 174 174 174 174 174 174 174 175 175 175 175 175 175 175 175 175 175 175 175 174 174 175 175 174 174 174 174 174 174 174 174 175 175 175 175 175 175 175 175 175 175 175 175 175 175 175 175 175 175 175 175 175 175 175 175 175 175 175 175 175 175 175 175 175 175 175 175 175 175 175 175 175 175 175 175 175 175 175 175 175 175 175 175 175 175 175 175 175 175 175 175 175 175 175 175 175 175 175 175 175 175 175 175 175 175 175 175 175 175 175 175 175 175 175 175 175 175 175 175 175 175 175 175 175 175 175 175 175 175 175 175 175 175 174 174 174 174 174 174 174 174 174 174 174 174 174 174 174 174 174 174 174 174 174 174 174 174 174 173 173 173 173 173 173 173 173 173 173 173 173 173 173 173 173 173 172 172 172 172 172 172 172 172 172 172 172 172 172 172 172 172 172 172 172 172 172 172 172 172 172 172 172 172 172 173 173 173 173 173 173 173 173 173 173 173 173 173 173 173 173 173 173 173 173 173 173 173 173 173 173 173 173 173 174 174 174 174 174 174 174 174 174 174 174 174 174 174 174 174 174 174 174 174 174 174 174 174 174 174 174 174 174 174 174 174 174 174 174 174 174 174 174 174 174 174 174 174 174 174 174 174 174 174 174 174 174 174 174 174 174 174 174 174 174 174 174 174 174 174 174 174 174 174 174 174 174 174 174 174 174 174 174 174 174 174 174 174 174 174 174 174 174 174 174 174 174 174 174 174 174 174 174 174 175 175 175 175 175 175 175 175 175 175 175 175 175 175 175 175 175 175 175 175 175 175 175 175 175 175 175 175 175 175 175 175 175 175 175 175 175 175 175 175 175 175 175 175 175 175 175 175 175 175 175 175 175 175 175 175 175 175 175 175 175 175 175 175 175 175 175 175 175 175 175 175 175 175 175 175 175 175 175 175 175 175 175 175 175 175 175 175 174 174 174 174 174 174 174 174 174 174 174 173 174 174 174 174 174 174 174 174 174 174 174 174 174 174 174 174 173 173 173 173 173 173 173 173 173 173 173 173 173 173 173 173 173 173 173 173 171 171 171 171 172 172 172 172 172 172 172 172 172 172 172 172 172 172 172 172 172 172 172 172 172 172 172 172 172 172 172 172 173 173 173 173 173 173 173 173 173 173 173 173 173 173 173 173 173 173 173 173 173 173 173 173 173 173 173 173 173 173 174 174 174 174 174 174 174 174 174 174 174 174 174 174 174 174 174 174 174 174 174 174 174 174 174 174 174 174 174 174 174 174 174 174 174 174 174 174 174 174 174 174 174 174 174 174 174 174 174 174 174 174 174 174 174 174 174 174 174 174 174 174 174 174 174 174 174 174 174 174 174 174 174 174 174 174 174 174 174 174 174 174 174 174 174 174 174 174 174 174 174 174 174 174 174 174 174 174 175 175 175 175 175 175 175 175 175 175 175 175 175 175 175 175 175 175 175 175 175 175 175 175 175 175 175 175 175 175 175 175 175 175 175 175 175 175 175 175 174 174 174 175 175 175 175 175 175 175 175 175 175 175 175 175 175 175 175 175 175 175 175 175 175 175 175 175 175 175 175 175 175 175 175 175 175 175 175 175 175 175 175 175 175 175 175 175 174 174 174 174 174 174 174 174 174 174 173 173 174 174 174 174 174 174 174 174 174 174 174 174 174 173 173 173 173 173 173 173 173 173 173 173 173 173 173 173 173 173 173 173 173 173 172 172 172 171 171 171 171 171 171 171 172 172 172 172 172 172 172 172 172 172 172 172 172 172 172 172 172 172 172 172 172 172 172 172 172 173 173 173 173 173 173 173 173 173 173 173 173 173 173 173 173 173 173 173 173 173 173 173 173 173 173 173 173 173 173 173 173 174 174 174 174 174 174 174 174 174 174 174 174 174 174 174 174 174 174 174 174 174 174 174 174 174 174 174 174 174 174 174 174 174 174 174 174 174 174 174 174 174 174 174 174 174 174 174 174 174 174 174 174 174 174 174 174 174 174 174 174 174 174 174 174 174 174 174 174 174 174 174 174 174 174 174 174 174 174 174 174 174 174 174 174 174 174 174 174 174 174 174 174 174 174 174 174 174 174 174 175 174 174 174 174 174 174 174 174 174 174 174 174 174 175 174 175 175 175 174 174 174 174 175 175 175 175 175 175 174 174 174 174 174 174 174 174 174 174 174 174 174 174 174 174 174 175 175 175 175 175 175 175 175 175 175 175 175 175 175 175 175 175 175 175 175 175 175 175 175 175 175 175 175 175 175 175 175 175 175 175 175 174 174 174 174 174 174 174 174 174 174 174 173 173 173 174 174 174 174 174 173 173 173 173 173 173 173 173 173 173 173 173 173 173 173 173 173 173 173 173 173 173 173 173 172 172 172 172 172 172 172 172 171 171 171 171 171 171 171 171 171 171 171 171 172 172 172 172 172 172 172 172 172 172 172 172 172 172 172 173 173 173 173 173 173 173 173 173 173 173 173 173 173 173 173 173 173 173 173 173 173 173 173 173 173 173 173 173 173 173 173 173 174 174 174 174 174 174 174 174 174 174 174 174 174 174 174 174 174 174 174 174 174 174 174 174 174 174 174 174 174 174 174 174 174 174 174 174 174 174 174 174 174 174 174 174 174 174 174 174 174 174 174 174 174 174 174 174 174 174 174 174 174 174 174 174 174 174 174 174 174 174 174 174 174 174 174 174 174 174 174 174 174 174 174 174 174 174 174 174 174 174 174 174 174 174 174 174 174 174 174 174 174 174 174 174 174 174 174 174 174 174 174 174 174 174 174 174 174 174 174 174 174 174 174 174 174 174 174 174 174 174 174 174 174 174 174 174 174 174 174 174 174 174 175 175 175 175 175 175 175 175 175 175 175 175 175 175 175 175 175 175 175 175 175 175 175 175 175 175 175 175 175 175 175 175 174 174 174 174 174 174 174 174 174 174 174 174 174 174 173 173 173 173 173 173 174 173 173 173 173 173 173 173 173 173 173 173 173 173 173 173 173 173 173 173 173 172 172 172 172 172 172 172 172 172 172 172 172 172 172 171 171 171 171 171 171 171 171 171 171 171 171 171 171 171 172 172 172 172 172 172 172 172 173 173 173 173 173 173 173 173 173 173 173 173 173 173 173 173 173 173 173 173 173 173 173 173 173 173 173 173 173 173 173 173 173 174 174 174 174 174 174 174 174 174 174 174 174 174 174 174 174 174 174 174 174 174 174 174 174 174 174 174 174 174 174 174 174 174 174 174 174 174 174 174 174 174 174 174 174 174 174 174 174 174 174 174 174 174 174 174 174 174 174 174 174 174 174 174 174 174 174 174 174 174 174 174 174 174 174 174 174 174 174 174 174 174 174 174 174 174 174 174 174 174 174 174 174 174 174 174 174 174 174 174 174 174 174 174 174 174 174 174 174 174 174 174 174 174 174 174 174 174 174 174 174 174 174 174 174 174 174 174 174 174 174 174 174 174 174 174 174 174 174 174 174 175 175 175 175 175 175 175 175 175 175 175 175 175 175 175 175 175 175 174 174 174 175 175 175 175 175 175 175 175 174 174 174 174 174 174 174 174 174 174 174 174 174 174 174 174 174 173 173 173 173 173 173 173 173 173 173 173 173 173 173 173 173 173 173 173 173 173 173 173 173 173 173 172 172 172 172 172 172 172 172 172 172 172 172 172 172 172 171 171 171 171 171 171 171 171 171 171 171 171 171 171 172 172 172 172 172 172 172 173 173 173 173 173 173 173 173 173 173 173 173 173 173 173 173 173 173 173 173 173 173 173 173 173 173 173 173 173 173 173 173 173 174 174 174 174 174 174 174 174 174 174 174 174 174 174 174 174 174 174 174 174 174 174 174 174 174 174 174 174 174 174 174 174 174 174 174 174 174 174 174 174 174 174 174 174 174 174 174 174 174 174 174 174 174 174 174 174 174 174 174 174 174 174 174 174 174 174 174 174 174 174 174 174 174 174 174 174 174 174 174 174 174 174 174 174 174 174 174 174 174 174 174 174 174 174 174 174 174 174 174 174 174 174 174 174 174 174 174 174 174 174 174 174 174 174 174 174 174 174 174 174 174 174 174 174 174 174 174 174 174 174 174 174 174 174 174 174 174 174 175 175 175 175 175 175 175 175 175 175 175 175 174 174 174 174 174 174 174 174 174 174 174 174 174 174 174 174 174 174 174 174 174 174 174 174 174 174 174 174 174 174 174 174 174 174 173 173 173 173 173 173 173 173 173 173 173 173 173 173 173 173 173 173 173 173 173 173 173 173 173 173 173 172 172 172 172 172 172 172 172 172 172 172 171 171 171 171 171 171 171 171 171 171 172 172 172 172 172 172 172 173 173 173 173 173 173 173 173 173 173 173 173 173 173 173 173 173 173 173 173 173 173 173 173 173 173 173 173 173 173 173 173 173 173 173 173 173 173 174 174 174 174 174 174 174 174 174 174 174 174 174 174 174 174 174 174 174 174 174 174 174 174 174 174 174 174 174 174 174 174 174 174 174 174 174 174 174 174 174 174 174 174 174 174 174 174 174 174 174 174 174 174 174 174 174 174 174 174 174 174 174 174 174 174 174 174 174 174 174 174 174 174 174 174 174 174 174 174 174 174 174 174 174 174 174 174 174 174 174 174 174 174 174 174 174 174 174 174 174 174 174 174 174 174 174 174 174 174 174 174 174 174 174 174 174 174 174 174 174 174 174 174 174 174 174 174 174 174 174 175 175 175 175 175 175 175 175 175 174 174 174 174 174 174 174 174 174 174 174 174 174 174 174 174 174 174 174 174 174 174 174 174 174 174 174 174 174 174 174 174 174 174 174 174 173 173 173 173 173 173 173 173 173 173 173 173 173 173 173 173 173 173 173 173 173 173 173 173 173 173 172 172 172 172 172 172 172 172 172 172 171 171 171 171 171 171 171 171 172 172 172 172 172 172 172 172 172 173 173 173 173 173 173 173 173 173 173 173 173 173 173 173 173 173 173 173 173 173 173 173 173 173 173 173 173 173 173 173 173 173 173 173 173 173 173 173 174 174 174 174 174 174 174 174 174 174 174 174 174 174 174 174 174 174 174 174 174 174 174 174 174 174 174 174 174 174 174 174 174 174 174 174 174 174 174 174 174 174 174 174 174 174 174 174 174 174 174 174 174 174 174 174 174 174 174 174 174 174 174 174 174 174 174 174 174 174 174 174 174 174 174 174 174 174 174 174 174 174 174 174 174 174 174 174 174 174 174 174 174 174 174 174 174 174 174 174 174 174 174 174 174 174 174 174 174 174 174 174 174 174 174 174 174 174 174 174 174 174 174 174 174 174 174 174 174 174 174 174 174 174 174 174 174 174 174 174 174 174 174 174 174 174 174 174 174 174 174 174 174 174 174 174 174 174 174 174 174 174 174 174 174 174 174 174 174 174 174 174 173 173 173 173 173 173 173 173 173 173 173 173 173 173 173 173 173 173 173 173 173 173 173 173 172 172 172 172 172 172 171 171 171 171 171 171 172 172 172 172 172 172 172 172 172 172 172 172 173 173 173 173 173 173 173 173 173 173 173 173 173 173 173 173 173 173 173 173 173 173 173 173 173 173 173 173 173 173 173 173 173 173 173 173 173 173 174 173 174 174 174 174 174 174 174 174 174 174 174 174 174 174 174 174 174 174 174 174 174 174 174 174 174 174 174 174 174 174 174 174 174 174 174 174 174 174 174 174 174 174 174 174 174 174 174 174 174 174 174 174 174 174 174 174 174 174 174 174 174 174 174 174 174 174 174 174 174 174 174 174 174 174 174 174 174 174 174 174 174 174 174 174 174 174 174 174 174 174 174 174 174 174 174 174 174 174 174 174 174 174 174 174 174 174 174 174 174 174 174 174 174 174 174 174 174 174 174 174 174 174 174 174 174 174 174 174 174 174 174 174 174 174 174 174 174 174 174 174 174 174 174 174 174 174 174 174 174 174 174 174 174 174 174 174 174 174 174 174 174 174 174 174 174 174 174 173 173 173 173 173 173 173 173 173 173 173 173 173 173 173 173 173 173 173 173 173 173 172 172 172 172 172 172 172 172 172 172 172 172 172 172 172 173 173 173 173 173 173 173 173 173 173 173 173 173 173 173 173 173 173 173 173 173 173 173 173 173 173 173 173 173 173 173 173 173 173 173 173 173 173 173 173 174 174 174 174 174 174 174 174 174 174 174 174 174 174 174 174 174 174 174 174 174 174 174 174 174 174 174 174 174 174 174 174 174 174 174 174 174 174 174 174 174 174 174 174 174 174 174 174 174 174 174 174 174 174 174 174 174 174 174 174 174 174 174 174 174 174 174 174 174 174 174 174 174 174 174 174 174 174 174 174 174 174 174 174 174 174 174 174 174 174 174 174 174 174 174 174 174 174 174 174 174 174 174 174 174 174 174 174 174 174 174 174 174 174 174 174 174 174 174 174 174 174 174 174 174 174 174 174 174 174 174 174 174 174 174 174 174 174 174 174 174 174 174 174 174 174 174 174 174 174 174 174 174 174 174 174 174 174 174 174 174 174 174 174 173 173 173 173 173 173 173 173 173 173 173 173 173 173 173 173 173 173 173 173 173 173 172 172 172 172 172 172 172 172 172 172 172 172 172 172 172 172 172 173 173 173 173 173 173 173 173 173 173 173 173 173 173 173 173 173 173 173 173 173 173 173 173 173 173 173 173 173 173 173 173 173 173 173 173 173 173 173 173 173 174 174 174 174 174 174 174 174 174 174 174 174 174 174 174 174 174 174 174 174 174 174 174 174 174 174 174 174 174 174 174 174 174 174 174 174 174 174 174 174 174 174 174 174 174 174 174 174 174 174 174 174 174 174 174 174 174 174 174 174 174 174 174 174 174 174 174 174 174 173 174 174 174 174 174 174 174 174 174 174 174 174 174 174 174 174 174 173 173 173 173 174 174 174 174 174 174 174 174 174 174 174 174 174 174 174 174 174 174 174 174 174 174 174 174 174 174 174 174 174 174 174 174 174 174 174 174 174 174 174 174 174 174 174 174 174 174 174 174 174 174 174 174 174 174 174 174 174 174 174 174 174 174 174 174 174 174 173 174 174 173 173 173 173 173 173 173 173 173 173 173 173 173 173 173 173 173 173 173 173 173 173 173 172 172 172 172 172 172 172 172 172 172 172 172 172 172 172 172 172 172 172 173 173 173 173 173 173 173 173 173 173 173 173 173 173 173 173 173 173 173 173 173 173 173 173 173 173 173 173 173 173 173 173 173 173 173 173 173 173 173 173 173 173 173 173 173 173 174 174 174 174 174 174 174 174 174 174 174 174 174 174 174 174 174 174 174 174 174 174 174 174 174 174 174 174 174 174 174 174 174 174 174 174 174 174 174 174 174 174 174 174 174 174 174 174 174 173 173 173 173 174 174 174 174 174 174 174 174 173 173 174 174 174 174 174 174 174 174 174 174 174 174 174 174 174 173 173 173 173 173 173 173 174 174 174 174 174 174 174 174 174 174 174 174 174 174 174 174 174 174 174 174 174 174 174 174 174 174 174 174 174 174 174 174 174 174 174 174 174 174 174 174 174 174 174 174 174 174 174 174 174 174 174 174 174 174 174 174 174 174 174 174 174 174 173 173 173 173 173 173 173 173 173 173 173 173 173 173 173 173 173 173 173 173 173 173 173 173 173 173 173 173 172 172 172 172 172 172 172 172 172 172 172 172 172 172 172 172 172 172 172 172 172 172 173 173 173 173 173 173 173 173 173 173 173 173 173 173 173 173 173 173 173 173 173 173 173 173 173 173 173 173 173 173 173 173 173 173 173 173 173 173 173 173 173 173 173 173 173 173 173 173 173 174 174 174 174 174 174 174 174 174 174 174 174 174 174 174 174 174 174 174 174 174 174 174 174 174 174 174 174 174 174 174 174 174 174 174 174 174 174 174 174 174 174 174 174 173 173 173 173 173 173 173 173 174 174 173 173 173 173 174 174 174 174 173 173 173 173 173 173 173 173 173 173 173 173 173 173 173 173 173 173 173 174 174 174 174 174 174 174 174 174 174 174 174 174 174 174 174 174 174 174 174 174 174 174 174 174 174 174 174 174 174 174 174 174 174 174 174 174 174 174 174 174 174 174 174 174 174 174 174 174 174 174 174 174 174 174 173 173 173 173 173 173 173 173 173 173 173 173 173 173 173 173 173 173 173 173 173 173 173 173 173 173 173 173 173 173 173 173 172 172 172 172 172 172 172 172 172 172 172 172 172 172 172 172 172 172 172 172 172 172 172 172 172 172 172 172 172 172 173 173 173 173 173 173 173 173 173 173 173 173 173 173 173 173 173 173 173 173 173 173 173 173 173 173 173 173 173 173 173 173 173 173 173 173 173 173 173 173 173 173 173 173 173 173 173 173 173 173 174 174 174 174 174 173 173 174 174 174 173 173 173 173 173 174 174 174 174 174 174 174 174 174 174 173 173 173 173 173 173 173 173 173 173 173 174 174 173 173 173 173 173 173 173 173 173 173 173 173 173 173 173 173 173 174 174 173 173 173 173 173 173 173 173 173 173 173 173 173 173 173 174 174 173 173 173 173 173 173 174 174 174 174 174 174 174 174 174 174 174 174 174 174 174 174 174 174 174 174 174 174 174 174 174 174 174 174 174 174 174 174 174 174 174 174 174 174 174 174 174 174 174 174 174 174 174 174 174 174 174 174 173 173 173 173 173 173 173 173 173 173 173 173 173 173 173 173 173 173 173 173 173 173 173 173 173 173 173 173 173 173 173 172 172 172 172 172 172 172 172 172 172 172 172 172 172 172 172 172 172 172 172 172 172 172 172 172 172 172 172 172 172 172 172 172 172 173 173 173 173 173 173 173 173 173 173 173 173 173 173 173 173 173 173 173 173 173 173 173 173 173 173 173 173 173 173 173 173 173 173 173 173 173 173 173 173 173 173 173 173 173 173 173 173 173 173 173 173 173 173 173 173 173 173 173 173 173 173 173 173 173 173 173 173 173 173 173 173 173 173 173 173 173 173 173 173 173 173 173 173 173 173 173 173 173 173 173 173 173 173 173 173 173 173 173 173 173 173 173 173 173 173 173 173 173 173 173 173 173 173 173 173 173 173 173 173 174 173 173 173 173 173 173 173 173 174 174 174 174 174 174 174 174 174 174 174 174 174 174 174 174 174 174 174 174 174 174 174 174 174 174 174 174 174 174 174 174 174 174 174 174 174 174 174 174 174 174 174 174 174 174 174 174 174 174 174 173 173 173 173 173 173 173 173 173 173 173 173 173 173 173 173 173 173 173 173 173 173 173 173 173 173 173 173 173 173 172 172 172 172 172 172 172 172 171 172 172 172 172 172 172 172 172 172 172 172 172 172 172 172 172 172 172 172 172 172 172 172 172 172 172 172 172 172 172 172 172 172 173 173 173 173 173 173 173 173 173 173 173 173 173 173 173 173 173 173 173 173 173 173 173 173 173 173 173 173 173 173 173 173 173 173 173 173 173 173 173 173 173 173 173 173 173 173 173 173 173 173 173 173 173 173 173 173 173 173 173 173 173 173 173 173 173 173 173 173 173 173 173 173 173 173 173 173 173 173 173 173 173 173 173 173 173 173 173 173 173 173 173 173 173 173 173 173 173 173 173 173 173 173 173 173 173 173 173 173 173 173 173 173 173 173 173 173 173 173 173 173 173 173 173 173 173 173 173 173 173 173 173 173 173 173 173 173 173 174 174 173 173 174 174 174 174 174 174 173 173 173 174 174 174 174 174 174 174 174 174 174 174 174 174 174 174 174 174 174 174 174 174 174 174 174 174 174 173 173 173 173 173 173 173 173 173 173 173 173 173 173 173 173 173 173 173 173 173 173 173 173 173 173 173 173 173 173 173 172 172 172 172 172 172 172 172 171 172 172 172 172 172 172 172 172 172 172 172 172 172 172 172 172 172 172 172 172 172 172 172 172 172 172 172 172 172 172 172 172 173 173 173 173 173 173 173 173 173 173 173 173 173 173 173 173 173 173 173 173 173 173 173 173 173 173 173 173 173 173 173 173 173 173 173 173 173 173 173 173 173 173 173 173 173 173 173 173 173 173 173 173 173 173 173 173 173 173 173 173 173 173 173 173 173 173 173 173 173 173 173 173 173 173 173 173 173 173 173 173 173 173 173 173 173 173 173 173 173 173 173 173 173 173 173 173 173 173 173 173 173 173 173 173 173 173 173 173 173 173 173 173 173 173 173 173 173 173 174 173 173 173 173 173 173 173 173 173 173 173 173 173 173 173 173 173 173 173 173 173 173 173 173 173 173 173 173 173 173 173 174 174 174 174 174 174 174 174 174 174 174 174 174 174 174 174 174 174 174 174 174 174 174 174 173 173 173 173 173 173 173 173 173 173 173 173 173 173 173 173 173 173 173 173 173 173 173 173 173 173 173 173 173 172 173 172 172 172 172 172 172 172 172 172 172 171 171 171 171 171 171 172 172 172 172 172 172 172 172 172 172 172 172 172 172 172 172 172 172 172 172 172 172 172 172 172 172 172 172 172 172 172 172 173 173 173 173 173 173 173 173 173 173 173 173 173 173 173 173 173 173 173 173 173 173 173 173 173 173 173 173 173 173 173 173 173 173 173 173 173 173 173 173 173 173 173 173 173 173 173 173 173 173 173 173 173 173 173 173 173 173 173 173 173 173 173 173 173 173 173 173 173 173 173 173 173 173 173 173 173 173 173 173 173 173 173 173 173 173 173 173 173 173 173 173 173 173 173 173 173 173 173 173 173 173 173 173 173 173 173 173 173 173 173 173 173 173 173 173 173 173 173 173 173 173 173 173 173 173 173 173 173 173 173 173 173 173 173 173 173 173 173 173 173 173 173 173 173 173 173 173 174 174 174 174 174 174 174 174 174 174 174 174 174 174 174 174 174 174 174 174 173 173 173 173 173 173 173 173 173 173 173 173 173 173 173 173 173 173 173 173 173 173 173 173 173 173 173 173 173 173 173 173 173 172 172 172 172 172 172 172 172 172 171 171 171 171 171 171 171 172 172 172 172 172 172 172 172 172 172 172 172 172 172 172 172 172 172 172 172 172 172 172 172 172 172 172 172 172 172 172 172 172 172 173 173 173 173 173 173 173 173 173 173 173 173 173 173 173 173 173 173 173 173 173 173 173 173 173 173 173 173 173 173 173 173 173 173 173 173 173 173 173 173 173 173 173 173 173 173 173 173 173 173 173 173 173 173 173 173 173 173 173 173 173 173 173 173 173 173 173 173 173 173 173 173 173 173 173 173 173 173 173 173 173 173 173 173 173 173 173 173 173 173 173 173 173 173 173 173 173 173 173 173 173 173 173 173 173 173 173 173 173 173 173 173 173 173 173 173 173 173 173 173 173 173 173 173 173 173 173 173 173 173 173 173 173 173 173 173 173 173 173 173 173 173 173 173 173 174 174 174 174 174 174 174 174 174 174 174 174 174 174 174 174 174 174 173 173 173 173 173 173 173 173 173 173 173 173 173 173 173 173 173 173 173 173 173 173 173 173 173 173 173 173 173 173 173 173 173 172 172 172 172 172 172 172 172 172 172 172 172 171 171 171 171 171 171 171 171 171 171 171 171 172 172 172 172 172 172 172 172 172 172 172 172 172 172 172 172 172 172 172 172 172 172 172 172 172 172 172 172 172 172 172 172 172 172 172 173 173 173 173 173 173 173 173 173 173 173 173 173 173 173 173 173 173 173 173 173 173 173 173 173 173 173 173 173 173 173 173 173 173 173 173 173 173 173 173 173 173 173 173 173 173 173 173 173 173 173 173 173 173 173 173 173 173 173 173 173 173 173 173 173 173 173 173 173 173 173 173 173 173 173 173 173 173 173 173 173 173 173 173 173 173 173 173 173 173 173 173 173 173 173 173 173 173 173 173 173 173 173 173 173 173 173 173 173 173 173 173 173 173 173 173 173 173 173 173 173 173 173 173 173 173 173 173 173 173 173 173 173 173 173 173 173 173 173 173 173 173 174 174 174 174 174 174 174 174 174 174 174 174 174 174 173 173 173 173 173 173 173 173 173 173 173 173 173 173 173 173 173 173 173 173 173 173 173 173 173 173 173 173 173 173 173 173 173 173 173 172 172 172 172 172 172 172 172 172 172 172 172 172 172 171 171 171 171 171 171 171 171 171 171 171 171 171 171 171 170 170 170 170 170 170 170 170 171 171 171 171 171 171 172 172 172 172 172 172 172 172 172 172 172 172 172 172 172 172 172 172 172 172 172 172 172 172 172 172 172 172 172 172 172 172 172 172 172 172 173 173 173 173 173 173 173 173 173 173 173 173 173 173 173 173 173 173 173 173 173 173 173 173 173 173 173 173 173 173 173 173 173 173 173 173 173 173 173 173 173 173 173 173 173 173 173 173 173 173 173 173 173 173 173 173 173 173 173 173 173 173 173 173 173 173 173 173 173 173 173 173 173 173 173 173 173 173 173 173 173 173 173 173 173 173 173 172 173 173 173 173 173 173 173 173 173 173 173 173 173 173 173 173 173 173 173 173 173 173 173 173 173 173 173 173 173 173 173 173 173 173 173 173 173 173 173 173 173 173 173 173 173 173 173 173 173 173 173 174 174 174 174 174 174 174 173 173 173 173 173 173 173 173 173 173 173 173 173 173 173 173 173 173 173 173 173 173 173 173 173 173 173 173 173 173 173 173 173 173 173 173 173 173 173 173 172 172 172 172 172 172 172 172 172 172 172 172 172 172 172 172 171 171 171 171 171 171 171 171 171 171 171 171 171 171 171 171 171 170 170 170 170 170 170 170 170 170 171 171 171 171 171 171 171 171 171 172 172 172 172 172 172 172 172 172 172 172 172 172 172 172 172 172 172 172 172 172 172 172 172 172 172 172 172 172 172 172 172 172 172 172 172 172 172 172 172 173 173 173 173 173 173 173 173 173 173 173 173 173 173 173 173 173 173 173 173 173 173 173 173 173 173 173 173 173 173 173 173 173 173 173 173 173 173 173 173 173 173 173 173 173 173 173 173 173 173 173 173 173 173 173 173 173 173 173 173 173 173 173 173 173 173 173 173 173 173 173 173 173 173 173 173 173 173 173 173 172 172 172 173 173 173 173 173 173 173 173 173 173 173 173 173 173 173 173 173 173 173 173 173 173 173 173 173 173 173 173 173 173 173 173 173 173 173 173 173 173 173 173 173 173 173 173 173 173 173 173 173 173 174 174 174 174 174 174 173 173 173 173 173 173 173 173 173 173 173 173 173 173 173 173 173 173 173 173 173 173 173 173 173 173 173 173 173 173 173 173 173 173 173 173 173 172 172 172 172 172 172 172 172 172 172 172 172 172 172 172 172 172 172 172 171 171 171 171 171 171 171 171 171 171 171 171 171 171 171 171 170 170 170 170 170 170 170 170 170 170 170 170 170 171 171 171 171 171 171 171 171 171 171 172 172 172 172 172 172 172 172 172 172 172 172 172 172 172 172 172 172 172 172 172 172 172 172 172 172 172 172 172 172 172 172 172 172 172 172 172 172 172 172 172 172 172 172 172 172 173 173 173 173 173 173 173 173 173 173 173 173 173 173 173 173 173 173 173 173 173 173 173 173 173 173 173 173 173 173 173 173 173 173 173 173 173 173 173 173 173 173 173 173 173 173 173 173 173 173 173 173 173 173 173 173 173 173 173 173 173 173 173 173 173 173 173 173 173 173 173 172 172 172 173 173 173 173 173 173 173 173 173 173 173 173 173 173 173 173 173 173 173 172 173 173 172 172 173 173 173 172 172 172 173 173 173 173 173 173 173 173 173 173 173 173 173 173 173 173 173 173 173 173 173 174 173 173 173 173 173 173 173 173 173 173 173 173 173 173 173 173 173 173 173 173 173 173 173 173 173 173 173 173 173 173 173 173 173 173 173 173 173 173 173 173 172 172 172 172 172 172 172 172 172 172 172 172 172 172 172 172 172 172 172 172 172 171 171 171 171 171 171 171 171 171 171 171 171 171 171 170 170 170 170 170 170 170 170 170 170 170 170 170 170 170 170 171 171 171 171 171 171 171 171 171 171 171 171 171 171 172 172 172 172 172 172 172 172 172 172 172 172 172 172 172 172 172 172 172 172 172 172 172 172 172 172 172 172 172 172 172 172 172 172 172 172 172 172 172 172 172 172 172 172 172 172 172 173 173 173 173 173 173 173 173 173 173 173 173 173 173 173 173 173 173 173 173 173 173 173 173 173 173 173 173 173 173 173 173 173 173 173 173 173 173 173 173 173 173 173 173 173 173 173 173 173 173 173 173 173 173 173 173 173 173 173 173 173 173 173 173 173 173 173 172 172 172 172 173 173 173 172 173 173 173 173 173 173 173 173 173 173 172 172 172 173 173 173 172 172 172 172 172 173 173 173 173 172 172 172 173 173 173 173 173 173 173 173 173 173 173 173 173 173 173 173 173 173 173 173 173 173 173 173 173 173 173 173 173 173 173 173 173 173 173 173 173 173 173 173 173 173 173 173 173 173 173 173 173 173 173 173 173 173 173 173 173 173 172 172 172 172 172 172 172 172 172 172 172 172 172 172 172 172 172 172 172 172 172 172 172 172 171 171 171 170 171 171 171 171 171 171 171 170 170 170 170 170 170 170 170 170 170 170 170 170 170 170 170 170 169 169 171 171 171 171 171 171 171 171 171 171 171 171 171 171 171 171 171 172 172 172 172 172 172 172 172 172 172 172 172 172 172 172 172 172 172 172 172 172 172 172 172 172 172 172 172 172 172 172 172 172 172 172 172 172 172 172 172 172 172 172 172 172 173 173 173 173 173 173 173 173 173 173 173 173 173 173 173 173 173 173 173 173 173 173 173 173 173 173 173 173 173 173 173 173 173 173 173 173 173 173 173 173 173 173 173 173 173 173 173 173 173 173 173 173 173 173 173 173 173 173 173 173 173 173 172 172 172 172 172 172 172 173 173 173 173 173 173 173 173 173 173 173 173 173 173 173 173 172 172 173 173 172 172 172 172 172 172 172 172 173 173 173 173 173 172 172 173 173 173 173 173 173 173 173 173 173 173 173 173 173 173 173 173 173 173 173 173 173 173 173 173 173 173 173 173 173 173 173 173 173 173 173 173 173 173 173 173 173 173 173 173 173 173 173 173 173 173 173 173 173 173 173 172 172 172 172 172 172 172 172 172 172 172 172 172 172 172 172 172 172 172 172 172 172 171 171 171 171 171 171 170 170 170 170 170 170 170 170 170 170 170 170 170 170 170 170 170 170 170 170 170 170 170 170 169 169 169 171 171 171 171 171 171 171 171 171 171 171 171 171 171 171 171 171 172 172 172 172 172 172 172 172 172 172 172 172 172 172 172 172 172 172 172 172 172 172 172 172 172 172 172 172 172 172 172 172 172 172 172 172 172 172 172 172 172 172 172 172 172 172 172 173 173 173 173 173 173 173 173 173 173 173 173 173 173 173 173 173 173 173 173 173 173 173 173 173 173 173 173 173 173 173 173 173 173 173 173 173 173 173 173 173 173 173 173 173 173 173 173 173 173 173 173 173 173 173 173 173 172 173 173 172 172 172 172 172 172 173 173 173 173 172 172 173 173 173 173 173 173 173 172 172 172 172 172 173 173 173 172 172 173 172 172 172 172 172 172 173 173 173 172 172 173 173 173 173 173 173 173 173 173 173 173 173 173 173 173 173 173 173 173 173 173 173 173 173 173 173 173 173 173 173 173 173 173 173 173 173 173 173 173 173 173 173 173 173 173 173 173 173 173 173 173 173 173 173 172 172 172 172 172 172 172 172 172 172 172 172 172 172 172 172 172 172 172 172 172 171 172 171 171 171 171 171 171 171 170 170 170 170 170 170 170 170 170 170 170 170 170 170 170 170 170 170 170 170 170 170 170 169 169 169 171 171 171 171 171 171 171 171 171 171 171 171 171 171 171 171 171 171 171 171 171 172 172 172 172 172 172 172 172 172 172 172 172 172 172 172 172 172 172 172 172 172 172 172 172 172 172 172 172 172 172 172 172 172 172 172 172 172 172 172 172 172 172 172 172 172 172 172 172 173 173 173 173 173 173 173 173 173 173 173 173 173 173 173 173 173 173 173 173 173 173 173 173 173 173 173 173 173 173 173 173 173 173 173 173 173 173 173 173 173 173 173 173 173 173 173 173 173 173 173 172 172 173 172 172 173 172 172 172 172 172 172 173 173 173 173 172 172 172 173 173 173 172 172 172 172 172 172 172 172 172 172 172 172 173 173 173 173 173 172 172 172 172 173 173 172 172 172 172 173 173 173 173 173 173 173 173 173 173 173 173 173 173 173 173 173 173 173 173 173 173 173 173 173 173 173 173 173 173 173 173 173 173 173 173 173 173 173 173 173 173 173 173 173 173 173 173 173 173 172 172 172 172 172 172 172 172 172 172 172 172 172 172 172 172 172 172 172 172 172 172 172 171 171 171 171 171 171 171 171 171 170 171 171 170 170 170 170 170 170 170 170 170 170 170 170 170 170 170 170 170 170 170 169 169 169 169 169 158 158 157 157 171 171 171 171 171 171 171 171 171 171 171 171 171 171 171 171 171 171 171 171 171 171 171 172 172 172 172 172 172 172 172 172 172 172 172 172 172 172 172 172 172 172 172 172 172 172 172 172 172 172 172 172 172 172 172 172 172 172 172 172 172 172 172 172 172 172 172 172 172 172 172 172 172 173 173 173 173 173 173 173 173 173 173 173 173 173 173 173 173 173 173 173 173 173 173 173 173 173 173 173 173 173 173 173 173 173 173 173 173 173 173 173 173 173 173 173 173 173 173 172 172 172 172 172 172 173 172 172 172 172 172 173 173 173 173 172 172 172 172 172 172 172 172 172 172 172 172 172 172 172 172 172 172 172 173 173 173 173 173 173 173 173 173 173 172 172 172 172 172 173 173 173 173 173 173 173 173 173 173 173 173 173 173 173 173 173 173 173 173 173 173 173 173 173 173 173 173 173 173 173 173 173 173 173 173 173 173 173 173 173 173 173 173 173 173 173 172 172 172 172 172 172 172 172 172 172 172 172 172 172 172 172 172 172 172 172 172 172 172 172 171 171 171 171 171 171 171 171 171 171 171 171 171 171 170 171 170 170 170 171 170 170 170 170 169 169 169 170 169 169 169 169 169 169 169 169 169 158 158 158 158 158 158 157 157 171 171 171 171 171 171 171 171 171 171 171 171 171 171 171 171 171 171 171 171 171 171 171 171 171 171 171 171 171 171 171 171 171 171 172 172 172 172 172 172 172 172 172 172 172 172 172 172 172 172 172 172 172 172 172 172 172 172 172 172 172 172 172 172 172 172 172 172 172 172 172 172 172 172 172 172 173 173 173 173 173 173 173 173 173 173 173 173 173 173 173 173 173 173 173 173 173 173 173 172 173 173 173 173 172 173 173 173 173 173 173 173 173 173 173 173 173 173 173 173 172 172 172 172 172 172 172 173 173 173 172 172 172 173 173 173 172 172 172 172 172 172 172 172 172 173 173 172 172 172 172 172 172 172 172 172 172 172 172 173 173 173 173 173 173 173 172 172 172 172 172 173 173 173 173 173 173 173 173 173 173 173 173 173 173 173 173 173 173 173 173 173 173 173 173 173 173 173 173 173 173 173 173 173 173 173 173 173 173 173 173 173 173 173 173 172 172 172 172 172 172 172 172 172 172 172 172 172 172 172 172 172 172 172 172 172 172 172 172 172 172 171 171 171 171 171 171 171 171 171 171 171 171 171 170 170 170 170 170 171 171 170 170 170 170 169 169 169 169 169 169 169 169 169 169 169 169 158 158 159 159 159 158 158 158 157 157 171 171 171 171 171 171 171 171 171 171 171 171 171 171 171 171 171 171 171 171 171 171 171 171 171 171 171 171 171 171 171 171 171 171 171 171 171 172 172 172 172 172 172 172 172 172 172 172 172 172 172 172 172 172 172 172 172 172 172 172 172 172 172 172 172 172 172 172 172 172 172 172 172 172 172 172 172 172 172 172 173 173 173 173 173 173 172 172 172 172 172 172 172 172 172 172 172 172 172 172 172 172 172 173 172 172 173 172 172 173 173 173 173 173 173 173 173 173 173 173 172 172 172 172 172 172 172 172 172 172 173 173 173 172 172 172 173 173 172 172 172 172 172 172 172 172 172 173 173 172 172 172 172 172 172 172 172 172 172 172 172 173 173 172 172 172 172 172 172 172 172 172 172 172 173 173 173 173 173 173 173 173 173 173 173 173 173 173 173 173 173 173 173 173 173 173 173 173 173 173 173 173 173 173 173 173 173 173 173 173 173 173 173 173 173 172 172 172 172 172 172 172 172 172 172 172 172 172 172 172 172 172 172 172 172 172 172 172 172 172 172 172 171 171 171 171 171 171 171 171 171 171 171 171 171 171 171 170 170 170 170 170 170 170 170 169 169 169 169 169 169 169 169 169 169 169 169 169 169 158 158 158 158 158 159 159 158 158 157 157 156 156 171 171 171 171 171 171 171 171 171 171 171 171 171 171 171 171 171 171 171 171 171 171 171 171 171 171 171 171 171 171 171 171 171 171 171 171 172 172 172 172 172 172 172 172 172 172 172 172 172 172 172 172 172 172 172 172 172 172 172 172 172 172 172 172 172 172 172 172 172 172 172 172 172 172 172 172 172 172 172 172 172 172 172 172 173 172 172 172 172 172 172 172 172 172 172 172 172 172 172 172 172 172 172 172 172 172 172 172 172 172 172 173 173 173 173 172 172 172 172 172 172 172 172 172 172 172 172 172 172 172 172 172 173 172 172 172 173 173 172 172 172 172 172 172 172 172 172 172 172 172 172 172 172 172 172 172 172 172 172 172 172 173 173 172 172 172 172 172 172 172 172 172 172 172 172 172 172 172 172 173 172 172 172 173 172 172 173 173 173 173 173 173 173 173 173 173 173 173 173 173 173 173 173 173 173 173 173 173 173 173 173 173 173 172 172 172 172 172 172 172 172 172 172 172 172 172 172 172 172 172 172 172 172 172 172 172 172 172 172 172 172 171 171 171 171 171 171 171 171 171 171 171 171 171 171 171 171 170 170 170 170 170 170 170 170 169 169 169 169 169 169 169 169 169 169 169 169 168 168 169 158 158 159 159 159 159 159 159 158 158 158 158 157 156 156 170 170 170 171 170 170 170 170 170 170 170 170 170 171 171 171 171 171 171 170 171 171 171 171 171 171 171 171 171 171 171 171 171 171 171 171 171 171 172 172 172 172 172 172 172 172 172 172 172 172 172 172 172 172 172 172 172 172 172 172 172 172 172 172 172 172 172 172 172 172 172 172 172 172 172 172 172 172 172 172 172 172 172 172 172 172 172 172 172 172 172 172 172 172 172 172 172 172 172 172 172 172 172 172 172 172 172 172 172 172 172 172 172 172 172 172 172 172 172 172 172 172 172 172 172 172 172 172 172 173 172 172 172 172 173 172 172 173 173 172 172 172 172 172 172 172 172 172 172 172 172 172 172 172 172 172 172 172 172 172 172 172 173 173 172 172 172 172 172 172 172 172 172 172 172 172 172 172 172 172 172 172 172 172 172 172 172 173 173 173 173 173 173 173 173 173 172 172 172 172 173 173 173 173 173 173 173 173 173 173 173 172 172 172 172 172 172 172 172 172 172 172 172 172 172 172 172 172 172 172 172 172 172 172 172 172 172 172 172 172 172 172 171 171 171 171 171 171 171 171 171 171 171 171 170 170 170 170 170 170 170 170 170 170 170 169 169 169 169 169 169 169 169 169 169 169 169 169 169 168 168 168 159 159 159 159 159 159 159 159 158 158 159 159 159 159 159 158 158 158 158 157 156 156 156 170 170 170 170 170 170 170 170 170 170 170 170 170 170 170 170 171 170 170 170 171 171 171 171 171 171 171 171 171 171 171 171 171 171 171 171 172 172 172 171 172 172 172 171 172 172 172 172 172 172 172 172 172 172 172 172 172 172 172 172 172 172 172 172 172 172 172 172 172 172 172 172 172 172 172 172 172 172 172 172 172 172 172 172 172 172 172 172 172 172 172 172 172 172 172 172 172 172 172 172 172 172 172 172 172 172 172 172 172 172 172 172 172 172 172 172 172 172 172 172 172 172 172 172 172 172 172 172 172 172 172 172 172 172 172 172 173 173 173 173 172 172 172 172 172 172 172 172 172 172 172 172 172 172 172 172 172 172 172 172 172 172 173 172 172 172 172 172 172 172 172 172 172 172 172 172 172 172 172 172 172 172 172 172 172 172 173 172 172 172 172 172 172 172 172 172 172 172 172 172 172 173 173 173 173 173 173 173 173 172 172 172 172 172 172 172 172 172 172 172 172 172 172 172 172 172 172 172 172 172 172 172 172 172 172 172 172 172 171 171 171 171 171 171 171 171 171 171 171 171 171 171 171 170 170 170 170 170 170 170 170 170 170 170 169 169 169 169 169 169 169 169 169 169 169 169 169 168 169 168 168 168 168 168 168 167 167 167 167 159 160 160 160 159 159 159 159 159 159 158 159 159 158 159 159 159 159 159 159 158 158 157 157 157 156 156 156 170 170 170 170 170 170 170 170 170 170 170 170 170 170 170 170 170 170 170 170 170 170 170 170 170 171 171 171 171 171 171 171 171 171 171 171 171 171 171 171 171 171 171 171 171 171 171 172 172 172 172 172 172 172 172 172 172 172 172 172 172 172 172 172 172 172 172 172 172 172 172 172 172 172 172 172 172 172 172 172 172 172 172 172 172 172 172 172 172 172 172 172 172 172 172 172 172 172 172 172 172 172 172 172 172 172 172 172 172 172 172 172 172 172 172 172 172 172 172 172 172 172 172 172 172 172 172 172 172 172 172 172 172 172 172 172 172 172 172 173 173 173 173 172 172 172 172 172 172 172 172 172 172 172 172 172 172 172 172 172 172 172 172 172 172 172 172 172 172 172 172 172 172 172 172 172 172 172 172 172 172 172 172 172 172 172 172 172 172 172 172 172 172 172 172 172 172 172 172 172 172 172 172 172 172 172 173 173 173 173 172 172 172 172 172 172 172 172 172 172 172 172 172 172 172 172 172 172 172 172 172 172 172 172 171 171 172 172 172 171 171 171 171 171 171 171 171 171 171 171 171 171 171 171 171 171 171 170 170 170 170 170 170 170 170 170 170 169 169 169 169 169 169 169 169 169 169 169 169 169 168 169 169 168 168 168 168 168 168 168 167 167 167 167 166 166 166 166 166 166 166 166 166 166 166 165 165 165 160 160 160 160 160 160 160 159 160 159 159 159 159 159 159 159 159 159 159 159 158 158 157 157 157 157 156 156 156 170 170 170 170 170 170 170 170 170 170 170 170 170 170 170 170 170 170 170 170 170 170 170 170 170 170 170 171 171 171 171 171 171 171 171 171 171 171 171 171 171 171 171 171 172 171 171 171 171 172 172 172 171 172 172 172 172 172 172 172 172 172 172 172 172 172 172 172 172 172 172 172 172 172 172 172 172 172 172 172 172 172 172 172 172 172 172 172 172 172 172 172 172 172 172 172 172 172 172 172 172 172 172 172 172 172 172 172 172 172 172 172 172 172 172 172 172 172 172 172 172 172 172 172 172 172 172 172 172 172 172 172 172 172 172 172 172 172 173 173 173 173 173 172 172 172 172 172 172 172 172 172 172 172 172 172 172 172 172 172 172 172 172 172 172 172 172 172 172 172 172 172 172 172 172 172 172 172 172 172 172 172 172 172 172 172 172 172 172 172 173 173 172 173 173 172 172 172 172 172 172 172 172 172 172 172 172 172 172 172 172 172 172 172 172 172 172 172 172 172 172 172 172 172 172 172 172 172 172 172 172 172 172 171 171 171 172 171 171 171 171 171 171 171 171 171 171 171 171 171 171 171 171 171 171 171 171 171 170 171 170 170 170 170 170 169 169 169 169 169 169 169 169 169 169 169 169 169 169 168 169 169 168 168 168 168 168 168 168 167 167 167 167 167 167 167 167 167 167 166 166 166 166 166 166 165 165 165 165 165 165 165 165 165 165 165 159 160 160 160 160 160 160 160 160 160 160 160 159 159 159 159 159 159 159 159 158 158 158 157 158 157 157 156 156 156 156 170 170 170 170 170 170 170 170 170 170 170 170 170 170 170 170 170 170 170 170 170 171 171 170 170 171 171 170 171 171 171 171 171 171 171 171 171 171 171 171 171 171 171 171 171 171 171 171 171 172 171 172 172 172 172 172 172 172 172 172 172 172 172 172 172 172 172 172 172 172 172 172 172 172 172 172 172 172 172 172 172 172 172 172 172 172 172 172 172 172 172 172 172 172 172 172 172 172 172 172 172 172 172 172 172 172 172 172 172 172 172 172 172 172 172 172 172 172 172 172 172 172 172 172 172 172 172 172 172 172 172 172 172 172 172 172 172 172 172 173 173 173 173 173 172 172 172 172 172 172 172 172 172 172 172 172 172 172 172 172 172 172 172 172 172 172 172 172 172 172 172 172 172 172 172 172 172 172 172 172 172 172 172 172 172 172 172 172 172 172 172 173 173 173 173 172 173 172 173 173 172 172 172 172 172 172 172 172 172 172 172 172 172 172 172 172 172 172 172 172 172 172 172 172 172 172 172 172 172 172 172 171 171 172 171 171 171 171 171 171 171 171 171 171 171 171 171 171 171 171 171 171 171 171 171 171 170 170 170 170 170 170 170 170 170 170 169 169 169 169 169 169 169 169 169 169 169 169 169 169 168 168 168 168 168 168 168 168 168 168 168 168 168 168 168 167 167 167 166 166 166 166 166 166 167 166 166 166 166 165 165 166 165 165 165 165 165 165 165 165 164 164 164 159 160 160 160 160 160 160 160 160 160 160 160 159 159 159 159 159 159 159 159 158 158 158 158 158 157 156 156 156 156 156 156 156 170 170 170 170 170 170 170 170 170 170 170 170 170 170 170 170 170 170 170 170 170 170 171 171 170 170 170 171 171 170 170 170 170 171 171 171 171 171 171 171 171 171 171 171 171 171 171 171 171 171 171 171 171 171 171 171 171 171 171 171 171 172 172 172 172 171 172 172 172 172 172 172 172 172 172 172 172 172 172 172 172 172 172 172 172 172 172 172 172 172 172 172 172 172 172 172 172 172 172 172 172 172 172 172 172 172 172 172 172 172 172 172 172 172 172 172 172 172 172 172 172 172 172 172 172 172 172 172 172 172 172 172 172 172 172 172 172 172 172 172 172 172 172 172 172 172 172 172 172 172 172 172 172 172 172 172 172 172 172 172 172 172 172 172 172 172 172 172 172 172 172 172 172 172 172 172 172 172 172 172 172 172 172 172 172 172 172 172 172 172 172 173 173 173 173 173 173 173 173 173 173 172 172 172 172 172 172 172 172 172 172 172 172 172 172 172 172 172 172 172 172 172 172 172 172 172 172 172 172 172 172 172 172 171 171 171 171 171 171 171 171 171 171 171 171 171 171 171 171 171 171 171 171 171 171 171 171 171 170 170 170 170 170 170 170 170 170 170 169 169 169 169 169 169 169 169 169 169 169 169 168 168 168 168 168 168 168 168 168 168 168 168 168 168 168 168 167 167 167 167 167 166 166 167 166 166 166 166 167 166 165 165 166 166 165 166 165 166 165 165 165 165 165 164 164 164 164 164 164 163 163 160 160 160 160 160 160 160 160 160 160 160 160 160 159 159 159 159 159 159 159 159 158 158 158 158 157 157 157 156 156 156 156 156 156 156 155 155 170 170 170 170 170 170 170 170 170 170 170 170 170 170 170 170 170 170 170 170 171 171 171 171 171 171 171 171 171 171 170 170 170 170 170 170 171 171 171 171 171 171 171 171 171 171 171 171 171 171 171 171 171 171 171 171 171 171 171 171 171 171 172 172 172 171 171 171 172 172 172 172 172 172 172 172 172 172 172 172 172 172 172 172 172 172 172 172 172 172 172 172 172 172 172 172 172 172 172 172 172 172 172 172 172 172 172 172 172 172 172 172 172 172 172 172 172 172 172 172 172 172 172 172 172 172 172 172 172 172 172 172 172 172 172 172 172 172 172 172 172 172 172 172 172 172 172 172 172 172 172 172 172 172 172 172 172 172 172 172 172 172 172 172 172 172 172 172 172 172 172 172 172 172 172 172 172 172 172 172 172 172 172 172 172 172 172 172 172 172 172 172 172 173 173 173 173 173 173 173 173 173 172 172 172 172 172 172 172 172 172 172 172 172 172 172 172 172 172 172 172 172 172 172 172 172 172 172 172 172 172 172 172 172 172 171 171 171 171 171 171 171 171 171 171 171 171 171 171 171 171 171 171 171 171 171 171 171 171 171 171 170 170 170 170 170 170 170 170 170 169 169 169 169 169 169 169 169 169 169 169 169 168 168 168 168 168 168 168 168 168 168 168 168 168 168 168 167 167 167 168 168 167 167 167 167 166 167 167 166 166 166 165 165 166 166 166 166 166 165 165 164 165 165 165 164 165 164 164 164 165 164 163 160 160 160 160 160 160 160 160 160 160 160 160 160 160 159 159 159 159 159 159 159 159 158 158 158 157 157 157 157 157 156 156 156 156 156 156 156 156 155 155 170 170 170 170 170 170 170 170 170 170 170 170 170 170 170 170 170 170 170 170 170 170 170 170 171 171 171 170 171 171 171 171 171 171 170 170 170 171 171 171 171 171 171 171 171 171 171 171 171 171 171 171 171 171 171 171 171 171 171 171 171 171 171 171 171 171 172 171 172 172 172 172 172 172 172 172 172 172 172 172 172 172 172 172 172 172 172 172 172 172 172 172 172 172 172 172 172 172 172 172 172 172 172 172 172 172 172 172 172 172 172 172 172 172 172 172 172 172 172 172 172 172 172 172 172 172 172 172 172 172 172 172 172 172 172 172 172 172 172 172 172 172 172 172 172 172 172 172 172 172 172 172 172 172 172 172 172 172 172 172 172 172 172 172 172 172 172 172 172 172 172 172 172 172 172 172 172 172 172 172 172 172 172 172 172 172 172 172 172 172 172 172 172 172 172 172 172 172 172 172 172 172 172 172 172 172 172 172 172 172 172 172 172 172 172 172 172 172 172 172 172 172 172 172 172 172 172 172 172 172 172 172 172 172 172 171 171 171 171 171 171 171 171 171 171 171 171 171 171 171 171 171 171 171 171 171 171 171 171 171 171 170 170 170 170 170 170 170 170 170 169 169 169 169 169 169 169 169 169 169 169 168 168 168 168 168 168 168 168 168 168 168 168 168 168 167 167 167 167 167 167 167 167 167 167 167 167 167 167 167 166 166 165 166 166 166 166 166 166 165 165 165 165 165 165 164 165 164 164 164 164 164 163 160 160 160 160 161 160 160 160 160 160 160 160 160 160 159 159 159 159 158 158 158 158 158 158 158 157 157 157 157 157 157 156 156 156 156 156 156 155 155 155 155 155 155 155 155 155 155 155 154 170 170 170 170 170 170 170 170 170 170 170 170 170 170 170 170 170 170 170 170 170 170 170 170 170 170 170 170 170 170 170 171 171 171 170 170 170 170 171 171 171 171 171 171 171 171 171 171 171 171 171 171 171 171 171 171 171 171 171 171 171 171 171 171 171 171 171 171 171 172 172 172 171 172 172 172 172 172 172 172 172 172 172 172 172 172 172 172 172 172 172 172 172 172 172 172 172 172 172 172 172 172 172 172 172 172 172 172 172 172 172 172 172 172 172 172 172 172 172 172 172 172 172 172 172 172 172 172 172 172 172 172 172 172 172 172 172 172 172 172 172 172 172 172 172 172 172 172 172 172 172 172 172 172 172 172 172 172 172 172 172 172 172 172 172 172 172 172 172 172 172 172 172 172 172 172 172 172 172 172 172 172 172 172 172 172 172 172 172 172 172 172 172 172 172 172 172 172 172 172 172 172 172 172 172 172 172 172 172 172 172 172 172 172 172 172 172 172 172 172 172 172 172 172 172 172 172 172 172 172 172 172 172 172 171 171 171 171 171 171 171 171 171 171 171 171 171 171 171 171 171 171 171 171 171 171 171 171 171 171 170 170 170 170 170 170 170 170 170 170 170 169 169 169 169 169 169 169 169 169 168 168 168 168 168 168 168 168 168 168 168 168 168 168 167 167 168 168 168 168 167 167 167 167 167 167 167 167 167 167 166 165 166 166 166 166 165 165 165 165 165 165 165 165 165 165 165 164 164 164 164 164 164 163 159 159 160 160 160 160 160 160 160 160 160 160 160 159 159 159 159 159 159 159 159 158 158 158 158 157 157 157 157 157 157 157 157 156 156 156 156 156 155 155 155 155 155 155 155 155 155 154 154 154 154 154 169 170 170 170 170 170 170 170 170 170 170 170 170 170 170 170 170 170 170 170 170 170 170 170 170 170 170 170 170 170 170 170 170 171 171 171 170 170 170 170 171 171 171 171 171 171 171 171 171 171 171 171 171 171 171 171 171 171 171 171 171 171 171 171 171 171 171 171 171 171 172 172 171 172 171 172 172 172 172 172 172 172 172 172 172 172 172 172 172 172 172 172 172 172 172 172 172 172 172 172 172 172 172 172 172 172 172 172 172 172 172 172 172 172 172 172 172 172 172 172 172 172 172 172 172 172 172 172 172 172 172 172 172 172 172 172 172 172 172 172 172 172 172 172 172 172 172 172 172 172 172 172 172 172 172 172 172 172 172 172 172 172 172 172 172 172 172 172 172 172 172 172 172 172 172 172 172 172 172 172 172 172 172 172 172 172 172 172 172 172 172 172 172 171 172 172 172 172 172 172 172 172 172 172 172 172 172 172 172 172 172 172 172 172 172 172 172 172 172 172 172 172 172 172 172 172 172 172 172 172 172 172 172 172 172 171 171 171 171 171 171 171 171 171 171 171 171 171 171 171 171 171 171 171 171 171 170 170 171 171 170 170 170 170 170 170 170 170 170 170 170 170 169 169 169 169 169 169 169 169 169 169 168 168 168 168 168 168 168 168 167 168 168 168 167 167 168 168 168 168 168 167 167 167 167 167 167 167 167 167 167 166 166 166 166 166 165 166 165 165 166 165 165 164 165 165 165 165 164 164 164 164 164 165 163 162 159 160 161 161 161 160 160 160 160 160 160 160 160 159 159 159 159 159 159 159 158 158 158 158 158 157 157 157 157 157 157 157 157 157 156 156 156 156 156 155 155 155 155 155 155 155 155 155 155 154 154 154 154 154 169 169 170 170 170 170 170 170 170 170 170 170 170 170 169 169 170 170 170 170 170 170 170 170 170 170 170 170 170 170 170 170 170 170 170 170 171 171 171 170 170 171 171 171 171 171 171 171 171 171 171 171 171 171 171 171 171 171 171 171 171 171 171 171 171 171 171 171 171 171 171 172 171 171 171 171 171 172 172 172 172 172 172 172 172 172 172 172 172 172 172 172 172 172 172 172 172 172 172 172 172 172 172 172 172 172 172 172 172 172 172 172 172 172 172 172 172 172 172 172 172 172 172 172 172 172 172 172 172 172 172 172 172 172 172 172 172 172 172 172 172 172 172 172 172 172 172 172 172 172 172 172 172 172 172 172 172 172 172 172 172 172 172 172 172 172 172 172 172 172 172 172 172 172 172 172 172 172 172 172 172 172 171 172 172 171 171 172 172 171 171 171 171 171 171 172 172 172 172 172 172 172 172 172 172 172 172 172 172 172 172 172 172 172 172 172 172 172 172 172 172 172 172 172 172 172 172 172 172 172 172 172 172 172 172 172 171 171 171 171 171 171 171 171 171 171 171 171 171 171 171 171 171 171 171 171 171 170 170 170 170 170 171 170 170 170 170 170 170 170 170 170 169 169 169 169 169 169 169 169 168 169 169 169 168 168 168 168 168 168 168 168 167 167 167 167 168 167 168 167 167 167 167 167 167 167 167 167 167 167 167 167 166 167 167 167 166 166 166 166 165 166 166 165 164 165 165 165 165 165 164 164 164 164 164 164 164 162 159 160 161 161 160 160 160 160 160 160 160 160 160 159 159 159 159 158 158 158 158 158 158 158 158 157 157 157 157 157 157 157 157 157 156 156 156 156 156 156 156 155 155 155 155 155 155 155 155 155 155 154 154 154 154 154 169 169 170 170 170 170 170 170 170 170 170 170 170 169 169 169 169 169 169 170 170 169 169 169 169 169 169 169 170 170 170 170 170 170 170 170 170 170 171 170 170 170 170 170 170 170 170 170 170 170 170 170 171 170 171 171 171 171 171 171 171 171 171 171 171 171 171 171 171 171 171 171 171 171 171 171 171 171 171 171 171 171 171 171 171 171 171 171 171 171 171 171 171 171 171 171 171 171 171 171 172 172 172 172 172 172 172 172 172 172 172 172 171 171 171 172 172 172 172 172 171 171 171 171 171 171 171 171 172 171 171 171 172 172 172 172 171 171 171 172 171 171 171 171 171 171 171 171 171 171 171 171 171 171 172 172 171 171 171 171 171 171 171 171 171 171 171 171 171 171 171 171 171 171 171 171 171 171 171 171 171 170 170 170 170 170 170 170 170 170 170 170 170 170 171 171 171 171 171 171 171 171 171 171 171 170 170 170 170 170 171 170 170 170 171 171 171 171 171 171 171 171 171 171 170 170 170 170 170 170 170 170 170 170 170 170 170 170 170 170 170 170 170 170 169 170 170 170 170 170 170 170 170 170 170 170 170 170 170 170 170 170 170 170 170 170 169 169 169 169 169 169 169 169 169 168 168 168 168 168 168 168 168 168 168 168 168 168 167 168 168 167 167 167 167 167 167 167 167 167 167 167 167 166 167 167 167 167 167 167 166 167 166 167 167 166 166 166 166 166 165 166 165 165 164 165 165 165 165 165 164 164 164 164 164 164 163 162 159 160 160 160 161 160 160 160 160 160 160 160 160 160 159 159 159 159 158 158 158 158 158 158 158 158 158 157 157 157 156 157 157 157 156 156 156 156 156 156 156 156 155 155 155 155 155 155 155 155 155 155 155 154 154 154 154 154 154 169 169 169 169 169 169 169 170 170 170 170 169 169 169 169 170 170 170 170 170 170 170 170 170 170 170 170 170 170 170 170 170 170 170 170 170 170 170 170 170 170 170 170 170 170 170 170 170 170 170 170 170 170 170 170 170 171 171 171 171 171 171 171 171 171 171 171 171 171 171 171 171 171 171 171 171 171 171 171 171 171 171 171 171 171 171 171 171 171 171 171 171 171 171 171 171 171 171 171 171 171 171 171 172 172 172 172 172 172 172 172 172 172 172 171 171 171 171 171 172 172 172 172 171 171 171 171 171 172 171 171 171 171 171 172 172 172 172 171 171 171 171 171 171 171 171 171 171 171 171 171 171 171 171 171 171 171 172 172 171 171 171 171 171 171 171 171 171 171 171 171 171 171 171 171 171 171 171 171 171 171 170 170 170 170 170 171 170 170 170 171 171 170 170 170 170 171 171 171 171 171 171 171 171 171 171 171 170 170 171 171 171 171 171 170 170 170 170 171 171 171 171 171 170 171 170 170 170 170 170 170 170 170 170 170 170 170 170 170 170 170 170 169 169 170 170 170 169 170 170 170 170 170 170 170 170 170 170 170 170 170 170 170 170 170 169 170 170 170 170 169 169 169 169 169 169 169 168 168 168 168 168 168 168 168 168 168 168 167 168 168 168 168 168 168 168 168 167 167 167 166 167 167 167 167 167 166 166 167 167 167 167 166 166 166 166 167 167 166 166 166 166 166 166 166 165 164 165 164 164 165 165 165 164 164 164 164 164 163 163 162 159 160 160 160 160 160 160 160 160 160 160 160 160 160 160 159 159 159 159 158 158 158 158 158 157 158 158 157 157 157 156 157 156 156 156 156 156 156 156 156 156 156 155 155 155 155 155 155 155 155 155 155 155 154 154 154 154 154 154 154 154 169 169 169 169 169 169 169 169 169 169 169 169 169 169 169 169 169 170 170 170 170 170 170 170 170 170 170 170 170 170 170 170 170 170 170 170 170 170 170 170 170 170 170 170 170 170 170 170 170 170 170 170 170 170 170 171 171 170 171 170 171 171 171 171 171 171 171 171 171 171 171 171 171 171 171 171 171 171 171 171 171 171 171 171 171 171 171 171 171 171 171 171 171 171 171 171 171 171 171 171 171 171 171 171 172 172 172 172 172 172 172 171 171 171 171 171 171 171 171 171 172 172 172 171 171 171 171 171 171 171 171 171 171 171 172 171 172 171 171 171 171 171 171 171 171 171 171 171 171 171 171 171 171 171 171 171 171 171 171 171 171 171 171 171 171 171 171 171 171 171 171 171 171 171 170 170 171 171 170 171 171 170 171 171 170 170 171 170 170 170 171 171 170 171 171 171 171 171 171 171 171 171 171 171 171 171 171 171 170 171 171 171 171 171 170 170 170 170 170 171 171 171 170 170 170 170 170 170 170 170 170 170 170 170 170 170 170 170 170 170 170 169 169 170 170 170 170 169 170 170 170 170 170 170 170 170 170 170 170 170 170 170 170 170 169 169 169 169 169 170 170 169 169 169 169 169 169 169 168 168 168 168 168 168 168 168 168 167 167 167 167 167 167 167 167 167 167 166 166 166 166 167 167 167 167 167 167 167 167 167 166 166 166 166 166 166 167 166 166 166 166 166 166 165 165 165 165 165 164 164 165 165 165 165 164 164 164 163 163 163 162 162 159 159 160 160 160 160 160 160 160 160 160 160 160 160 160 160 159 159 159 159 158 158 158 158 157 157 157 157 157 157 157 156 157 157 157 156 156 156 156 156 156 155 155 155 155 155 155 155 155 155 155 155 154 154 154 154 154 154 154 154 154 154 153 169 169 169 169 169 169 169 169 169 169 169 169 169 169 169 169 169 169 169 169 169 169 169 169 169 170 170 170 170 170 170 170 170 170 170 170 170 170 170 170 170 170 170 170 170 170 170 170 170 170 170 170 170 170 170 170 171 170 170 171 171 171 171 171 170 171 171 171 171 171 171 171 171 171 171 171 171 171 171 171 171 171 171 171 171 171 171 171 171 171 171 171 171 171 171 171 171 171 171 171 171 171 171 171 171 171 171 171 171 171 171 171 171 171 171 171 171 171 171 171 171 171 171 171 171 171 171 171 171 171 171 171 171 171 171 171 171 171 171 171 171 171 171 171 171 171 171 171 171 171 171 171 171 171 171 171 171 171 171 171 171 171 171 171 171 171 171 171 171 171 171 171 171 171 171 171 170 170 171 171 170 170 171 170 170 171 171 170 170 171 171 171 171 171 171 171 171 171 171 171 171 171 171 171 171 171 171 170 171 171 171 171 171 170 170 170 170 170 170 170 170 170 170 170 170 170 170 170 170 170 170 170 170 170 170 170 170 170 170 170 169 169 170 170 170 169 169 170 170 170 170 170 170 170 170 170 170 170 170 170 170 170 169 170 170 170 170 169 169 169 169 169 169 169 169 169 169 168 168 168 168 168 168 168 168 167 167 167 167 167 167 167 167 167 167 166 166 166 166 167 167 167 167 167 167 167 167 167 167 166 166 166 166 166 166 166 166 166 166 165 165 165 165 165 165 165 165 165 164 164 165 165 165 164 164 163 163 162 162 163 162 159 159 160 160 160 160 160 160 160 160 160 160 160 160 159 159 159 159 159 159 159 159 158 158 158 158 157 157 157 157 157 156 156 157 157 156 156 156 156 156 155 155 155 155 155 155 155 155 155 155 155 154 154 154 154 154 154 154 154 154 154 154 154 153 169 169 169 169 169 169 169 169 169 169 169 169 169 169 169 169 169 169 169 169 169 169 169 169 169 169 170 170 170 170 170 170 170 170 170 170 170 170 170 170 170 170 170 170 170 170 170 170 170 170 170 170 170 170 170 170 170 170 170 171 170 170 171 170 170 171 171 171 171 170 170 170 170 171 171 171 171 171 171 171 171 171 171 171 171 171 171 171 171 171 171 171 171 171 171 171 171 171 171 171 171 171 171 171 171 171 171 171 171 171 171 171 171 171 171 171 171 171 171 171 171 171 171 171 171 171 171 171 171 171 171 171 171 171 171 171 171 171 171 171 171 171 171 171 171 171 171 171 171 171 171 171 171 171 171 171 171 171 171 171 171 171 171 171 171 171 171 171 171 171 171 171 171 171 171 171 171 170 170 171 170 170 171 170 170 170 171 171 171 171 171 171 171 171 171 171 171 171 171 171 171 171 171 171 171 171 171 171 171 171 171 171 170 170 170 170 170 170 170 170 170 170 170 170 170 170 170 170 170 170 170 170 170 170 170 170 170 170 170 170 169 169 170 170 170 170 170 170 170 170 170 170 170 170 170 170 170 170 170 170 170 170 169 169 170 170 169 169 169 169 169 169 169 169 169 169 169 169 168 168 168 168 168 168 167 167 167 167 167 167 167 167 167 167 166 166 166 166 166 166 167 167 167 167 167 167 167 166 166 166 166 166 166 166 166 166 166 166 165 165 165 166 165 165 165 165 165 165 165 165 165 165 165 165 164 163 163 162 162 162 162 162 159 160 160 160 160 160 160 160 160 160 160 160 160 159 159 159 159 159 159 159 159 158 158 158 158 158 157 157 157 157 156 156 156 157 156 156 156 156 156 156 156 155 154 154 154 154 154 154 154 154 154 154 154 154 154 153 153 168 168 169 169 169 169 169 169 169 169 169 169 169 169 169 169 169 169 169 169 169 169 169 169 169 169 169 169 169 169 170 170 170 170 170 170 170 170 170 170 170 170 170 170 170 170 170 170 170 170 170 170 170 170 170 170 170 170 170 170 170 170 170 170 171 170 170 170 171 171 171 170 170 170 171 171 171 171 171 171 171 171 171 171 171 171 171 171 171 171 171 171 171 171 171 171 171 171 171 171 171 171 171 171 171 171 171 171 171 171 171 171 171 171 171 171 171 171 171 171 171 171 171 171 171 171 171 171 171 171 171 171 171 171 171 171 171 171 171 171 171 171 171 171 171 171 171 171 171 171 171 171 171 171 171 171 171 171 171 171 171 171 171 171 171 171 171 171 171 170 170 170 170 171 171 171 171 171 171 171 171 171 170 170 170 170 170 170 171 171 171 171 170 170 171 171 171 171 171 171 171 171 171 171 171 171 171 171 171 171 171 171 171 170 170 170 170 170 170 170 170 170 170 170 170 170 170 170 170 170 170 170 170 170 170 170 170 170 170 170 170 170 169 169 170 170 170 170 170 170 170 170 170 170 170 170 170 170 170 170 170 170 170 169 169 169 170 169 169 169 169 169 169 169 169 169 169 169 169 169 169 168 168 168 168 168 167 167 167 167 167 167 167 167 167 167 166 166 166 166 166 166 167 167 167 166 166 166 166 166 166 166 166 166 166 166 166 166 166 166 165 165 165 165 165 165 165 165 165 165 165 165 165 165 164 165 164 164 163 163 163 162 162 162 162 159 160 160 160 160 160 160 160 160 161 160 160 160 160 159 159 159 159 159 158 158 158 158 158 158 158 158 157 157 157 157 156 156 156 156 156 156 156 156 156 156 156 154 154 154 154 154 154 154 154 154 154 154 153 153 168 168 168 168 169 168 169 169 169 169 169 169 169 169 169 169 169 169 169 169 169 169 169 169 169 169 169 169 169 169 170 170 170 170 169 169 170 170 170 170 170 170 170 170 170 170 170 170 170 170 170 170 170 170 170 170 170 170 170 170 170 170 170 170 171 170 171 171 171 171 171 171 171 171 171 171 171 171 171 171 171 171 171 171 171 171 171 171 171 171 171 171 171 171 171 171 171 171 171 171 171 171 171 171 171 171 171 171 171 171 171 171 171 171 171 171 171 171 171 171 171 171 171 171 171 171 171 171 171 171 171 171 171 171 171 171 171 171 171 171 171 171 171 171 171 171 171 171 171 171 171 171 171 171 171 171 171 171 171 171 171 171 171 171 171 171 171 170 170 170 170 170 170 170 171 170 170 171 171 171 171 171 170 170 170 170 170 170 171 171 170 171 171 171 170 170 170 170 170 170 170 170 170 170 170 170 170 170 170 170 170 170 170 170 170 170 170 170 170 170 170 170 170 170 170 170 170 170 170 170 170 170 170 170 170 170 170 170 170 170 170 170 169 169 169 170 170 169 169 170 170 170 170 170 170 170 170 170 170 170 170 170 170 169 169 169 169 169 169 169 169 169 169 169 169 169 169 169 169 169 169 168 168 168 168 168 168 167 167 167 167 167 167 167 166 166 166 166 166 166 166 167 167 167 167 166 166 166 166 166 166 166 166 166 166 166 166 166 166 166 166 165 165 165 165 165 165 165 165 165 165 165 165 164 164 164 164 164 164 163 163 163 162 162 163 162 162 159 160 160 160 160 160 160 160 160 161 160 160 160 160 159 159 159 159 159 158 158 158 158 158 158 158 158 157 157 157 157 156 156 156 156 156 156 156 156 156 156 156 154 154 154 154 154 154 154 154 153 168 168 168 168 168 168 168 168 168 168 168 168 168 169 169 169 169 169 169 169 169 169 169 169 169 169 169 169 169 169 169 169 169 169 169 169 169 169 170 169 169 170 170 170 170 170 169 170 170 170 170 170 170 170 170 170 170 170 170 170 170 170 170 170 170 170 170 171 171 170 171 171 170 170 170 170 170 171 171 171 171 171 171 170 171 171 171 171 171 171 171 171 171 171 171 171 171 171 171 171 171 171 171 171 171 171 171 171 171 171 171 171 171 171 171 171 171 171 171 171 171 171 171 171 171 171 171 171 171 171 171 171 171 171 171 171 171 171 171 171 171 171 171 171 171 171 171 171 171 171 171 171 171 171 171 171 171 171 171 171 171 171 171 171 171 171 171 171 171 171 171 171 170 170 170 170 170 170 170 170 170 170 170 170 170 170 170 170 170 171 170 170 170 170 171 171 170 171 170 170 170 171 170 170 170 171 170 170 170 170 170 170 170 170 170 170 170 170 170 170 170 170 170 170 170 170 170 170 170 170 170 170 170 170 170 170 170 170 170 170 170 170 170 170 170 170 170 170 169 169 169 169 169 169 169 170 170 170 170 170 170 170 170 170 170 170 170 169 169 169 169 169 169 169 169 169 169 169 169 169 169 169 169 169 169 169 169 168 168 168 168 168 168 167 167 167 167 166 166 167 167 166 166 166 166 166 166 166 166 166 166 166 166 166 166 167 166 166 166 166 166 166 166 166 166 166 165 165 165 165 166 165 165 165 165 165 165 165 165 164 164 163 163 163 163 163 163 162 162 162 162 162 162 162 159 160 160 160 160 160 161 160 160 160 160 160 160 160 159 159 159 159 158 158 158 158 158 158 158 158 158 157 157 157 157 156 156 156 156 156 156 156 156 156 156 156 154 154 154 154 168 168 168 168 168 168 168 168 168 168 168 168 168 169 168 169 169 169 169 169 169 169 169 169 169 169 169 169 169 169 169 169 169 169 169 169 169 169 169 169 169 169 170 169 169 169 169 169 170 170 170 170 170 170 170 170 170 170 170 170 170 170 170 170 170 170 170 170 170 170 170 171 171 170 170 170 170 170 171 170 171 170 170 170 170 170 170 170 170 171 171 171 171 171 171 171 171 171 171 171 171 171 171 171 171 171 171 171 171 171 171 171 171 171 171 171 171 171 171 171 171 171 171 171 171 171 171 171 171 171 171 171 171 171 171 171 171 171 171 171 171 171 171 171 171 171 171 171 171 171 171 171 171 171 171 171 171 171 171 171 171 171 171 171 171 171 171 171 171 171 171 171 171 171 170 170 170 170 170 170 170 170 170 170 170 170 170 170 170 171 170 170 170 171 171 171 171 171 170 171 170 170 170 171 170 171 171 171 170 170 170 170 170 170 170 170 170 170 170 170 170 170 170 170 170 170 170 170 170 170 170 170 170 170 170 170 170 170 170 170 170 170 170 170 170 170 170 170 169 169 169 169 169 169 169 170 170 170 170 169 170 170 170 170 170 170 169 169 169 169 169 169 169 169 169 169 169 169 169 169 169 169 169 169 169 169 168 169 168 168 168 168 168 168 168 167 167 167 167 167 166 166 166 166 167 167 167 166 166 166 166 166 166 166 166 166 166 166 166 166 166 166 166 165 165 165 165 165 165 165 165 165 165 165 165 165 165 165 165 164 164 163 163 163 163 163 163 163 163 162 162 161 161 161 159 160 160 160 160 160 161 161 161 160 160 160 160 160 160 159 159 159 158 158 158 158 158 158 158 158 158 157 157 157 157 157 156 156 156 156 156 156 156 156 156 156 156 168 168 168 168 168 168 168 167 167 168 168 168 168 168 168 168 169 169 169 169 169 169 169 169 169 169 169 169 169 169 169 169 169 169 169 169 169 169 169 169 169 169 169 169 169 170 169 169 169 169 169 170 170 170 170 170 170 170 170 170 170 170 170 170 170 170 170 170 170 170 170 170 170 170 170 170 170 170 170 170 170 170 170 170 170 170 170 170 170 170 170 170 170 171 171 171 171 171 171 171 171 171 171 171 171 171 171 171 171 171 171 171 171 171 171 171 171 171 171 171 171 171 171 171 171 171 171 171 171 171 171 171 171 171 171 171 171 171 171 171 171 171 171 171 171 171 171 171 171 171 171 171 171 171 171 171 171 171 171 171 171 171 171 171 171 171 171 171 171 171 171 171 171 171 170 170 170 170 170 170 170 170 170 170 170 170 170 170 170 171 171 171 171 171 171 171 171 170 171 170 170 171 171 170 170 171 170 170 170 170 170 170 170 170 170 170 170 170 170 170 170 170 170 170 170 170 170 170 170 170 170 170 170 170 170 170 170 170 170 170 170 170 170 170 170 170 170 170 169 169 169 169 169 169 169 170 170 170 170 169 169 169 170 170 170 169 169 169 169 169 169 169 169 169 169 168 168 168 169 169 169 169 168 168 169 168 168 168 168 168 168 168 168 168 167 167 167 167 167 166 166 166 167 167 167 167 167 166 166 166 167 166 166 166 166 166 166 166 166 166 166 166 166 165 165 166 166 166 166 166 165 165 165 165 165 165 165 165 164 164 163 164 164 164 163 163 163 164 163 162 163 162 161 161 159 160 160 160 160 161 161 161 160 160 160 160 160 160 160 159 159 159 158 158 158 158 158 157 157 157 158 157 157 157 157 156 156 156 156 156 156 156 156 156 156 156 156 167 167 168 168 168 168 168 168 167 168 168 168 168 168 168 168 168 168 169 169 169 169 169 169 169 169 169 169 169 169 169 169 169 169 169 169 169 169 169 169 169 169 169 169 169 169 169 169 170 170 170 170 170 170 170 170 170 170 170 170 170 170 170 170 170 170 170 170 170 170 170 170 170 170 170 170 170 170 170 170 170 170 170 170 170 170 170 170 170 170 170 170 170 170 170 170 171 171 171 171 171 171 171 171 171 171 171 171 171 171 171 171 171 171 171 171 171 171 171 171 171 171 171 171 171 171 171 171 171 171 171 171 171 171 171 171 171 171 171 171 171 171 171 171 171 171 171 171 171 171 171 171 171 171 171 171 171 171 171 171 171 171 171 171 170 170 170 170 170 170 170 171 171 170 170 170 170 170 170 170 170 170 170 170 170 170 170 170 170 170 171 170 170 170 170 170 171 171 170 170 170 170 170 170 170 171 170 170 170 170 170 170 170 170 170 170 170 170 170 170 170 170 170 170 170 170 170 170 170 170 170 170 170 170 170 170 170 170 170 170 170 170 170 170 170 170 170 170 169 169 169 169 169 169 169 170 170 170 170 169 169 169 170 170 169 169 169 169 169 169 169 169 169 169 169 169 169 168 168 168 168 168 168 168 168 168 168 168 168 168 168 168 168 168 168 168 167 167 167 166 166 167 167 167 167 166 166 166 166 166 167 166 166 166 166 166 166 166 166 166 166 165 165 165 165 166 166 165 166 166 166 165 165 165 165 165 165 165 164 164 164 164 164 163 163 163 163 163 163 162 163 162 161 161 161 161 159 159 160 159 160 160 160 161 161 160 160 160 160 160 160 160 160 159 159 158 158 158 158 158 157 157 157 157 157 157 157 157 156 156 156 156 156 156 156 156 156 156 156 156 167 167 168 169 169 169 168 168 168 168 168 168 168 168 168 168 168 169 169 169 169 169 169 169 169 169 169 169 169 169 169 169 169 169 169 169 169 169 169 169 169 169 169 169 169 169 169 170 170 170 170 170 170 169 169 169 169 170 170 170 170 170 170 170 170 170 170 170 170 170 170 170 170 170 170 170 170 170 170 170 170 170 170 170 170 170 170 170 170 170 170 170 170 170 170 170 170 170 170 171 171 171 171 171 171 171 171 171 171 171 171 171 171 171 171 171 171 171 171 171 171 171 171 171 171 171 171 171 171 171 171 171 171 171 171 171 171 171 171 171 171 171 171 171 171 171 171 171 171 171 171 171 171 171 171 171 171 171 171 171 171 171 171 171 171 171 170 171 171 171 170 170 170 170 170 170 170 170 170 170 170 170 170 170 170 170 170 170 170 170 170 170 170 170 170 170 170 170 170 170 170 170 170 170 171 170 170 170 170 170 170 170 170 170 170 170 170 170 170 170 170 170 170 170 170 170 170 170 170 170 170 170 170 170 170 170 170 170 170 170 170 170 170 170 170 170 169 169 169 169 169 169 169 169 170 170 170 170 169 169 169 169 169 169 169 169 169 169 169 169 169 169 169 169 169 169 168 168 168 168 168 168 168 168 168 168 168 168 168 168 168 168 168 168 168 167 167 166 166 166 166 166 166 166 166 166 166 166 166 167 166 166 166 166 166 166 166 166 165 165 165 165 165 165 165 165 165 166 165 165 165 165 165 165 165 165 164 164 164 164 164 164 164 163 163 163 163 163 163 163 163 162 162 161 161 161 161 159 159 160 160 160 160 160 161 161 161 160 160 160 160 160 160 160 160 159 159 159 159 159 158 158 158 158 157 157 157 157 157 156 156 156 156 156 156 156 156 156 156 156 156 167 167 167 168 167 168 169 169 168 168 168 168 168 168 168 168 168 168 169 168 169 169 169 169 169 169 169 169 169 169 169 169 169 169 169 169 169 169 169 169 169 169 169 169 169 169 169 169 170 170 170 170 170 169 169 169 169 169 169 170 170 170 170 170 170 170 169 169 169 170 170 170 170 170 170 170 170 170 170 170 170 170 170 170 170 170 170 170 170 170 170 170 170 170 170 170 170 170 170 170 170 170 170 171 171 171 171 171 171 171 171 171 171 171 171 171 171 171 171 171 171 171 171 171 171 171 171 171 171 171 171 171 171 171 171 171 171 171 171 171 171 171 171 171 171 171 171 171 171 171 171 171 171 171 171 171 171 171 171 171 171 171 171 171 171 171 171 171 171 170 170 170 170 171 170 170 170 170 170 170 170 170 170 170 170 170 170 170 170 170 170 170 170 170 170 170 170 170 170 170 170 170 170 170 170 170 170 170 170 170 170 170 170 170 170 170 170 170 170 170 170 170 170 170 170 170 170 170 169 170 170 170 170 170 170 170 170 170 170 170 170 170 170 170 169 169 169 169 169 169 169 169 169 169 170 170 170 170 169 169 169 169 169 169 169 169 169 169 169 169 169 169 169 169 169 169 169 168 168 168 168 168 168 168 168 168 168 168 168 168 168 168 168 168 168 167 167 167 167 166 167 167 166 166 166 166 166 166 167 167 166 166 166 166 166 166 165 165 165 165 165 165 165 165 165 165 165 165 165 165 165 165 165 165 165 165 165 164 164 164 164 164 164 163 163 163 163 163 163 163 162 162 162 162 161 161 161 161 159 159 160 160 160 160 160 160 161 161 161 161 160 160 160 160 160 160 160 160 159 159 159 159 158 158 158 158 157 157 157 157 157 156 157 156 156 156 156 156 156 156 167 167 167 167 168 168 168 168 168 168 168 168 169 169 168 168 168 168 168 168 168 169 169 169 169 169 168 169 169 169 169 169 169 169 169 169 169 169 169 169 169 169 169 169 169 169 169 169 169 169 170 170 170 169 169 169 169 169 169 170 170 170 170 170 170 169 170 169 169 169 169 169 169 169 170 170 170 170 170 170 170 170 170 170 170 170 170 170 170 170 170 170 170 170 170 170 170 170 170 170 170 170 170 171 171 171 171 171 171 171 171 171 171 171 171 171 171 171 171 171 171 171 171 171 171 171 171 171 171 171 171 170 170 171 171 171 171 171 171 171 171 171 171 171 171 171 171 171 171 171 171 171 171 171 171 171 171 171 171 171 171 171 171 171 171 171 170 170 170 170 171 171 171 170 170 170 170 170 170 170 170 170 170 170 170 170 170 170 170 170 170 170 170 170 170 170 170 170 170 170 170 170 170 170 170 170 170 170 170 170 170 170 170 170 170 170 170 170 170 170 170 170 170 170 170 170 170 169 169 170 170 170 170 170 170 170 170 170 170 170 170 170 169 169 169 169 169 169 169 169 169 169 169 170 170 169 169 169 169 169 169 169 169 169 169 169 169 169 169 169 169 169 169 169 169 169 168 168 168 168 168 168 168 168 168 168 168 168 168 168 168 168 168 168 167 167 167 167 167 167 167 166 166 166 166 166 166 166 166 166 166 166 166 166 165 165 165 166 165 166 166 166 165 165 165 165 165 165 165 165 165 165 165 165 165 165 165 165 165 164 164 164 164 163 163 163 163 162 162 162 162 162 161 161 161 161 161 160 160 160 160 160 160 160 160 160 160 160 160 160 161 161 161 161 160 160 160 160 160 160 160 160 160 159 159 159 159 159 158 158 158 157 157 157 157 157 157 156 167 167 167 167 167 167 168 168 168 168 168 168 168 169 169 168 168 168 168 168 168 169 169 169 169 169 169 169 168 169 169 169 169 169 169 168 169 169 169 169 169 169 169 169 169 169 169 169 169 169 169 170 170 169 169 169 169 169 169 169 169 170 170 170 170 170 170 170 169 169 169 169 169 169 169 169 169 169 169 169 170 170 170 170 170 170 170 170 170 170 170 170 170 170 170 170 170 170 170 170 170 170 171 171 171 171 171 171 171 171 171 171 171 170 171 171 171 171 171 171 171 171 171 171 171 171 171 171 171 171 171 170 170 171 171 171 171 171 171 171 171 171 171 171 171 171 171 171 171 171 171 171 171 171 171 171 170 170 171 171 171 171 171 171 171 170 170 170 170 171 171 171 170 170 170 170 170 170 170 170 170 170 170 170 170 170 170 170 170 170 170 170 170 170 170 170 170 170 170 170 170 170 170 170 170 170 170 170 170 170 170 170 170 170 170 170 170 170 170 170 170 170 170 170 170 170 170 169 169 170 170 170 170 170 170 170 170 170 170 170 170 169 169 169 169 169 169 169 169 169 169 169 169 170 170 169 169 169 169 169 169 169 169 169 169 169 169 169 169 169 169 169 169 169 169 169 168 168 168 168 168 168 168 168 168 168 168 168 168 168 168 168 168 167 167 167 167 167 167 167 167 166 166 166 166 166 166 166 166 166 166 166 166 165 165 165 166 165 165 165 165 166 165 164 165 165 165 165 165 165 165 165 165 165 165 165 164 164 164 164 164 165 164 164 164 163 163 162 162 162 162 162 162 161 161 161 161 161 161 160 160 160 160 160 160 160 160 160 160 160 160 161 160 160 160 160 160 160 160 160 160 160 159 159 159 159 159 159 158 158 158 157 157 157 157 157 157 156 167 167 167 167 167 167 167 167 168 168 168 168 168 168 169 169 168 168 168 168 168 168 169 169 169 169 169 169 169 169 169 169 169 169 169 169 169 169 168 169 169 169 169 169 169 169 169 169 169 169 169 169 169 169 169 169 169 169 169 169 169 169 169 170 170 170 170 170 170 169 169 169 169 169 169 169 169 170 170 169 169 170 170 170 170 170 170 170 170 170 170 170 170 170 170 170 170 170 170 170 170 170 170 171 171 171 171 171 171 170 170 170 170 171 171 171 171 171 171 171 171 171 171 171 171 171 171 171 171 171 171 170 170 170 171 171 171 171 171 171 171 171 171 171 170 170 170 170 171 171 171 171 171 170 170 170 170 171 171 171 171 170 171 171 170 170 170 170 170 170 170 170 170 170 170 170 170 170 170 170 170 170 170 170 170 170 170 170 170 170 170 170 170 170 170 170 170 170 170 170 170 170 170 170 170 170 170 170 170 170 170 170 170 170 170 170 170 170 170 170 170 170 170 170 170 170 170 170 169 169 170 170 170 170 170 170 170 170 170 169 169 169 169 169 169 169 169 169 169 169 169 169 169 170 170 170 170 169 169 169 169 169 169 169 169 169 169 169 169 169 169 169 169 169 169 169 169 168 168 168 168 168 168 168 168 168 168 168 168 168 168 168 168 167 167 167 167 167 167 166 166 166 166 166 166 166 166 166 166 166 166 166 166 165 165 166 166 166 165 166 166 166 166 165 164 164 165 165 165 165 165 165 165 165 165 165 164 164 164 164 164 164 164 164 164 164 163 163 162 162 162 161 161 161 161 161 161 160 160 160 160 160 160 160 160 160 160 160 160 160 160 161 160 160 160 160 160 160 160 160 160 160 159 159 159 159 158 158 158 158 158 157 157 157 157 157 157 156 156 167 167 167 167 167 167 167 167 167 167 168 168 168 168 168 169 169 169 168 168 168 168 169 169 169 169 169 169 169 169 169 169 169 169 169 169 168 168 169 169 169 169 169 169 169 169 169 169 169 169 169 169 169 169 170 170 169 169 169 169 169 169 169 170 170 170 170 170 170 170 170 170 170 170 170 170 170 170 170 170 170 170 170 170 170 170 170 170 170 170 170 170 170 170 170 170 170 170 170 170 170 170 170 171 171 171 170 170 170 170 171 170 171 171 171 171 171 171 171 171 171 171 171 171 171 171 171 171 171 171 171 171 171 171 171 171 171 171 171 171 170 170 170 170 170 170 170 170 170 170 171 171 171 170 170 170 170 171 171 171 171 170 170 170 170 170 170 170 170 170 170 170 170 170 170 170 170 170 170 170 170 170 170 170 170 170 170 170 170 170 170 170 170 170 170 170 170 170 170 170 170 170 170 170 170 170 170 170 170 170 170 170 170 170 170 170 170 170 170 170 170 170 170 170 170 170 170 170 169 169 169 169 170 170 170 170 170 170 169 169 169 169 169 169 169 169 169 169 169 169 169 169 169 170 170 170 170 169 169 169 169 169 169 169 169 169 169 169 169 169 169 169 169 169 169 169 169 168 168 168 168 168 168 168 168 168 168 168 168 167 167 168 168 167 167 167 167 167 167 166 166 166 166 166 166 166 166 166 166 166 165 165 166 166 165 165 165 166 166 166 166 166 166 165 164 164 164 164 165 165 165 165 165 165 165 165 164 164 164 164 164 164 164 164 164 164 163 162 162 162 162 161 162 162 162 161 161 161 160 161 160 161 160 160 160 160 160 160 160 160 161 161 160 160 160 160 160 160 159 159 159 159 159 159 159 159 158 158 158 158 158 158 157 157 157 157 156 156 156 167 167 167 167 167 167 167 167 167 168 168 168 168 168 168 169 168 168 168 168 168 168 169 169 169 169 169 168 169 169 169 169 169 168 169 168 168 168 168 169 169 169 169 169 169 169 169 169 169 169 169 169 169 169 169 169 169 169 169 169 169 169 169 169 170 170 170 170 170 170 170 170 170 170 170 170 170 170 170 170 170 170 170 170 170 170 170 170 170 170 170 170 170 170 170 170 170 170 170 170 170 170 170 170 170 170 170 170 170 171 171 171 171 171 171 171 171 171 171 170 170 171 171 171 171 171 171 171 171 171 171 171 171 171 171 171 171 171 171 170 170 170 170 170 170 170 170 170 170 170 171 170 170 170 170 170 170 170 170 170 170 170 170 170 170 170 170 170 170 170 170 170 170 170 170 170 170 170 170 170 170 170 170 170 170 170 170 170 170 170 170 170 170 170 170 170 170 170 170 170 170 170 170 170 170 170 170 170 170 170 170 170 170 170 170 170 170 170 170 170 170 170 170 170 170 170 169 169 169 169 169 170 170 170 170 169 169 169 169 169 169 169 169 169 169 169 169 169 169 169 169 169 169 169 169 169 169 169 169 169 169 169 169 169 169 169 169 169 169 169 169 169 169 169 169 169 168 168 168 168 168 168 168 168 168 168 167 167 167 167 167 168 168 168 167 167 167 167 167 167 167 166 166 166 166 166 166 166 166 165 165 166 166 166 165 165 165 165 165 165 165 166 165 164 164 164 165 165 165 165 165 165 165 165 164 164 164 164 164 164 164 164 163 163 164 163 163 163 162 162 162 162 162 162 161 161 161 161 160 161 160 160 160 160 160 160 160 160 161 161 161 160 160 160 160 160 159 159 159 159 159 159 159 159 159 158 158 158 158 158 158 157 157 157 157 156 156 156 156 167 167 167 167 167 167 167 167 167 167 168 167 168 168 169 169 169 169 168 168 168 168 169 169 169 169 168 168 169 169 169 169 168 168 168 168 168 169 169 169 169 169 169 169 169 169 169 169 169 169 169 169 169 169 169 169 169 169 169 169 169 169 169 169 169 170 170 170 170 170 170 170 170 170 170 170 170 170 170 170 170 170 170 170 170 170 170 170 170 170 170 170 170 170 170 170 170 170 170 170 170 170 170 170 170 170 170 171 171 171 171 171 171 171 170 170 170 170 170 170 171 171 171 171 171 171 171 171 171 171 171 171 171 171 171 171 170 171 170 170 170 170 170 170 170 170 170 171 170 170 170 170 170 170 170 170 170 170 170 170 170 170 170 170 170 170 170 170 170 170 170 170 170 170 170 170 170 170 170 170 170 170 170 170 170 170 170 170 170 170 170 170 170 170 170 170 170 170 170 170 170 170 170 170 170 170 170 170 170 170 170 170 170 170 170 170 170 170 170 170 170 170 170 170 170 170 169 169 169 169 169 169 169 170 169 169 169 169 169 169 169 169 169 169 169 169 169 168 169 169 169 169 170 169 169 169 169 169 169 169 169 169 169 169 169 169 169 168 169 169 169 169 169 169 169 168 168 168 168 168 168 168 168 168 168 167 167 167 167 167 168 168 168 168 168 167 167 167 167 167 167 167 167 167 167 166 166 166 166 166 166 166 166 166 165 165 165 166 165 165 165 165 165 165 164 164 165 164 164 164 165 165 164 164 164 164 164 165 164 164 164 163 163 164 164 164 163 163 162 162 162 162 162 162 161 161 161 161 161 160 160 160 160 160 160 160 160 160 161 161 161 160 160 160 160 160 159 159 159 159 159 159 159 159 159 158 158 158 158 158 157 158 158 157 157 156 156 156 156 156 167 167 167 167 167 167 167 167 168 167 168 167 167 168 168 168 168 168 169 168 168 168 169 169 169 168 168 168 168 169 169 169 168 168 168 168 168 169 168 169 169 169 169 169 169 169 169 169 169 169 169 169 169 169 169 169 169 169 169 169 169 169 169 169 169 170 170 170 170 170 170 170 170 170 170 170 170 170 170 170 170 170 170 170 170 170 170 170 170 170 170 170 170 170 170 170 170 170 170 170 170 170 170 170 170 170 170 170 170 170 170 170 170 170 170 170 170 170 170 170 171 171 171 171 171 171 171 171 171 170 171 171 171 171 171 171 170 170 170 170 170 170 170 170 170 170 170 170 170 170 170 170 170 170 170 170 170 170 170 170 170 170 170 170 170 170 170 170 170 170 170 170 170 170 170 170 170 170 170 170 170 170 170 170 170 170 170 170 170 170 170 170 170 170 170 170 170 170 170 170 170 170 170 170 170 170 170 170 170 170 170 170 170 170 170 170 170 170 170 170 170 170 170 170 170 170 169 169 169 169 169 169 169 169 169 169 169 169 169 169 169 169 169 169 169 169 169 168 169 169 169 169 169 169 169 169 169 169 169 169 169 169 169 169 169 169 169 168 169 169 168 168 168 168 169 169 168 168 168 168 168 168 168 168 168 168 167 167 167 168 167 167 167 167 168 167 167 167 167 167 167 167 167 167 166 166 166 166 166 166 166 166 166 166 166 165 165 166 166 165 165 165 165 165 164 164 164 164 164 164 165 165 164 164 163 164 164 164 164 164 163 163 164 163 164 164 163 163 163 162 162 162 162 162 162 162 161 161 161 160 160 160 160 160 160 160 160 160 160 161 160 160 160 160 160 160 159 159 159 159 159 159 159 158 159 158 158 158 157 158 158 158 158 157 157 157 156 156 157 156 156 166 167 167 167 167 167 167 167 167 167 167 168 168 168 167 168 168 168 168 168 168 168 168 169 169 168 168 168 169 169 169 169 168 168 168 168 168 168 169 168 168 169 169 169 169 169 169 169 169 169 169 169 169 169 169 169 169 169 169 169 169 169 169 169 169 169 170 170 170 170 170 170 170 170 170 170 170 170 170 170 170 170 170 170 169 170 170 170 170 170 170 170 170 170 170 170 170 170 170 170 170 170 170 170 170 170 170 170 170 170 170 170 170 170 170 170 170 170 170 170 170 171 171 171 171 171 171 171 170 170 171 171 171 171 170 170 170 170 170 170 170 170 170 170 170 170 170 170 170 170 170 170 170 170 170 170 170 170 170 170 170 170 170 170 170 170 170 170 170 170 170 170 170 170 170 170 170 170 170 170 170 170 170 170 170 170 170 170 170 170 170 170 170 170 170 170 170 170 170 170 170 170 170 170 170 170 170 170 170 170 170 170 170 170 170 170 169 169 170 170 170 170 170 170 170 170 169 169 169 169 169 169 169 169 169 169 169 169 169 169 169 169 169 169 169 169 169 169 168 168 169 169 169 169 169 169 169 169 169 169 169 169 169 169 169 169 169 169 168 168 169 168 168 168 168 168 168 168 168 168 168 168 168 168 168 168 168 168 168 168 167 167 167 168 168 168 167 167 167 167 167 167 167 167 167 166 166 166 166 166 166 166 166 166 166 166 165 165 165 165 165 165 165 165 165 164 164 164 164 164 164 164 164 164 163 164 164 164 164 164 164 163 163 163 164 164 164 164 163 163 163 163 162 162 161 161 161 162 161 161 161 160 160 160 160 160 160 160 160 160 160 161 160 160 160 160 160 159 159 159 159 159 158 158 158 158 158 158 158 158 158 158 158 157 157 157 156 156 156 156 157 156 156 166 166 166 166 167 166 166 166 167 167 167 167 167 167 167 168 168 168 168 168 169 168 168 168 168 169 169 169 169 169 168 168 168 168 168 169 169 168 168 168 168 168 168 168 169 169 169 169 169 169 169 168 169 169 169 169 169 169 169 169 169 169 169 169 169 169 170 170 170 170 170 170 170 170 170 170 170 170 170 170 170 170 170 170 170 169 169 169 169 169 169 170 170 170 170 170 170 170 170 170 170 170 170 170 170 170 170 170 170 170 170 170 170 170 170 170 170 170 170 170 170 170 170 171 171 171 171 171 170 170 170 170 170 171 171 170 170 170 170 170 170 170 170 170 170 170 170 170 170 170 170 170 170 170 170 170 170 170 170 170 170 170 170 170 170 170 170 170 170 170 170 170 170 170 170 170 170 170 170 170 170 170 170 170 170 170 170 170 170 170 170 170 170 170 170 170 170 170 170 170 170 170 170 170 170 170 170 170 170 170 170 170 170 170 170 170 170 170 169 169 170 170 170 170 170 170 170 170 169 169 169 169 169 169 169 169 169 169 169 169 169 169 169 169 169 169 169 169 169 169 168 169 169 169 168 169 169 169 169 169 169 169 169 169 169 169 169 168 168 168 168 168 168 168 168 168 168 168 168 168 168 168 168 168 168 168 168 168 168 168 167 167 167 167 167 167 168 167 167 167 167 167 166 166 166 166 166 166 166 166 166 166 166 165 165 166 166 166 166 165 165 165 165 165 166 165 165 165 164 164 164 164 164 164 164 164 164 164 164 164 163 164 163 163 163 163 163 164 163 163 163 163 163 163 162 162 162 161 161 161 161 161 161 160 160 160 160 160 160 160 160 161 161 161 160 160 160 160 160 160 159 159 159 159 159 159 159 158 158 158 157 158 158 157 157 157 157 157 156 156 156 156 156 156 156 166 166 166 166 166 166 166 166 166 166 167 167 167 167 167 167 167 167 168 168 168 168 168 169 168 168 168 168 168 169 168 168 168 168 168 168 168 168 168 168 168 168 168 168 168 168 168 169 169 169 169 169 169 168 168 169 169 169 169 169 169 169 169 169 169 169 169 169 170 170 170 170 170 170 170 170 170 170 170 170 170 170 170 170 170 170 169 169 169 169 169 169 169 169 170 170 170 170 170 170 170 170 170 170 170 170 170 170 170 170 170 170 170 170 170 170 170 170 170 170 170 170 171 171 171 171 170 170 170 170 170 170 170 170 170 170 170 170 170 170 170 170 170 170 170 170 170 170 170 170 170 170 170 170 170 170 170 170 170 170 170 170 170 170 170 170 170 170 170 170 170 170 170 170 170 170 170 170 170 170 170 170 170 170 170 170 170 170 170 170 170 170 170 170 170 170 170 169 170 170 170 170 170 170 170 170 169 170 170 170 170 170 170 170 170 170 170 170 170 170 169 169 169 170 169 170 170 170 170 170 169 169 169 169 169 169 169 169 169 169 169 169 169 169 169 169 169 169 169 169 169 169 168 169 169 168 168 169 169 169 169 169 169 169 169 169 169 169 169 168 168 168 168 168 168 168 168 168 168 168 168 168 168 168 168 168 168 168 168 168 167 167 167 167 167 167 167 167 167 167 167 167 167 167 167 166 166 166 166 166 166 166 166 166 166 165 165 165 165 166 166 165 166 165 165 165 166 165 165 165 164 164 164 164 164 164 164 164 164 164 164 164 163 163 163 164 163 163 163 164 163 163 163 163 162 162 163 162 162 161 161 161 161 161 161 160 160 160 160 160 160 160 160 160 161 161 160 160 160 160 160 160 160 159 159 159 159 159 159 158 158 158 158 158 158 157 157 157 157 157 157 156 156 156 156 156 156 166 166 166 166 166 166 166 166 166 166 166 167 167 167 167 167 167 168 168 168 168 168 168 168 168 168 168 168 168 168 168 169 169 168 168 168 168 168 168 168 168 168 168 168 168 168 168 169 169 169 169 169 169 169 168 168 169 169 169 169 169 169 169 169 169 169 169 169 169 170 170 170 170 170 170 170 170 169 170 170 170 170 169 170 169 170 170 170 170 169 169 169 169 169 170 170 170 170 170 170 170 170 170 170 170 170 170 170 170 170 170 170 170 170 170 170 170 170 170 170 170 170 171 171 170 170 170 170 170 170 170 170 170 170 170 170 170 170 170 170 170 170 170 170 170 170 170 170 170 170 170 170 170 170 170 170 170 170 170 170 170 170 170 170 170 170 170 170 170 170 170 170 170 170 170 170 170 170 170 170 170 170 170 170 170 170 170 170 170 170 170 170 170 170 170 170 169 169 169 169 170 170 170 169 169 169 169 170 170 170 170 170 170 170 170 170 170 170 170 170 169 169 169 170 169 169 170 170 170 170 169 169 169 169 169 169 169 169 169 169 169 169 169 169 169 169 169 169 169 169 169 169 168 168 169 168 168 169 169 169 169 169 169 169 169 169 169 169 169 169 168 168 168 168 168 168 168 168 168 168 168 168 168 168 168 168 168 168 168 167 167 167 167 167 167 168 167 167 167 167 167 167 167 167 167 166 166 166 166 166 166 166 166 166 166 166 166 165 165 165 165 165 166 165 165 165 166 165 165 165 165 164 164 164 164 164 164 164 164 164 164 164 164 163 163 163 163 163 163 163 163 163 163 162 162 162 163 162 162 162 161 161 161 161 161 161 160 159 160 160 160 160 160 160 160 160 160 160 160 160 159 159 159 159 159 159 159 159 158 158 158 158 158 158 158 157 157 157 157 157 157 157 156 156 156 156 156 156 166 166 167 167 166 166 167 166 166 166 166 166 167 167 167 167 168 168 168 168 168 167 167 167 168 168 168 168 168 168 168 168 168 168 168 169 168 168 168 168 168 168 168 168 168 168 168 168 168 169 169 169 168 168 168 168 168 168 169 168 169 169 169 169 169 169 169 169 169 170 169 170 170 170 170 169 169 170 170 170 170 170 170 170 170 170 170 170 170 169 170 170 170 170 170 170 170 170 170 170 170 170 170 170 170 170 170 170 170 170 170 170 170 170 170 170 170 170 170 170 170 170 170 170 170 170 170 170 170 170 170 170 170 170 170 170 170 170 170 170 170 170 170 170 170 170 170 170 170 170 170 170 170 170 170 170 170 170 170 170 170 170 170 170 170 169 169 170 170 170 170 170 170 170 170 170 170 170 170 170 170 170 170 170 170 170 170 170 170 170 170 170 170 170 170 170 170 169 169 169 169 169 169 169 169 169 169 169 170 170 170 170 170 170 170 170 170 170 170 169 169 169 169 169 169 170 169 169 169 169 169 169 169 169 169 169 169 169 169 169 169 169 169 169 169 169 169 169 169 169 169 169 168 168 168 168 168 169 169 169 169 169 169 169 169 169 169 169 169 169 168 168 168 168 168 168 168 168 168 168 168 168 168 168 168 168 168 168 168 167 167 167 167 167 167 167 167 167 167 167 167 166 167 167 166 166 166 166 166 166 166 165 166 166 166 166 166 165 165 165 165 165 166 165 165 165 166 165 165 165 165 165 165 164 164 164 164 164 164 164 164 164 164 164 163 163 163 163 163 163 163 163 163 162 162 162 162 162 162 162 161 161 161 161 161 160 160 159 159 160 160 160 160 160 160 160 160 160 160 160 159 159 159 159 159 159 159 159 158 158 158 158 158 158 158 157 157 157 157 157 157 157 156 156 156 156 156 156 165 165 166 166 166 166 167 167 167 166 166 167 167 167 167 167 167 168 168 168 168 168 167 167 167 167 167 167 167 168 167 168 168 168 168 168 168 168 168 168 168 168 168 168 168 168 168 168 168 169 168 168 168 168 169 168 169 169 168 168 168 169 169 169 169 169 169 169 169 169 169 169 170 170 170 170 170 170 170 170 170 170 170 170 170 170 170 170 170 169 170 170 170 170 170 170 170 170 170 170 170 170 170 170 170 170 170 170 170 170 170 170 171 170 170 170 170 170 170 170 170 170 170 170 170 170 170 170 170 170 170 170 170 170 170 170 170 170 170 170 170 170 170 170 170 170 171 171 170 170 170 170 170 170 170 170 170 170 170 170 170 170 170 170 170 170 170 170 170 170 170 170 170 170 170 170 170 170 170 170 170 170 170 170 170 170 170 170 170 170 170 170 170 170 170 170 170 170 170 170 169 169 169 169 169 169 169 169 169 169 169 170 170 170 170 170 170 170 170 169 169 169 169 169 169 169 169 169 169 169 169 169 169 169 169 169 169 169 169 169 169 169 169 169 169 169 169 169 169 169 169 169 169 168 168 168 168 168 169 169 169 169 169 169 169 169 169 168 169 169 169 169 168 168 168 168 168 168 168 168 168 168 168 168 168 168 168 168 168 167 167 167 167 167 167 167 167 167 167 167 167 167 167 167 167 166 166 166 166 166 166 166 166 166 166 166 166 165 165 165 165 166 165 166 166 165 165 166 165 165 165 165 165 165 164 164 164 164 164 164 164 164 164 164 164 163 163 163 163 163 163 163 162 162 162 162 162 162 162 162 162 162 161 161 161 161 161 160 159 159 160 159 159 160 160 160 160 160 160 160 160 159 159 159 159 159 159 159 159 159 158 158 158 158 158 157 157 158 157 157 157 157 156 156 156 156 156 156 156 165 166 167 167 167 167 167 167 167 167 167 167 167 167 167 167 167 168 168 168 168 167 167 167 167 167 167 167 167 167 167 168 168 168 168 168 168 168 168 168 168 168 168 168 168 168 168 169 168 168 168 168 168 168 169 168 169 169 168 168 168 169 169 169 169 169 169 169 169 169 169 170 170 170 170 170 170 169 170 170 170 170 170 170 170 170 170 170 170 170 170 170 170 170 170 170 170 170 170 170 170 170 170 170 170 170 170 170 170 170 170 170 170 170 170 170 170 170 170 170 170 170 170 170 170 170 170 170 170 170 170 170 170 170 170 170 170 170 170 170 170 170 170 170 170 170 170 170 170 170 170 170 170 170 170 170 170 170 170 170 170 170 170 170 170 170 170 170 170 170 170 170 170 169 170 170 170 170 169 169 169 169 170 170 170 170 170 170 170 170 170 170 170 170 170 170 170 170 169 169 169 169 169 169 169 169 169 169 169 169 169 169 169 169 169 169 169 170 169 169 169 169 169 169 169 169 169 169 169 169 169 169 169 169 169 169 169 169 169 169 169 169 169 169 169 169 169 169 169 169 169 168 168 168 168 168 169 169 169 169 169 169 169 169 169 169 168 168 169 169 169 168 168 168 168 168 168 168 168 168 168 168 168 168 168 168 167 167 167 167 167 168 168 167 167 167 167 167 168 168 168 168 167 166 166 166 166 166 166 166 166 166 166 166 165 165 165 165 165 165 165 166 166 166 166 165 165 165 165 165 164 164 164 164 164 164 164 164 164 164 164 164 164 163 163 163 163 163 163 163 162 162 163 162 162 162 162 162 162 162 162 161 161 161 160 160 160 159 160 160 160 160 160 160 160 160 160 160 160 160 160 159 159 159 159 159 159 159 158 158 158 158 158 158 158 157 157 157 157 156 157 157 156 156 156 156 156 156 165 166 166 166 166 166 167 166 167 167 166 167 167 167 167 167 167 167 168 168 168 168 168 167 167 167 167 167 167 167 167 167 167 168 168 168 168 168 168 168 168 168 168 168 168 168 168 168 168 168 168 168 168 168 168 168 168 168 169 169 168 168 168 168 168 169 169 169 169 169 169 169 169 169 170 170 169 169 169 170 170 170 170 170 170 170 170 170 170 170 170 170 170 170 170 170 170 170 170 170 170 170 170 170 170 170 170 170 170 170 170 170 170 170 170 170 170 170 170 170 170 170 170 170 170 170 170 170 170 170 170 170 170 170 170 170 170 170 170 170 170 170 170 170 170 171 170 170 170 170 170 170 170 170 170 170 170 170 170 170 170 170 170 170 170 170 170 170 170 170 170 170 170 169 169 169 169 169 169 170 169 169 169 170 170 170 170 170 170 170 170 170 170 170 170 170 170 169 169 169 169 169 169 169 169 169 169 169 169 169 169 169 169 169 169 169 169 169 169 169 169 169 169 169 169 169 169 169 169 169 169 169 169 169 169 169 169 169 169 169 169 169 169 169 169 169 169 169 169 169 169 168 168 168 168 168 168 169 169 169 169 169 169 169 169 169 169 168 169 169 169 169 168 168 168 168 168 168 168 168 168 168 168 168 168 168 168 167 167 167 167 167 167 167 168 167 168 167 167 167 167 167 167 167 167 166 166 167 167 167 166 166 166 166 166 166 165 165 165 165 165 165 165 165 165 166 165 165 165 164 164 164 165 165 164 164 164 165 164 164 164 164 164 164 164 163 163 163 162 163 162 162 162 162 162 162 162 162 161 162 162 162 162 161 161 161 160 160 159 160 160 160 160 160 160 160 161 160 160 160 160 160 159 159 159 159 159 159 158 158 158 158 158 158 158 158 157 157 157 157 157 157 157 156 156 156 156 156 156 165 166 165 166 166 166 165 166 166 166 166 167 167 166 167 167 167 167 168 168 168 168 167 167 167 168 168 168 167 167 167 167 167 168 168 168 168 168 168 168 168 168 168 168 168 168 168 168 168 168 168 168 168 168 168 168 168 168 168 169 169 168 168 169 169 169 169 169 169 169 169 169 169 169 169 169 169 169 169 169 169 169 169 170 170 170 170 170 169 169 170 170 170 170 169 170 170 170 170 170 169 169 170 170 170 170 170 170 170 170 170 170 170 170 170 170 170 170 170 170 170 170 170 170 170 170 170 170 170 170 170 170 170 170 170 170 170 170 170 170 170 171 171 171 171 171 170 170 170 170 170 170 170 170 170 170 170 170 170 169 170 170 170 170 170 170 170 170 170 170 170 170 169 169 169 169 169 169 170 170 170 170 170 170 170 170 170 170 170 170 170 170 170 170 170 169 169 169 169 169 169 169 169 169 169 169 170 169 169 169 169 169 169 169 169 169 169 169 169 169 169 169 169 169 169 169 169 169 169 169 169 169 169 169 169 169 169 169 169 169 169 169 169 169 169 169 169 169 169 169 168 168 168 168 168 168 169 169 169 169 169 169 168 169 169 169 168 168 169 168 169 169 168 168 168 168 168 168 168 168 168 168 168 168 168 167 167 167 167 167 168 167 167 168 168 168 167 167 167 167 167 167 167 167 167 167 167 167 167 167 167 167 167 166 166 166 166 166 165 165 165 165 165 165 165 165 164 164 164 165 164 165 164 164 164 164 164 164 164 164 164 164 164 164 163 163 163 163 162 162 162 162 161 162 162 162 162 161 162 162 162 162 161 161 161 160 160 159 160 160 160 160 160 160 160 160 160 160 160 160 160 159 159 159 159 159 159 158 158 158 158 158 158 158 158 157 157 157 157 157 157 156 156 156 156 156 156 156 156 165 166 167 166 165 165 166 166 166 167 167 167 167 167 167 167 167 167 168 168 167 168 168 168 168 168 168 168 168 168 167 167 168 168 168 168 168 168 168 168 168 168 168 168 168 168 168 168 168 168 168 168 168 168 168 168 168 168 168 168 168 168 168 169 169 169 169 169 169 169 169 169 169 169 169 169 169 169 169 169 169 169 169 170 170 169 169 169 169 170 169 170 170 170 170 170 170 170 169 169 169 170 170 170 170 170 170 170 170 170 170 170 170 169 170 170 170 170 170 170 170 170 170 170 170 170 170 170 170 170 170 170 170 170 170 170 170 170 170 170 170 170 170 170 170 170 170 170 170 170 170 170 170 170 169 169 169 169 169 169 169 169 169 169 169 169 169 169 170 170 170 169 169 169 169 169 169 169 169 169 169 169 169 170 170 170 170 170 170 170 170 169 169 169 169 169 169 169 169 169 169 169 169 169 170 170 170 170 169 169 169 169 169 169 169 169 169 169 169 169 169 169 169 169 169 169 169 169 169 169 169 169 169 169 169 169 169 169 169 169 169 169 169 169 169 169 169 169 168 168 168 168 168 168 169 169 169 169 169 169 168 168 168 169 168 168 168 169 169 168 168 168 168 168 168 168 168 168 168 168 168 168 167 167 167 167 167 167 168 168 167 167 168 168 167 167 167 167 167 167 166 167 167 167 167 167 167 167 167 167 166 166 166 166 166 166 165 165 165 165 165 165 165 165 165 165 164 165 164 164 164 164 164 165 164 164 164 164 164 164 164 164 164 164 164 163 163 162 162 162 162 161 161 161 162 161 162 162 161 161 161 161 160 160 160 159 160 160 160 160 160 160 160 160 160 160 159 159 159 159 159 159 159 159 159 158 158 158 158 158 158 158 157 157 157 157 157 157 157 157 156 156 156 156 156 156 155 155 165 166 166 165 165 165 165 165 166 166 167 167 167 166 167 167 166 167 168 168 168 168 168 168 168 168 168 168 168 168 168 168 167 168 168 168 168 168 168 168 168 168 168 168 168 168 168 168 168 168 168 169 168 169 168 168 168 168 168 169 168 168 168 168 168 168 168 169 169 169 169 169 169 169 169 169 169 169 169 169 169 169 169 169 169 169 169 169 170 170 170 170 170 169 169 170 170 169 169 169 169 169 170 169 170 170 170 170 170 170 170 170 169 170 170 170 170 170 170 170 170 170 170 170 170 170 170 170 170 170 170 170 170 170 170 170 170 170 170 170 170 170 170 170 170 170 170 170 170 170 170 170 170 170 169 169 169 169 169 169 169 169 169 169 169 169 169 169 169 169 170 170 170 170 169 169 169 169 169 169 169 169 169 169 169 170 170 170 170 169 169 169 169 169 169 169 169 169 169 169 169 169 169 169 169 169 169 169 169 169 169 169 169 169 169 169 169 169 169 169 169 169 169 169 169 169 169 169 169 169 169 169 169 169 169 169 169 169 169 169 169 169 169 169 169 169 169 169 168 168 168 168 168 168 169 169 169 169 169 169 168 168 168 169 169 168 168 169 168 168 168 168 168 168 168 168 168 168 168 168 168 168 167 167 167 167 167 167 167 167 167 167 167 167 167 167 167 167 167 167 166 167 167 167 167 167 167 167 167 167 166 166 166 166 166 166 166 166 165 166 165 165 166 166 165 165 165 165 165 165 164 164 165 165 164 164 164 164 164 165 164 164 164 164 164 164 163 162 162 162 162 162 162 161 161 161 162 162 161 161 161 160 160 160 160 160 160 160 160 160 160 160 160 160 160 160 160 159 159 159 159 159 159 159 159 158 158 158 158 158 158 158 157 157 157 157 157 157 157 157 156 156 156 156 156 156 156 155 155 165 165 165 165 165 166 166 166 166 166 166 167 167 166 166 166 167 167 167 168 168 168 168 167 167 167 168 168 168 169 169 168 168 168 168 168 168 168 168 168 168 168 168 168 168 168 168 168 168 168 169 168 168 168 168 168 168 168 168 169 168 168 168 168 168 168 169 169 169 169 169 169 169 169 169 169 169 169 169 169 169 169 169 169 169 169 169 170 170 169 169 169 169 169 169 169 169 169 169 169 169 169 169 169 170 170 170 170 170 170 170 170 169 170 170 170 170 170 170 170 170 170 170 170 170 170 170 170 170 170 170 170 170 170 170 170 170 170 170 170 170 170 170 170 170 170 170 170 170 170 170 170 170 170 170 170 170 170 169 170 170 170 170 170 169 169 169 169 169 169 169 169 169 170 170 170 170 170 169 169 169 169 169 169 169 169 169 169 169 169 169 169 169 169 169 169 169 169 169 169 169 169 169 169 169 169 169 169 169 169 169 169 169 169 169 169 169 169 169 169 169 169 169 169 169 169 169 169 169 169 169 169 169 169 169 169 169 169 169 169 169 169 169 169 169 169 169 169 168 168 168 168 168 168 169 169 169 169 169 169 168 168 168 168 168 168 168 168 168 168 168 168 168 168 168 168 168 168 168 168 168 168 167 167 167 167 167 167 167 167 168 168 168 167 167 166 167 166 167 167 167 166 166 167 166 166 167 167 167 167 166 166 166 166 166 167 166 166 166 166 166 166 166 166 165 165 165 165 165 165 164 164 164 165 165 164 164 164 164 164 164 164 164 164 164 164 162 162 162 162 162 162 162 162 161 161 161 161 161 161 161 160 161 160 160 160 160 160 160 160 160 160 160 160 160 160 160 160 159 159 159 159 159 159 159 158 158 158 158 158 158 158 158 157 157 157 157 157 157 157 156 156 156 156 156 156 156 156 155 155 165 166 166 166 166 166 166 166 166 166 167 166 166 166 166 167 167 167 167 167 167 167 167 167 167 167 168 168 168 168 169 169 168 168 168 168 168 167 167 168 168 168 168 168 168 168 168 168 168 168 168 168 168 168 168 168 168 168 168 169 168 168 168 169 168 169 169 169 169 169 169 169 169 169 169 169 169 169 169 169 169 169 169 169 169 169 169 169 169 169 169 169 169 169 169 169 169 169 169 169 169 169 169 170 170 170 170 170 169 169 169 169 170 170 170 170 170 170 170 170 170 170 170 170 170 170 170 170 170 170 170 170 170 170 170 170 170 170 170 170 170 170 170 170 170 170 170 170 170 170 170 170 170 170 170 170 170 170 170 170 170 170 170 170 170 169 169 169 169 169 169 169 169 169 169 169 170 170 169 169 169 169 169 169 169 169 169 169 169 169 169 169 169 169 169 169 169 169 169 169 169 169 169 169 169 169 169 169 169 169 169 169 169 169 169 169 169 169 169 169 169 169 169 169 169 169 169 169 169 169 169 169 169 169 169 169 169 169 169 169 169 169 169 169 169 169 169 168 168 168 168 168 168 169 169 169 169 169 168 168 168 168 168 168 168 168 168 168 168 168 168 168 168 168 168 168 168 168 168 168 168 167 167 167 167 167 167 167 167 167 168 167 166 166 166 166 166 166 167 167 166 166 167 166 167 167 166 167 167 166 166 166 166 166 166 166 166 166 166 166 166 166 166 166 165 165 165 165 165 165 164 164 165 164 164 164 164 164 164 164 164 164 164 164 164 163 163 162 162 162 161 161 161 161 161 161 161 161 161 161 160 161 161 160 160 161 161 160 160 160 160 160 160 160 160 160 159 159 159 159 159 159 159 159 158 158 158 158 158 158 158 158 158 158 158 157 157 157 157 156 156 156 156 156 156 156 156 155 155 155 165 165 166 165 166 166 166 166 166 166 166 166 166 167 167 166 167 167 166 167 167 167 167 167 167 168 168 168 168 169 169 169 168 168 168 168 168 167 167 168 168 168 168 168 168 168 168 168 168 169 169 168 168 168 168 168 168 169 169 169 169 169 169 169 169 169 169 169 169 169 169 169 169 169 169 169 169 169 169 169 169 169 169 169 169 169 169 169 169 169 169 169 169 169 169 169 169 169 169 169 169 169 169 170 169 169 169 169 170 170 170 170 170 170 170 170 170 170 170 170 170 170 170 170 170 170 170 170 170 170 170 170 170 170 170 170 170 170 170 170 170 170 170 170 170 170 170 170 170 170 170 170 170 170 170 170 170 170 170 170 169 169 170 170 170 169 169 169 169 169 169 169 169 169 169 169 169 169 169 169 169 169 169 169 169 169 169 169 169 169 169 169 169 169 169 169 169 169 169 169 169 169 169 169 169 169 169 169 169 169 169 169 169 169 169 169 169 169 169 169 169 169 169 169 169 169 169 169 169 169 169 169 169 169 169 169 169 169 169 169 169 169 169 169 169 168 168 168 168 168 168 169 169 169 169 169 169 169 168 168 168 168 168 168 168 168 168 168 168 168 168 168 168 168 168 168 168 168 168 167 167 167 167 167 167 168 167 167 167 166 166 166 166 166 166 167 167 167 167 166 166 166 166 167 166 167 166 166 166 166 166 166 166 166 166 166 166 166 166 166 166 166 166 165 164 164 164 165 164 165 165 165 165 164 164 164 164 164 164 164 164 164 164 163 163 163 162 161 161 161 161 162 161 161 161 161 160 160 161 161 161 160 160 161 161 161 160 160 160 160 160 160 160 159 159 159 159 159 159 159 159 158 158 158 158 158 158 158 157 157 158 158 157 157 157 157 157 156 156 156 156 156 156 156 156 156 155 155 155 165 165 165 165 165 165 165 165 166 166 165 166 166 167 167 166 167 166 166 167 167 167 166 167 167 167 167 168 168 168 169 168 169 169 168 168 168 167 167 168 168 168 168 168 168 168 168 168 168 168 169 168 168 168 168 168 168 168 169 169 169 169 169 169 169 169 169 169 169 169 169 169 169 169 169 169 169 169 169 169 169 169 169 169 169 169 169 169 169 169 169 169 169 169 169 169 169 169 169 169 169 169 169 169 169 169 169 170 170 170 170 170 170 170 170 170 170 170 170 170 170 170 170 170 170 170 170 170 170 170 170 170 170 170 170 170 170 170 170 170 170 170 170 170 170 170 170 170 170 170 170 170 170 170 170 170 170 170 170 169 169 169 169 170 170 170 169 169 169 169 169 169 169 169 169 169 169 169 169 169 169 169 169 169 169 169 169 169 169 169 169 169 169 169 169 169 169 169 169 169 169 169 169 169 169 169 169 169 169 169 169 169 169 169 169 169 169 169 169 169 169 169 169 169 169 169 169 169 169 169 168 169 169 169 169 169 169 169 169 169 169 169 169 169 168 168 168 168 168 168 168 169 169 169 169 169 169 169 169 168 168 168 169 168 168 168 168 168 168 168 168 168 168 168 168 168 168 168 167 167 167 167 167 167 167 168 166 166 166 166 166 166 166 166 166 167 167 167 167 167 166 166 166 166 166 166 166 166 166 166 166 166 166 166 166 166 166 166 166 165 165 166 166 165 165 165 165 165 165 165 165 165 164 164 164 164 164 164 164 164 164 164 164 163 163 163 163 161 161 161 162 162 162 161 161 161 161 161 161 161 161 161 161 161 161 160 160 160 160 160 160 160 160 160 159 159 159 159 159 159 158 158 158 158 158 158 158 158 158 158 158 158 157 157 157 157 157 157 156 156 156 156 156 156 156 155 155 155 155 155 155 155 155 165 164 164 164 165 165 165 166 166 166 166 166 166 166 166 166 167 167 167 166 166 167 167 167 168 168 167 168 168 168 169 169 169 169 168 168 168 167 168 168 168 168 168 168 168 168 169 169 168 168 168 168 168 168 169 169 169 169 169 169 169 169 169 169 169 169 169 169 169 169 169 169 169 169 169 169 169 169 169 169 169 169 169 169 169 169 169 169 169 169 169 169 169 169 169 169 169 169 169 169 169 169 169 169 169 170 170 170 170 170 170 170 170 170 170 170 170 170 170 170 170 170 170 170 170 170 170 170 170 170 170 170 170 170 170 170 170 170 170 170 170 170 170 170 170 170 170 170 170 170 170 169 169 169 169 169 169 169 169 170 170 170 170 169 169 169 169 169 169 169 169 169 169 169 169 169 169 169 169 169 169 169 169 169 169 169 169 169 169 169 169 169 169 169 169 169 169 169 169 169 169 169 169 169 169 169 169 169 169 169 169 169 169 169 169 169 169 169 169 169 169 169 169 169 169 169 169 169 169 169 169 169 169 169 169 169 169 169 169 169 168 168 168 168 168 168 168 168 169 169 169 169 169 169 169 169 169 168 169 168 168 168 168 168 168 168 168 168 168 168 168 168 168 168 167 167 167 167 167 167 167 168 168 167 166 166 166 166 167 166 166 166 167 167 167 167 167 166 166 166 166 166 166 166 166 166 166 166 166 166 166 166 165 166 165 165 165 165 166 166 165 165 165 165 165 165 165 165 165 164 164 164 164 164 164 164 164 164 164 164 164 164 164 163 161 161 161 162 162 162 161 161 161 161 161 161 161 161 160 160 161 161 161 160 160 160 160 160 160 160 160 160 160 159 159 159 159 159 158 158 158 158 158 158 158 158 158 158 157 157 157 157 157 157 156 156 156 156 156 156 156 156 155 155 155 155 155 155 155 155 155 155 155 155 154 154 154 154 164 165 165 165 166 166 166 165 165 165 166 166 166 166 167 166 167 167 168 167 167 167 168 167 167 168 168 168 169 169 169 168 168 167 168 168 168 168 168 168 168 168 168 168 168 168 168 168 168 168 168 168 168 169 169 169 169 169 169 169 168 168 169 169 169 169 169 169 169 169 169 169 169 169 169 169 169 169 169 169 169 169 169 169 169 169 169 169 169 169 169 169 169 169 169 169 169 170 169 169 169 169 169 170 170 170 170 169 169 170 170 170 170 170 170 170 170 170 170 170 170 170 170 170 170 170 170 170 170 170 170 170 170 170 170 170 170 170 170 170 170 170 170 170 170 170 170 169 169 170 170 170 170 170 170 170 170 170 170 170 170 169 169 169 169 169 169 169 169 169 169 169 169 169 169 169 169 169 169 169 169 169 169 169 169 169 169 169 169 169 169 169 169 169 169 169 169 169 169 169 169 169 169 169 169 169 169 169 169 169 169 169 169 169 169 169 169 169 169 169 169 169 169 169 169 169 169 169 169 169 169 169 169 169 169 168 168 168 168 168 168 168 168 168 169 169 169 169 168 168 168 168 168 168 168 168 168 168 168 168 168 168 168 168 168 168 168 168 168 167 167 167 167 167 167 166 166 167 167 167 166 166 166 166 167 166 166 166 166 167 167 167 166 166 166 166 166 166 166 166 166 166 166 166 166 166 166 166 165 165 165 165 165 165 165 166 166 166 165 165 165 165 164 164 164 164 164 164 164 164 164 164 164 164 164 164 164 164 164 163 161 161 161 162 162 162 161 161 161 161 161 161 161 161 161 161 160 161 161 160 160 160 160 160 160 160 160 160 160 159 159 159 159 159 159 158 158 158 158 158 158 158 158 158 157 157 157 157 157 157 156 156 156 156 156 156 156 156 156 155 155 155 155 155 155 155 155 155 155 155 154 154 154 154 154 165 165 165 165 165 165 165 165 166 166 166 166 167 167 167 167 167 167 167 167 167 167 168 168 168 168 169 169 168 168 168 168 168 168 168 168 168 168 168 168 168 168 168 168 168 168 168 168 168 168 169 169 169 168 169 169 169 169 169 169 169 169 169 169 169 169 168 169 169 169 169 169 169 169 169 169 169 169 169 169 169 169 169 169 169 169 169 169 169 170 170 170 169 169 169 169 169 170 169 170 170 170 170 169 169 170 170 170 170 170 170 170 170 170 170 170 170 170 170 170 170 170 170 170 170 170 170 170 170 170 170 170 170 170 170 170 170 170 170 169 170 170 169 169 169 169 170 170 170 170 170 170 170 170 170 170 170 170 169 169 169 169 169 169 169 169 169 169 169 169 169 169 169 169 169 169 169 169 169 169 169 169 169 169 169 169 169 169 169 169 169 169 169 169 169 169 169 169 169 169 169 169 169 169 169 169 169 169 169 169 169 169 169 169 169 169 169 169 169 169 169 169 169 169 169 169 169 169 169 169 168 168 168 168 168 168 168 168 168 169 169 169 169 169 169 168 168 168 168 168 168 168 168 168 168 168 168 168 168 168 168 168 168 167 167 167 167 167 167 167 167 167 166 166 166 166 166 166 166 166 166 166 166 166 166 166 166 166 166 166 166 166 166 166 166 166 166 166 166 166 166 166 166 165 165 165 166 165 165 165 165 166 166 166 165 165 164 165 165 164 164 164 164 164 164 164 164 164 164 164 164 164 163 163 162 162 162 162 162 162 162 161 161 161 161 161 161 160 161 161 161 161 161 160 160 160 160 159 160 159 160 160 160 160 160 159 159 159 159 159 159 158 158 158 158 158 158 158 157 157 157 157 156 156 156 156 156 156 156 156 156 156 156 156 155 155 155 155 155 155 155 155 155 155 155 154 154 154 154 154 154 164 164 165 166 166 166 167 167 167 167 167 167 167 167 167 167 168 168 168 168 168 168 168 168 168 168 168 169 169 168 168 168 168 168 168 168 168 169 169 168 168 168 168 168 168 168 168 168 169 169 169 169 169 169 169 169 169 169 169 169 168 168 168 169 168 168 168 168 169 169 169 169 169 169 169 169 169 169 169 169 169 169 169 169 169 169 169 169 169 169 169 169 169 169 170 170 170 169 169 170 170 170 170 170 170 170 170 170 170 170 170 170 170 170 170 170 170 170 170 170 170 170 170 170 170 170 170 170 170 170 170 170 170 169 169 170 169 169 169 169 169 170 170 170 170 170 170 170 170 170 170 170 170 170 170 169 169 169 169 169 169 169 169 169 169 169 169 169 169 169 169 169 169 169 169 169 169 169 169 169 169 169 169 169 169 169 169 169 169 169 169 169 169 169 169 169 169 169 169 169 169 169 169 169 169 169 169 169 169 169 169 169 168 168 169 169 169 169 169 169 169 169 169 169 168 168 168 168 168 168 168 168 168 169 169 169 169 169 169 169 168 168 168 168 168 168 168 168 168 168 168 168 168 168 168 168 167 167 167 167 167 167 167 167 167 168 167 166 166 166 166 166 166 166 166 166 166 166 166 166 166 166 166 166 166 166 166 166 166 166 166 166 166 166 166 166 166 165 165 166 165 165 165 165 165 166 165 165 165 165 165 165 165 164 164 164 164 164 164 164 164 164 163 163 164 164 163 163 162 162 162 162 162 162 161 161 161 161 161 161 161 161 161 161 161 161 161 161 160 160 160 160 160 160 160 160 160 160 159 159 159 159 159 159 159 158 158 158 158 158 158 158 158 157 157 157 157 156 156 156 156 156 156 156 155 155 156 156 155 155 155 155 155 155 155 155 155 155 155 154 154 154 154 154 154 165 165 166 166 167 167 167 166 167 166 167 167 168 168 168 168 167 167 167 168 167 167 167 168 169 169 170 169 170 169 168 168 168 168 168 169 169 169 168 168 168 168 168 168 168 169 169 169 169 169 169 169 168 168 168 169 168 168 168 169 168 168 168 168 168 168 169 169 169 169 169 169 169 169 169 169 169 169 169 169 169 169 169 169 169 170 169 169 169 169 169 169 169 170 170 170 169 169 169 170 170 170 170 170 170 170 170 170 170 170 170 170 169 170 170 170 170 170 170 170 170 170 170 170 170 170 170 170 170 170 170 169 169 170 170 169 169 169 169 169 169 169 169 169 169 170 170 170 170 170 170 170 170 169 169 169 169 170 170 169 169 169 169 169 169 169 169 169 169 169 169 169 169 169 169 169 169 169 169 169 169 169 169 169 169 169 169 169 169 169 169 169 169 169 169 169 169 169 169 169 169 169 169 169 169 169 169 169 169 169 169 169 169 169 169 169 169 169 169 169 169 169 168 168 168 168 168 168 168 168 168 169 169 169 169 169 169 169 169 168 168 168 168 168 168 168 168 168 168 168 168 168 168 167 167 167 167 167 167 167 167 167 167 167 167 166 166 166 166 166 166 167 166 166 166 166 166 166 167 166 166 166 166 166 166 166 166 166 166 166 166 166 165 165 165 165 165 165 165 165 165 165 166 166 165 165 165 165 165 165 165 165 165 164 164 164 164 164 164 164 164 163 163 163 163 163 162 162 162 162 162 162 162 162 162 162 161 161 161 161 161 161 161 161 161 162 161 160 160 160 159 159 160 160 160 160 159 159 159 159 159 159 158 158 158 158 158 158 158 158 158 157 157 157 157 156 156 157 156 156 156 155 155 155 155 156 155 155 155 155 155 155 155 155 155 155 155 154 154 154 154 154 154 165 166 167 167 167 167 166 167 167 167 168 168 168 168 167 167 167 167 167 167 167 167 168 168 169 168 169 169 169 169 168 168 169 169 169 168 168 168 168 168 168 168 168 169 169 169 169 169 169 168 168 169 169 169 169 169 169 169 169 169 169 169 169 169 168 168 169 169 169 169 169 169 169 169 169 169 169 169 169 169 170 170 169 169 169 169 169 169 169 169 169 170 170 169 169 169 169 169 170 170 170 170 170 170 170 170 170 170 170 169 169 169 169 170 170 170 170 170 170 170 170 170 170 170 170 169 169 170 169 169 169 169 169 169 169 169 169 169 169 170 169 169 169 169 170 170 170 170 170 170 169 169 169 169 169 170 169 169 169 169 169 169 169 169 169 169 169 169 169 169 169 169 169 169 169 169 169 169 169 169 169 169 169 169 169 169 169 169 169 169 168 169 169 169 169 169 169 169 169 169 169 169 169 169 169 169 169 169 169 169 169 169 169 169 169 169 169 169 168 168 168 168 168 168 168 168 168 168 168 169 169 169 169 169 169 168 168 168 168 168 168 168 168 168 168 168 168 168 168 168 167 167 167 167 167 167 167 168 167 167 167 167 166 166 166 166 166 166 166 166 166 166 165 165 166 166 166 166 166 166 166 166 166 166 166 166 166 166 166 166 165 165 165 165 165 165 165 165 165 165 165 166 165 165 165 165 165 165 165 165 165 164 164 164 164 164 164 164 164 163 163 163 164 163 162 162 162 162 162 162 162 162 162 162 161 161 161 161 161 161 161 161 161 161 161 161 160 159 159 159 159 159 159 159 159 159 159 159 159 159 158 158 158 158 158 158 158 158 158 157 157 157 157 156 156 157 157 156 156 155 155 155 155 156 156 155 155 155 155 155 155 155 155 155 154 154 154 154 154 154 154 166 166 166 166 166 167 167 167 167 167 167 167 167 167 167 167 168 168 168 168 168 168 168 168 168 168 169 169 169 169 169 169 169 169 169 169 168 168 168 168 168 169 169 169 169 169 169 168 168 169 169 169 169 169 169 169 169 169 169 169 169 169 168 168 168 169 169 169 169 169 169 169 169 169 169 169 169 169 169 169 169 169 169 169 169 169 169 169 169 169 169 169 169 169 169 169 169 169 170 170 170 170 170 170 170 170 170 169 169 169 170 170 170 170 170 170 170 170 170 170 170 170 170 169 170 169 169 169 169 169 169 169 169 169 169 169 169 169 169 169 169 169 169 170 170 170 170 170 170 170 169 169 169 169 169 169 169 169 169 169 169 169 169 169 169 169 169 169 169 169 169 169 169 169 169 169 169 169 169 169 169 169 169 169 169 169 169 169 169 168 168 169 169 169 169 169 169 169 169 169 169 169 169 169 169 169 169 168 169 169 169 169 169 169 169 169 168 168 168 168 168 168 168 168 168 168 168 168 169 169 169 168 168 168 168 168 168 168 168 168 168 168 168 168 168 168 168 168 168 167 167 168 168 167 167 168 168 168 167 167 167 166 166 166 167 166 166 166 166 166 166 166 166 166 166 166 166 166 166 166 166 166 166 166 166 166 166 166 166 165 165 165 165 165 165 165 165 165 165 165 165 165 165 165 165 165 165 165 165 165 164 164 164 164 164 164 164 164 164 163 163 164 163 162 162 162 162 162 162 162 162 162 162 162 162 161 161 161 161 161 160 160 160 161 161 160 160 160 159 159 159 159 159 159 159 159 159 159 159 159 158 158 158 158 158 158 158 158 157 157 157 157 156 156 157 156 156 155 155 155 155 156 156 155 155 155 155 155 155 155 155 154 154 154 154 154 154 154 154 166 166 166 167 167 167 167 167 167 167 167 167 167 167 167 167 167 168 168 168 169 169 169 169 168 168 168 169 169 170 170 170 170 169 169 169 168 168 168 169 169 169 169 169 169 168 168 168 169 169 169 169 169 169 169 169 169 169 169 169 169 168 168 169 168 169 169 169 169 169 169 169 169 169 169 169 169 169 169 169 169 169 169 169 169 169 169 169 169 169 169 169 169 169 169 169 169 169 169 170 170 169 169 169 169 170 169 169 169 169 170 170 170 170 170 170 169 169 169 169 170 170 170 170 170 169 170 170 169 170 169 169 169 169 169 169 169 169 169 169 169 169 169 170 170 170 170 169 170 170 170 169 170 170 169 169 169 169 169 169 169 169 169 169 169 169 169 169 169 169 169 169 169 169 169 169 169 169 169 169 169 169 169 169 169 169 169 169 169 168 168 168 168 169 169 169 169 169 169 169 169 169 168 168 168 168 168 168 168 168 169 169 169 169 169 168 168 168 168 168 168 168 168 168 168 168 168 168 168 168 168 168 168 168 168 168 168 168 168 168 168 168 168 168 168 168 168 167 168 168 168 167 168 168 168 168 168 168 167 167 167 167 166 166 167 166 166 166 165 166 166 166 166 166 166 166 166 166 166 166 165 165 166 166 166 166 166 166 165 165 166 166 165 165 165 165 165 165 165 165 165 165 165 165 165 165 165 165 165 164 164 164 164 164 164 164 164 164 164 163 163 164 164 163 162 162 162 162 162 162 162 162 162 161 161 161 161 161 161 161 161 161 161 161 161 161 160 160 160 159 159 159 159 159 159 159 159 159 159 158 158 158 158 158 158 158 158 158 157 157 157 157 156 156 156 156 156 155 155 155 155 156 156 156 155 155 155 155 155 155 155 155 154 154 154 154 154 154 154 165 166 166 167 167 167 166 166 166 166 166 166 167 167 167 167 168 168 168 168 168 169 169 169 169 168 168 168 168 168 169 169 169 169 169 169 169 169 168 169 169 169 168 168 168 168 168 168 168 169 169 169 169 169 169 169 169 169 169 169 169 168 169 169 169 169 169 169 169 169 169 169 169 169 169 169 169 169 169 169 169 169 169 169 169 169 169 169 169 169 169 169 170 169 169 169 169 169 169 169 169 169 169 169 169 169 169 169 170 169 169 169 169 169 169 169 169 169 170 170 170 170 170 170 170 170 170 169 170 170 169 169 169 169 169 169 169 169 169 170 169 169 170 170 170 170 170 170 170 170 169 170 170 170 170 169 169 169 169 169 169 169 169 169 169 169 169 169 169 169 169 169 169 169 169 169 169 169 169 169 169 169 169 169 169 169 169 169 169 169 169 168 169 169 168 168 169 168 168 169 168 168 168 168 168 168 168 168 168 168 168 168 169 169 169 168 168 168 168 168 168 168 168 168 168 168 168 168 168 168 168 168 168 168 168 168 168 168 168 168 168 168 168 168 168 168 168 168 168 168 168 168 168 167 168 168 168 168 168 168 167 167 167 167 166 166 167 166 166 165 165 165 165 166 166 166 166 166 166 166 166 166 165 165 165 165 166 166 166 166 166 166 165 165 165 165 165 165 165 165 165 165 165 165 165 165 165 166 165 164 164 164 164 164 164 165 164 164 164 164 163 163 163 164 163 162 162 161 162 162 162 162 162 162 161 161 161 161 161 161 161 161 161 161 162 162 161 160 160 160 159 159 159 159 159 159 159 159 159 159 158 158 158 158 158 158 158 158 158 158 157 157 157 157 157 157 156 156 155 155 155 155 156 156 156 155 155 155 155 155 155 155 155 155 154 154 154 154 154 154 166 167 167 167 166 166 166 166 167 167 167 167 167 167 167 167 167 167 167 168 168 168 169 169 168 168 168 168 168 168 168 168 169 170 169 169 169 169 169 169 169 168 168 168 168 168 168 168 168 169 169 169 169 169 169 169 169 169 168 168 168 169 169 169 169 168 168 169 169 169 169 169 169 169 169 169 169 169 169 169 169 169 169 170 170 170 170 169 169 170 170 169 169 169 169 169 169 169 169 169 169 169 169 169 169 169 170 170 169 169 169 170 170 169 169 169 169 169 169 169 169 169 170 170 170 169 169 169 169 169 169 169 169 169 169 169 169 170 169 169 169 169 169 169 170 170 169 170 169 170 170 170 169 169 169 169 169 169 169 169 169 169 169 169 169 169 169 169 169 169 169 169 169 169 169 169 169 169 169 169 169 169 169 169 169 169 169 169 169 169 169 169 169 169 169 168 168 168 168 168 168 168 168 168 168 169 168 168 168 168 168 168 169 168 168 168 168 168 168 168 168 168 168 168 168 168 168 168 168 168 168 168 168 168 168 168 168 168 168 168 168 168 168 168 168 168 168 168 168 167 168 168 168 168 168 168 168 168 168 167 167 167 166 166 166 166 166 166 165 165 165 165 166 166 166 166 166 166 166 166 166 165 165 165 165 165 165 165 165 165 165 165 165 165 165 165 165 165 165 165 165 165 165 165 165 165 165 165 165 164 164 164 164 165 165 164 164 164 164 163 163 163 163 162 162 161 161 161 162 162 162 162 161 161 161 161 161 161 161 161 161 161 161 161 160 160 160 160 160 159 159 159 159 159 159 159 159 159 159 158 158 158 158 158 158 158 158 158 158 157 157 157 157 157 156 156 156 155 155 155 155 155 155 155 155 155 155 155 155 155 155 154 154 154 154 154 154 166 166 166 166 166 166 166 167 167 167 167 167 167 168 167 168 168 168 167 167 167 168 168 169 169 169 168 168 168 168 169 169 169 170 170 169 169 168 169 169 169 168 169 169 168 168 169 169 169 168 169 169 169 169 169 169 169 169 169 168 168 169 169 169 168 168 168 168 169 169 169 169 169 169 169 169 169 169 169 169 169 170 170 169 170 170 170 170 169 170 169 169 169 169 169 169 169 169 169 169 169 169 169 169 169 169 169 169 169 169 169 170 170 170 169 169 169 169 169 169 170 169 169 170 170 170 169 169 169 169 169 170 169 169 169 170 170 170 169 170 170 170 170 170 169 169 169 170 170 169 169 170 169 169 169 169 169 169 169 169 169 169 169 169 169 169 169 169 169 169 169 169 169 169 169 169 169 169 169 169 169 169 169 169 169 169 169 169 169 169 169 169 169 169 169 169 169 168 168 168 168 169 169 169 168 168 168 168 168 168 168 168 168 168 168 168 168 168 168 168 168 168 168 168 168 168 168 168 168 168 168 168 168 168 168 168 168 168 168 168 168 168 168 168 168 168 168 168 168 167 168 168 168 168 168 168 168 168 167 167 167 167 166 166 167 166 166 166 165 165 165 165 166 166 166 166 166 166 166 166 166 166 166 165 165 165 165 165 165 165 165 165 165 165 165 165 165 165 165 165 165 165 165 164 164 165 165 165 165 165 165 164 164 164 164 164 164 164 164 164 163 163 164 163 162 161 161 161 161 162 162 161 161 161 161 161 160 161 161 161 160 160 160 161 161 161 160 160 159 159 159 159 159 159 159 159 159 159 159 158 158 158 158 158 158 158 158 158 157 157 157 157 157 156 156 156 156 156 155 155 155 155 155 155 155 155 155 155 155 155 155 154 154 154 154 166 166 166 166 166 167 167 166 167 167 167 167 168 168 168 168 168 168 168 167 167 168 169 170 170 170 169 168 168 169 169 169 169 170 170 169 168 168 168 168 168 169 169 169 169 169 169 169 169 169 169 169 169 169 169 169 169 169 168 168 168 169 169 169 169 169 169 168 168 168 168 169 169 169 169 169 169 170 170 170 169 170 169 169 170 170 170 169 169 170 169 170 169 169 169 169 170 170 170 170 169 169 169 169 169 169 169 169 169 169 169 169 169 169 169 169 169 170 170 170 170 170 170 170 170 170 170 169 169 169 169 170 170 169 169 170 170 170 170 170 170 170 169 169 169 169 169 169 169 169 169 169 169 169 169 169 169 169 169 169 169 169 169 169 169 169 169 169 169 169 169 169 169 169 169 169 169 169 169 169 169 169 169 169 169 169 169 169 169 169 169 169 169 169 169 169 169 168 169 168 168 169 169 169 169 169 168 168 168 168 168 168 168 168 168 168 168 168 168 168 168 168 168 168 168 168 168 168 168 168 168 168 168 168 168 168 168 168 168 168 168 168 168 168 168 168 168 167 167 167 168 168 168 168 168 168 168 168 167 168 167 167 167 167 167 167 166 166 165 165 166 166 166 167 167 166 167 166 166 166 166 166 166 166 166 165 165 165 165 165 164 164 164 164 165 164 165 165 165 165 165 165 164 165 165 164 164 164 164 164 165 165 164 164 164 164 164 164 164 164 164 163 163 164 163 162 161 161 161 161 161 161 161 161 161 160 161 161 161 161 161 160 160 160 161 161 161 160 160 160 159 159 159 159 159 159 159 159 159 158 158 158 158 158 158 158 157 157 157 157 157 156 156 156 156 156 156 156 155 155 155 155 155 155 155 155 155 155 155 155 155 154 154 154 166 166 166 166 166 166 166 167 167 168 168 167 167 167 167 167 167 168 168 168 167 168 168 169 169 170 170 169 168 168 168 169 169 169 170 169 169 169 168 168 168 169 169 169 169 169 169 169 169 169 169 169 169 169 169 169 169 168 168 168 168 168 169 169 169 169 169 169 169 168 168 168 168 169 169 169 169 169 169 169 169 169 170 170 170 169 169 169 169 169 169 169 169 169 169 169 170 170 169 169 169 169 169 169 169 169 170 170 170 170 169 169 169 169 169 169 169 169 169 169 169 169 170 170 170 170 170 170 170 170 169 169 170 169 169 170 170 170 169 169 169 169 169 169 169 169 169 169 169 169 169 169 169 169 169 169 169 169 169 169 169 168 169 169 169 169 169 169 169 169 169 169 169 169 169 169 169 169 169 169 169 169 169 169 169 169 169 169 169 169 169 169 169 169 169 169 169 168 169 169 169 169 169 169 168 168 168 168 168 168 168 168 168 168 168 168 168 168 168 168 168 168 168 168 168 168 168 168 168 168 168 168 168 168 168 168 168 168 168 168 168 168 168 168 168 168 167 168 168 167 167 168 168 168 168 168 168 168 167 167 167 167 167 167 167 167 166 166 165 165 165 166 166 167 167 167 167 167 166 166 166 166 166 166 166 165 165 165 165 165 165 165 165 165 165 165 165 164 165 165 165 165 165 164 165 164 164 164 164 164 165 164 164 164 164 164 163 163 163 163 164 163 163 163 163 163 162 161 161 161 161 161 162 162 161 161 161 161 161 161 161 160 160 160 160 160 160 160 160 159 159 159 159 159 159 159 159 159 159 158 158 158 158 158 158 158 157 157 157 157 157 156 156 156 156 156 156 156 155 155 155 155 155 155 155 155 155 155 155 155 155 155 154 154 166 166 166 166 166 167 167 167 167 167 166 167 167 168 169 169 169 169 169 168 168 168 169 170 170 169 169 168 168 169 169 170 170 170 170 169 169 168 168 169 169 169 169 169 169 169 169 169 169 169 169 169 169 169 168 168 168 168 168 168 169 169 169 169 169 169 169 169 168 168 168 169 169 169 169 169 170 169 170 170 170 169 169 169 169 169 169 170 170 170 170 170 169 169 169 169 169 169 169 169 169 169 169 169 169 170 170 169 169 169 169 169 169 169 169 170 169 169 169 169 169 169 169 169 169 169 169 170 169 169 169 169 170 170 170 169 169 169 169 169 169 169 169 169 169 169 169 169 169 169 169 169 169 169 169 169 169 169 168 169 169 169 169 169 169 169 169 169 169 169 169 169 169 169 169 169 169 169 169 169 169 169 169 169 169 169 169 169 169 169 169 169 169 169 169 169 169 169 168 169 169 168 168 168 168 168 168 168 168 168 168 168 168 168 168 168 168 168 168 168 168 168 168 167 168 168 168 168 168 168 168 168 168 168 168 168 168 168 168 168 168 168 168 167 168 167 167 167 167 167 168 168 168 168 167 167 167 167 167 167 167 167 166 166 166 165 165 165 166 166 167 167 167 167 167 166 166 166 166 166 166 165 165 165 165 165 166 165 165 165 165 165 165 165 165 165 165 165 165 165 164 165 165 165 165 165 165 165 164 164 164 164 164 163 163 163 163 163 163 163 163 162 163 163 162 161 162 162 162 162 162 161 160 160 161 161 161 160 160 160 160 160 160 160 161 160 160 159 159 159 159 159 159 159 159 159 159 158 158 158 158 158 158 157 157 157 157 157 157 157 157 156 156 156 156 156 155 155 155 155 155 155 155 155 155 155 155 155 155 154 166 166 166 166 166 166 167 166 167 167 167 168 168 168 169 169 169 168 168 169 169 170 170 169 170 170 169 169 169 169 170 170 170 169 168 168 169 169 169 169 169 169 169 169 169 169 169 169 169 169 169 169 168 168 168 168 168 168 169 169 169 169 169 169 169 169 169 168 169 169 169 169 169 169 169 169 169 169 169 169 169 169 170 170 170 170 170 169 169 169 169 168 169 169 169 168 169 169 169 169 169 169 169 169 170 170 169 169 169 169 169 169 169 170 170 170 169 169 169 169 169 169 169 169 169 169 169 170 169 170 170 170 169 169 169 169 169 169 169 169 169 169 169 169 169 169 169 169 169 169 169 169 169 169 169 168 168 169 169 169 169 169 169 169 169 169 169 169 169 169 169 169 169 169 169 169 169 169 169 169 169 169 169 169 169 169 169 169 169 169 169 169 169 169 169 168 168 168 168 169 168 168 168 168 168 168 168 168 168 168 168 168 168 168 168 168 168 168 168 168 168 168 168 168 168 168 168 168 168 168 168 168 168 168 168 168 168 168 168 168 168 167 167 167 167 168 168 168 168 168 168 167 167 167 167 167 167 167 167 166 166 166 165 165 165 166 166 167 167 167 167 166 166 166 166 166 166 166 166 165 166 165 165 165 165 165 166 165 165 165 165 165 166 165 165 165 166 165 165 165 164 164 165 165 165 165 165 164 164 163 163 163 163 163 163 163 163 163 163 163 163 163 163 162 162 162 162 162 162 161 160 160 161 161 161 160 161 160 160 160 160 160 161 161 160 159 159 159 159 159 159 159 159 159 159 158 158 158 158 158 158 158 157 157 157 157 157 157 156 156 156 156 156 156 156 155 156 155 155 155 155 155 155 155 155 155 166 166 166 166 167 166 167 167 167 167 167 168 169 169 169 168 168 169 170 170 170 170 169 170 170 170 170 170 170 170 170 170 170 169 169 169 169 169 169 170 170 169 169 169 169 169 170 170 170 170 169 169 169 169 169 169 168 169 169 170 170 170 170 170 170 170 169 169 169 169 169 168 168 168 169 169 169 169 169 169 169 169 169 170 170 170 169 169 169 169 168 168 169 168 168 168 169 169 169 168 168 168 169 169 169 169 168 168 168 169 169 169 169 169 169 169 169 169 169 169 169 169 169 169 169 169 170 170 170 170 170 170 169 169 170 169 169 169 170 170 169 169 169 169 169 169 169 169 169 169 169 169 169 168 168 168 168 169 169 169 169 169 169 169 169 169 169 169 169 169 169 169 169 169 169 169 169 169 169 169 169 169 169 169 169 169 169 169 169 169 169 169 169 168 168 168 168 168 168 168 168 168 168 168 168 168 168 168 168 168 168 168 168 168 168 168 168 168 168 168 168 167 168 167 168 167 167 167 167 167 167 167 167 167 167 167 167 167 167 167 167 167 167 166 167 167 167 167 167 167 166 166 166 166 166 166 166 166 166 165 165 165 164 165 165 166 166 166 166 166 166 166 166 166 166 166 166 166 166 165 166 165 165 165 165 165 166 166 166 166 166 166 166 165 165 165 165 165 165 165 164 164 164 164 165 165 164 163 163 163 163 163 163 163 163 162 163 162 162 162 162 163 163 162 162 162 162 162 161 161 161 161 161 161 161 161 161 161 161 161 160 160 161 160 160 159 159 159 159 159 159 159 159 159 159 159 158 158 158 158 158 157 157 157 157 157 157 156 156 156 156 156 156 156 155 155 155 155 155 155 155 155 154 155 155 166 166 166 167 166 167 166 166 166 167 168 169 169 169 168 168 169 169 170 170 169 170 170 170 170 170 170 170 170 170 170 170 170 170 169 169 169 169 169 169 169 169 169 170 169 170 170 170 170 170 170 170 169 169 169 169 168 169 169 169 170 170 170 170 170 169 169 169 169 169 169 169 169 169 169 169 169 169 169 169 169 169 169 169 169 169 169 169 169 168 169 169 168 168 168 168 168 168 168 168 168 168 169 169 169 169 169 169 168 168 169 169 169 169 169 169 169 169 169 169 169 169 169 169 169 169 169 169 170 170 169 169 170 170 170 169 169 170 170 169 169 169 169 169 169 169 169 169 169 169 169 169 169 168 168 168 168 169 169 169 169 169 169 169 169 169 169 169 169 169 169 169 169 169 169 169 169 169 169 169 169 169 169 169 169 169 169 169 169 169 169 169 168 168 168 168 168 168 168 168 168 168 168 168 168 168 168 168 168 168 168 168 168 168 168 168 168 168 168 168 168 168 167 167 167 167 167 167 167 167 167 167 167 167 167 167 167 167 167 167 167 167 167 167 167 167 167 167 167 166 166 166 166 166 166 166 166 165 166 165 165 165 165 165 165 166 166 166 166 166 167 167 167 166 166 166 167 166 166 166 165 165 165 166 165 165 165 166 166 166 165 165 165 166 166 165 165 165 165 165 165 165 165 165 165 164 163 163 163 163 163 163 163 162 162 162 162 162 162 162 162 162 162 161 161 161 162 162 162 161 161 161 161 161 161 161 161 161 161 160 160 160 160 160 159 159 159 159 159 159 159 159 159 158 158 158 158 158 158 157 157 157 157 157 157 157 156 156 156 156 156 156 156 156 155 155 155 155 155 155 154 154 154 154 154 165 166 166 166 166 166 167 167 167 167 167 168 167 168 169 169 169 169 170 170 170 170 170 170 170 170 170 170 170 170 170 170 170 170 170 170 170 170 170 170 170 170 170 170 170 170 170 170 170 169 169 168 168 169 169 169 169 169 169 169 169 169 169 169 169 170 170 170 170 169 169 169 169 169 169 169 169 169 169 169 169 169 169 169 169 169 169 169 169 169 169 170 169 169 169 169 169 169 169 169 170 170 169 169 169 169 168 168 169 169 169 169 169 169 169 169 169 169 169 169 169 169 169 169 169 170 169 169 169 169 170 170 169 169 170 170 169 169 169 169 169 169 169 169 169 168 168 169 169 169 169 169 169 169 169 169 169 169 169 169 169 169 169 169 169 169 169 169 169 169 169 169 169 169 169 169 169 169 169 169 169 169 168 168 169 169 169 168 168 168 168 168 168 168 168 168 168 168 168 168 168 168 168 168 168 168 168 168 168 168 168 168 168 168 168 168 168 168 168 167 167 168 167 167 167 167 167 167 167 167 167 167 167 167 167 167 167 167 166 166 167 166 167 167 167 167 166 166 166 166 166 166 166 166 166 166 165 165 165 165 165 165 166 166 166 166 167 168 167 167 167 167 167 167 167 166 166 166 166 166 166 166 166 165 166 166 165 165 165 165 165 166 165 165 165 165 165 165 165 165 165 165 164 164 163 163 164 163 164 163 163 162 162 162 162 162 162 162 161 162 161 161 161 161 162 162 161 161 161 161 161 161 161 161 161 161 161 160 160 160 160 159 159 159 159 159 159 159 159 159 158 158 158 158 158 158 158 157 157 157 157 157 157 156 156 156 156 156 156 156 156 156 156 155 155 155 155 155 154 154 154 166 166 166 167 167 167 166 167 168 168 168 168 168 169 168 169 169 169 170 170 170 170 170 170 170 170 170 170 170 170 171 171 171 171 170 170 170 170 170 170 170 170 169 169 169 170 169 169 168 169 170 169 169 169 169 169 169 169 170 170 170 169 170 170 170 170 170 170 170 169 169 169 169 169 169 169 169 169 169 169 169 169 169 169 170 170 170 170 170 170 170 170 170 170 170 170 170 169 169 169 169 169 169 169 168 169 169 169 169 169 169 169 169 169 169 169 169 169 169 169 169 169 170 170 170 170 170 170 170 170 170 170 170 169 170 170 169 169 169 169 169 169 169 168 168 168 169 169 169 169 169 169 169 169 169 169 169 169 169 169 169 169 169 169 169 169 169 169 169 169 169 169 169 169 169 169 169 169 168 168 168 168 169 169 168 168 168 168 168 169 168 168 168 168 168 168 168 168 168 168 168 168 168 168 168 168 168 168 168 168 168 168 168 168 168 168 167 168 167 167 167 167 167 167 167 167 167 167 167 167 167 167 167 167 167 166 166 167 167 167 167 167 167 166 166 166 166 166 166 166 166 166 166 166 166 166 165 165 166 166 166 167 167 167 168 168 168 167 167 167 167 167 167 167 167 167 167 166 166 166 165 166 166 165 165 165 165 165 165 165 165 165 165 165 165 165 165 165 165 165 164 163 163 163 163 164 163 163 162 162 162 162 162 162 162 161 161 161 161 161 161 161 161 162 161 161 161 160 160 161 161 161 161 161 160 160 160 160 159 159 159 159 159 159 159 159 159 158 158 158 158 158 158 158 158 157 157 157 156 156 156 156 156 156 156 156 156 156 156 156 155 155 155 155 155 155 154 154 166 167 167 167 167 167 167 168 169 169 169 169 170 169 169 169 170 170 170 170 170 170 170 170 170 170 170 170 171 171 170 171 171 170 170 169 169 169 170 170 169 170 169 169 169 169 169 169 169 169 169 169 169 170 169 169 169 170 170 170 170 170 170 170 170 170 170 170 170 169 170 169 169 169 169 169 169 169 169 169 170 170 170 170 170 170 170 170 170 170 170 170 170 170 170 169 169 169 169 169 169 169 169 168 169 169 169 169 169 169 169 169 169 169 169 169 169 169 169 169 169 170 170 170 170 171 171 171 171 171 170 169 169 169 169 169 168 169 169 169 169 168 168 168 168 169 169 170 169 169 169 169 169 169 169 169 169 169 169 169 169 169 169 169 169 169 169 169 169 169 169 169 169 169 169 169 169 168 168 168 168 168 168 168 168 168 168 168 169 168 168 168 168 168 168 168 168 168 168 168 168 168 168 168 168 168 168 168 168 168 168 168 168 168 168 168 168 167 167 168 167 167 167 167 167 167 167 167 167 167 167 167 167 166 166 166 166 167 167 166 166 166 166 166 166 166 166 166 166 166 166 166 166 166 166 166 166 166 166 167 167 167 167 168 168 168 168 167 167 167 167 167 167 167 167 167 167 166 165 166 166 166 165 165 165 165 165 165 165 165 165 165 165 165 165 165 165 165 165 164 164 163 163 163 163 163 163 162 162 162 162 162 162 162 161 161 161 161 161 162 162 161 161 162 161 161 161 160 161 161 161 161 161 160 160 160 160 159 159 159 159 159 159 159 159 159 158 158 158 158 158 158 158 157 157 157 157 156 156 156 156 156 156 156 156 156 156 156 155 155 155 155 155 155 155 154 154 166 166 167 167 167 167 167 167 168 168 169 169 169 170 170 169 169 169 169 170 170 170 170 170 169 169 169 169 169 170 170 170 170 170 170 170 170 170 170 169 169 169 169 169 169 169 169 169 170 170 170 170 170 170 170 169 169 169 169 170 170 170 170 171 171 171 171 171 170 170 170 170 170 169 169 169 169 169 169 170 170 170 170 170 170 171 170 170 170 170 170 170 170 170 170 170 170 170 169 169 169 169 169 169 169 169 169 169 169 169 169 169 169 169 169 169 169 169 169 169 170 170 170 170 170 169 170 170 170 170 171 170 169 169 169 169 169 169 170 169 169 169 168 169 169 168 169 169 169 170 169 169 169 169 169 169 169 169 169 169 169 169 169 169 169 169 169 169 169 169 169 169 169 169 169 169 169 168 168 168 169 169 168 168 168 168 168 168 168 168 168 168 168 168 168 168 168 168 168 168 168 168 168 168 168 168 168 168 168 168 168 168 168 168 168 168 168 168 168 168 167 167 167 167 167 167 167 167 167 167 167 167 167 167 167 166 166 166 167 166 166 166 166 166 166 166 166 166 166 166 166 166 166 166 166 166 166 166 166 167 167 167 167 167 168 168 168 168 168 168 168 167 167 167 166 166 166 166 166 166 166 166 166 166 166 166 165 165 165 165 165 165 165 164 165 165 165 165 164 164 163 163 163 163 163 163 163 163 162 162 162 162 162 162 162 162 161 161 161 161 161 161 161 161 161 162 161 161 160 160 160 160 160 161 160 160 160 160 159 159 159 159 159 159 159 159 159 159 158 158 158 158 158 158 157 157 157 156 156 156 156 156 156 156 156 156 156 156 155 155 155 155 155 155 155 155 154 154 166 167 167 168 168 168 168 168 168 168 169 169 170 170 170 170 170 170 170 170 170 170 169 169 169 169 169 169 170 170 170 170 170 170 170 170 170 170 169 169 169 169 169 169 169 170 170 170 170 170 170 170 170 170 170 170 170 170 171 171 171 171 171 171 171 170 170 170 170 171 170 170 170 170 170 169 170 170 170 170 170 170 170 170 170 170 170 170 170 170 170 170 169 170 170 169 169 169 169 169 170 170 169 169 169 169 169 169 169 169 169 169 169 169 170 170 170 170 170 170 170 170 169 169 170 170 170 171 170 170 170 169 169 169 169 170 169 169 169 169 170 169 169 169 169 169 169 169 169 169 169 169 169 169 169 169 169 169 169 169 169 169 169 169 169 169 169 169 169 169 169 169 169 169 169 168 168 168 168 169 169 168 168 168 168 169 168 168 168 168 168 168 168 168 168 168 168 168 168 168 168 168 168 168 168 168 168 168 168 168 168 167 168 168 168 167 167 167 168 167 167 167 167 167 167 167 167 167 167 167 167 167 166 166 166 166 166 166 166 166 167 166 166 166 166 166 166 166 166 166 166 165 165 165 166 166 166 166 166 166 166 167 167 168 168 168 168 168 168 168 168 167 166 166 166 166 166 166 166 166 166 166 166 166 166 165 165 165 165 165 164 164 164 164 164 163 163 163 163 163 163 163 163 163 163 163 162 162 162 162 162 162 162 162 161 161 161 161 161 161 161 161 161 161 161 161 160 160 160 160 160 160 160 160 159 159 159 159 159 159 159 159 158 158 158 158 158 158 158 158 158 157 157 157 156 156 156 156 156 156 156 155 155 156 156 155 155 155 155 155 155 155 154 154 166 166 167 167 168 167 167 167 167 168 168 168 168 169 170 170 170 170 170 170 170 170 169 169 169 169 169 170 170 170 170 170 170 170 170 170 170 170 170 170 170 170 170 170 170 170 169 170 170 170 170 169 169 170 170 170 170 170 171 171 171 171 170 170 170 170 170 170 171 171 171 170 170 170 170 170 170 170 170 170 170 170 170 170 170 170 170 170 170 170 169 169 169 169 169 169 169 169 169 169 170 170 169 169 169 169 169 169 169 169 169 169 169 170 170 170 170 170 170 170 170 170 169 170 170 170 170 170 170 170 170 170 170 170 170 170 170 169 169 169 170 169 169 169 169 169 169 169 169 169 169 169 169 169 169 169 169 169 169 169 169 169 169 169 169 169 169 169 169 169 169 169 169 169 169 169 168 168 168 168 168 168 168 168 169 169 168 169 168 168 168 168 168 168 168 168 168 168 168 168 168 168 168 168 168 168 168 168 168 168 168 167 168 168 167 167 167 167 167 167 167 167 167 167 167 167 167 167 167 167 167 167 166 166 166 166 167 166 167 166 166 166 166 166 166 166 166 166 165 166 165 165 165 165 165 165 165 165 165 165 165 166 166 166 167 167 167 167 166 167 167 166 167 167 167 166 167 167 167 167 167 166 166 166 166 166 166 165 165 165 165 164 163 163 163 163 164 163 163 163 163 163 163 163 163 163 163 162 162 162 162 162 162 162 161 161 161 161 161 161 161 161 161 161 161 161 160 160 161 160 161 160 160 160 160 159 159 159 159 158 158 158 158 158 158 158 158 158 158 158 158 157 157 157 156 156 156 156 156 156 156 155 155 155 156 156 155 155 155 155 155 155 154 154 166 166 166 167 167 167 167 168 168 168 167 167 168 168 168 169 169 170 170 169 169 169 169 169 170 170 170 170 170 170 170 170 170 170 170 170 169 170 170 170 170 170 170 170 169 169 169 169 169 169 169 170 170 170 170 170 170 170 170 171 171 170 170 170 170 170 170 171 170 170 170 170 170 170 170 170 170 170 170 170 170 170 170 170 170 170 170 170 170 170 170 169 169 169 169 169 169 169 169 169 169 170 169 169 169 169 169 169 169 170 170 170 170 170 170 170 170 170 170 170 170 169 170 170 170 170 169 169 170 169 170 170 170 170 170 169 169 170 169 169 169 169 169 169 169 169 169 169 169 169 169 169 169 169 169 169 169 169 169 169 169 169 169 169 169 169 169 169 169 169 169 169 169 169 169 168 168 168 168 168 168 168 168 168 169 169 168 168 168 168 168 168 168 168 168 168 168 168 168 168 168 168 168 168 167 168 168 168 167 168 167 168 167 167 167 167 167 167 167 167 167 167 167 167 167 167 167 167 167 167 167 167 166 166 166 166 166 167 167 166 166 166 166 166 166 166 166 166 166 165 166 166 166 165 165 165 164 165 165 165 166 166 166 167 166 167 166 166 167 167 167 167 166 167 167 167 166 167 167 167 167 167 167 167 167 166 166 165 165 165 164 163 163 163 163 163 163 163 163 163 163 162 163 163 163 163 163 162 162 162 162 161 162 162 161 161 161 161 161 161 161 161 161 161 161 160 160 160 160 160 160 160 160 160 160 159 159 159 158 158 158 158 158 158 158 158 158 158 158 158 157 157 157 156 156 156 156 156 156 156 155 155 155 155 155 155 155 155 154 155 155 155 154 154 166 166 167 167 168 167 167 168 167 166 167 168 167 167 167 168 168 168 169 169 169 168 168 169 169 169 169 169 170 170 170 170 170 170 170 169 169 169 169 169 170 170 170 169 169 169 169 169 169 169 169 170 170 170 169 169 169 170 170 170 170 170 170 170 170 170 170 170 170 170 170 170 170 170 170 170 170 170 170 170 170 170 170 170 170 170 170 170 170 170 169 169 169 169 169 169 169 169 169 169 169 170 170 169 170 170 170 170 170 170 170 170 170 170 170 170 170 170 170 169 170 169 170 170 170 169 169 169 170 170 170 169 169 169 169 169 169 169 169 169 169 169 169 169 169 169 169 169 169 169 169 169 169 169 169 169 169 169 169 169 169 169 169 169 169 169 169 169 169 169 169 169 169 169 169 168 168 168 168 168 168 168 168 168 168 168 168 168 168 168 168 168 168 168 168 168 168 168 168 168 168 168 168 167 167 167 167 168 168 168 167 167 167 167 167 167 167 167 167 167 167 167 167 167 167 167 167 167 167 167 167 167 166 166 166 166 167 166 166 166 166 165 165 165 165 166 166 166 166 165 165 166 166 166 166 165 165 165 165 165 166 166 166 166 166 166 166 167 167 167 167 166 166 166 166 166 166 167 167 167 166 166 167 166 166 166 166 166 165 164 163 163 163 163 163 164 163 163 163 163 163 162 163 163 163 162 163 162 162 162 161 161 162 162 161 161 161 161 161 161 161 161 160 160 160 160 160 160 160 160 160 160 160 160 159 159 159 159 158 158 158 158 158 158 158 158 158 158 158 157 157 156 156 156 156 156 156 156 156 155 155 155 155 155 155 155 155 154 154 155 155 155 154 166 166 166 166 166 167 168 167 166 166 167 167 167 167 167 167 168 169 169 169 168 168 168 169 168 168 169 170 170 170 170 170 170 170 170 169 169 169 169 169 169 170 170 169 169 169 170 169 169 170 170 170 170 169 169 170 170 170 170 169 170 170 170 170 170 170 170 170 170 170 170 170 170 170 170 170 170 170 170 170 170 170 170 170 170 170 170 170 170 170 169 169 169 169 169 169 169 169 169 169 169 170 170 169 170 170 170 170 170 170 170 170 170 170 170 170 170 170 169 169 169 169 170 170 170 169 169 169 170 170 170 170 169 169 169 169 169 169 169 169 169 169 169 169 169 169 169 169 169 169 169 169 169 169 169 168 168 168 169 169 169 169 169 169 169 169 169 169 169 169 169 169 169 169 169 169 168 168 168 168 168 169 168 168 168 168 168 168 168 168 168 168 168 168 168 168 168 168 168 168 168 167 167 167 168 168 168 168 167 167 167 167 167 167 167 167 167 167 167 167 167 167 167 167 167 167 167 167 167 167 167 167 166 166 167 166 166 166 166 166 166 166 165 165 165 166 166 166 165 165 165 165 165 166 165 166 166 166 167 166 166 166 166 166 166 166 166 166 166 166 166 166 166 166 166 167 167 167 167 166 166 166 166 166 166 166 166 166 165 164 163 163 163 163 164 164 163 164 163 163 162 162 162 163 162 162 162 162 162 162 161 161 162 162 161 161 161 161 160 161 161 160 160 160 160 160 160 160 160 160 160 160 160 159 159 159 158 158 158 158 158 158 158 158 158 158 158 157 157 157 156 156 156 156 156 156 156 156 155 155 155 155 155 155 155 154 154 154 155 155 155 155 166 167 166 166 167 167 167 167 168 168 169 169 169 169 169 168 168 169 169 169 170 169 169 170 170 169 169 170 170 169 169 169 169 169 170 170 170 169 169 169 169 169 169 170 170 169 169 170 170 170 170 170 170 170 170 170 170 170 170 170 170 170 170 170 170 170 170 170 170 170 170 170 170 169 170 169 170 170 170 170 170 170 170 170 170 170 169 169 169 169 169 169 169 169 169 170 169 170 170 170 170 170 170 170 170 170 170 170 170 170 169 169 169 169 169 170 170 169 169 169 169 169 169 169 170 169 169 169 169 169 169 169 169 169 169 169 169 169 169 169 169 169 169 169 169 169 169 169 168 168 168 168 169 169 169 169 169 169 169 169 169 169 169 169 169 169 169 169 168 168 168 168 168 168 169 169 168 168 168 168 168 168 168 168 168 168 168 168 168 168 167 168 167 168 167 167 167 167 167 167 167 167 167 167 167 167 167 167 167 167 167 167 167 167 167 167 167 167 167 167 167 167 166 167 167 167 167 166 166 166 166 166 166 166 166 166 166 165 166 166 166 166 166 166 166 165 165 165 165 166 166 167 167 166 166 166 166 166 166 166 166 166 166 166 167 166 166 166 166 167 166 166 166 166 166 166 167 166 166 166 166 165 165 163 163 163 163 163 163 163 164 163 163 163 162 162 163 162 162 162 162 162 162 162 162 162 162 161 161 161 161 160 160 160 160 160 160 160 160 160 160 160 160 160 160 160 159 159 159 159 159 159 158 158 158 158 158 158 158 158 157 157 156 156 156 156 156 156 156 156 156 155 155 155 155 155 155 155 154 155 155 155 155 155 155 155 167 166 166 166 167 167 168 168 168 168 169 169 169 169 168 168 169 169 170 170 169 169 170 170 170 169 170 170 170 170 169 169 169 170 170 170 170 169 169 169 169 169 170 170 169 169 169 169 170 170 170 170 170 170 170 170 170 170 170 170 170 170 170 170 170 170 170 169 169 169 169 170 169 170 170 170 170 170 170 170 170 170 170 170 170 170 169 169 169 169 169 169 169 169 169 169 170 170 170 170 170 170 170 170 170 170 170 170 169 169 169 170 170 170 170 169 169 169 169 169 170 170 169 169 169 169 169 169 169 169 169 169 169 169 169 169 169 169 169 169 169 169 169 169 169 169 169 169 169 168 168 168 168 169 169 169 169 169 169 169 169 169 169 169 169 169 169 168 168 168 168 168 168 168 168 169 168 168 168 169 168 168 168 168 168 168 167 168 168 168 167 167 168 168 167 167 167 167 167 167 167 167 167 167 167 167 167 167 167 167 167 167 167 167 167 167 167 167 167 167 167 167 166 166 166 166 166 166 166 166 166 166 166 166 166 166 166 166 166 166 166 166 166 166 165 165 165 166 166 166 166 166 167 167 167 166 166 167 167 167 167 166 166 166 167 167 167 166 166 166 166 166 166 166 166 166 166 166 166 166 165 165 163 162 163 163 163 163 163 163 163 163 163 163 162 162 162 162 162 162 162 162 162 162 162 161 161 161 161 161 161 160 160 160 160 160 160 160 160 160 160 159 159 159 159 159 159 158 158 159 159 159 159 158 158 158 158 157 157 157 157 156 156 156 156 156 156 156 156 156 155 155 155 155 155 155 155 155 155 155 155 155 155 166 166 166 166 166 167 168 167 167 168 169 169 169 169 169 168 168 169 169 170 170 169 169 169 169 170 170 169 170 170 170 169 169 170 170 170 170 170 170 169 169 170 170 170 170 169 169 170 170 170 170 170 170 170 170 170 170 170 170 170 170 170 170 170 170 170 170 170 169 169 169 170 170 169 170 169 169 169 170 170 170 170 170 170 170 170 169 169 169 169 169 169 169 169 169 169 170 170 170 170 170 170 170 169 169 170 169 170 169 169 170 170 170 170 170 169 169 169 169 169 169 169 169 169 169 169 169 169 169 169 169 169 169 169 169 169 169 169 169 169 169 169 169 169 169 169 169 169 169 168 169 169 169 169 169 169 169 169 169 169 169 169 169 169 169 169 169 168 168 168 168 168 168 168 168 169 168 168 168 168 168 168 168 168 168 168 168 168 168 168 167 167 168 168 167 167 167 167 167 167 167 167 167 167 167 167 167 167 167 167 167 167 167 167 167 167 167 167 167 167 167 167 167 166 166 166 166 166 166 166 166 166 166 166 166 166 166 166 166 166 166 166 166 166 166 166 166 166 166 166 167 167 166 166 167 167 167 167 167 167 167 167 166 166 166 167 167 167 167 166 166 166 166 166 166 166 166 166 166 166 165 165 163 162 162 163 163 163 163 163 163 163 163 163 163 163 162 162 162 162 162 162 162 162 162 162 161 161 161 161 161 160 160 160 160 160 160 160 160 160 160 160 159 159 159 159 159 158 158 158 158 158 158 158 158 158 158 157 157 157 156 157 157 157 157 157 156 156 156 156 155 156 156 156 156 155 155 167 167 167 168 168 168 168 168 169 169 168 168 168 169 169 170 169 169 169 169 169 170 170 169 169 169 169 169 170 170 169 169 170 170 169 170 170 170 170 170 169 169 169 169 170 170 170 170 170 170 170 170 170 170 170 170 170 170 170 170 170 170 170 170 170 170 170 170 170 170 170 169 170 170 170 170 170 170 170 170 170 170 170 170 169 169 169 169 169 169 169 169 169 169 170 170 170 170 169 169 169 169 169 169 169 169 169 169 170 170 169 170 170 169 169 169 169 169 169 169 169 169 169 169 169 169 169 169 169 169 169 169 169 169 169 169 169 169 169 169 169 169 169 169 169 169 169 169 169 169 169 169 169 169 169 169 169 169 169 169 169 168 168 168 168 168 168 169 168 168 168 168 168 168 168 168 168 168 168 168 168 168 168 168 168 167 167 168 168 168 168 167 167 167 167 167 167 167 167 167 167 167 167 167 167 167 167 167 167 167 167 166 167 167 166 166 167 167 167 167 167 166 166 166 166 166 166 166 166 166 166 166 166 166 166 166 166 166 166 166 166 166 166 166 167 168 167 167 167 166 167 167 167 167 167 167 167 167 167 166 167 167 167 167 167 167 166 166 166 166 166 166 166 166 166 165 165 164 163 163 162 163 163 163 163 163 163 163 163 163 163 162 162 162 162 162 162 162 162 162 162 161 161 161 161 161 161 161 160 160 160 160 160 160 160 160 160 159 159 159 159 158 158 158 158 158 158 158 158 158 158 157 157 157 157 157 157 157 157 157 157 156 156 156 156 155 156 156 156 166 167 166 166 167 167 167 167 168 169 169 168 168 169 169 170 170 170 169 169 169 169 169 170 169 169 169 169 169 169 169 169 169 169 169 169 170 169 170 170 169 169 169 170 170 170 170 170 170 170 170 170 170 170 170 170 170 170 170 170 170 170 170 170 170 170 170 170 170 170 170 169 169 170 170 170 170 170 170 170 170 170 170 170 170 169 169 169 169 169 169 169 169 169 170 170 170 170 169 169 169 169 169 169 169 169 169 169 169 169 169 169 169 169 169 169 169 169 169 169 169 169 169 169 169 169 169 169 169 169 169 169 169 169 169 169 169 169 169 169 169 169 169 169 169 169 169 169 169 169 169 169 169 169 169 169 169 169 169 169 169 168 168 168 168 168 168 169 168 169 169 168 168 168 168 168 168 168 168 168 168 168 168 168 168 168 168 168 168 168 168 168 167 167 167 167 167 167 167 167 167 167 167 167 167 167 167 167 167 167 167 166 167 167 166 166 166 166 167 167 167 166 167 166 166 166 166 166 166 166 166 166 166 166 166 165 166 166 166 166 166 166 166 166 167 167 167 168 167 167 167 167 167 166 166 166 167 167 167 167 167 167 167 167 166 166 167 166 166 166 166 166 166 166 166 166 165 165 164 163 162 162 163 163 163 163 163 163 163 163 163 163 163 162 162 162 162 162 162 162 162 162 161 161 161 161 161 161 161 160 160 160 160 160 160 160 160 160 159 159 159 159 158 158 158 158 158 158 158 158 158 157 157 157 157 157 157 157 157 157 157 157 157 156 156 156 156 156 156 156 156 166 167 168 167 167 167 167 168 168 169 168 167 168 169 169 169 169 169 169 169 169 169 169 169 169 169 169 169 169 169 169 169 169 169 169 169 169 170 169 170 169 169 169 170 170 170 170 170 170 170 170 170 170 169 169 169 169 169 170 170 170 170 170 170 170 170 170 170 170 170 170 169 169 169 170 169 169 170 170 170 170 170 170 170 170 169 169 169 169 169 169 170 170 170 170 170 169 169 169 169 169 169 169 169 169 169 169 169 169 169 169 169 169 169 169 169 169 169 169 169 169 169 169 169 169 169 169 169 169 169 169 169 169 169 169 169 169 169 169 169 169 169 169 169 169 169 169 169 169 169 169 169 169 169 169 169 169 169 169 168 168 168 168 168 168 168 168 168 168 168 168 168 168 168 168 168 168 168 168 168 168 168 168 168 168 168 168 168 168 168 168 167 167 167 167 167 167 167 167 167 167 167 167 167 167 167 167 166 166 167 167 166 166 166 166 166 166 166 166 166 166 166 166 166 166 166 166 166 166 166 166 166 166 167 166 166 166 166 166 166 166 166 166 166 166 166 167 167 167 167 167 167 167 167 167 167 166 166 167 167 168 167 167 167 166 166 166 166 166 166 166 166 166 166 166 166 165 165 164 163 163 162 163 163 163 163 163 163 163 163 163 163 163 163 162 162 162 162 162 162 162 162 162 161 161 161 161 160 160 160 160 160 160 160 160 160 159 159 159 159 159 159 159 159 158 158 158 158 158 158 158 157 158 157 157 158 158 158 157 157 157 157 157 156 156 156 156 156 156 156 156 167 168 168 168 167 167 167 168 168 168 168 168 168 168 168 169 169 169 170 170 169 169 169 169 169 169 169 169 169 169 169 169 169 169 169 169 169 169 170 170 170 170 170 170 170 170 170 170 170 170 170 170 169 169 169 169 169 169 169 169 169 170 170 170 170 170 170 170 170 170 170 169 169 169 169 170 170 170 170 170 170 170 170 170 170 169 169 169 169 169 169 169 169 170 170 170 169 169 169 169 169 169 169 170 170 170 170 170 170 169 169 169 169 169 169 169 169 169 169 169 169 169 169 169 169 169 169 169 169 169 169 169 169 169 169 169 169 169 169 169 168 168 168 169 169 169 169 169 169 169 169 169 169 169 169 169 169 168 168 168 169 169 169 168 168 169 169 168 168 168 169 168 169 169 168 168 168 169 168 168 168 168 168 168 168 168 168 168 168 168 167 167 167 167 167 167 167 167 167 167 167 167 167 167 167 167 167 166 166 166 166 166 166 166 166 166 167 166 166 166 166 166 166 166 166 166 166 166 167 167 166 166 166 166 166 166 166 166 166 166 166 166 166 166 166 167 168 168 167 167 167 167 167 167 167 167 166 167 167 167 167 167 167 167 166 167 166 166 166 166 166 166 166 165 165 164 164 164 163 163 163 163 163 163 163 163 163 163 163 163 163 163 163 162 162 162 162 162 162 162 162 162 162 161 161 161 161 161 161 160 160 160 160 160 159 159 159 159 159 159 159 159 159 159 158 158 158 158 158 157 158 158 158 158 158 158 158 157 157 157 157 157 157 157 156 156 156 156 156 164 165 166 167 168 167 167 167 167 167 167 168 168 168 168 168 168 168 169 169 169 169 169 169 169 169 169 169 169 169 169 169 169 169 169 169 169 169 169 169 169 169 170 170 170 170 170 170 170 170 170 170 170 170 170 170 170 170 169 169 169 169 169 169 169 169 169 170 170 170 169 169 170 170 170 169 169 170 170 170 170 170 170 170 170 170 170 170 170 169 169 169 169 169 169 169 169 170 170 169 169 169 169 169 169 169 169 169 169 170 169 169 170 169 169 169 169 169 169 169 169 169 169 169 169 169 169 169 169 169 169 169 169 169 169 169 169 169 169 169 169 169 169 169 168 168 168 169 169 169 169 169 169 169 169 169 169 169 169 169 169 169 168 169 169 169 168 169 169 169 168 169 169 169 169 169 169 169 169 169 169 169 168 168 168 168 168 168 168 168 168 168 168 167 167 167 167 167 167 167 167 167 167 167 167 167 167 167 167 167 166 166 166 166 167 167 166 166 167 167 166 166 166 166 166 166 166 166 166 166 166 166 166 166 166 166 166 167 167 167 166 166 166 166 166 166 166 166 167 167 167 167 167 167 168 167 167 167 167 167 167 167 167 167 166 166 166 166 166 166 166 166 166 166 166 165 165 164 164 164 164 164 163 163 163 163 163 163 163 163 163 163 163 163 163 163 163 162 162 162 162 162 162 162 162 162 161 161 161 161 161 161 160 160 160 160 160 160 159 159 159 159 159 159 159 159 159 159 158 158 158 158 158 158 158 158 158 158 158 158 158 164 166 165 166 166 166 167 167 168 168 168 168 168 167 167 167 167 167 167 168 168 169 169 169 169 169 169 169 169 169 169 169 169 169 169 169 169 169 169 169 169 169 169 169 169 169 169 170 170 169 170 170 170 170 170 170 170 170 170 170 170 170 170 170 170 170 169 169 169 169 169 169 170 170 170 169 169 169 170 170 169 170 170 170 170 170 170 170 170 170 170 170 170 169 169 169 170 170 169 169 169 169 170 169 169 169 169 169 169 169 169 169 169 169 169 169 169 170 170 170 169 169 170 169 169 169 169 169 169 169 169 169 169 169 169 169 169 169 169 169 169 169 169 169 169 169 169 169 168 168 168 169 169 169 169 169 169 169 169 169 169 169 169 169 168 169 169 169 169 169 169 169 169 169 168 168 168 169 169 169 168 169 169 168 168 169 168 168 168 168 167 167 168 168 167 168 167 167 167 167 167 167 167 167 167 167 167 167 167 167 167 167 167 167 167 166 166 166 166 166 166 166 166 166 166 166 166 166 166 166 166 166 166 166 166 166 166 166 166 166 167 167 167 167 167 166 166 166 166 166 166 166 167 167 167 167 167 167 167 167 167 167 167 167 167 168 167 166 166 167 166 166 166 166 166 166 166 166 166 165 165 165 165 165 165 164 163 163 163 163 163 163 163 163 163 163 163 163 162 163 163 163 163 162 162 162 162 162 162 162 161 161 161 161 161 161 161 160 160 160 160 160 159 159 159 159 159 159 159 159 159 158 158 158 158 158 158 158 158 158 158 164 166 167 166 165 164 165 164 164 167 167 166 167 167 166 167 168 168 168 167 167 168 168 167 168 168 167 167 168 168 168 169 169 169 169 169 169 169 169 169 169 169 169 169 169 170 170 169 169 168 169 169 169 169 169 169 169 169 169 169 170 170 170 169 170 170 170 170 170 170 170 170 170 170 170 170 170 170 169 169 169 169 170 170 169 169 169 169 169 169 169 170 170 170 170 170 170 170 170 170 170 170 170 170 169 169 169 169 169 169 169 169 169 169 169 169 169 169 169 169 169 169 169 169 170 170 170 170 170 170 170 170 169 170 169 169 169 169 169 169 169 169 169 169 169 169 169 169 169 169 169 169 169 169 169 169 169 169 168 169 169 169 169 169 169 169 169 169 169 169 168 169 169 168 168 168 169 169 169 169 169 169 168 168 168 169 169 169 168 168 168 168 168 168 168 168 168 168 168 168 167 167 168 167 167 167 167 167 167 167 167 167 167 167 167 167 167 167 167 167 167 167 167 167 166 166 166 166 166 166 166 166 166 166 166 166 166 166 166 166 166 166 166 166 166 166 166 166 167 166 167 167 166 166 166 166 166 166 166 167 167 168 167 167 168 167 167 167 167 167 167 167 167 167 167 167 167 166 166 166 166 166 166 166 167 166 166 166 166 166 166 166 165 164 163 163 163 163 163 163 163 163 163 163 163 163 163 163 163 163 162 162 162 162 162 162 162 162 161 161 161 161 161 161 161 161 161 161 160 160 160 160 159 159 159 159 159 159 159 159 158 158 158 158 158 158 158 158 158 158 164 166 167 167 166 165 166 167 167 165 164 167 167 167 167 167 167 168 168 168 168 168 167 167 167 167 168 168 168 168 167 167 168 169 169 169 169 169 169 169 170 170 170 170 170 170 169 170 169 169 169 169 169 169 169 169 169 169 169 169 169 169 170 169 169 169 169 170 169 169 170 170 170 170 170 169 170 170 170 170 170 170 169 169 169 170 169 169 169 169 170 169 169 169 169 169 169 169 169 170 170 169 170 170 170 170 170 170 170 170 169 169 170 169 169 169 169 170 169 169 169 169 169 169 169 170 170 170 170 169 169 169 169 169 170 169 169 169 169 169 169 169 169 169 169 169 169 169 169 169 169 169 169 169 169 169 169 169 169 168 168 169 169 169 169 169 169 169 169 169 169 169 169 168 169 169 168 168 168 168 168 169 169 168 169 169 169 169 169 169 169 168 168 168 168 168 168 168 168 168 168 168 167 167 167 167 167 167 167 167 167 167 167 167 167 167 167 167 167 167 167 167 167 167 167 167 167 166 166 166 166 166 166 166 166 166 166 166 166 166 166 166 166 166 166 166 167 166 167 167 166 166 167 167 166 166 166 166 166 167 167 167 167 167 168 168 167 167 167 167 167 167 167 167 167 167 167 167 167 167 166 167 166 166 166 166 166 166 166 166 166 166 166 165 165 164 163 163 163 163 163 163 163 163 163 163 163 163 163 163 163 163 163 162 162 162 162 162 162 161 161 161 161 161 161 161 161 161 161 160 160 160 160 160 159 159 159 159 159 159 159 159 158 158 158 158 158 158 158 158 158 158 164 166 166 167 166 166 168 168 168 166 165 165 165 165 167 167 167 167 167 167 167 168 168 168 168 169 168 168 167 167 168 167 168 168 168 168 167 168 168 168 169 169 169 169 169 169 170 170 170 170 169 170 170 169 169 169 169 169 170 169 169 169 169 169 169 169 169 170 169 169 169 169 169 169 169 169 170 170 170 170 170 169 169 169 170 170 170 170 169 169 170 169 169 170 170 170 170 170 169 169 169 169 169 169 170 170 169 169 169 169 169 170 170 170 169 169 169 169 169 169 169 169 170 170 170 169 169 170 170 170 170 170 170 170 169 169 169 169 169 169 169 169 169 169 169 169 169 169 169 169 169 169 169 169 169 169 169 169 169 169 169 169 169 169 169 168 168 169 169 169 169 169 169 169 169 169 169 169 168 168 168 168 168 168 168 168 169 169 169 169 169 169 169 168 168 169 168 168 168 168 168 168 168 168 168 167 167 168 168 167 167 167 167 167 167 167 167 167 167 167 167 167 167 167 167 167 167 167 167 167 167 167 166 166 166 166 166 166 166 166 166 166 166 166 166 166 166 166 166 166 166 167 167 167 166 166 166 166 167 166 166 166 166 166 166 167 167 167 167 167 168 168 168 168 168 167 168 168 167 167 167 167 167 167 167 167 167 167 167 167 166 166 166 166 166 166 166 165 165 164 164 164 164 163 163 163 163 163 163 163 163 163 163 163 163 163 163 163 163 162 162 162 162 162 161 161 161 161 161 161 161 161 161 161 160 160 160 160 160 160 160 159 159 159 159 159 159 159 159 159 159 158 158 158 158 158 158 165 166 166 166 167 168 168 168 167 167 167 167 166 165 166 167 167 167 167 167 167 167 167 167 167 167 167 168 168 168 167 167 168 168 168 169 168 168 168 168 168 169 169 169 169 169 169 169 169 169 169 169 169 169 169 169 169 169 170 170 170 169 169 169 169 169 169 169 170 169 170 169 169 169 169 169 169 169 169 169 169 169 170 170 169 169 169 169 169 169 169 169 169 169 170 170 170 170 170 169 169 169 169 169 169 169 169 169 169 169 169 169 169 169 170 169 169 169 169 169 169 169 169 169 169 170 170 170 170 170 170 170 170 170 169 169 169 169 169 169 169 169 169 169 169 169 169 169 169 169 169 169 169 169 169 169 169 169 169 169 169 169 169 169 169 169 169 168 168 168 169 169 169 169 169 168 169 168 169 169 168 168 168 168 169 169 169 169 169 169 169 169 169 169 169 168 168 168 168 168 168 167 167 168 168 168 167 167 167 167 167 167 167 167 167 167 167 167 167 167 167 167 167 167 167 167 167 167 167 167 167 167 167 167 167 166 166 166 166 166 166 166 166 166 166 166 166 166 166 166 166 166 166 166 166 166 166 166 167 166 166 166 165 166 166 166 166 166 167 167 167 167 167 167 167 167 168 168 167 167 167 167 167 167 167 167 167 167 166 166 166 166 166 166 166 166 165 165 165 165 165 164 164 163 163 163 163 163 163 163 163 163 163 163 163 163 163 162 162 162 162 162 162 162 162 162 161 162 161 161 161 162 161 161 161 161 160 160 160 160 160 160 160 160 159 159 159 159 159 159 159 159 158 158 158 158 158 158 158 158 166 166 167 167 167 168 168 168 167 167 167 166 165 165 165 165 167 167 167 167 167 167 167 167 167 167 167 167 168 168 168 168 167 167 168 169 169 169 168 168 169 169 169 169 169 169 169 169 169 169 168 168 169 169 169 169 169 169 169 169 169 170 170 170 170 169 169 169 169 169 169 169 169 169 169 169 169 169 169 169 169 169 169 169 170 170 170 169 169 169 169 169 168 168 169 169 170 170 170 170 170 169 169 169 169 169 169 169 169 169 170 170 170 169 169 170 170 170 169 169 169 169 169 169 169 169 169 169 170 170 169 169 170 170 170 170 170 169 169 169 169 169 169 169 169 169 169 169 169 169 169 169 169 169 169 169 169 169 169 169 169 169 169 169 169 169 169 169 169 168 168 169 169 169 169 169 169 168 169 169 168 169 169 168 168 168 168 169 168 169 169 169 169 169 169 169 168 168 168 168 168 168 168 168 167 168 168 168 168 167 167 167 167 167 167 167 167 167 167 167 167 167 167 167 167 167 167 167 167 167 167 167 167 167 167 167 167 166 166 166 166 166 166 166 166 166 166 166 166 166 166 166 166 166 166 166 166 166 166 166 166 166 166 165 166 166 166 166 166 167 167 167 168 168 168 167 167 167 167 167 167 167 167 167 167 167 167 167 166 166 166 166 166 166 166 166 166 166 166 166 165 164 164 164 164 163 163 163 163 163 163 163 163 163 163 163 163 163 163 163 162 162 162 162 162 162 162 162 162 162 161 161 161 161 161 161 161 160 160 160 160 160 160 160 160 160 160 159 159 159 159 159 159 158 158 158 158 158 158 158 158 165 166 167 167 168 168 167 168 168 167 167 166 165 166 167 167 167 167 167 166 166 165 165 166 166 166 166 165 165 165 166 166 166 166 167 167 167 167 167 167 167 167 167 167 167 167 168 168 168 168 167 167 168 168 168 168 168 169 169 168 169 169 169 169 169 169 169 169 169 168 168 168 169 169 169 169 169 169 169 169 169 170 170 170 170 170 169 169 169 170 169 169 169 169 169 169 169 169 169 169 169 170 170 170 170 170 170 170 169 169 168 168 168 169 169 169 170 169 170 169 170 169 169 169 169 169 169 169 170 170 169 169 170 170 170 170 170 169 169 169 169 169 169 169 169 169 169 169 169 169 170 170 170 170 170 169 169 169 169 169 169 169 169 169 169 169 169 169 169 169 169 169 169 169 169 169 169 169 169 169 169 169 169 169 169 169 169 169 169 169 169 169 169 169 168 168 169 169 169 169 169 169 168 168 168 168 168 168 169 168 168 169 169 169 168 168 168 168 168 168 168 168 168 167 167 168 167 167 167 167 167 167 167 167 167 167 167 167 167 167 167 167 167 167 167 167 167 167 167 167 167 167 167 167 167 166 166 166 166 166 166 166 166 166 166 166 166 166 166 166 166 166 166 166 166 165 166 166 165 165 165 165 166 166 166 166 166 166 167 167 167 168 168 168 167 167 167 167 167 167 167 167 167 167 167 167 166 166 166 166 166 166 165 165 165 165 165 165 165 165 164 164 164 163 163 163 164 164 163 163 163 163 163 163 163 163 163 163 162 162 162 162 162 162 162 162 162 162 162 161 161 161 161 161 161 161 160 160 160 160 160 160 160 160 160 159 159 159 159 159 159 158 158 158 159 158 158 158 158 166 167 167 167 167 168 167 167 166 166 165 166 167 168 168 168 168 168 168 167 166 167 167 167 167 166 166 166 166 166 166 167 167 167 167 168 167 167 167 167 167 167 167 168 168 168 168 168 168 167 167 168 168 168 168 168 168 168 169 169 170 170 170 169 169 169 169 169 169 169 169 169 169 169 169 169 169 169 169 169 170 170 170 170 169 169 169 169 169 169 169 169 169 170 169 169 169 169 169 170 170 169 170 170 170 170 170 170 169 169 169 168 169 169 169 169 170 169 169 170 169 169 169 169 169 169 170 170 169 169 170 170 170 169 170 169 169 169 169 169 169 169 169 169 169 169 169 169 170 170 170 170 170 170 169 169 169 169 169 169 169 169 169 169 169 169 169 169 169 169 169 169 169 169 169 169 169 169 169 169 169 169 169 169 169 169 169 169 169 169 169 169 168 168 169 169 169 169 169 169 168 169 168 168 168 168 168 168 168 169 168 168 168 168 168 168 168 168 168 168 168 167 167 167 167 168 168 168 167 167 167 167 167 167 167 167 167 167 167 167 167 167 166 166 167 167 166 167 167 167 167 167 167 167 166 166 166 166 166 166 166 166 166 166 166 166 166 166 166 166 166 166 166 166 166 166 166 166 166 165 165 165 165 166 166 166 167 167 167 167 167 167 167 167 167 167 167 167 167 167 167 167 167 166 166 165 166 166 166 166 165 165 165 165 166 166 165 164 164 163 163 163 163 163 164 164 164 163 163 163 163 163 163 163 163 163 162 162 162 162 162 162 162 162 162 161 161 161 161 161 161 161 161 161 160 160 160 160 160 160 160 160 160 159 159 159 159 159 159 158 158 159 159 159 158 158 158 167 167 167 168 168 167 166 166 166 166 166 166 168 168 168 169 168 168 168 168 169 168 168 168 168 168 167 167 167 167 167 167 167 167 167 168 168 167 167 167 167 167 167 167 167 167 168 168 168 168 168 168 168 168 168 168 168 169 169 169 170 170 170 169 169 169 169 169 169 169 169 169 169 169 169 169 169 169 170 169 169 169 170 169 169 168 169 169 169 169 169 169 169 169 169 169 169 169 170 169 170 170 169 170 169 169 170 170 169 169 169 169 169 169 169 169 170 169 169 170 170 170 169 169 169 169 169 169 169 170 169 170 170 169 169 169 169 169 169 169 169 170 170 169 169 169 169 170 170 169 170 170 170 170 169 169 170 170 169 169 169 169 169 169 169 169 169 169 169 169 169 169 169 169 169 169 169 169 169 169 169 169 169 169 169 169 169 169 169 169 169 168 168 169 169 169 169 169 169 169 169 168 168 168 168 168 168 168 169 168 168 168 168 168 168 168 168 168 168 168 167 167 167 167 168 168 168 167 167 167 167 167 167 167 167 167 167 167 167 167 167 167 167 167 167 166 166 167 167 167 167 167 167 166 166 166 166 166 166 166 166 166 166 166 166 166 166 166 166 166 165 166 166 167 167 166 166 166 166 166 166 166 166 166 166 166 166 167 167 167 167 167 167 168 168 168 167 167 167 167 167 166 166 166 166 166 166 166 165 165 164 165 165 165 165 165 164 164 164 163 163 163 164 164 163 163 163 163 163 163 163 163 163 163 163 162 162 162 162 162 162 162 162 162 161 161 161 161 161 161 161 161 161 160 160 160 160 160 160 160 160 160 160 159 159 159 159 159 159 159 159 158 159 159 159 158 166 167 168 169 169 167 166 167 166 166 167 167 169 169 169 169 169 169 169 169 169 168 169 169 169 168 168 168 167 167 166 167 167 167 168 168 167 167 167 167 167 167 168 168 168 168 168 168 167 168 168 168 168 168 168 168 168 169 169 170 170 170 169 169 169 169 169 169 169 169 169 169 169 169 169 169 169 169 170 169 169 169 169 169 169 169 169 169 169 169 169 169 169 169 169 169 170 169 169 170 170 169 169 169 169 170 170 169 169 169 169 169 169 169 169 169 169 169 169 169 170 170 170 169 169 169 169 169 170 170 170 170 170 170 169 169 169 169 169 170 170 170 169 169 169 169 169 169 169 170 169 170 170 170 170 170 170 169 169 169 169 169 169 169 169 169 169 169 169 169 169 169 169 169 169 169 169 169 169 169 169 169 169 169 169 169 169 169 169 169 169 168 168 169 169 169 169 169 169 169 169 168 168 168 168 169 169 168 168 168 168 168 168 168 168 168 168 168 168 167 167 167 167 167 167 167 167 167 167 167 167 167 167 167 167 167 167 167 167 167 167 167 167 166 166 166 167 167 167 167 167 167 167 166 166 166 166 166 166 166 166 166 166 166 166 166 166 166 165 166 166 166 166 166 167 166 167 166 166 166 166 166 166 166 166 166 167 167 167 167 167 167 167 167 167 167 167 167 167 166 165 165 166 166 167 166 166 165 165 164 164 165 165 164 164 164 164 164 163 163 163 164 164 163 163 163 163 163 163 163 163 163 163 163 162 162 162 162 162 162 162 162 162 161 161 161 161 161 161 161 161 161 160 160 160 160 160 160 160 160 159 159 159 159 159 159 159 159 159 159 159 159 158 168 168 169 169 168 168 168 167 167 168 168 169 169 169 169 169 169 170 169 169 169 169 169 169 169 168 168 167 167 167 167 167 167 168 167 167 167 167 168 168 167 167 167 168 168 168 168 168 168 168 168 168 168 168 169 169 169 169 170 170 170 169 169 169 169 169 169 169 169 169 169 169 169 169 169 169 169 169 170 169 169 169 169 169 169 169 169 169 169 169 169 169 169 169 170 169 169 169 169 169 169 169 169 169 170 170 170 170 169 169 168 168 169 169 169 169 169 169 169 169 169 169 169 169 170 170 170 170 170 170 169 169 169 169 169 169 169 169 170 170 169 169 169 169 169 169 169 169 169 169 169 170 170 169 169 170 170 169 169 169 169 169 169 169 169 169 169 169 169 169 169 169 169 168 168 168 169 169 168 168 168 169 169 169 169 169 169 169 169 169 169 168 168 168 168 169 169 169 169 169 168 168 168 168 169 169 169 168 168 168 168 168 168 168 168 168 168 168 168 168 168 167 167 167 167 167 167 167 167 167 167 167 167 167 167 167 167 167 167 167 167 167 166 166 166 167 167 167 167 167 167 167 166 166 166 166 166 166 166 166 166 166 166 166 166 166 166 166 165 166 166 166 166 166 166 166 166 166 166 167 166 166 166 166 167 167 167 167 167 167 167 167 167 167 167 167 166 166 165 166 166 166 166 166 166 165 165 165 165 165 164 165 164 164 164 164 163 163 163 163 164 164 163 163 163 163 163 163 163 163 163 163 162 162 162 162 162 162 162 162 162 161 162 162 161 161 161 161 160 160 160 160 160 160 160 160 160 160 160 159 159 159 159 159 159 159 159 159 159 159 159 159 169 169 169 168 168 168 168 168 168 168 169 169 169 169 169 169 170 170 169 170 170 170 169 169 168 168 168 168 169 169 168 168 169 168 167 167 167 168 168 167 168 167 168 168 169 168 168 168 169 169 169 168 169 169 169 169 169 169 169 169 170 170 169 169 169 169 169 169 169 169 169 169 169 169 169 169 169 169 170 170 169 169 169 169 169 169 170 169 170 169 169 169 169 170 170 169 169 169 168 169 168 169 170 169 169 170 170 169 168 168 168 169 169 169 169 169 169 169 169 169 169 169 169 169 169 170 170 170 170 170 170 169 169 169 169 169 169 169 169 169 169 169 170 169 169 169 169 169 169 169 169 169 169 169 169 169 169 169 169 169 169 169 169 169 169 169 169 169 169 169 169 169 168 168 168 168 168 168 168 168 168 168 168 168 169 169 169 169 169 169 169 168 168 168 169 169 169 169 169 168 168 168 168 168 168 168 168 168 168 168 168 168 168 168 168 168 168 168 168 168 168 168 168 168 167 167 167 167 167 167 167 167 167 167 167 167 167 167 167 167 167 166 166 166 167 167 167 167 167 167 167 166 166 166 166 166 166 166 166 166 166 166 166 166 166 166 165 165 166 166 166 166 166 166 166 166 166 166 166 166 166 166 166 166 167 168 167 167 167 167 167 167 167 167 166 166 165 166 166 166 166 166 166 165 165 165 165 165 165 165 164 165 164 164 164 164 163 163 163 164 164 163 163 163 163 163 163 163 163 163 162 162 162 162 162 162 162 162 162 162 161 162 162 161 161 161 161 160 160 160 160 160 160 160 160 160 160 160 159 159 159 159 159 159 159 159 159 159 159 159 159 169 169 169 169 169 169 169 168 168 168 168 168 169 169 169 170 170 169 170 170 170 170 170 170 169 169 169 169 169 170 169 169 169 169 169 168 167 168 168 168 169 169 169 169 169 169 169 169 170 170 170 169 169 169 169 169 169 169 169 169 169 170 170 170 169 169 169 169 169 169 169 169 169 169 169 169 169 169 170 170 170 170 169 169 169 169 169 169 170 170 170 170 170 170 170 169 170 169 169 168 168 169 169 169 168 168 168 168 168 169 169 169 169 169 169 169 169 169 169 169 169 169 169 169 169 169 169 169 169 169 169 169 169 169 169 169 169 169 169 169 169 169 169 169 169 169 169 169 169 169 169 169 169 169 169 169 169 169 169 169 169 169 169 169 169 169 169 169 169 169 169 169 169 168 168 168 169 168 168 168 168 169 168 168 169 169 169 169 169 169 169 169 169 168 168 169 169 169 169 168 168 168 168 168 168 168 168 168 168 168 168 168 168 168 168 168 168 168 168 168 168 168 168 168 168 168 168 168 168 168 167 167 167 167 167 167 167 167 167 167 166 166 166 166 167 167 167 167 167 167 167 166 166 166 166 166 166 166 166 166 166 166 166 166 166 166 166 166 166 166 166 166 166 167 166 166 166 166 166 166 166 165 166 166 167 167 167 167 167 167 167 167 167 167 167 166 165 165 165 166 166 165 165 165 165 165 165 165 165 165 164 164 164 164 164 163 163 163 163 164 164 163 163 163 163 163 163 163 163 163 162 162 163 162 162 163 163 162 162 162 162 162 161 161 161 161 161 161 160 160 160 160 160 160 160 160 160 160 160 160 159 159 159 159 159 159 159 159 159 159 159 169 169 168 168 168 169 169 169 168 168 168 168 169 169 170 170 170 170 170 170 170 170 170 170 169 169 169 170 170 170 170 170 169 169 168 168 169 169 169 170 170 170 170 170 170 170 170 170 170 170 169 169 169 169 169 169 169 169 169 169 169 170 170 169 169 169 170 170 169 169 169 169 169 169 169 169 169 169 169 170 169 169 169 169 169 170 170 170 170 170 170 170 170 169 169 169 169 168 168 168 168 168 168 169 168 168 168 169 170 170 169 169 169 169 169 169 169 169 169 169 169 169 169 169 169 169 169 169 169 169 169 170 170 170 169 169 169 169 169 169 169 169 169 169 169 169 169 169 169 169 169 169 169 169 169 169 169 169 169 169 169 169 169 169 169 169 169 168 168 169 169 169 168 168 168 168 168 168 168 168 169 168 169 169 169 169 169 169 169 169 169 169 168 169 169 169 169 169 169 168 168 168 168 168 168 168 168 168 168 168 168 168 168 168 168 168 168 168 168 168 168 168 168 168 168 167 167 167 167 167 167 167 167 167 167 167 167 167 167 166 166 166 166 167 167 167 167 167 167 167 166 166 166 166 166 166 166 167 167 166 166 166 166 166 166 166 166 166 166 166 166 166 166 166 166 166 166 166 166 165 165 165 166 167 167 167 167 167 167 167 167 167 167 167 167 166 165 165 165 166 165 165 165 165 165 165 165 165 164 164 164 164 164 164 164 163 164 164 163 163 163 163 163 163 163 163 163 163 163 163 163 163 162 162 162 162 162 162 162 162 162 162 161 161 161 161 161 160 160 160 160 160 160 160 160 160 160 160 159 159 159 159 159 159 159 159 159 159 159 159 169 168 168 168 169 168 169 168 168 168 169 168 169 169 170 170 170 170 170 170 170 170 170 170 170 170 170 170 170 170 170 170 170 170 170 169 169 169 170 170 170 170 170 170 170 170 170 170 170 170 169 169 169 169 169 169 169 169 169 169 169 169 170 169 169 169 169 169 169 169 169 169 169 169 169 169 169 169 169 169 169 169 169 169 169 169 169 170 170 170 170 170 170 170 169 169 168 169 169 169 169 170 170 169 168 168 169 169 169 169 169 169 169 169 169 169 169 169 169 169 169 169 169 169 169 169 169 170 170 170 170 170 170 170 170 169 169 169 169 169 169 169 169 169 169 169 169 169 169 169 169 169 169 169 169 169 169 169 169 169 169 169 169 169 169 168 169 168 168 168 168 168 168 168 168 168 168 168 168 168 168 168 169 169 169 169 169 169 169 169 169 169 169 169 169 169 169 168 168 168 168 168 168 168 168 168 168 168 168 168 168 168 168 168 168 168 168 168 168 168 168 168 167 167 167 167 167 167 167 167 167 167 167 167 167 167 167 167 166 166 166 166 167 167 167 167 167 167 167 166 166 166 166 166 166 166 167 167 166 166 166 166 166 166 166 166 166 166 166 166 165 166 166 165 166 166 166 166 165 165 166 166 167 167 167 167 167 167 167 167 167 167 167 167 167 166 165 165 165 166 165 165 165 164 165 165 165 164 164 164 164 164 164 164 164 164 164 164 164 163 163 163 163 163 163 163 163 163 163 163 162 162 163 162 162 162 162 162 162 162 161 161 161 161 161 161 161 160 160 160 160 160 160 160 160 160 160 159 159 159 159 159 159 159 159 159 159 159 159 168 168 168 169 168 168 168 168 169 169 168 169 169 170 170 170 170 170 170 170 170 170 170 170 170 170 170 170 170 170 170 170 170 170 170 169 169 169 169 169 169 169 169 169 170 170 170 170 170 170 169 169 169 169 169 169 169 169 169 169 169 169 169 169 169 169 169 169 169 169 169 169 169 169 169 169 169 169 169 169 169 169 169 169 169 169 169 169 170 169 170 170 169 169 168 169 170 169 169 169 170 170 169 169 168 169 169 169 169 169 170 169 169 169 169 169 169 169 169 169 169 169 169 169 169 169 170 170 170 170 170 170 170 170 170 170 170 169 169 169 169 170 170 169 169 169 169 169 169 169 169 169 169 169 169 169 169 169 169 169 169 169 169 169 169 169 168 168 168 168 168 168 168 168 168 168 168 168 168 168 168 168 169 169 169 169 169 169 169 169 169 169 169 169 168 169 169 169 169 169 168 168 168 168 169 168 168 168 168 167 168 168 168 168 168 168 168 168 168 167 167 167 167 167 167 167 167 167 167 167 167 167 167 167 167 167 167 166 166 166 166 167 167 167 167 167 167 167 166 166 166 166 166 166 166 167 166 166 166 166 166 166 166 166 166 166 166 166 166 165 165 165 166 166 166 166 165 165 165 166 166 167 167 167 167 166 167 167 167 167 167 167 167 167 166 166 166 165 165 165 165 164 164 165 165 165 164 164 164 164 164 164 164 164 164 164 163 163 163 163 163 163 163 163 163 163 163 163 163 163 163 163 162 162 162 163 162 162 162 162 161 161 161 161 161 161 161 161 160 160 160 160 160 160 160 160 159 159 159 159 159 159 159 159 159 159 159 159 167 168 169 169 168 168 168 169 169 169 169 169 170 170 170 170 170 170 170 170 170 170 170 170 170 170 170 170 170 170 170 170 169 169 169 170 170 170 169 169 169 169 169 169 170 170 170 170 170 170 170 170 169 169 169 169 169 169 169 169 169 169 169 169 169 170 169 169 169 169 169 169 169 169 169 169 169 169 169 169 169 169 169 169 169 169 169 169 169 169 169 169 168 169 169 169 169 169 169 169 169 169 169 169 169 169 169 169 169 169 170 170 170 169 169 169 169 169 169 169 169 169 169 169 169 169 169 170 170 170 170 170 170 170 170 170 170 170 170 170 169 169 169 169 169 169 169 169 169 169 169 169 169 169 169 169 169 169 170 169 169 169 169 169 169 169 168 168 168 168 168 168 168 168 168 168 168 168 168 168 169 169 169 169 169 169 169 170 169 169 169 169 169 168 169 169 169 169 168 169 168 168 168 169 169 168 168 168 168 167 168 168 168 168 168 168 168 168 168 168 168 167 167 167 167 167 167 167 167 167 167 168 167 167 166 166 166 166 166 166 167 167 167 167 167 167 167 167 166 166 166 166 166 166 166 167 166 166 166 166 166 166 166 166 166 166 166 166 166 165 166 166 166 166 166 165 166 166 166 166 167 167 167 167 166 166 167 167 167 167 167 167 167 166 166 166 166 165 165 165 164 164 164 164 165 164 164 164 164 164 164 164 164 164 164 164 164 163 163 163 163 164 163 163 163 163 163 163 163 162 162 162 162 163 162 162 162 162 162 162 161 161 161 161 161 161 161 161 160 160 160 160 160 160 160 159 159 159 159 159 159 159 159 159 159 159 168 169 169 169 169 169 169 169 168 168 169 169 170 170 170 170 170 170 170 170 170 170 169 169 169 169 169 169 170 169 169 169 169 169 169 169 169 169 169 169 169 169 169 169 169 170 169 170 170 170 170 170 169 169 169 169 168 169 169 169 168 169 169 169 169 169 169 169 170 169 169 169 169 169 169 169 169 169 169 169 169 169 169 169 169 169 169 169 169 169 169 169 169 169 169 169 169 169 169 169 169 169 169 169 169 169 169 169 169 169 170 170 169 169 169 169 169 169 169 169 169 169 169 169 169 169 169 169 169 170 170 170 170 170 170 170 170 170 170 170 169 169 169 169 169 169 169 169 169 169 169 169 169 169 169 169 169 170 170 170 170 170 169 169 168 168 168 168 168 168 168 168 168 168 168 168 168 168 168 169 169 169 169 169 169 169 169 170 170 169 169 169 169 169 169 169 169 169 169 169 169 169 169 168 168 168 168 168 167 167 168 168 168 168 168 168 168 168 168 167 167 167 167 167 167 167 167 167 167 167 167 167 167 166 166 166 166 166 166 167 167 167 167 167 167 167 167 167 166 166 166 166 166 166 166 166 166 166 166 166 166 166 166 166 166 166 166 165 165 165 165 165 166 166 165 166 166 166 166 166 166 167 167 166 166 167 167 167 167 167 167 166 166 166 166 166 165 165 165 164 164 164 164 164 164 164 164 164 164 164 164 164 164 164 164 164 163 163 163 163 163 164 163 163 163 163 163 163 162 163 163 163 163 163 162 162 162 162 161 161 161 161 161 161 161 160 160 160 160 160 160 160 160 160 159 159 159 159 159 159 159 159 159 159 159 169 169 169 169 169 169 168 169 169 169 169 169 170 170 170 170 170 170 170 170 170 169 169 169 169 169 170 169 169 170 170 170 170 170 170 170 169 169 169 169 169 169 169 169 169 169 169 170 169 170 170 169 169 169 169 168 168 168 168 168 168 168 169 169 169 169 169 169 169 169 169 169 169 169 169 169 169 169 169 169 169 169 169 169 169 169 169 169 169 169 170 169 169 169 168 168 169 169 169 169 169 169 169 169 169 169 169 169 169 169 170 170 169 169 169 169 169 169 169 169 169 169 169 169 169 169 169 169 169 169 169 170 170 170 170 170 170 170 170 170 170 170 169 169 169 169 169 169 169 169 169 169 169 169 169 169 169 169 170 170 170 169 169 169 168 168 168 168 168 168 168 168 168 168 168 168 168 168 169 169 169 169 169 169 169 169 169 169 169 169 169 169 169 169 169 169 169 169 169 169 168 168 169 168 168 168 168 167 167 167 168 168 168 168 168 168 168 167 167 167 167 167 167 167 167 167 167 167 167 167 168 167 167 167 167 166 166 166 166 167 167 167 167 167 167 167 167 166 166 166 166 166 166 167 166 166 166 166 166 166 166 166 166 166 165 165 165 165 165 165 165 165 165 165 165 165 165 165 166 166 167 166 166 166 167 167 166 166 166 166 166 166 166 166 166 166 165 165 165 164 164 164 164 164 164 164 164 164 164 164 164 164 164 164 164 164 164 163 163 163 163 163 163 163 163 163 163 163 163 163 163 163 163 162 162 162 162 162 161 161 161 161 161 160 160 160 160 160 160 160 160 160 159 159 159 159 159 159 159 159 159 159 159 159 169 169 169 169 168 168 168 169 170 170 170 170 171 170 170 170 170 170 170 170 170 169 169 169 169 169 170 169 169 170 170 170 170 170 170 169 169 169 169 169 169 169 169 169 169 169 169 169 169 169 169 169 169 169 169 169 169 169 169 168 168 169 168 168 168 168 169 169 169 169 169 169 169 169 169 169 169 169 169 169 169 169 169 169 169 169 169 169 169 169 170 170 169 169 168 168 169 169 169 169 169 169 170 169 169 169 169 169 169 169 170 170 169 169 169 169 169 169 169 169 169 169 169 169 169 169 169 169 169 169 169 169 169 170 170 170 170 170 170 170 170 170 170 170 170 170 170 169 169 169 169 169 169 169 169 169 169 170 170 170 169 169 169 169 168 168 168 168 168 168 168 168 168 168 168 168 168 168 169 169 169 168 169 169 169 169 169 169 169 169 169 169 169 169 169 169 169 169 169 169 168 168 168 168 168 168 168 167 168 168 168 168 168 168 168 167 167 167 167 167 167 167 167 167 167 167 167 168 168 167 167 167 167 166 166 166 166 167 167 167 167 167 167 167 167 167 166 166 166 166 166 166 166 166 166 166 166 166 166 166 166 166 166 166 165 165 165 166 166 166 166 165 165 165 165 165 165 166 166 166 166 166 166 166 166 166 166 166 166 166 166 166 166 166 166 165 165 165 165 164 164 164 164 164 164 164 164 164 164 164 164 164 164 164 164 164 164 163 163 163 163 163 164 164 163 163 163 163 163 163 163 163 162 162 162 162 162 161 161 161 161 161 161 161 160 160 160 160 160 160 160 159 159 159 159 159 159 159 159 159 159 159 169 169 169 169 168 169 169 169 169 169 170 170 170 170 170 169 169 170 170 170 169 169 169 169 169 170 170 169 170 170 170 170 170 170 170 170 169 169 169 169 169 169 169 169 169 169 170 170 169 170 170 170 170 170 170 169 169 169 168 168 168 168 168 168 168 168 169 170 170 169 169 169 169 169 169 169 169 169 169 169 169 169 169 169 170 169 169 169 169 169 170 169 169 169 168 169 169 169 169 169 169 169 169 169 169 169 169 169 169 169 170 170 170 169 169 169 169 169 169 169 169 169 169 169 169 169 169 169 169 169 169 169 170 170 170 170 170 170 170 170 170 170 170 170 170 169 169 169 169 169 169 169 169 169 169 169 169 170 170 170 170 169 169 168 168 168 168 168 168 168 168 168 168 168 168 168 168 169 169 169 168 169 169 169 169 169 169 169 169 169 169 169 169 169 169 169 169 168 169 168 168 168 168 168 168 168 168 168 168 168 168 168 168 167 167 167 167 167 167 167 167 167 167 167 168 168 168 168 167 167 166 166 166 166 166 166 167 167 167 167 167 167 167 167 167 167 166 166 166 166 166 166 167 166 166 166 166 166 166 166 166 166 166 166 166 166 166 166 166 166 166 166 166 165 165 165 166 167 167 166 166 166 166 166 166 166 166 166 166 166 166 166 166 165 165 165 165 165 164 164 164 164 164 164 165 164 164 164 164 164 164 164 164 164 164 164 164 163 163 163 163 163 164 163 163 163 163 163 163 163 162 162 162 162 162 162 161 162 161 161 161 161 161 161 161 160 161 160 160 160 160 159 159 159 159 159 159 159 159 160 159 169 169 169 168 169 169 169 169 170 170 170 169 169 169 169 169 169 169 169 169 169 169 169 169 170 169 169 169 170 170 170 170 170 170 170 170 169 170 170 170 169 169 169 169 169 170 170 170 170 170 170 170 170 170 170 169 169 169 169 169 169 169 169 168 168 168 169 169 170 170 170 170 170 170 170 169 169 169 169 169 169 170 170 169 169 169 169 169 169 170 170 170 169 168 168 169 169 169 169 169 169 169 169 169 169 169 169 169 169 169 170 170 170 170 170 170 169 169 169 169 169 169 169 169 169 169 169 169 169 169 169 169 169 170 170 170 170 170 170 170 170 170 170 170 170 169 169 169 169 169 169 169 169 169 169 169 169 170 170 169 169 168 168 168 168 168 168 168 168 168 168 168 168 168 168 168 169 169 169 169 169 169 169 169 169 169 169 170 169 169 169 170 170 169 169 169 169 168 168 168 168 168 168 168 168 168 168 168 168 168 168 167 167 168 168 168 167 167 167 167 167 167 168 167 168 168 168 167 167 167 167 167 166 166 166 167 167 167 167 167 167 167 167 167 167 166 166 166 166 166 167 167 167 167 167 167 166 166 166 166 166 167 166 166 166 166 166 166 166 166 166 166 166 166 166 167 167 167 167 167 166 166 166 166 165 166 166 166 165 166 165 165 165 165 165 165 165 164 164 164 164 164 164 165 165 164 164 164 164 164 164 164 164 164 164 164 164 163 163 163 163 163 163 163 163 163 163 163 163 162 162 162 162 162 162 162 162 161 161 161 161 161 161 161 160 160 160 160 160 160 159 159 159 159 159 159 159 159 159 169 169 168 168 168 168 169 168 169 169 169 169 168 168 169 168 168 169 169 170 170 170 170 170 170 169 169 169 170 170 170 170 170 170 170 170 170 170 170 170 170 169 169 169 169 170 170 170 170 170 170 170 170 170 170 170 170 170 170 169 169 169 169 168 168 168 168 169 169 169 170 169 169 170 170 169 169 169 169 169 169 169 169 170 170 169 169 169 169 169 169 170 169 169 169 168 169 169 169 169 169 169 169 169 169 169 169 169 169 169 169 169 170 170 170 170 170 170 169 169 169 169 169 169 169 169 169 169 169 169 169 169 169 169 170 170 170 170 170 170 170 170 170 170 170 169 169 169 169 169 169 169 169 169 169 169 169 170 170 170 169 169 169 168 168 168 168 168 168 168 168 168 168 168 168 168 169 169 169 168 169 169 169 169 169 169 169 169 169 169 169 169 169 169 169 169 169 168 168 168 168 169 168 168 168 168 168 168 168 168 168 168 168 168 168 168 167 167 168 167 167 168 168 168 168 168 168 167 166 166 166 166 166 166 166 167 167 167 167 167 167 167 167 167 167 166 166 166 166 166 166 167 167 167 166 166 166 166 166 166 166 166 166 166 166 166 166 166 166 166 166 166 166 166 166 166 166 166 166 166 166 166 166 166 165 165 165 165 165 165 165 165 165 165 165 165 165 165 164 164 164 164 164 165 165 164 164 164 164 164 164 164 164 164 164 164 164 164 164 163 163 163 163 163 163 163 163 163 162 162 162 162 162 162 162 162 161 161 161 161 161 160 160 160 160 160 160 160 160 160 159 159 159 159 159 159 159 159 168 168 168 167 168 168 167 168 168 168 169 169 168 168 168 168 168 169 170 170 170 170 170 170 170 169 169 169 170 170 170 170 170 170 170 170 170 170 170 170 170 170 169 170 170 170 170 170 170 170 170 170 170 170 170 170 170 170 170 169 170 170 169 169 168 168 168 169 169 169 169 169 169 169 169 169 169 169 169 169 169 169 170 170 169 169 169 170 169 169 169 169 170 169 169 169 169 169 169 169 169 169 169 169 169 169 169 169 169 169 169 169 169 170 170 170 169 169 169 169 169 169 169 169 169 169 169 169 169 169 169 169 169 169 169 170 170 170 170 170 170 170 170 170 170 169 169 169 169 169 169 169 169 169 169 169 170 170 170 170 169 169 168 168 168 168 168 168 168 168 168 168 168 168 168 169 169 169 168 169 169 169 169 169 169 169 169 169 169 169 169 169 169 168 168 168 168 168 168 168 168 168 168 168 168 168 168 168 168 168 168 168 168 168 167 167 168 168 168 167 167 168 168 168 168 168 167 167 166 166 166 166 166 167 167 167 167 167 167 167 167 167 167 167 166 166 166 166 166 166 166 166 166 166 166 166 166 166 166 166 166 166 166 166 166 166 166 166 165 166 166 166 166 166 166 166 166 166 166 166 166 166 166 165 165 165 165 165 165 165 165 165 165 165 165 165 164 164 164 164 164 164 164 164 164 164 164 164 164 164 164 164 164 164 163 164 164 164 164 163 163 163 163 163 163 162 163 162 162 162 162 162 162 162 162 161 161 161 161 161 161 160 160 160 160 160 160 160 160 159 159 159 159 159 160 160 160 169 168 168 168 168 167 167 168 168 168 169 169 168 168 168 168 169 169 170 169 170 170 170 170 170 170 170 170 170 169 170 170 170 170 170 170 170 170 170 170 170 170 170 170 170 170 170 170 170 170 170 170 170 170 170 170 170 170 170 170 170 170 170 169 169 168 168 168 169 169 169 169 170 169 169 169 169 169 169 169 170 170 169 169 169 169 169 169 169 169 169 169 170 169 169 169 169 169 168 169 169 169 169 169 169 169 169 169 169 169 169 169 170 170 170 170 170 170 169 169 169 169 169 169 169 169 169 169 169 169 169 169 169 169 169 170 170 170 170 170 170 170 170 170 170 169 169 169 169 169 169 169 169 169 169 170 169 170 170 170 169 169 168 168 168 168 168 168 168 168 168 168 168 168 169 169 168 169 169 169 169 169 169 169 170 169 169 168 168 168 168 169 169 169 169 168 168 168 168 168 168 168 168 168 168 168 168 168 168 168 168 168 168 168 168 168 168 168 168 168 168 168 168 168 167 167 167 166 166 166 166 166 167 167 167 167 167 167 167 167 167 167 167 166 166 166 166 166 166 166 166 166 166 166 166 166 166 166 166 166 166 166 166 166 166 166 166 166 166 166 166 166 166 167 166 167 167 166 166 166 166 165 165 165 165 165 165 165 165 165 165 165 165 165 165 164 164 164 164 164 164 164 164 164 164 164 164 164 164 164 164 164 163 163 163 163 164 164 163 163 163 163 163 163 162 162 162 162 162 162 162 162 161 161 161 161 161 161 161 161 160 160 160 160 160 160 160 160 160 159 159 159 159 159 160 159 169 169 167 167 168 169 169 168 169 168 168 168 168 168 169 169 169 170 170 170 170 170 170 170 170 170 170 169 169 169 169 169 169 170 170 170 170 170 170 170 170 170 170 170 170 170 170 170 170 170 170 170 170 170 170 170 170 170 170 170 169 169 169 169 169 169 169 170 170 170 169 169 169 169 169 169 169 170 169 169 169 169 169 169 169 169 169 169 169 170 170 169 170 170 169 168 169 169 169 169 169 169 169 169 169 169 169 169 169 169 170 170 170 170 170 170 169 169 169 169 169 169 169 169 169 169 169 169 169 169 169 169 169 169 170 170 170 170 170 170 170 170 169 169 169 169 169 169 169 169 169 169 170 169 169 169 169 169 169 169 168 168 168 168 168 168 168 168 169 169 169 169 169 169 169 169 169 169 169 169 169 170 170 169 169 168 169 169 169 169 169 169 169 168 168 168 168 168 168 168 168 168 168 168 168 168 168 168 168 168 168 168 168 168 168 168 168 168 168 168 168 167 167 167 166 166 166 166 167 167 167 167 167 167 167 167 167 167 167 167 166 166 166 166 166 166 166 166 166 166 166 166 166 166 166 166 166 166 166 166 166 166 166 166 166 165 165 165 165 166 167 167 167 167 167 166 167 166 166 165 165 165 165 165 165 165 165 165 165 165 164 164 164 164 164 164 164 164 164 164 164 164 164 164 163 164 164 163 164 164 163 163 164 163 163 163 163 163 163 163 163 162 162 162 162 162 162 162 162 162 162 162 162 161 161 161 161 161 161 160 160 160 160 160 160 160 159 159 160 159 160 159 159 159 168 167 167 169 169 168 168 168 168 168 169 169 169 169 169 169 169 170 170 170 170 170 170 170 170 169 169 169 169 169 169 169 169 170 170 170 170 170 170 170 170 170 170 170 170 170 170 170 170 170 170 170 170 170 170 170 170 170 170 170 170 170 169 170 170 170 170 170 169 169 169 169 169 169 169 169 169 169 169 169 169 169 169 169 169 169 169 169 170 170 170 170 169 169 169 168 169 169 169 169 169 169 169 169 169 169 169 169 169 169 170 170 170 170 170 170 169 169 169 169 169 169 169 169 169 169 169 169 169 169 169 169 169 169 169 169 169 170 170 170 169 169 169 169 169 169 169 169 169 169 169 169 169 169 169 169 169 169 169 168 168 168 168 168 168 168 168 169 169 169 169 169 169 169 169 169 169 169 169 169 170 169 169 169 169 169 169 169 169 169 168 168 168 168 168 168 168 168 168 168 168 168 168 168 168 168 168 168 168 168 168 168 168 168 168 168 168 168 168 167 167 167 167 167 167 167 167 167 167 167 167 167 167 167 167 167 167 167 167 166 166 166 166 166 166 166 166 166 166 167 166 166 166 166 166 166 166 166 166 166 166 166 166 166 166 165 165 165 166 166 167 167 167 167 167 167 166 166 166 166 165 165 165 165 165 165 165 165 165 165 164 164 164 164 164 165 164 163 164 164 164 164 164 163 163 163 163 164 163 163 163 163 164 163 163 163 163 162 163 163 163 163 163 163 162 162 162 162 162 162 161 161 161 161 161 161 161 161 160 160 160 160 160 160 160 159 159 159 159 159 159 159 168 168 167 168 168 167 168 168 168 168 169 169 169 170 170 170 170 170 170 170 171 171 171 170 170 170 170 169 169 169 169 169 169 170 170 170 170 170 170 170 170 170 170 170 170 170 170 170 170 170 170 170 170 170 170 169 169 169 169 169 170 170 170 170 170 170 170 170 170 170 169 169 169 169 169 169 169 169 169 170 169 169 169 169 169 169 169 169 169 169 170 170 169 169 169 168 169 169 169 169 169 169 169 169 169 169 169 169 169 169 169 170 170 170 170 170 170 169 169 169 169 169 169 169 169 169 169 169 169 169 169 169 169 169 169 169 169 169 169 169 169 169 169 169 169 169 169 169 169 169 169 169 169 169 169 169 169 169 169 169 168 168 168 168 168 168 168 169 169 169 168 169 169 169 169 169 169 169 169 169 170 169 169 169 169 169 169 168 169 169 169 169 168 168 168 168 168 168 168 168 168 168 168 168 168 168 168 168 168 168 168 168 168 168 168 168 168 168 167 167 167 167 167 167 167 167 167 167 167 167 167 167 167 167 167 167 167 167 167 166 166 166 166 166 166 167 167 167 166 166 166 166 166 166 166 166 166 166 166 166 166 166 166 166 166 166 166 166 166 166 166 166 166 166 167 167 167 167 167 166 166 165 165 165 165 165 165 165 165 165 165 166 166 166 167 167 166 165 164 164 164 165 164 164 164 164 164 164 163 164 163 163 164 163 163 163 163 163 163 163 163 163 163 163 162 162 162 162 162 161 161 161 161 161 161 161 161 161 160 160 160 160 160 160 160 159 159 159 159 159 159 159 159 167 168 168 168 168 169 169 169 169 169 170 171 171 170 171 170 170 171 171 171 171 171 170 170 170 170 170 170 170 170 170 170 170 170 170 170 170 170 170 170 170 170 170 170 170 170 170 170 170 170 170 170 170 170 169 169 169 169 169 169 169 169 169 169 170 170 170 170 170 169 169 170 169 169 169 169 169 169 169 170 169 169 169 169 169 169 169 169 170 170 169 169 169 168 169 169 169 169 170 169 169 170 169 170 169 169 169 169 169 170 170 170 170 170 169 170 169 169 169 170 170 169 169 169 169 169 169 169 169 169 169 169 169 169 169 169 169 169 169 169 169 169 169 169 169 169 169 169 169 169 169 169 169 169 170 170 169 169 168 168 168 168 168 168 169 169 169 169 169 168 169 169 169 169 169 169 169 169 169 169 169 169 169 168 168 168 169 169 169 169 168 168 168 168 168 168 168 168 168 168 168 168 168 168 168 168 168 168 168 168 167 167 168 167 167 167 167 167 167 167 167 167 167 167 167 167 167 167 167 167 167 167 167 167 167 167 166 166 166 166 166 166 167 167 167 166 166 166 166 166 166 166 166 166 166 166 166 166 166 166 166 166 166 166 166 167 167 167 166 166 166 167 167 167 167 167 167 166 166 166 166 165 165 165 165 165 166 167 167 167 166 167 167 166 165 165 164 164 165 164 164 165 164 164 164 164 164 163 163 163 163 164 163 163 163 163 163 163 163 163 162 162 162 162 162 161 161 161 161 161 161 161 161 161 161 161 160 160 160 160 160 160 159 160 160 160 160 160 159 159 159 168 168 168 168 168 169 169 169 170 171 171 171 171 171 171 170 171 171 171 171 171 171 171 171 171 170 170 170 170 170 170 170 170 170 170 170 170 170 170 170 170 170 170 170 170 170 170 170 170 170 170 170 170 170 169 169 170 170 170 169 169 168 168 169 169 169 169 170 170 170 170 170 169 169 169 169 169 169 170 169 169 170 170 170 169 169 169 169 169 170 170 169 169 169 169 169 169 169 169 169 169 169 169 169 169 170 169 169 169 170 170 170 170 169 169 169 169 169 169 169 170 170 170 170 169 169 169 169 169 169 169 169 169 169 169 169 169 169 169 169 169 169 169 169 169 169 169 169 169 169 169 169 169 169 169 169 169 169 168 168 168 168 168 169 169 169 169 169 169 169 169 169 169 169 169 169 169 169 169 169 169 169 169 169 168 168 168 168 168 168 168 168 168 168 168 168 168 168 168 168 168 168 168 168 168 168 168 168 167 167 167 167 168 167 167 167 167 167 167 167 167 167 167 167 167 167 167 167 167 167 167 167 167 167 167 167 166 166 166 166 166 167 167 167 166 166 166 166 166 166 166 166 166 166 166 166 166 166 166 166 166 166 166 166 167 167 167 167 167 166 166 167 167 167 167 166 166 166 166 166 166 166 165 166 166 166 166 166 166 166 166 166 166 166 166 165 164 164 165 165 165 164 164 164 164 164 163 163 163 163 164 164 163 163 163 163 163 163 163 162 162 163 162 161 161 161 161 161 161 161 161 161 161 161 161 160 160 160 160 160 160 160 160 160 160 160 160 160 159 159 159 168 168 169 169 169 169 170 170 170 170 170 170 171 171 170 170 170 171 171 171 171 171 171 171 171 171 171 170 170 170 170 170 170 170 170 170 170 170 170 170 170 170 170 170 170 170 170 170 170 169 169 170 170 170 169 169 169 170 170 170 169 168 168 168 168 168 169 169 169 169 169 169 169 168 168 169 169 169 169 170 170 170 170 170 170 170 169 169 169 169 170 169 169 169 168 169 169 169 169 169 170 170 169 170 170 170 170 169 169 170 170 170 170 170 169 170 170 169 169 169 169 169 169 169 169 169 169 169 169 169 169 169 169 169 169 169 169 169 169 169 169 169 169 169 169 169 169 169 169 169 169 169 169 169 169 169 169 168 168 168 168 168 169 169 169 169 169 169 169 169 169 168 168 169 168 168 169 169 170 169 169 169 169 169 169 169 168 168 168 168 168 168 168 168 168 168 168 168 168 168 168 168 168 168 168 168 168 168 167 167 167 167 167 167 167 167 167 167 167 167 167 167 167 167 167 167 167 167 167 167 167 167 167 167 167 167 166 166 166 166 166 166 167 166 166 166 166 166 166 166 166 166 166 166 166 166 166 166 166 166 166 166 166 166 167 166 166 166 166 166 166 166 166 167 166 166 166 166 166 166 166 166 166 166 166 166 166 166 165 166 166 166 166 166 166 166 165 164 165 165 165 165 164 164 164 164 164 164 163 163 164 164 164 163 163 163 163 163 162 162 162 163 162 162 161 161 162 161 161 161 161 162 162 161 161 161 161 160 160 160 160 160 160 160 160 160 160 160 159 159 159 160 169 169 169 169 169 170 170 170 170 170 171 171 171 170 170 170 170 170 170 170 171 171 171 171 171 171 170 170 170 170 170 170 170 170 170 169 169 169 170 170 170 170 170 170 170 169 169 169 169 169 169 169 169 169 169 169 169 170 170 169 169 169 169 169 168 168 168 168 169 168 168 169 169 168 169 169 169 169 169 169 170 170 170 170 170 170 169 169 169 169 169 169 169 168 169 169 169 169 169 170 170 170 170 169 170 169 169 169 169 170 170 170 170 170 170 169 169 169 169 169 169 169 169 169 169 169 169 169 169 169 169 169 169 169 169 169 169 169 169 169 169 169 169 169 169 169 169 169 169 169 169 169 169 169 169 169 169 169 168 168 168 169 169 169 169 169 169 169 168 168 169 169 169 169 169 169 170 170 169 169 169 169 169 169 168 168 168 168 168 168 168 168 168 168 168 168 168 168 168 168 168 168 168 168 168 168 167 167 168 168 167 167 167 167 167 167 167 167 167 167 167 167 167 167 167 167 167 167 167 167 167 167 167 167 167 166 166 166 166 166 166 166 166 166 166 166 166 166 166 166 166 166 166 166 166 166 166 166 166 166 166 166 166 166 166 166 166 166 167 167 167 167 167 166 166 166 166 166 166 166 166 166 166 166 166 166 166 166 166 166 166 166 166 166 166 165 165 164 165 165 165 165 165 165 165 164 164 164 163 164 164 164 163 163 163 163 163 163 162 162 163 163 162 161 161 162 162 161 162 162 162 162 162 161 161 161 160 160 160 160 160 160 160 160 160 160 160 159 159 160 160 168 168 168 169 169 169 170 170 170 171 171 171 170 170 170 170 170 170 170 170 171 171 171 171 171 171 171 171 170 171 171 171 170 170 169 169 169 170 170 170 170 170 170 170 170 169 169 169 169 169 170 170 169 169 169 169 169 170 170 170 170 170 169 169 169 169 169 169 169 169 170 169 169 169 169 169 169 169 169 169 170 170 170 170 170 170 170 170 169 169 169 169 169 169 169 169 169 169 169 169 169 170 169 170 169 169 169 169 169 170 170 170 170 170 169 169 169 169 170 169 169 169 169 169 169 169 169 169 169 169 169 169 169 169 169 169 169 169 169 169 169 169 169 169 169 169 169 169 169 169 169 169 169 169 169 169 169 168 168 169 169 169 169 169 169 169 169 169 169 169 169 169 169 169 169 169 169 169 169 169 169 169 169 169 168 168 168 168 168 168 168 168 168 168 168 168 168 168 168 168 168 168 167 167 167 167 167 168 168 168 167 167 167 167 167 167 167 167 167 167 167 167 167 167 167 167 167 167 167 167 167 167 167 167 167 166 166 166 166 166 166 166 166 166 166 166 166 166 166 166 166 166 166 166 166 166 166 166 166 165 165 166 166 166 166 166 166 166 167 167 167 167 166 166 166 166 166 166 166 166 166 166 166 166 166 166 166 166 166 166 166 166 166 165 165 165 164 164 165 165 165 165 165 165 165 164 164 164 164 163 163 163 163 163 163 163 162 162 162 163 163 163 162 162 161 161 162 161 161 161 162 161 161 161 161 161 160 160 160 160 160 160 160 160 161 160 160 160 160 160 169 169 169 169 169 170 170 170 170 171 171 170 170 170 170 171 170 170 171 171 171 171 171 171 171 171 171 171 171 171 171 170 170 170 170 170 170 170 170 170 170 170 170 170 169 169 169 169 169 169 170 170 169 169 169 170 170 170 170 170 170 170 170 169 169 169 169 169 169 170 169 169 169 169 169 169 169 169 169 169 169 169 170 170 170 170 170 170 170 169 169 170 169 169 169 169 169 169 169 169 169 169 169 170 170 170 169 169 169 170 170 170 170 170 170 169 169 170 170 170 170 170 170 170 170 169 169 169 169 169 169 169 169 169 170 169 169 169 169 169 169 169 169 169 169 169 169 169 169 169 169 169 169 169 169 169 169 169 169 169 169 169 169 169 169 169 169 169 169 169 169 169 169 169 169 169 168 169 169 169 169 168 168 169 168 168 168 168 168 168 168 168 168 168 168 168 168 168 168 168 168 168 167 167 167 167 168 168 168 168 167 167 167 167 167 167 167 167 167 167 167 167 167 167 167 167 167 167 167 167 167 167 167 167 166 167 166 166 167 167 167 166 166 166 166 166 166 166 166 166 166 166 166 166 166 165 165 165 165 165 166 167 167 167 166 167 167 167 167 167 166 166 166 166 166 166 166 166 166 166 166 166 166 166 166 166 166 166 166 165 165 165 165 166 165 165 164 165 165 165 165 165 164 164 164 164 164 164 163 163 163 163 163 163 163 162 162 162 163 164 164 163 163 162 162 161 162 162 161 161 161 161 161 161 161 161 160 160 160 160 160 160 160 160 160 160 160 160 169 169 169 169 170 170 171 171 171 170 170 169 170 170 170 170 170 170 171 171 171 171 171 171 171 171 171 171 171 170 170 170 170 170 170 170 170 170 170 170 170 170 170 169 169 169 169 169 170 170 170 170 168 169 170 170 170 170 170 170 170 170 169 169 169 169 169 170 169 169 169 169 169 169 169 169 169 169 169 169 169 169 170 169 169 169 169 169 169 170 169 169 169 169 169 169 169 169 169 169 169 170 170 170 169 169 169 170 170 170 170 170 170 170 170 170 170 170 170 170 170 170 170 170 169 169 169 169 169 169 169 169 169 169 169 169 169 169 169 169 169 169 169 169 169 169 169 169 169 169 169 169 169 169 169 169 169 169 169 169 169 169 169 169 169 169 169 169 169 169 169 169 168 168 168 168 169 169 169 168 168 168 168 168 168 168 168 168 168 168 168 168 168 168 168 168 168 168 168 168 168 168 168 168 168 168 168 168 167 167 167 167 167 167 167 167 167 167 167 167 167 167 167 167 167 167 167 167 167 167 167 166 166 166 166 166 167 167 167 167 167 167 167 166 166 166 166 166 166 166 166 166 166 166 166 165 165 165 165 166 167 167 167 167 167 167 167 167 166 166 166 166 166 166 166 166 166 166 166 166 166 166 166 166 166 166 165 165 165 165 165 166 165 165 165 164 165 165 165 165 165 165 164 164 164 164 164 164 163 163 163 163 163 162 162 162 163 164 163 163 163 163 162 162 161 162 161 161 161 161 161 161 161 160 160 160 160 160 160 160 160 160 160 160 160 160 160 170 170 170 169 170 170 170 170 169 169 169 170 170 170 170 170 171 171 171 171 171 171 171 171 171 171 171 171 170 171 171 171 170 171 171 170 170 170 170 170 170 170 170 170 169 169 169 169 169 169 169 169 169 170 170 170 170 170 170 170 170 170 169 169 169 169 170 169 169 169 169 169 169 169 169 169 169 169 169 169 170 170 169 169 169 169 169 169 169 169 169 169 169 169 169 169 169 169 169 169 169 169 169 169 169 169 169 170 170 170 170 170 169 169 169 169 169 170 170 170 169 169 169 169 169 169 169 169 169 169 169 169 169 169 169 169 169 169 169 169 169 169 169 169 169 169 169 169 169 169 169 169 169 169 169 169 169 169 169 169 169 169 169 169 169 169 169 169 169 169 168 168 168 169 169 169 169 169 168 168 168 169 168 168 168 168 168 168 168 168 168 168 168 168 168 168 168 168 168 168 168 168 168 168 168 168 168 168 167 167 167 167 167 167 167 167 167 167 167 167 167 167 167 167 167 167 167 167 167 167 166 166 166 166 166 166 167 167 167 167 167 167 167 167 167 167 166 166 166 166 166 166 166 166 166 166 166 166 166 167 167 168 167 167 167 166 167 167 166 166 166 166 166 166 166 166 166 166 166 166 166 166 165 166 165 165 165 165 165 165 166 165 165 166 165 165 165 165 165 165 165 164 164 164 164 165 164 164 163 164 163 163 163 162 162 163 163 163 163 163 163 162 162 162 161 161 161 161 161 161 161 161 160 160 160 160 160 160 160 160 161 160 160 160 160 160 169 170 170 170 170 169 170 170 169 169 170 170 171 171 171 171 171 171 171 171 171 171 171 171 171 170 170 170 170 170 171 171 171 171 171 170 170 170 170 170 170 170 170 170 170 170 170 169 169 169 169 170 170 170 170 170 170 170 170 170 170 169 170 169 169 169 170 169 169 169 169 169 169 169 169 169 169 169 170 170 170 170 170 169 169 169 169 169 169 169 169 170 170 169 169 170 169 169 169 169 169 169 169 169 169 170 170 170 170 170 170 170 170 170 170 170 169 169 169 169 169 169 169 169 169 169 169 169 169 169 169 169 169 169 169 169 169 169 169 169 169 169 169 169 169 169 169 169 169 169 169 169 169 169 169 169 169 169 169 169 169 169 169 169 169 169 169 169 169 170 169 168 168 168 169 169 168 169 168 168 169 169 169 168 168 168 168 168 168 168 168 168 168 168 168 168 168 168 168 168 168 168 168 168 168 168 168 168 168 168 167 167 167 167 167 167 167 167 167 167 167 167 167 167 167 167 167 167 167 166 166 166 166 166 167 167 167 167 167 167 167 167 167 167 167 167 167 167 167 166 166 166 166 166 166 167 167 167 167 167 167 167 167 167 167 167 166 167 166 166 166 166 166 166 166 166 166 166 165 165 165 165 165 165 165 166 166 165 166 166 166 165 165 165 165 165 165 165 165 165 165 165 165 164 164 164 164 164 163 163 163 163 163 163 163 163 164 163 163 163 163 162 162 162 161 161 161 161 161 161 161 161 161 161 161 160 160 160 160 160 160 160 160 160 160 160 161 170 170 170 170 170 170 170 171 169 169 169 170 170 171 171 171 171 171 171 171 171 171 171 171 171 170 170 170 170 170 170 171 171 171 171 171 170 170 170 170 170 170 170 170 170 170 170 170 169 169 169 169 170 170 170 170 170 169 170 170 170 170 169 169 169 169 170 169 169 169 169 169 169 169 169 169 169 169 169 169 170 170 170 169 169 169 169 170 170 169 169 169 170 170 170 170 169 170 169 169 169 169 169 169 169 170 170 170 170 170 170 170 170 170 170 170 170 170 170 170 170 170 169 169 169 169 169 169 169 169 169 169 169 169 169 169 169 169 169 169 169 169 169 169 169 169 169 169 169 169 169 169 169 169 169 169 169 169 169 169 169 169 169 169 168 168 169 168 169 169 169 169 168 168 169 168 169 169 168 168 169 169 169 169 168 168 168 168 168 168 168 168 168 168 168 168 168 168 168 168 168 168 168 168 168 168 168 168 168 168 168 167 167 167 167 167 167 167 167 167 167 167 167 167 167 167 167 167 167 167 167 166 167 167 167 167 167 167 167 167 167 167 167 167 167 167 167 167 167 167 166 167 167 167 167 167 167 166 167 166 167 168 167 167 167 166 166 167 166 166 166 166 166 166 166 166 166 166 166 166 165 165 165 165 165 166 166 165 166 166 166 165 165 165 164 165 165 165 165 165 165 165 165 165 165 165 164 164 164 164 163 163 163 163 163 164 164 164 163 162 162 162 162 161 161 161 161 161 161 161 161 161 161 161 161 160 160 160 160 160 160 161 161 161 160 160 161 170 170 171 170 170 170 170 170 169 170 170 170 170 170 171 171 171 171 171 171 171 171 171 171 171 171 170 170 170 170 170 170 170 171 171 171 171 171 170 170 170 170 170 170 170 170 170 170 169 169 169 170 170 170 169 170 170 170 170 170 170 169 170 169 169 169 170 169 169 169 169 169 169 168 169 169 169 169 169 169 169 170 170 169 169 169 169 169 170 170 170 170 169 169 170 170 170 170 170 169 169 170 169 169 169 170 170 170 170 170 169 169 169 169 169 169 169 169 169 170 170 170 170 169 169 169 169 169 169 169 169 169 169 169 169 169 169 169 169 169 169 169 169 169 169 169 169 169 169 169 169 169 169 169 169 169 169 169 169 169 169 169 169 169 168 169 168 169 169 169 169 168 168 168 169 168 169 169 168 168 169 169 169 168 168 168 168 168 168 168 168 168 168 168 168 168 168 168 168 168 168 168 168 168 168 168 168 168 168 167 167 167 167 167 167 167 167 167 167 167 167 167 167 167 167 167 167 167 167 167 167 167 167 167 166 166 166 166 166 167 167 167 167 167 167 167 167 167 167 167 167 167 167 167 167 167 167 166 167 167 167 168 168 167 167 167 167 166 166 166 166 166 166 166 166 166 166 166 166 166 166 165 165 165 165 166 165 165 165 165 165 165 166 165 165 165 165 165 165 165 165 165 165 165 165 165 164 164 164 164 163 163 163 163 163 163 163 163 163 162 162 161 162 162 162 162 161 161 161 161 161 161 161 161 161 161 160 160 161 160 160 160 160 161 161 160 160 160 171 171 171 170 170 170 170 169 170 170 170 170 170 170 170 171 171 171 171 171 171 171 171 171 171 171 171 170 170 170 170 170 170 170 170 170 170 170 170 171 171 170 170 170 170 170 169 169 169 169 170 170 170 170 170 170 170 170 170 169 170 171 170 170 170 170 170 170 169 169 169 169 168 169 169 169 170 170 170 170 169 170 169 169 169 169 169 169 169 170 170 170 170 170 170 170 170 170 169 170 170 170 170 169 170 170 170 170 170 170 169 169 169 169 169 169 169 169 169 169 169 169 170 169 169 169 169 169 169 169 169 169 169 169 169 169 169 169 169 169 169 169 169 169 169 169 169 169 169 169 169 169 169 169 169 169 169 169 169 169 169 169 169 168 168 168 168 168 168 169 169 168 168 168 168 169 168 168 169 169 169 168 168 168 168 168 168 168 168 168 168 168 168 168 168 168 168 168 168 168 168 168 168 168 168 168 168 168 168 168 168 167 167 167 167 167 167 167 167 167 167 167 167 167 167 167 167 167 167 167 167 167 166 166 166 166 167 167 167 167 167 167 167 167 167 167 167 167 167 167 167 167 167 167 167 166 166 167 167 167 167 167 167 167 167 167 167 166 166 166 166 166 166 166 166 166 166 166 166 166 166 166 166 166 166 166 165 165 165 165 165 165 165 165 165 165 165 164 165 165 164 164 164 164 165 164 164 163 163 163 163 163 163 163 163 163 163 163 163 162 162 162 162 162 162 162 162 161 161 161 161 161 161 161 161 161 160 160 160 160 160 160 160 160 160 160 160 160 171 171 171 171 171 170 170 169 170 170 171 171 171 171 171 171 171 171 171 171 171 171 171 171 171 171 171 171 170 170 170 170 170 170 170 170 170 170 170 171 171 171 170 170 170 170 170 169 169 169 170 170 170 170 170 170 170 170 170 170 170 170 169 170 170 170 170 170 169 168 168 168 168 169 169 169 169 169 170 170 170 170 170 169 169 170 169 170 169 169 170 170 170 170 170 170 170 170 170 170 170 170 169 170 170 170 170 171 170 169 169 170 170 170 169 169 169 169 169 169 169 169 169 170 169 169 169 169 169 169 169 169 169 169 169 169 169 169 169 169 169 169 169 169 169 169 169 169 169 169 169 169 169 169 169 169 169 169 169 169 169 169 169 169 168 168 168 168 168 168 169 169 169 168 168 168 168 168 169 169 169 168 168 168 168 168 168 168 168 168 168 168 168 168 168 168 168 168 168 168 168 168 168 168 168 168 168 168 168 168 168 167 167 167 167 167 167 167 167 167 167 167 167 167 167 167 166 167 167 167 167 167 167 166 166 166 166 167 167 167 167 167 167 167 167 167 167 167 167 166 166 167 167 166 166 166 166 167 167 167 167 167 167 167 167 167 167 166 166 166 166 166 166 166 166 166 166 166 166 166 166 166 166 166 166 165 165 165 165 165 165 165 165 165 165 165 165 164 164 164 164 165 165 165 165 164 164 163 163 163 163 163 163 163 163 163 163 163 163 162 162 162 162 162 162 162 162 161 161 161 161 161 161 161 161 161 161 161 161 161 160 160 160 160 160 160 160 160 160 160 171 171 171 171 170 170 169 170 170 170 170 171 171 171 171 171 171 171 171 171 171 171 171 171 171 172 172 171 170 171 170 170 170 171 170 170 170 170 170 170 170 171 170 170 170 169 169 169 170 170 170 170 170 170 170 170 170 170 170 170 170 169 169 169 169 169 169 168 168 168 169 169 169 169 169 169 169 170 170 170 170 170 170 170 170 169 169 169 169 170 170 170 170 170 170 170 170 170 170 170 170 170 170 170 170 170 170 169 169 170 170 171 170 169 169 169 169 169 169 169 168 169 169 169 168 168 168 168 169 169 169 169 169 169 169 169 169 169 169 169 169 170 169 169 169 169 169 169 169 169 169 169 169 169 169 169 169 169 169 169 169 169 169 169 169 168 168 168 168 168 169 169 169 169 168 168 169 168 168 168 168 168 168 168 168 168 168 168 168 168 168 168 168 168 168 168 168 168 168 168 168 168 168 168 168 168 168 168 168 167 167 167 167 167 167 167 167 167 167 167 167 167 167 167 167 166 166 167 167 167 167 166 166 166 166 166 167 167 167 167 167 167 167 167 167 167 167 167 167 167 167 167 166 166 166 166 167 167 167 167 167 167 167 167 167 167 166 166 166 166 166 166 166 166 166 166 166 166 166 165 165 165 165 165 165 165 165 165 165 165 165 165 165 165 165 165 165 165 165 165 165 165 166 165 164 164 163 163 163 163 163 163 163 163 163 162 162 163 163 162 162 162 162 162 162 161 161 161 161 161 161 161 161 161 161 160 160 160 160 160 160 160 160 160 159 159 160 159 160 160 170 170 170 171 171 171 170 169 169 169 169 170 171 171 171 171 171 171 171 171 171 171 171 171 171 171 171 172 171 171 171 170 170 171 170 170 170 170 170 170 170 170 170 170 170 170 169 170 170 170 171 170 170 170 170 170 170 170 170 170 170 170 170 169 169 169 169 170 169 169 168 168 168 169 169 170 170 170 170 170 170 170 170 170 170 170 170 170 170 169 169 170 170 170 170 170 170 170 170 170 170 170 170 170 170 169 169 170 170 169 169 170 170 170 170 170 169 169 169 169 169 169 168 169 168 169 169 169 168 169 169 169 170 169 169 169 169 170 169 169 168 169 169 169 169 169 169 168 168 169 169 169 169 169 169 169 169 169 169 169 169 169 169 169 169 169 169 168 168 168 169 169 169 168 168 168 168 168 168 168 168 168 168 168 168 168 168 168 168 168 168 168 168 168 168 168 168 168 168 168 168 168 168 168 168 168 168 168 168 168 168 168 168 168 168 168 168 168 167 167 167 167 166 167 167 167 166 166 166 167 166 166 166 166 166 166 166 167 167 167 167 167 167 167 167 167 167 167 167 167 167 167 167 167 166 166 166 167 167 167 167 167 167 167 167 167 166 166 166 166 166 166 166 166 166 166 166 166 166 165 165 165 165 165 165 165 165 165 165 165 165 165 165 165 165 165 165 165 165 165 165 165 165 165 165 164 164 164 164 163 163 164 163 163 163 163 163 163 162 163 163 163 162 162 162 162 161 161 161 161 161 161 161 161 161 161 161 161 161 161 160 160 160 160 160 159 159 159 160 160 160 160 160 160 160 169 170 169 170 170 171 171 171 169 169 169 169 170 170 171 170 170 170 171 172 171 171 171 171 171 171 171 171 171 172 172 172 171 171 171 171 171 170 170 170 170 170 170 170 170 170 170 169 170 170 170 171 170 170 171 170 170 170 170 170 170 170 170 170 171 170 169 169 170 170 170 169 168 168 169 169 169 169 169 170 170 170 169 170 170 170 170 170 170 170 170 170 170 170 170 170 170 170 170 170 171 171 171 171 171 170 170 170 171 170 169 170 170 170 170 171 170 170 169 169 169 169 169 169 168 169 169 168 169 169 169 169 169 170 169 169 169 169 170 170 169 169 169 169 170 169 169 169 169 168 168 169 169 169 169 169 169 169 169 169 169 169 169 169 169 169 169 169 169 168 168 168 168 168 168 168 169 168 168 169 168 168 168 168 168 168 168 168 168 168 168 168 168 168 168 168 168 168 168 168 168 168 168 168 168 168 168 168 167 168 168 168 168 168 168 168 168 168 168 168 167 167 167 166 167 167 167 167 166 167 166 166 166 166 166 166 166 166 167 167 167 167 167 167 167 167 167 167 167 167 167 167 167 167 167 166 166 166 167 167 167 167 167 167 167 167 167 167 167 167 166 166 166 166 166 166 166 166 166 165 165 165 165 165 165 165 165 165 165 165 165 165 165 165 165 165 165 165 165 165 165 165 165 164 165 164 164 164 164 164 164 164 164 164 163 163 163 163 163 163 162 162 162 162 162 162 162 162 161 161 161 161 161 161 161 161 161 161 161 161 161 161 161 160 160 159 159 159 159 159 159 159 159 159 160 160 168 169 169 169 170 170 171 171 171 170 169 170 170 170 171 171 171 170 170 170 170 170 171 171 171 171 171 171 171 171 171 171 172 172 171 171 171 171 171 171 171 170 170 170 171 170 170 170 170 169 170 170 170 170 170 171 171 171 171 171 170 170 170 169 170 170 169 169 169 170 170 170 169 169 169 169 169 169 169 169 170 170 169 170 170 170 170 170 170 170 170 170 170 170 170 170 170 170 170 170 170 170 170 170 171 171 171 170 170 170 170 170 170 171 171 170 171 171 170 170 169 169 168 169 168 168 169 169 169 169 169 169 169 170 170 170 170 170 170 170 170 170 169 169 169 169 169 170 170 170 169 169 169 169 169 168 168 168 169 169 169 169 169 169 169 169 169 169 169 169 168 168 168 168 168 168 168 168 168 169 168 168 168 168 168 168 168 168 168 168 168 168 168 168 168 168 168 168 168 168 168 168 168 168 168 168 168 168 168 168 168 168 168 168 168 168 168 168 168 167 167 167 167 167 167 167 167 167 167 167 167 167 167 167 167 167 167 166 166 167 167 167 167 167 167 167 167 167 167 167 167 167 167 167 167 167 167 167 167 167 167 167 167 167 167 167 167 167 167 167 167 167 167 166 166 166 166 166 165 165 165 165 165 165 165 165 165 165 165 165 165 165 164 164 164 164 164 164 164 164 164 165 165 164 164 164 164 164 165 164 164 164 164 164 164 164 163 163 163 163 163 163 162 162 162 162 162 162 162 161 161 161 161 161 161 161 161 161 161 161 161 160 160 161 161 161 160 160 159 159 159 159 159 159 159 159 159 160 168 169 168 169 169 169 170 169 170 170 170 170 169 170 170 170 170 170 171 171 171 170 170 170 170 170 171 171 171 171 171 171 171 171 171 171 170 170 170 171 171 171 171 171 171 171 171 171 171 171 171 170 170 171 171 170 170 170 170 171 171 171 171 171 171 169 169 170 170 170 169 169 169 169 169 169 169 169 169 169 169 169 170 169 169 169 170 170 170 170 170 170 170 170 171 170 170 170 170 171 171 171 171 171 171 171 170 171 171 171 170 170 170 170 170 171 171 171 171 171 170 170 169 169 169 168 168 169 169 170 170 170 170 170 170 170 169 169 170 170 170 169 169 169 169 169 169 170 169 170 170 170 169 169 169 168 168 168 168 168 169 169 169 169 169 169 169 169 169 169 169 168 168 168 168 168 168 168 168 168 168 168 168 168 168 168 168 168 168 168 168 168 168 168 168 168 168 168 168 168 168 168 168 168 168 168 168 168 168 168 168 168 168 168 167 167 167 168 168 167 167 167 167 167 167 167 167 167 167 168 168 167 167 167 167 167 167 167 167 166 166 167 167 167 167 167 167 167 167 167 167 167 167 167 167 167 167 167 167 167 167 167 167 167 167 167 167 166 166 166 167 167 167 167 167 167 166 166 166 166 166 166 166 165 166 166 166 166 165 165 165 165 165 165 164 164 164 164 164 164 164 164 164 164 164 165 164 164 164 164 164 164 164 164 164 164 164 163 163 163 163 163 163 162 162 162 162 162 162 162 162 161 161 161 161 161 161 161 161 161 161 161 160 160 160 160 160 161 161 161 160 160 160 160 159 159 159 159 159 168 169 169 169 169 169 169 168 168 169 169 169 169 169 169 170 170 170 170 170 171 170 170 170 170 170 170 171 171 171 171 171 171 172 171 171 170 170 170 171 170 170 170 170 170 171 171 170 171 171 170 169 170 171 171 171 170 170 170 170 170 170 171 171 170 169 170 170 171 170 169 169 169 169 169 169 169 169 169 169 169 169 169 169 169 170 170 170 170 169 169 170 170 171 170 170 170 170 170 171 171 171 171 171 171 171 171 171 171 171 170 170 170 170 170 171 171 171 171 170 170 169 169 170 169 169 168 168 169 169 169 169 170 171 171 170 170 170 169 169 170 170 169 169 169 169 169 169 169 170 170 170 170 169 169 169 169 169 168 168 169 169 169 169 169 169 169 169 169 169 168 168 168 168 169 168 168 168 168 168 168 168 168 168 168 168 168 168 168 168 168 168 168 168 168 168 168 168 168 168 168 168 168 168 168 168 168 168 168 168 168 168 168 168 168 167 167 167 167 167 167 167 167 167 167 167 167 167 168 167 168 168 168 168 168 167 167 167 167 166 166 166 167 167 167 167 167 167 167 167 167 167 167 167 167 167 167 167 167 167 167 167 167 167 167 167 167 167 167 166 166 167 167 167 166 166 166 166 166 167 166 166 166 165 165 166 166 166 166 165 165 165 165 165 165 164 165 165 165 165 165 165 165 164 164 164 164 164 164 165 165 164 164 163 163 164 164 163 163 163 163 163 163 163 163 162 162 162 163 162 162 161 161 161 161 161 161 161 161 161 161 161 161 161 161 160 160 160 161 161 161 161 161 160 159 159 159 159 159 168 169 169 169 169 169 170 169 169 168 167 168 168 169 169 169 170 170 170 171 170 170 170 170 170 170 171 171 171 171 172 172 172 172 171 171 171 171 171 171 171 171 170 170 170 170 170 170 170 170 170 170 170 171 171 170 170 170 171 170 170 170 171 170 170 169 170 170 170 169 169 169 169 169 169 169 169 170 169 169 169 169 169 169 169 170 170 170 169 169 169 170 170 170 170 170 171 171 170 170 170 170 170 170 171 171 172 171 171 170 170 170 170 170 170 170 171 171 171 170 169 169 169 169 168 168 168 169 169 169 169 169 170 171 170 169 169 169 169 169 169 169 169 169 169 170 170 170 170 170 170 170 170 169 169 169 168 168 168 169 169 169 169 169 169 169 169 169 169 168 169 168 169 169 168 169 168 169 168 168 168 168 168 168 168 168 168 168 168 168 168 168 168 168 168 168 168 168 168 168 168 168 168 168 168 168 168 168 168 168 168 168 168 168 167 167 167 168 168 168 168 167 167 167 167 167 167 167 167 167 168 168 168 168 167 167 167 167 166 167 167 167 167 167 167 167 167 167 167 167 167 167 167 167 167 167 167 167 167 167 168 167 167 167 167 167 167 167 167 167 167 167 167 167 167 166 166 166 167 167 166 166 166 166 166 166 167 167 166 166 166 166 166 166 166 166 166 166 166 166 166 165 165 164 164 164 164 164 165 165 165 165 164 163 163 163 163 163 163 163 163 163 163 163 163 162 162 162 162 162 162 161 161 161 161 161 161 161 161 161 161 162 162 162 161 161 161 161 161 161 161 161 161 160 160 159 160 160 159 169 168 167 168 169 169 169 169 169 170 170 170 170 169 168 168 168 168 168 169 170 170 170 170 170 170 170 170 171 171 171 171 171 171 171 171 172 172 172 171 171 171 172 172 172 171 171 172 171 171 170 171 171 171 171 170 170 170 171 171 171 171 171 171 170 171 172 172 171 170 170 170 170 169 169 170 170 170 170 170 170 169 169 169 169 169 169 169 169 169 169 169 169 169 170 170 170 170 170 171 171 171 170 170 170 171 171 170 171 171 172 171 171 170 170 171 170 170 170 170 171 171 170 170 170 169 169 169 169 169 168 169 169 169 169 170 171 171 171 171 170 169 169 169 169 169 170 169 169 169 169 169 169 169 170 170 170 169 169 168 168 168 169 169 169 169 169 169 168 169 169 168 169 169 169 169 168 168 168 169 168 169 168 168 168 168 168 168 168 168 168 168 168 168 168 168 168 168 168 168 168 168 168 168 168 168 168 168 168 168 168 168 167 167 167 168 167 167 167 168 168 168 168 168 168 168 167 167 167 167 167 167 167 168 168 167 167 168 167 167 167 167 167 167 167 167 167 167 167 167 167 167 167 167 167 167 167 167 167 167 167 167 167 167 168 167 167 167 167 167 167 168 168 167 167 167 168 167 167 166 166 166 167 167 166 166 167 166 166 166 166 167 167 167 167 167 167 167 167 167 167 166 166 166 166 166 165 164 164 164 165 164 165 165 165 165 164 164 163 163 163 163 163 163 163 163 163 163 163 162 162 162 162 162 162 161 161 161 161 161 161 161 161 161 161 161 162 162 161 161 161 161 161 161 161 161 161 161 161 160 160 161 160 169 169 169 168 168 167 167 168 168 169 169 169 170 170 170 171 170 169 169 169 168 168 168 169 170 170 170 170 170 170 170 170 171 171 171 171 171 171 171 171 171 172 171 171 171 171 171 171 171 171 171 172 171 171 172 171 172 172 171 171 170 171 171 172 171 171 171 171 170 171 171 172 171 171 171 171 170 170 170 170 170 169 170 169 169 169 170 170 169 170 170 169 169 169 169 169 169 170 170 170 170 170 171 170 170 170 170 170 171 170 171 171 172 172 172 171 171 172 172 171 171 171 170 171 171 170 170 170 170 169 169 169 169 169 168 168 169 169 170 171 170 170 170 170 170 170 170 170 170 169 169 169 169 169 169 169 170 170 170 170 170 169 169 169 169 169 168 168 168 169 169 168 169 168 168 169 169 169 169 168 168 168 169 169 168 169 168 168 168 168 168 168 168 168 168 168 168 168 168 168 168 168 168 168 168 168 168 168 168 168 168 168 168 168 168 168 168 167 167 168 168 168 168 168 168 168 168 168 168 168 168 168 167 167 167 167 168 167 167 167 167 167 167 167 167 167 167 167 167 167 167 167 167 167 167 167 167 167 167 167 167 167 167 167 167 167 167 168 167 167 167 167 167 167 167 168 168 168 167 168 168 168 167 167 167 167 168 167 167 167 167 167 167 167 167 167 167 167 167 167 167 167 167 167 167 166 166 166 166 165 165 165 165 165 165 165 164 164 164 164 163 163 163 163 163 163 163 163 163 163 163 163 163 162 162 162 162 162 162 162 162 161 161 161 161 161 161 162 162 162 162 162 161 161 161 161 161 161 161 161 161 161 161 161 161 161 168 168 168 169 169 169 170 170 169 170 170 169 168 168 168 167 167 167 168 168 169 169 169 169 170 170 171 169 170 170 169 169 169 168 169 170 170 170 170 170 170 171 171 171 170 171 171 171 171 171 171 172 172 172 171 171 171 171 171 171 171 171 171 171 171 171 171 171 171 171 171 170 171 172 172 172 172 171 171 170 170 171 171 171 171 171 170 170 170 170 169 169 169 169 170 170 170 169 169 170 170 170 170 169 169 169 170 170 171 170 170 171 170 170 171 170 170 170 170 170 171 171 171 171 172 172 172 173 173 172 172 172 171 172 171 170 171 171 170 169 169 169 169 169 169 169 168 169 170 170 170 170 169 170 169 170 170 170 169 169 169 170 169 169 169 170 170 170 170 170 170 170 170 170 169 168 168 169 168 169 169 169 169 168 168 168 169 169 169 168 168 168 168 169 169 169 169 169 169 168 168 168 168 168 168 168 168 168 168 168 168 168 168 168 168 168 168 168 168 168 168 168 168 168 168 168 168 168 168 168 168 168 168 168 168 168 168 168 168 168 168 168 168 168 168 167 168 168 167 167 167 167 167 167 167 167 167 167 167 167 167 167 167 167 167 167 167 167 167 167 167 167 167 167 167 167 167 168 167 167 167 167 167 167 167 167 168 168 167 167 168 168 168 167 167 167 167 168 168 168 168 168 168 167 167 166 166 167 167 167 167 167 167 167 167 167 166 166 166 166 166 165 165 165 165 165 165 164 165 164 164 163 163 163 163 163 163 163 163 163 163 163 163 163 162 162 162 162 162 162 162 162 161 162 161 161 162 162 162 162 162 162 161 162 161 161 161 161 161 162 161 161 161 161 161 161 168 168 168 169 170 169 169 168 168 168 168 168 167 167 168 168 168 168 169 170 169 169 168 168 169 169 169 169 169 170 169 170 170 170 169 169 169 169 169 169 169 170 170 170 170 171 170 170 171 171 171 171 171 171 172 172 172 172 172 171 171 171 172 172 172 171 171 171 171 171 171 171 171 171 171 171 171 171 172 172 172 172 171 171 171 171 171 171 171 171 170 170 170 169 169 170 170 170 170 170 170 170 170 170 170 170 169 169 169 170 170 171 170 170 170 170 171 171 171 171 171 171 171 171 171 171 171 172 172 172 173 173 173 173 172 172 172 171 171 171 171 170 170 169 170 169 169 169 168 169 168 169 169 169 169 169 169 169 169 170 170 170 170 169 170 170 169 169 170 170 170 170 170 170 171 171 170 169 169 169 169 168 169 169 169 169 168 168 168 169 169 168 168 168 168 169 169 169 169 169 169 169 168 168 168 168 168 168 168 168 168 168 168 168 168 168 168 168 168 168 168 168 168 168 168 168 168 168 168 168 168 168 168 168 168 168 168 168 168 168 168 168 168 168 168 168 168 167 168 168 167 167 167 167 167 167 167 167 167 167 167 167 167 167 167 167 167 167 167 167 167 167 167 167 167 167 167 167 167 167 167 168 168 167 167 167 167 167 167 167 168 167 167 167 167 167 167 167 167 167 168 168 167 167 167 167 167 167 166 166 166 166 167 167 167 167 167 167 166 167 166 166 166 166 165 165 165 165 165 165 165 164 164 164 163 163 163 163 163 163 164 163 163 163 163 163 163 163 163 162 162 162 162 162 162 162 161 161 161 162 161 161 162 162 162 162 162 162 162 161 161 161 161 161 161 161 161 161 161 169 168 169 169 169 170 169 169 168 168 168 168 168 168 169 169 168 168 168 168 168 169 169 169 169 170 171 171 170 169 169 168 168 169 169 169 169 169 170 169 170 170 170 170 170 170 170 169 169 170 171 170 170 170 170 170 170 171 171 171 171 171 171 172 172 172 172 172 171 171 171 172 172 172 171 171 171 171 171 171 171 171 171 171 171 171 171 172 172 172 172 172 172 172 171 171 171 171 171 170 170 170 169 170 170 170 170 170 170 171 170 170 170 170 170 170 170 169 169 169 170 170 169 170 170 170 170 171 171 171 171 172 172 172 171 172 172 172 172 172 172 172 172 172 172 172 172 171 172 172 170 169 169 169 169 169 169 169 169 168 168 168 168 169 169 169 169 170 170 170 170 169 169 170 170 170 169 169 170 169 170 170 170 170 171 171 170 170 170 170 169 169 170 170 169 169 169 169 169 168 169 168 168 168 168 168 169 169 169 168 168 168 168 168 168 168 168 168 168 168 168 168 168 168 168 168 168 168 168 168 168 168 168 168 168 168 168 168 168 168 168 168 168 168 168 168 168 168 168 168 168 168 168 168 168 167 168 168 167 167 167 167 167 167 167 167 167 167 167 167 167 167 167 167 167 167 167 167 167 167 167 167 167 167 167 167 167 167 167 167 167 168 167 167 167 167 167 167 167 167 168 167 167 167 167 167 167 167 167 167 167 167 167 167 167 167 167 167 166 166 167 167 167 167 167 167 167 166 166 167 167 166 166 166 165 165 165 165 165 165 165 165 164 164 163 163 163 163 163 163 163 163 163 163 163 163 162 162 162 162 162 162 162 162 162 162 162 162 161 161 161 161 161 162 162 162 162 162 162 161 161 161 161 161 161 161 161 162 169 169 169 169 170 170 169 169 168 168 169 169 169 169 169 169 169 168 168 168 169 169 169 169 169 170 170 170 169 169 169 169 168 169 169 169 169 169 169 169 170 169 170 170 170 170 170 170 171 171 170 170 170 170 171 171 171 171 172 171 171 171 171 171 171 171 172 172 172 172 172 172 172 172 172 171 172 172 172 172 172 172 172 171 171 171 171 171 172 172 172 172 171 171 170 170 171 171 171 170 169 170 170 171 170 170 170 170 171 171 171 171 170 170 171 170 170 170 169 170 170 170 170 171 171 170 170 170 171 171 171 172 172 171 171 172 172 171 172 172 171 171 171 171 172 172 172 172 172 171 170 170 170 169 169 169 169 169 169 169 168 168 168 168 169 170 169 169 170 170 170 170 170 170 170 170 170 170 170 170 170 170 170 170 170 171 171 171 171 171 171 171 171 170 169 169 169 169 169 169 169 169 168 168 168 169 169 168 168 168 168 168 168 168 168 168 168 168 168 168 168 168 168 168 168 168 168 168 168 168 168 168 168 168 168 168 168 168 168 168 168 168 168 168 168 168 168 168 168 168 168 168 168 168 168 168 168 168 168 168 168 167 167 168 167 167 167 167 167 167 167 167 167 167 167 167 167 167 167 167 167 167 167 167 167 167 167 167 168 167 168 168 167 167 167 167 167 167 167 167 167 167 167 167 167 167 167 166 166 167 167 167 167 167 167 167 167 167 167 167 167 167 167 167 167 167 167 166 166 166 166 166 166 166 165 165 165 165 165 165 165 165 164 164 163 163 163 163 163 163 163 163 163 163 163 163 162 162 162 162 162 161 162 162 162 162 161 161 161 161 161 161 161 161 161 161 161 162 162 161 161 161 161 161 161 161 161 169 169 170 169 170 170 170 170 169 169 169 169 170 170 170 169 169 168 168 169 169 168 169 169 169 169 170 169 169 169 169 169 169 169 169 169 169 169 169 169 169 169 169 170 170 170 170 170 170 170 170 170 170 170 171 171 171 172 172 171 171 171 171 171 171 171 172 172 172 172 172 172 172 172 172 172 172 172 172 172 172 172 171 171 172 172 172 172 172 172 172 171 170 170 170 170 170 170 170 170 170 171 171 170 170 170 170 171 170 170 170 170 170 170 170 171 170 169 170 171 171 171 171 171 171 171 171 171 171 171 172 172 171 171 171 172 171 172 172 171 171 171 171 171 171 172 172 172 172 171 171 171 170 169 170 170 170 169 169 168 168 168 168 169 170 170 170 169 169 170 170 170 170 170 170 170 170 170 170 171 171 171 171 171 171 171 171 171 171 171 171 171 171 170 170 170 169 170 169 169 169 168 168 169 168 169 169 168 168 169 169 168 168 168 168 168 168 168 168 168 168 168 168 168 168 168 168 168 168 168 168 168 168 168 168 168 168 168 168 168 168 168 168 168 168 168 168 168 168 168 168 168 168 168 168 168 168 168 168 168 168 167 167 167 167 167 167 167 167 167 167 167 168 167 167 167 167 167 167 167 167 167 167 167 167 167 167 168 168 168 168 167 167 167 167 167 167 167 167 167 167 167 167 167 167 167 167 167 167 167 167 167 167 167 167 167 167 167 167 167 167 167 167 167 167 167 166 166 166 166 166 166 166 166 166 166 165 165 165 165 165 165 164 164 164 164 163 163 163 163 163 163 162 162 162 162 162 162 162 162 162 162 162 162 162 162 162 162 162 162 162 161 161 161 161 161 161 161 162 161 162 162 161 161 161 161 169 169 169 169 170 171 171 170 170 170 170 170 170 170 170 169 169 168 168 168 169 169 169 169 169 169 169 170 169 169 169 169 169 169 169 169 170 170 169 170 169 169 169 169 170 170 170 171 171 171 171 171 170 170 170 171 171 171 171 171 172 171 171 171 171 171 171 171 171 171 171 172 172 172 172 172 172 172 172 171 171 171 171 171 172 172 172 173 173 173 173 173 172 171 170 170 170 170 170 171 170 171 171 171 170 171 171 171 170 170 170 171 171 170 170 170 171 170 169 169 170 170 171 171 171 172 171 171 172 171 171 171 171 171 171 171 171 172 172 172 172 171 171 171 170 170 170 171 171 172 171 171 172 171 170 170 170 170 170 169 168 168 168 169 169 170 170 170 170 170 170 170 170 171 170 170 170 170 170 170 171 171 171 171 171 171 171 171 171 171 171 171 171 171 171 171 171 171 170 170 169 169 168 168 169 168 168 169 169 169 168 168 168 168 168 168 168 168 168 168 168 168 168 168 168 168 168 168 168 168 168 168 168 168 168 168 168 168 168 168 168 168 168 168 168 168 168 168 168 168 168 168 168 167 168 168 168 168 168 168 168 168 168 168 167 167 167 167 167 167 167 167 167 168 168 167 167 167 167 167 167 167 167 167 167 167 167 167 168 168 168 168 168 167 167 167 167 167 167 167 167 167 167 167 167 167 167 167 167 167 167 167 167 167 167 167 167 167 167 167 167 167 167 167 167 166 166 166 166 167 167 166 166 166 166 166 166 166 165 165 165 165 165 164 164 164 163 163 163 162 162 162 162 162 162 162 162 162 162 162 162 162 161 162 162 162 162 162 162 162 162 161 161 161 161 161 161 161 161 161 161 161 161 161 160 161 161 162 169 169 170 170 171 171 170 170 169 169 169 170 171 170 170 169 169 168 168 169 170 169 169 170 169 169 170 170 170 170 169 169 169 169 169 168 168 169 169 169 169 170 170 169 169 169 169 170 170 170 170 171 171 171 170 170 170 170 171 171 171 171 171 171 171 171 171 171 171 171 171 172 172 172 172 172 172 172 172 172 172 172 172 171 171 171 171 171 171 171 172 172 172 172 171 171 170 170 171 171 170 171 171 171 172 171 171 171 171 171 171 170 170 170 170 170 170 170 170 169 169 170 169 170 170 170 170 171 171 172 172 172 172 172 172 172 171 170 171 171 171 172 172 171 172 171 171 170 170 170 171 171 170 171 172 172 171 171 170 169 169 168 168 168 168 169 169 169 170 170 170 171 171 171 171 171 171 171 171 171 171 171 171 171 172 171 171 171 171 171 171 172 171 171 170 170 171 171 171 171 170 170 169 169 169 169 169 169 168 169 169 169 169 169 169 169 168 168 168 168 168 168 168 168 168 168 168 168 168 168 168 168 168 168 168 168 168 168 168 168 168 168 168 168 168 168 168 168 168 168 168 168 168 168 168 168 168 168 168 168 168 168 168 168 168 168 167 167 167 167 167 167 167 167 167 168 168 167 168 168 167 167 167 167 167 167 167 167 167 167 168 168 168 168 168 167 168 167 167 167 167 167 167 167 167 167 167 167 167 167 167 167 167 167 167 167 167 167 167 167 167 167 167 167 167 166 166 166 166 166 166 166 166 166 166 166 166 165 165 165 165 165 165 165 165 164 164 164 164 163 163 163 163 162 163 163 163 162 162 162 163 163 162 162 162 162 162 162 162 162 162 162 161 161 162 162 161 161 161 161 161 161 161 161 161 161 161 161 161 161 170 170 169 170 170 170 171 170 169 169 169 169 169 170 170 169 169 169 168 169 170 170 169 169 170 170 170 169 170 170 170 170 169 170 169 169 169 169 168 168 169 168 169 169 169 169 169 169 169 169 169 170 170 170 171 170 171 171 170 171 171 171 171 171 171 171 171 171 172 172 172 172 172 172 172 172 172 172 172 172 172 172 172 172 172 172 171 172 172 172 172 172 171 172 171 171 171 171 171 171 171 170 171 171 172 171 171 171 171 170 170 170 170 169 170 170 170 170 169 170 170 170 170 170 169 169 169 170 171 172 172 172 171 172 172 172 172 171 170 170 170 171 171 172 171 170 171 171 171 170 170 171 170 170 171 171 171 171 171 170 170 169 168 168 168 168 169 170 169 169 170 171 171 171 171 170 171 171 171 171 171 171 172 172 172 171 171 171 170 170 170 171 171 171 171 170 170 171 171 171 171 171 170 170 170 170 170 169 169 169 169 169 169 169 169 169 168 168 168 168 168 168 168 168 168 168 168 168 168 168 168 168 168 168 168 168 168 168 168 168 168 168 168 168 168 168 168 168 168 168 168 168 168 168 168 168 168 168 168 168 168 168 168 168 168 168 168 168 167 167 167 167 167 167 167 167 168 168 168 167 168 167 167 167 167 167 167 167 167 167 167 168 168 168 168 168 168 167 167 167 167 167 167 167 167 167 167 167 167 167 167 167 167 166 167 167 167 167 167 167 167 167 167 166 166 166 166 166 166 166 167 167 166 166 166 166 166 165 165 165 165 165 165 165 165 165 165 164 164 163 163 163 163 163 162 163 163 163 162 162 162 163 163 162 162 161 162 161 161 162 162 162 162 162 161 161 161 161 161 161 161 161 161 161 160 161 161 161 161 161 161 170 171 170 170 170 169 169 170 170 170 170 169 169 169 169 169 169 168 168 168 169 170 170 169 169 170 171 171 170 170 171 171 171 171 171 170 170 169 169 169 169 169 168 168 168 169 170 170 170 170 170 169 169 170 170 170 170 170 170 170 170 170 171 171 172 172 171 171 171 171 172 172 172 172 172 172 172 172 171 171 172 172 172 172 172 173 172 172 172 173 173 173 173 172 172 171 171 171 171 171 171 171 171 171 172 171 171 170 170 171 170 170 170 170 170 170 170 170 170 170 170 170 170 171 171 170 170 170 170 171 171 171 171 171 171 172 172 172 171 171 171 170 170 170 171 171 170 169 170 169 169 169 170 170 169 170 171 171 171 171 171 171 170 169 168 168 168 169 170 170 170 171 171 171 171 170 170 171 171 170 170 171 171 171 172 172 172 171 171 170 170 170 170 171 171 171 171 170 170 171 171 171 171 171 170 170 170 170 170 170 169 169 169 169 170 169 169 169 169 169 169 168 168 168 168 168 168 168 168 168 168 168 168 168 168 168 168 168 168 168 168 168 168 168 168 168 168 168 168 168 168 168 168 168 168 168 168 168 168 168 168 168 168 168 168 168 168 168 167 167 167 167 168 167 167 167 167 167 168 168 168 167 167 167 167 167 167 167 167 167 167 167 168 168 168 168 168 168 168 167 167 167 167 167 167 167 167 167 167 167 167 167 167 167 167 167 167 167 167 167 167 167 167 167 166 167 167 167 167 167 167 167 166 166 166 166 165 165 165 165 165 165 165 165 165 165 165 165 164 164 163 163 163 164 163 163 163 163 163 163 163 162 162 162 163 162 162 161 162 162 162 162 161 161 161 161 161 161 161 161 161 161 161 161 161 161 161 161 161 161 161 161 161 170 170 170 170 171 170 169 169 170 170 169 169 170 169 168 168 168 168 168 169 169 170 170 169 169 169 170 170 171 171 171 172 171 171 172 171 171 171 170 170 169 169 169 168 168 169 169 170 170 170 170 171 170 170 170 170 170 170 170 170 170 170 170 170 171 171 171 171 171 171 171 171 171 171 171 171 171 171 171 171 171 171 171 172 172 172 172 172 172 172 173 173 173 173 173 173 172 171 171 171 171 171 171 171 171 172 171 171 171 170 170 170 170 170 170 171 171 171 170 170 169 170 170 171 171 171 171 171 171 171 171 171 171 171 171 171 172 172 172 172 172 171 171 171 170 170 170 170 170 171 170 170 169 169 169 169 170 171 170 171 170 170 171 170 170 169 168 169 169 170 170 170 171 171 171 170 169 170 170 170 170 170 170 170 171 171 171 171 171 170 170 170 170 170 170 170 170 171 170 171 171 171 171 171 171 170 170 170 170 170 170 170 170 170 169 170 170 169 169 169 169 169 169 169 169 169 168 168 168 168 168 168 168 168 168 168 168 168 168 168 168 168 168 168 168 168 168 168 168 168 168 168 168 168 168 168 168 168 168 168 168 168 168 168 168 168 168 168 168 167 167 167 168 168 167 167 167 167 168 168 168 168 167 167 167 167 167 167 168 167 167 167 167 168 168 168 168 168 168 168 168 167 167 167 167 168 168 167 167 167 167 167 167 167 167 167 167 167 167 167 167 167 167 167 167 166 166 167 166 166 166 166 166 166 166 166 166 165 165 165 165 165 165 165 165 165 165 164 164 164 164 163 163 164 164 164 163 163 164 163 163 163 162 162 162 162 162 162 162 161 161 161 162 162 162 162 161 161 161 161 161 161 161 162 162 162 162 161 161 161 161 161 161 161 169 169 169 170 171 170 169 169 169 170 169 169 169 169 168 168 168 169 169 170 170 170 169 169 169 169 169 170 170 171 171 171 171 171 171 172 172 172 171 171 170 170 170 168 168 168 169 169 169 169 170 171 170 171 171 170 170 170 170 170 171 171 171 171 171 171 171 171 171 171 171 171 171 172 171 171 171 171 172 172 171 172 172 172 172 172 172 173 172 172 172 173 173 173 173 173 172 172 171 171 171 171 171 171 171 171 172 172 171 171 170 170 170 170 170 171 171 171 171 170 170 170 170 171 171 171 171 172 172 172 171 171 171 171 171 171 171 171 171 171 171 171 170 170 170 170 170 171 171 171 171 170 170 170 169 169 170 170 170 170 170 170 169 170 169 169 168 169 170 170 170 170 170 170 170 170 169 170 170 170 170 170 170 170 170 170 171 171 171 171 171 170 170 170 170 170 170 170 170 170 170 170 171 171 170 170 170 170 170 170 170 170 170 170 169 169 170 169 169 169 169 169 169 169 169 169 169 169 168 168 168 168 168 168 168 168 168 168 168 168 168 168 168 168 168 168 168 168 168 168 168 168 168 168 168 168 168 168 168 168 168 168 168 168 168 168 168 168 168 168 167 167 168 168 167 167 167 167 168 168 168 168 167 167 167 167 167 168 167 167 167 167 167 168 168 168 168 168 168 168 168 168 167 167 167 167 167 167 167 167 167 167 167 167 167 167 167 167 167 167 167 167 167 167 167 166 166 166 166 166 166 166 166 166 166 166 166 165 165 165 166 165 165 165 165 165 165 164 164 164 164 163 163 164 164 164 164 163 164 164 163 163 163 162 162 162 162 162 162 162 161 161 161 162 162 162 162 161 161 161 161 161 161 161 161 162 162 162 161 161 161 161 161 161 161 169 169 169 169 170 170 170 169 169 170 170 169 169 168 169 169 169 170 171 171 171 171 169 169 170 170 170 169 170 171 170 170 170 171 171 171 171 172 172 171 170 169 169 168 168 168 168 168 168 168 169 169 170 171 171 171 171 172 172 171 171 171 171 172 172 172 171 171 171 172 172 171 172 172 172 172 171 171 171 172 172 171 172 172 172 172 172 172 173 172 172 173 173 173 173 173 172 173 172 172 171 171 171 171 171 171 172 172 171 171 170 170 171 171 171 171 170 170 170 170 171 170 170 170 170 171 172 172 172 172 171 171 171 171 171 171 171 171 171 171 171 170 170 170 171 171 171 171 171 172 171 171 170 169 169 169 169 170 170 170 170 170 170 169 169 169 168 169 169 169 169 169 169 170 170 170 169 170 170 170 170 170 170 171 171 171 171 172 172 171 170 171 171 171 170 171 171 170 170 170 170 170 170 170 170 170 170 170 170 170 170 170 169 170 170 169 169 169 169 169 169 169 169 169 169 169 169 169 169 169 168 168 168 168 168 168 169 168 168 168 168 168 168 168 168 168 168 168 168 168 168 168 168 168 168 168 168 168 168 168 168 168 168 168 168 168 168 168 167 167 167 167 167 168 167 168 168 167 168 168 168 168 167 167 167 167 167 168 168 167 167 168 167 168 168 168 168 168 168 168 168 168 168 167 167 167 167 167 167 167 167 167 167 167 167 167 167 167 167 167 167 167 167 167 167 166 166 166 166 166 166 166 166 166 166 166 166 166 166 165 165 165 165 165 164 164 164 164 164 164 164 164 164 164 164 164 164 164 164 164 164 163 163 163 162 163 163 163 163 162 161 161 161 161 162 162 161 162 161 161 162 161 161 161 161 162 162 161 161 161 161 161 161 161 162 162 170 170 169 169 169 169 170 170 169 169 169 169 169 170 170 170 170 171 171 171 171 171 170 170 171 171 171 170 169 170 170 171 171 172 172 172 172 172 172 172 171 171 170 169 169 168 169 169 168 168 168 169 170 170 170 171 171 172 172 172 171 172 172 172 172 172 172 172 172 172 172 172 171 172 172 172 172 171 172 171 172 172 172 172 172 172 172 172 172 172 172 173 173 173 173 173 172 173 173 172 172 171 171 171 171 171 171 172 171 171 171 170 171 171 172 172 171 171 170 171 171 170 171 171 171 171 171 172 172 172 172 172 172 172 172 172 171 171 171 171 170 170 170 171 171 171 172 171 171 172 172 171 170 170 170 169 169 169 170 170 171 171 170 170 169 169 168 169 169 169 170 170 170 170 170 170 170 169 169 170 170 170 170 171 171 171 171 172 172 172 171 171 171 171 170 171 171 171 171 170 170 170 170 170 170 170 170 170 170 170 170 170 170 169 169 169 169 169 169 169 169 169 169 169 169 169 169 169 169 169 169 168 169 168 168 168 169 168 168 168 168 168 168 168 168 168 168 168 168 168 168 168 168 168 168 168 168 168 168 168 168 168 168 167 168 168 168 168 167 168 167 168 167 167 167 168 168 168 168 168 168 167 167 167 167 167 167 168 168 168 168 167 167 168 168 168 168 168 168 168 168 168 168 168 168 167 167 167 167 168 167 167 167 167 167 167 167 167 167 167 167 167 167 167 166 167 166 166 166 166 166 166 166 166 166 166 166 166 166 166 165 165 165 165 164 164 164 164 164 164 164 164 164 164 164 164 164 164 164 164 164 164 163 163 163 163 163 163 163 162 162 161 161 161 162 161 161 161 161 161 161 161 162 161 161 161 161 161 161 161 161 161 161 161 161 162 171 171 170 170 169 169 169 169 169 169 169 169 169 169 169 170 171 171 171 171 170 170 170 170 171 172 172 172 171 170 170 171 172 171 171 172 172 172 173 173 172 172 171 170 169 169 170 170 169 168 168 169 169 170 170 170 170 170 171 171 171 171 171 172 172 172 172 172 172 172 172 172 172 172 172 172 172 172 172 171 171 171 172 172 172 173 173 173 172 172 172 172 173 173 172 172 172 173 173 173 172 171 171 171 171 171 171 171 171 171 170 170 171 171 171 172 171 171 171 171 171 170 170 171 171 171 171 172 172 172 173 172 172 172 172 171 171 171 171 170 170 170 171 171 171 171 172 172 172 173 173 172 171 171 170 170 170 169 170 170 171 171 170 169 169 169 169 169 169 170 170 170 171 171 170 169 169 170 170 170 170 170 170 170 171 172 172 172 173 173 173 172 171 171 171 171 171 171 170 170 170 170 170 169 170 170 170 170 170 170 170 170 170 169 169 169 169 169 169 169 169 169 169 169 169 169 169 169 169 169 169 169 169 168 168 168 169 169 168 168 168 168 168 168 168 168 168 168 168 168 168 168 168 168 168 168 168 168 168 168 168 168 168 167 167 168 168 168 168 168 168 167 168 167 168 168 168 168 168 168 168 168 167 167 167 167 168 168 168 168 167 167 167 168 168 168 168 168 168 168 168 168 168 168 168 168 167 167 168 168 167 167 167 167 167 167 167 167 167 167 167 167 167 166 166 166 166 166 166 166 166 166 166 166 166 166 166 166 165 165 165 165 165 165 164 164 165 165 165 165 164 164 164 164 164 164 165 165 165 165 164 164 164 164 163 163 164 163 163 162 162 161 162 161 161 161 161 161 162 161 161 161 161 161 161 161 161 161 161 161 161 160 160 161 161 161 162 171 171 170 169 169 169 169 169 169 170 170 170 170 170 170 171 171 171 171 170 171 171 170 171 172 172 172 171 170 171 171 171 171 171 172 172 172 172 172 172 172 171 170 170 169 170 170 169 168 168 168 169 169 169 169 169 170 170 171 171 170 171 171 171 172 172 172 172 172 172 172 172 172 172 173 173 173 172 172 171 172 172 172 172 173 173 173 173 173 173 172 172 172 173 173 172 173 173 172 171 171 171 171 171 171 171 171 171 171 170 170 171 171 172 172 171 171 171 171 170 170 171 171 172 172 172 172 172 172 172 172 171 171 171 171 171 171 171 171 171 171 171 171 172 172 172 173 173 173 172 172 171 171 170 170 169 169 169 170 170 170 169 169 169 169 169 169 169 169 169 169 169 169 169 169 170 170 170 170 171 171 171 171 172 172 173 173 173 173 172 171 171 171 172 171 171 171 170 170 170 170 170 169 170 170 170 170 170 170 170 170 170 169 169 169 169 169 169 169 169 169 169 169 169 169 169 169 169 169 169 169 168 168 168 168 169 169 169 168 168 168 168 168 168 168 168 168 168 168 168 168 168 168 168 168 168 168 168 168 168 168 167 167 168 168 168 168 168 168 168 168 168 168 168 168 168 168 168 167 167 167 168 168 167 168 168 168 168 167 167 168 168 168 168 168 168 168 168 168 168 168 168 168 168 167 168 168 167 167 168 168 168 167 167 167 167 167 167 167 167 167 166 166 166 166 166 166 166 166 166 166 166 166 166 166 165 165 165 165 165 165 165 164 165 165 165 165 165 165 165 165 165 165 165 164 164 164 164 164 165 164 164 164 164 164 164 163 163 162 161 162 161 161 161 161 161 161 161 161 161 161 161 161 162 162 162 161 161 161 161 161 161 161 162 163 171 170 169 170 170 169 169 169 169 169 170 170 171 171 172 171 171 171 171 171 171 171 171 172 172 172 171 171 172 172 172 172 172 172 172 171 171 171 172 171 171 170 169 169 169 169 168 169 169 169 169 169 170 170 170 170 170 170 170 170 170 170 171 171 171 172 172 172 172 172 173 172 172 172 172 172 172 171 171 172 172 172 173 173 173 173 173 173 173 173 173 173 173 173 173 173 172 172 171 171 171 171 171 171 171 172 171 170 170 170 171 172 171 171 171 170 170 171 170 171 171 172 173 173 172 172 172 171 171 172 172 172 171 171 172 172 173 172 172 172 172 172 172 173 173 172 172 172 171 171 170 170 169 170 170 169 169 169 170 169 169 168 169 169 169 168 169 169 169 168 169 169 170 170 171 171 171 171 171 172 172 172 172 172 173 172 172 172 171 171 172 172 172 172 172 171 170 170 170 170 169 169 169 169 170 170 170 170 170 170 169 169 169 169 169 169 169 169 169 169 169 169 169 169 169 169 169 169 169 168 168 168 169 169 169 168 168 168 168 168 168 168 168 168 168 168 168 168 168 168 168 168 168 168 168 168 168 168 168 168 168 167 168 168 168 168 168 168 167 168 168 168 168 168 168 168 168 167 168 168 168 168 168 168 168 168 168 168 168 168 168 168 168 168 168 168 168 168 168 168 168 168 168 168 168 167 168 168 168 168 167 167 167 167 167 167 167 166 166 166 166 166 166 166 166 166 166 166 166 166 166 166 166 166 166 166 166 166 165 165 165 164 164 164 164 164 164 165 165 165 165 164 164 164 164 164 165 164 164 164 164 164 164 163 163 163 162 162 162 162 161 161 161 161 160 161 161 161 161 161 161 161 161 161 161 161 161 161 161 161 161 162 162 162 163 163 163 171 170 170 170 169 170 169 170 170 171 171 171 171 172 171 171 171 171 172 172 172 172 172 172 172 172 171 172 173 173 173 173 172 171 171 171 171 170 171 171 170 169 169 169 169 170 170 170 170 171 171 171 170 171 170 170 170 171 171 171 171 172 172 172 172 172 172 172 172 172 173 172 172 172 172 172 172 172 172 172 172 173 173 173 173 173 173 173 173 173 173 173 173 173 173 172 171 171 171 172 171 171 172 171 171 170 170 171 171 172 171 171 170 170 171 171 172 171 171 172 173 173 172 172 171 171 171 172 172 171 171 171 171 172 173 173 173 173 173 173 173 173 172 172 172 172 171 170 170 170 170 171 171 170 169 169 169 169 169 169 169 169 169 169 169 169 169 169 169 169 169 170 170 170 171 171 171 171 171 172 172 172 173 173 172 172 172 172 172 172 172 172 172 172 171 170 170 170 170 170 170 169 169 169 170 170 170 170 170 169 169 169 169 169 169 169 169 169 169 169 169 169 169 169 169 169 168 168 168 168 169 169 168 168 168 168 168 168 168 168 168 168 168 168 168 168 168 168 168 168 168 168 168 169 169 168 168 168 168 168 168 168 168 168 168 168 168 168 168 168 168 168 168 168 168 167 168 168 168 168 168 168 168 168 168 168 168 168 168 168 168 168 168 168 168 168 168 168 168 168 168 168 167 167 168 168 168 167 167 167 167 167 167 167 166 166 166 166 166 167 166 166 166 166 166 166 166 166 166 166 166 166 166 166 165 165 165 165 164 164 164 164 164 164 164 164 165 165 164 164 164 164 164 164 165 165 164 164 164 164 164 164 164 163 163 163 162 162 162 162 162 162 161 161 161 161 161 161 161 161 161 161 161 161 162 162 161 161 161 161 161 162 162 162 161 161 161 171 171 171 171 171 170 171 171 171 171 171 171 171 171 171 171 172 172 173 173 173 173 172 172 172 172 172 172 172 173 172 171 171 171 171 170 171 171 170 169 169 168 169 169 170 170 171 171 172 171 171 171 172 172 171 172 172 171 171 171 171 172 172 173 172 172 172 172 172 173 173 172 172 173 172 172 172 172 172 173 173 173 173 173 173 173 173 173 174 174 174 173 173 173 172 172 172 172 172 172 172 172 172 171 170 170 171 172 171 171 170 171 171 171 171 172 171 172 173 173 172 172 172 172 172 172 172 172 171 171 171 172 172 172 172 173 173 173 173 172 172 173 173 172 171 170 170 171 171 171 170 170 170 170 169 169 170 170 169 170 170 170 170 170 169 169 169 170 169 170 170 171 171 171 171 171 171 171 171 172 172 172 171 172 172 172 172 172 171 172 172 172 171 170 170 170 170 170 170 170 170 169 169 170 170 170 169 169 169 169 169 169 169 169 169 169 169 169 169 169 169 169 168 168 168 169 169 169 169 168 168 168 168 168 168 168 168 168 168 168 168 168 168 168 168 168 168 168 168 168 169 169 169 169 169 169 168 168 168 168 168 168 168 168 168 168 168 168 168 168 168 168 167 167 168 168 168 168 168 168 168 168 168 168 168 168 168 168 168 168 168 168 168 168 168 168 168 168 168 168 167 168 168 168 168 167 167 167 167 167 167 167 168 167 167 167 167 167 167 167 167 166 166 166 166 166 165 166 166 165 165 165 165 165 165 165 165 164 164 164 164 164 164 164 164 165 164 164 164 164 164 164 164 165 164 164 164 164 164 164 164 164 164 163 163 163 162 163 162 162 162 161 161 161 161 161 161 161 161 161 161 161 161 161 161 161 161 161 161 161 161 161 160 160 161 162 172 171 171 171 171 171 171 171 172 171 172 172 173 173 173 173 173 173 173 172 172 172 172 173 173 172 172 172 171 171 170 170 170 170 170 169 169 169 169 169 170 170 170 171 171 171 172 172 172 172 172 172 172 172 171 172 172 173 172 173 172 172 172 173 173 173 173 173 173 172 172 172 172 172 173 173 173 173 173 173 173 173 173 174 174 174 174 174 174 173 173 173 172 172 172 172 172 172 171 170 171 171 171 171 171 171 171 171 171 172 172 172 173 173 173 172 173 173 173 172 172 173 172 171 171 171 171 171 171 172 173 173 173 172 172 173 173 173 173 172 171 171 171 171 170 170 170 170 170 170 170 170 170 169 169 170 170 169 169 169 169 169 170 170 171 171 171 171 170 170 171 170 170 171 171 171 171 171 172 172 172 172 172 172 172 172 172 172 172 171 171 170 170 170 170 169 169 169 169 170 170 169 169 169 169 169 169 169 169 169 169 169 169 169 168 168 168 168 168 168 169 169 169 168 168 168 168 168 168 168 168 168 168 168 168 168 168 168 168 169 168 169 168 168 168 168 168 169 169 170 169 169 168 168 168 168 168 168 168 168 168 168 168 168 168 168 167 167 168 168 168 168 168 168 168 168 168 167 167 167 168 168 168 168 168 168 168 168 168 168 168 168 168 168 168 168 168 168 167 167 167 167 167 167 167 167 168 168 168 168 167 168 168 167 167 167 167 167 166 166 166 166 165 165 165 165 165 165 165 165 165 165 165 165 165 165 165 165 165 165 165 165 164 164 164 164 164 165 164 164 164 164 164 164 164 164 164 164 164 163 163 163 163 163 163 162 162 161 161 161 161 161 161 161 161 161 161 161 161 161 161 161 161 161 161 161 160 160 161 161 162 172 172 172 171 171 171 172 172 172 172 173 173 173 173 174 174 174 174 173 173 173 173 173 173 173 172 172 172 171 169 169 170 170 169 169 170 170 170 170 170 170 170 170 171 172 172 172 171 171 172 172 172 172 172 172 172 172 172 172 172 172 172 173 173 173 173 173 173 172 172 172 172 173 173 173 173 173 173 173 173 173 173 173 173 173 173 174 174 173 174 174 173 172 172 172 172 171 171 172 172 172 171 171 171 172 171 171 171 172 172 173 173 173 173 173 173 174 173 173 173 173 172 171 171 171 172 172 172 172 173 173 173 173 173 173 173 173 173 172 171 171 172 171 170 171 171 171 171 170 170 170 170 170 169 170 169 169 169 169 169 169 170 170 170 170 170 171 170 170 170 170 170 171 171 171 171 171 171 172 172 172 172 171 172 172 172 172 172 171 170 170 170 170 170 170 170 169 169 169 170 170 169 169 169 169 169 169 169 169 169 169 169 169 168 168 168 168 169 169 169 169 168 168 168 168 168 168 168 168 168 168 168 168 168 168 168 168 168 168 169 169 169 168 168 168 168 168 169 169 169 169 169 169 169 168 168 168 168 168 168 168 168 168 168 167 168 167 168 168 168 168 168 168 168 167 167 167 167 167 168 168 168 168 168 168 168 168 168 168 168 168 168 168 168 168 168 168 168 167 167 167 167 167 167 167 167 167 167 167 167 167 167 167 167 167 167 167 167 166 166 166 166 166 166 166 165 165 165 165 165 165 165 165 165 165 164 164 164 164 165 165 164 164 164 164 164 164 164 164 164 164 164 164 164 164 164 164 164 163 163 163 163 163 163 162 162 162 161 161 161 161 161 161 161 161 161 161 161 162 162 161 161 161 161 160 160 161 161 161 161 162 162 162 163 163 172 173 172 172 172 172 172 173 173 173 173 173 173 174 174 174 174 174 174 174 174 174 174 173 173 173 172 171 170 170 170 169 169 169 170 170 170 170 170 171 171 171 171 172 172 171 171 171 172 173 173 173 173 173 173 172 172 172 172 172 172 172 173 173 173 173 173 173 173 172 172 173 173 173 173 173 173 173 174 174 174 174 173 173 173 173 173 174 174 174 173 172 172 172 172 171 171 172 173 173 172 171 171 172 172 171 171 172 172 173 173 173 174 173 174 174 173 173 173 172 173 172 171 171 171 171 171 172 172 172 173 173 173 173 173 173 172 173 172 172 171 171 171 171 171 171 170 170 170 170 169 170 170 170 170 169 169 169 169 170 170 170 170 170 171 171 170 170 170 170 171 171 171 171 171 171 171 172 172 172 171 172 172 172 172 172 172 171 170 170 170 170 170 170 170 170 169 169 170 170 170 169 169 169 170 169 169 169 169 169 169 169 169 169 169 169 169 169 169 168 168 168 168 168 168 168 168 168 168 168 168 168 168 168 168 169 168 168 169 169 168 168 168 168 168 168 168 169 170 170 170 170 169 169 168 168 168 168 168 168 168 168 168 167 168 168 168 168 168 168 168 167 167 167 167 167 167 167 168 168 168 168 168 168 168 168 168 168 168 168 168 168 168 168 168 168 168 168 168 167 167 167 167 167 167 168 168 168 168 168 168 168 167 167 167 167 167 167 166 166 166 166 166 166 166 166 166 165 165 165 165 165 165 165 165 165 165 165 165 165 164 164 164 164 164 164 164 164 164 164 164 164 164 164 164 164 163 163 163 164 163 163 163 163 162 161 161 161 161 161 161 161 161 161 161 161 162 162 161 161 160 161 161 161 161 161 161 161 161 161 161 162 162 162 162 162 163 173 172 173 173 173 173 173 173 173 174 174 174 174 174 174 174 174 174 174 174 174 174 173 173 172 171 170 170 170 169 169 170 170 170 171 171 171 171 171 171 172 171 171 171 171 171 172 173 173 173 173 173 173 173 173 173 172 172 172 172 172 172 172 173 173 173 172 172 172 173 173 173 173 174 174 174 174 174 174 174 173 173 174 174 174 174 174 173 172 172 171 172 172 172 172 173 173 172 171 171 172 172 171 171 172 172 173 173 173 174 174 173 173 173 173 172 172 172 172 171 172 171 171 172 173 173 173 173 173 173 173 173 173 173 172 172 171 171 171 171 171 171 171 170 170 170 170 170 170 170 170 170 170 169 169 169 170 169 169 170 170 171 171 170 170 170 171 171 172 172 171 171 171 171 171 171 171 172 172 172 172 172 172 172 171 171 170 170 170 170 170 170 170 169 169 170 170 170 170 169 169 169 169 169 169 169 169 169 169 169 169 169 169 168 168 168 168 168 168 168 168 168 168 168 168 168 168 168 168 168 168 168 168 169 168 168 169 169 169 168 168 168 168 168 169 170 170 169 169 168 168 168 168 168 168 168 168 168 168 168 168 168 168 168 168 168 168 167 168 168 167 168 167 167 168 168 168 168 168 168 168 168 168 168 168 167 168 168 168 168 168 168 168 168 167 167 167 168 168 168 168 168 168 168 168 168 168 168 168 168 168 168 167 167 167 167 166 166 166 166 166 166 166 166 166 165 165 165 165 165 164 164 164 164 164 164 165 164 164 164 164 164 164 164 164 164 164 164 164 164 164 164 163 163 163 163 163 163 163 163 163 162 162 162 161 161 161 161 160 161 161 161 161 161 161 162 161 161 161 161 161 161 161 161 161 161 161 161 161 161 161 161 161 162 162 173 173 173 173 173 174 174 174 174 174 174 174 174 174 174 174 174 174 174 173 173 173 172 171 171 170 170 169 169 169 169 170 170 170 170 170 170 171 172 171 171 171 171 171 173 173 173 173 174 174 174 174 174 173 173 173 173 172 172 172 172 172 172 172 173 173 173 173 173 173 173 173 173 173 173 173 174 174 173 173 174 174 174 174 173 173 172 172 172 172 172 171 172 172 172 173 171 171 172 173 172 171 172 172 173 173 173 173 173 173 172 173 172 172 173 173 172 173 172 171 171 172 173 173 173 173 173 173 172 172 173 173 172 171 171 171 171 171 171 171 171 170 170 170 170 170 170 169 170 169 169 169 169 169 169 169 169 169 169 169 169 170 170 171 171 171 171 172 171 171 172 171 171 171 171 171 172 172 172 172 172 172 171 170 170 170 170 170 170 170 170 170 169 169 170 170 170 170 170 169 169 169 169 169 169 169 169 169 169 169 169 168 169 169 169 169 169 169 169 169 169 169 168 168 168 168 168 168 168 169 168 169 169 169 170 170 170 169 169 169 169 169 170 170 170 169 169 169 168 169 169 169 168 168 168 168 168 168 168 168 168 168 168 168 168 168 168 168 168 168 168 168 168 168 168 168 168 168 168 168 168 168 168 167 167 168 168 168 168 168 168 168 168 168 167 168 168 168 168 168 168 168 168 168 168 168 168 168 168 168 168 167 167 167 167 167 166 166 166 166 166 166 165 165 165 165 165 165 164 164 164 164 164 164 164 164 164 165 164 164 165 165 164 164 164 164 164 164 164 163 163 164 164 163 163 163 163 163 162 162 162 162 162 161 161 161 160 160 160 160 161 161 160 161 161 161 161 161 161 161 162 161 161 161 161 161 161 161 161 162 163 163 163 174 173 174 174 174 174 174 174 174 174 174 174 174 174 174 174 174 173 173 172 172 171 171 171 170 170 169 169 169 169 170 170 170 170 170 171 171 171 171 171 171 171 172 173 173 173 173 173 173 174 174 174 173 173 173 173 173 172 172 172 172 173 173 172 173 173 173 174 174 173 173 174 173 173 173 174 174 174 174 174 174 174 174 174 173 173 172 172 172 172 172 173 173 172 171 172 172 173 173 171 171 172 173 173 172 173 173 173 173 172 172 173 174 173 172 173 172 171 172 172 173 173 173 173 173 173 173 172 173 173 172 172 171 170 170 171 171 171 171 171 171 171 170 170 169 169 169 169 169 169 169 169 169 170 170 169 170 170 170 169 170 170 171 171 171 170 171 171 171 172 172 171 172 172 172 172 172 172 172 172 172 171 171 170 170 170 170 170 170 170 169 169 169 170 170 170 170 170 170 169 169 169 169 169 169 169 169 169 169 169 168 169 168 168 168 168 169 169 169 169 168 168 168 169 169 169 169 169 169 169 169 169 169 170 170 170 170 169 169 170 170 170 170 171 171 170 169 169 170 169 169 168 169 169 168 168 168 167 168 168 168 168 168 168 168 169 169 169 168 168 168 168 169 168 169 169 168 168 168 168 168 168 167 168 168 168 168 168 168 168 168 168 168 168 168 168 168 168 168 168 168 168 168 168 168 168 168 167 168 168 167 167 167 167 166 166 166 166 166 166 165 165 165 165 165 164 164 164 164 164 164 164 164 164 164 164 164 164 165 164 165 164 164 164 164 164 164 163 164 164 164 164 163 163 163 162 162 162 162 162 162 161 161 162 161 161 161 160 160 160 160 161 161 161 161 161 161 161 161 161 162 162 161 161 161 161 162 163 163 163 163 164 174 174 174 174 174 174 174 174 174 174 174 173 173 172 171 172 170 171 172 171 171 170 169 169 169 169 169 170 170 170 171 171 170 170 171 172 172 173 173 173 173 173 173 173 174 174 173 173 173 173 173 173 173 173 173 172 173 172 173 173 173 173 173 174 174 174 174 174 174 174 174 174 174 174 174 174 174 174 174 173 172 172 171 172 172 172 173 173 172 171 172 172 172 173 172 172 172 173 173 173 172 173 173 173 173 173 173 173 172 173 173 173 172 172 173 173 173 173 173 173 173 173 172 173 173 172 171 171 170 170 170 171 171 171 171 171 171 170 169 169 169 169 169 169 169 169 170 170 170 170 170 171 171 170 170 170 170 170 170 170 170 171 171 171 172 172 172 172 172 172 172 172 172 172 172 172 172 171 170 170 170 170 170 170 170 170 170 169 169 169 169 170 170 170 169 169 169 169 169 169 169 169 169 169 168 168 168 168 168 168 168 169 169 169 169 169 168 169 169 169 169 169 169 169 169 170 169 169 170 170 169 169 169 170 170 170 169 170 170 171 170 170 171 170 170 169 169 169 168 168 168 168 168 168 168 168 168 168 168 169 169 169 169 169 168 168 169 169 169 169 169 169 169 169 168 168 168 167 168 168 168 168 168 168 168 168 168 168 168 168 168 168 168 168 168 168 168 167 168 167 167 168 167 167 168 167 167 167 167 167 167 166 166 166 166 166 166 165 165 165 165 164 164 164 164 164 164 164 164 164 164 164 164 164 165 165 164 164 164 164 164 164 163 163 164 164 164 163 163 163 163 162 162 162 161 161 161 161 162 162 161 161 161 160 160 160 160 161 161 161 161 161 161 162 161 161 162 161 161 161 161 163 163 162 161 162 162 163 163 163 163 162 162 162 162 174 174 174 174 174 174 174 174 174 174 174 173 173 172 171 171 170 170 171 171 170 170 170 170 170 170 170 170 170 170 171 170 170 171 172 173 173 173 173 173 173 173 173 173 174 174 174 174 174 174 174 174 174 173 173 173 172 173 173 173 173 174 173 174 174 174 174 174 174 174 174 174 174 174 174 174 174 174 174 173 174 173 172 172 172 172 172 173 172 172 172 172 173 173 173 172 172 173 173 173 173 173 173 173 173 173 173 173 172 173 173 173 172 172 172 172 172 173 173 173 173 173 172 172 172 172 171 171 171 170 170 170 170 171 171 171 171 170 170 170 169 169 169 169 169 169 169 170 170 171 171 171 171 170 170 170 170 170 171 171 170 170 171 171 172 172 173 172 172 173 173 172 172 172 172 172 172 171 170 170 170 170 170 171 171 170 170 170 170 170 169 169 170 170 170 169 169 169 169 169 169 169 169 169 169 168 168 168 168 168 169 169 169 170 169 169 169 169 169 170 170 170 169 169 169 170 169 169 170 169 169 169 170 170 170 170 169 169 170 170 170 170 170 170 170 169 169 169 169 169 168 168 168 168 168 168 168 169 169 169 169 169 169 169 168 168 169 169 169 169 169 169 169 168 168 168 168 168 168 168 168 168 168 168 168 168 168 168 168 168 168 168 168 168 168 168 168 167 167 167 167 168 167 167 167 167 167 167 167 167 167 166 166 166 166 166 166 166 165 166 165 165 165 164 164 164 165 164 164 164 164 164 164 164 164 164 164 164 164 164 164 164 163 163 163 163 163 163 163 164 163 163 163 163 162 161 161 161 161 162 161 161 162 162 161 161 161 160 161 161 161 162 161 161 162 161 161 161 162 162 162 162 162 161 161 161 161 162 162 162 162 161 161 161 161 161 162 174 174 174 174 174 174 174 174 174 174 174 173 173 172 172 171 170 170 170 170 170 169 170 170 171 171 171 171 170 170 170 170 171 171 172 172 173 173 173 174 173 173 173 174 174 174 174 174 174 174 174 174 174 173 173 173 174 174 173 173 173 173 174 174 174 174 174 174 174 174 174 174 174 174 174 174 174 174 174 174 174 173 172 172 172 173 173 173 172 172 172 172 172 173 173 173 173 174 174 173 173 173 173 173 173 173 173 173 172 173 173 173 173 172 173 173 173 173 173 173 173 172 172 172 171 171 171 171 171 171 170 170 170 170 170 170 170 170 170 170 170 170 169 169 169 169 169 170 170 170 171 171 171 170 170 170 171 171 171 171 171 171 171 171 171 172 173 173 173 172 172 172 172 172 172 172 172 171 170 170 171 171 170 171 170 170 170 170 170 170 169 169 169 169 170 170 169 169 169 169 169 169 169 169 169 168 168 168 168 168 169 169 169 169 170 170 169 169 169 169 170 170 169 169 169 170 169 169 169 169 169 170 170 170 170 169 169 169 170 169 169 169 169 170 170 170 170 170 170 169 169 169 168 168 168 168 168 169 169 169 168 168 169 169 169 169 169 169 169 169 169 168 168 168 168 168 168 168 168 168 168 168 168 168 168 168 168 168 168 168 168 168 168 168 168 168 168 168 167 167 167 167 167 167 167 167 167 167 167 167 166 166 166 166 166 166 166 166 166 165 166 165 165 164 164 165 164 164 164 164 164 164 164 164 164 164 164 164 164 163 163 163 163 163 163 163 163 163 163 163 163 163 163 163 163 162 161 161 161 162 162 161 162 162 162 162 161 161 160 161 161 161 161 161 162 162 162 162 163 163 163 162 161 160 160 160 161 161 161 161 162 161 160 160 160 160 160 161 174 174 174 174 174 174 174 174 174 173 173 172 171 171 171 170 170 170 170 170 170 170 170 171 171 171 171 171 171 171 171 170 170 171 171 172 172 173 173 173 173 173 174 173 173 174 174 174 174 173 173 173 173 173 173 174 174 174 173 173 174 174 174 174 174 174 174 174 174 174 174 174 174 174 174 174 174 174 174 174 173 172 172 172 172 173 173 172 173 172 172 172 173 173 174 174 174 174 174 173 173 173 173 173 173 173 173 172 173 173 173 172 172 173 173 173 173 173 173 173 172 172 171 171 171 171 171 171 170 170 170 170 170 170 170 170 170 170 170 170 170 170 169 169 169 169 170 170 171 171 172 171 170 170 171 171 172 172 172 172 171 172 171 171 172 173 173 173 172 172 172 172 172 173 173 172 171 171 170 170 170 170 170 170 170 171 170 171 170 170 169 170 169 169 169 170 169 169 169 169 169 169 169 169 169 168 168 168 168 169 169 169 169 170 170 169 169 169 170 170 169 169 169 169 169 169 169 169 169 169 169 169 169 169 169 169 169 169 169 169 169 170 169 169 169 170 170 169 170 170 169 169 169 169 168 169 169 169 169 168 168 168 168 168 168 169 169 168 168 168 168 168 168 168 168 168 168 168 168 168 168 168 168 168 168 168 168 168 168 168 168 168 168 168 168 168 168 167 167 167 167 167 167 167 167 167 167 167 166 166 166 166 166 166 166 167 166 166 166 166 165 165 165 166 166 165 164 164 164 164 164 164 164 164 164 164 164 164 163 163 163 163 163 164 164 163 162 163 163 163 163 163 163 163 162 162 161 161 161 162 162 161 162 162 162 161 161 161 161 161 161 161 162 162 163 163 163 163 163 163 162 161 161 160 160 160 160 161 160 160 161 161 160 160 160 161 161 162 174 174 174 174 174 174 174 174 173 172 171 171 171 171 172 171 171 171 170 170 170 170 170 170 170 171 170 171 171 171 172 171 171 172 172 172 172 172 173 173 172 173 173 173 173 173 173 174 174 174 173 173 173 173 173 174 174 174 174 173 173 173 174 174 174 174 174 174 174 174 174 174 174 174 174 174 174 174 174 174 173 172 172 173 172 173 173 173 173 173 173 174 174 174 174 174 174 174 173 173 173 173 173 174 174 174 173 172 172 173 173 173 172 172 173 173 173 174 173 173 172 172 171 171 171 171 171 171 172 171 170 170 170 170 170 170 170 170 170 170 170 169 169 169 170 170 170 170 170 171 171 171 171 171 171 172 172 172 173 173 172 173 172 172 172 172 173 173 173 172 172 172 173 173 172 172 171 171 171 171 171 170 171 170 170 171 170 171 170 170 169 170 170 169 169 169 170 169 169 169 169 169 169 169 169 168 168 168 168 169 169 169 169 169 169 169 169 169 170 170 169 169 169 169 169 169 169 169 169 169 169 169 169 169 169 169 169 169 169 169 170 169 170 169 169 169 169 169 169 169 169 169 169 169 169 168 169 169 168 168 168 168 168 168 168 169 168 168 168 168 168 168 168 168 168 168 168 168 168 169 169 168 168 168 168 168 168 168 168 168 168 168 168 168 168 168 168 167 167 167 167 167 167 167 167 167 167 167 166 166 166 166 166 166 166 166 166 166 166 166 166 166 166 166 166 166 166 166 166 165 165 164 164 164 163 163 164 164 164 164 164 165 164 164 164 163 163 162 162 163 163 163 163 163 163 162 162 161 161 161 162 162 161 161 161 162 161 161 160 161 161 161 161 162 162 163 163 163 162 162 162 162 162 161 160 160 161 161 160 161 161 161 160 160 160 161 161 161 161 174 174 174 174 174 174 174 173 172 171 172 171 172 173 171 171 171 171 170 170 170 170 170 170 170 170 170 170 171 172 172 172 173 173 173 172 172 173 173 172 172 172 172 173 173 173 174 174 174 174 174 174 174 174 174 174 174 174 173 174 173 173 174 174 174 174 174 174 174 174 174 174 174 174 174 174 174 174 174 174 173 172 173 173 173 173 173 173 173 173 174 174 174 174 174 174 175 174 174 174 173 173 174 173 173 172 173 173 173 173 173 172 173 173 174 173 174 173 173 172 172 171 171 171 171 171 172 172 171 171 170 170 170 170 170 170 170 170 170 170 170 169 169 169 169 169 169 170 170 171 171 172 172 172 172 172 172 173 174 173 173 173 172 172 172 173 173 173 173 173 172 173 172 172 171 170 170 171 171 171 170 170 170 170 171 171 171 170 170 170 170 169 169 169 169 169 169 169 169 169 169 169 169 168 168 168 168 168 169 169 169 169 169 169 169 169 169 169 169 169 169 169 169 169 169 169 169 169 169 169 169 169 169 169 169 169 169 169 169 169 169 169 169 169 169 169 169 169 169 169 169 169 168 168 168 169 169 169 169 168 168 168 168 168 168 168 168 168 168 169 169 168 168 168 168 168 168 168 169 169 169 168 168 168 168 168 168 168 168 168 168 168 168 168 168 168 167 167 167 167 167 167 167 167 167 167 167 167 166 166 166 166 166 166 165 165 165 165 165 164 165 165 165 165 164 164 165 165 165 165 165 165 164 164 164 164 165 165 165 165 165 164 164 164 163 163 162 162 163 163 163 163 163 163 163 162 161 161 161 161 161 161 161 161 162 162 161 161 161 161 161 161 161 162 162 162 162 162 161 162 162 162 161 161 160 160 160 160 160 160 160 160 160 160 160 160 160 161 161 174 174 174 174 174 174 173 172 172 172 172 173 173 172 172 172 171 170 170 170 170 170 170 170 171 171 171 171 171 171 172 172 172 173 173 172 172 172 173 174 173 173 173 173 174 173 173 173 174 174 174 174 174 174 174 174 173 174 174 174 174 173 174 174 174 174 174 174 174 174 174 174 174 174 174 174 174 174 174 173 172 173 173 173 173 173 173 173 174 174 174 175 174 174 174 175 175 174 174 174 174 173 173 173 173 174 173 173 173 173 173 173 173 174 174 174 173 172 172 171 171 171 172 172 171 172 172 171 171 170 170 170 170 170 171 170 170 170 169 169 169 169 170 170 170 170 170 171 171 172 172 172 172 172 173 173 173 174 173 174 174 173 173 173 173 173 173 173 172 172 172 171 171 170 170 170 170 170 170 170 170 171 170 170 171 171 170 170 170 170 169 169 169 169 169 169 169 169 169 169 169 168 168 168 168 168 168 168 169 169 169 169 169 169 169 169 169 169 169 169 169 169 169 169 169 169 169 169 169 169 169 169 169 169 169 169 169 169 169 169 169 169 169 169 169 169 169 169 169 169 168 168 168 168 169 169 169 169 169 168 168 168 168 169 169 169 169 169 169 169 169 168 168 168 168 168 168 168 169 169 169 169 168 168 168 168 168 168 168 168 168 168 168 168 168 168 167 167 167 167 167 167 167 167 167 167 166 167 167 167 166 166 165 165 165 165 164 163 163 164 164 164 164 164 163 163 164 165 165 165 165 165 165 165 165 165 165 165 165 165 165 164 164 164 163 162 162 163 163 163 162 163 164 163 162 161 161 161 161 161 161 162 162 162 162 162 161 161 161 161 161 162 162 161 161 162 161 161 161 162 161 160 160 160 160 160 160 160 160 160 160 160 161 161 160 160 161 161 162 162 174 174 174 174 174 174 173 172 172 172 172 173 172 173 172 171 171 171 171 171 171 171 170 171 172 172 172 172 172 172 172 172 173 174 174 174 173 173 174 174 174 174 174 174 174 174 174 174 174 174 175 175 175 175 174 174 174 174 174 175 174 174 174 174 174 174 174 174 174 174 174 174 174 175 175 175 175 174 174 173 173 173 174 173 173 174 174 174 174 174 174 173 174 174 174 174 175 174 174 174 174 174 174 174 174 173 173 174 174 174 173 173 173 173 173 172 172 172 172 171 171 171 171 171 171 171 171 171 171 171 171 170 170 170 170 169 169 169 169 169 169 169 170 170 170 170 170 171 171 171 173 173 173 173 173 174 174 174 174 174 173 173 173 173 173 173 173 172 171 171 171 171 171 171 171 171 170 171 170 170 170 171 171 170 170 170 170 169 169 169 169 169 169 169 170 169 169 169 169 168 168 168 169 168 169 169 168 168 168 168 169 169 169 169 169 169 169 169 169 169 169 169 169 169 169 169 169 169 169 169 169 169 169 169 169 169 169 169 169 169 169 169 169 169 169 169 169 169 169 169 169 169 169 169 169 169 169 169 169 168 168 168 168 168 168 168 168 168 168 168 168 168 168 168 168 167 168 168 168 168 168 168 168 168 168 168 168 168 168 167 167 167 167 167 167 167 167 167 167 166 166 166 166 166 166 166 166 166 165 165 164 165 165 165 164 164 164 164 164 164 164 163 163 163 163 164 164 164 164 165 165 165 166 166 165 165 165 165 165 165 165 165 164 164 163 162 163 163 163 163 163 163 163 163 162 162 161 161 161 161 162 162 162 163 163 162 162 162 162 162 162 163 162 162 161 161 162 162 162 162 161 161 162 162 162 162 161 161 161 162 163 162 163 163 163 163 163 163 162 163 163 174 174 174 173 173 173 173 173 173 173 172 171 171 171 171 171 171 171 171 171 170 171 172 172 172 173 173 173 173 173 174 174 174 173 173 173 174 174 175 175 174 174 174 174 174 174 175 175 175 175 174 174 174 174 174 175 174 175 174 174 174 174 174 174 174 174 174 174 174 174 174 174 174 174 174 174 174 173 174 174 174 174 174 174 174 174 174 174 173 173 173 173 173 174 174 174 174 174 174 174 175 174 174 174 174 174 174 174 174 173 173 173 173 173 172 171 171 171 171 172 171 171 171 171 171 171 171 171 170 170 169 169 169 169 169 169 169 170 170 170 170 170 171 171 171 170 171 172 173 173 173 173 174 174 174 174 174 174 174 174 173 173 173 172 172 172 172 171 171 170 171 172 171 171 171 171 170 170 170 170 169 169 169 169 169 169 169 169 170 169 170 170 169 169 169 168 168 169 169 169 169 169 169 168 168 168 168 169 169 169 170 170 169 169 169 170 169 169 169 169 169 169 169 169 170 169 169 169 169 169 169 169 169 169 169 169 169 169 169 169 169 169 169 169 169 169 169 169 169 169 169 169 169 169 169 169 168 168 169 168 168 168 168 168 168 168 168 168 168 168 168 168 168 168 168 168 168 168 168 168 168 168 168 168 167 167 167 167 167 167 167 167 167 167 167 167 166 166 166 166 166 166 166 166 166 165 165 166 166 166 165 165 164 164 164 165 166 165 164 163 164 164 163 163 164 164 164 164 164 164 165 165 165 165 164 165 165 165 164 164 163 163 163 163 163 163 163 163 162 163 163 162 162 162 162 161 161 161 161 162 163 162 162 162 162 162 162 162 163 163 162 162 162 161 162 161 161 161 161 162 162 162 163 162 162 162 163 163 163 164 164 164 163 163 162 162 162 163 174 173 173 173 173 173 173 172 172 171 172 171 171 171 172 172 171 170 170 170 171 172 172 172 173 173 173 174 174 174 174 173 173 173 173 174 174 175 175 175 174 175 175 175 175 175 175 175 174 174 174 174 175 175 175 175 174 174 174 174 174 174 174 174 174 174 174 174 174 174 174 174 174 174 174 174 174 174 174 174 174 174 174 174 173 173 173 173 172 173 174 174 175 174 174 174 175 175 174 174 174 174 175 174 174 173 172 172 172 173 173 172 172 171 171 171 171 171 171 170 170 171 170 171 171 170 170 170 170 169 169 169 169 170 169 170 170 171 171 170 170 170 170 171 171 172 173 173 174 174 174 174 174 174 174 174 174 173 172 172 172 172 172 172 171 171 171 172 172 172 171 171 171 171 170 170 170 169 170 170 170 169 169 169 169 169 170 170 170 170 169 168 169 168 169 169 170 169 169 169 168 168 168 169 169 169 169 169 170 170 169 170 170 169 169 169 169 169 170 170 169 169 169 169 169 169 169 169 169 169 169 169 169 169 169 169 169 169 169 169 169 169 169 169 169 169 169 169 169 169 169 169 169 169 168 168 168 168 168 168 168 168 168 168 168 168 168 168 168 168 168 168 168 168 168 168 168 168 168 168 167 167 167 167 167 167 167 167 167 167 167 166 166 166 166 166 166 166 166 166 165 165 165 165 166 166 166 166 165 165 164 164 165 165 165 164 164 163 163 163 163 164 164 164 164 164 164 164 164 164 164 164 164 164 164 164 164 163 163 163 163 163 163 163 162 162 162 162 162 162 162 162 162 161 161 161 162 162 163 162 162 162 162 162 162 162 162 162 162 162 162 162 161 161 161 162 162 162 163 163 163 163 163 163 163 163 163 163 163 162 162 162 162 163 163 163 174 173 173 173 173 172 172 172 171 172 172 172 172 172 172 171 171 171 170 170 170 171 171 172 173 174 174 175 175 175 174 174 173 174 174 174 174 175 175 174 175 175 175 175 175 175 175 175 175 175 175 175 175 175 174 174 174 174 174 174 174 174 174 174 174 174 174 174 174 175 174 174 174 174 174 174 174 174 174 174 174 174 174 173 173 173 172 173 173 173 174 174 174 174 174 175 175 174 174 174 175 175 174 174 173 172 172 172 172 173 173 172 172 172 171 170 170 170 170 170 170 170 171 170 170 170 170 170 169 169 170 170 170 170 170 170 170 170 170 170 170 170 171 171 172 173 173 174 174 174 174 174 174 174 174 173 173 172 172 171 171 171 171 171 171 172 172 172 172 171 171 171 171 171 171 170 170 170 170 169 169 169 169 170 169 169 170 170 169 169 169 169 168 169 169 169 169 169 168 168 168 169 169 169 169 169 169 170 170 170 170 169 169 169 169 169 169 169 169 169 169 169 169 169 169 169 169 169 169 169 169 169 169 169 169 169 169 169 169 169 169 169 169 169 169 169 169 169 169 169 169 169 169 168 168 168 168 168 168 168 168 168 168 168 168 168 168 168 168 168 168 168 168 168 168 168 168 168 168 168 167 167 167 167 167 167 167 167 167 166 166 166 166 166 166 166 166 165 165 165 165 165 165 165 165 166 166 166 166 165 165 164 165 165 164 164 163 163 163 163 163 163 164 164 164 164 164 164 164 164 164 164 164 164 164 164 164 163 163 163 163 163 162 162 162 162 162 162 162 162 162 162 162 161 161 161 161 162 162 162 162 162 162 162 161 162 161 162 161 161 161 161 162 162 162 162 163 163 162 162 163 163 163 163 163 163 162 162 162 162 162 163 164 164 163 163 175 175 174 173 173 173 172 172 172 172 172 172 173 173 172 172 172 172 172 172 171 170 171 171 172 173 174 175 175 175 175 175 174 174 174 174 174 175 175 175 175 175 174 174 175 174 175 175 174 175 175 175 175 174 174 175 174 174 174 174 174 174 174 174 174 174 174 174 174 174 174 174 174 174 174 174 174 174 174 174 174 174 174 174 173 173 172 173 173 173 173 173 174 174 174 174 175 175 175 174 174 175 175 174 174 173 172 171 172 172 172 172 172 171 171 171 170 170 170 170 170 170 170 170 170 170 170 170 170 170 170 170 170 171 171 170 170 170 170 170 170 170 170 171 172 172 173 173 173 173 174 174 174 174 174 175 174 174 173 172 172 172 172 172 172 172 172 172 172 172 171 170 170 171 171 171 171 171 171 171 170 170 169 169 169 170 169 169 170 170 169 169 169 169 169 169 169 169 169 169 168 169 169 169 169 169 169 169 169 170 170 169 169 170 169 169 169 169 169 169 169 169 169 169 169 169 169 169 169 169 169 169 169 169 169 169 169 169 169 169 169 169 169 169 169 169 169 169 169 169 169 169 169 169 169 168 168 168 168 168 168 168 168 168 168 168 168 168 168 168 168 168 168 168 168 168 168 168 168 167 167 167 167 168 167 167 167 167 167 167 167 167 167 166 166 166 166 165 165 165 165 165 165 165 165 165 165 166 166 166 166 165 165 165 165 165 165 164 164 163 163 163 163 163 164 164 164 163 164 165 165 164 164 164 164 164 164 164 164 163 163 162 162 162 162 162 162 162 162 163 162 162 162 162 162 161 161 161 162 162 162 162 162 162 162 161 161 161 161 161 162 162 162 162 162 163 163 163 163 162 162 162 162 163 163 163 162 162 162 162 162 163 163 163 163 162 162 175 175 175 174 174 173 173 172 172 172 172 173 173 173 173 172 173 173 173 172 172 172 171 171 172 172 173 174 174 175 175 175 175 175 175 175 175 175 175 174 174 174 174 174 174 174 175 175 175 174 174 175 175 174 174 175 175 174 174 174 174 174 174 174 174 174 174 174 174 174 174 174 174 174 173 174 174 174 174 174 174 174 174 174 174 173 172 173 173 174 174 173 173 173 174 174 174 175 175 175 174 174 175 174 173 173 172 172 172 171 172 172 172 172 172 171 171 171 171 170 170 170 170 170 170 170 170 170 170 170 170 170 170 170 170 170 170 170 170 170 171 171 171 171 171 172 172 172 173 173 173 173 174 174 174 174 175 174 173 173 173 172 171 172 172 172 172 172 171 171 171 171 171 170 170 170 171 170 171 170 171 171 170 169 169 169 170 169 169 169 170 170 170 169 169 169 170 170 170 169 169 169 169 169 169 169 169 169 169 170 170 170 170 169 170 169 169 169 169 169 169 169 169 169 169 169 169 169 169 169 169 169 169 169 169 169 169 169 169 169 169 169 169 169 169 169 169 169 169 169 169 169 169 169 169 168 168 168 168 168 168 168 168 168 168 168 168 168 168 168 168 168 168 168 168 168 168 168 168 168 167 167 167 167 167 168 167 167 167 167 167 167 167 166 166 166 166 166 166 166 165 165 165 165 165 165 166 166 166 165 165 165 166 166 165 165 165 165 164 164 164 164 163 163 163 163 163 164 164 164 164 164 163 164 164 164 164 164 164 164 163 163 163 162 162 162 162 162 162 162 162 162 162 162 162 162 162 162 162 161 162 162 162 162 161 161 160 161 161 162 161 161 161 162 161 162 162 163 163 163 161 162 162 163 163 163 163 163 162 162 162 162 162 163 163 162 161 161 175 175 174 174 174 174 174 172 172 173 173 173 173 173 172 173 173 173 173 173 172 172 171 170 172 172 173 173 174 174 175 175 175 175 175 175 176 175 175 174 174 174 174 174 175 175 175 175 175 175 174 174 174 174 174 175 175 174 174 174 174 174 174 174 174 174 174 174 174 174 174 174 174 174 174 174 174 174 174 174 174 174 174 174 173 172 172 173 173 173 174 174 173 173 173 174 174 174 174 174 174 174 174 173 173 173 172 172 172 171 172 172 172 172 172 172 171 171 171 170 170 171 171 171 171 170 170 170 170 170 170 170 170 170 170 170 170 170 171 171 171 171 171 170 171 171 172 172 172 173 173 173 173 174 174 174 174 174 173 173 172 171 172 172 171 172 171 172 172 171 171 171 171 171 171 170 170 170 170 170 170 171 170 170 170 170 170 170 169 169 170 170 171 170 170 170 170 170 170 169 169 169 169 169 169 169 169 169 169 170 170 170 169 169 170 170 169 169 169 169 169 169 169 169 169 169 169 169 169 169 169 169 169 169 169 169 169 169 169 169 169 169 169 169 169 169 169 169 169 169 169 169 169 169 169 169 169 168 168 168 168 168 168 168 168 168 168 168 168 168 168 168 168 168 168 168 168 168 168 168 167 167 167 167 167 168 167 167 167 167 167 167 167 166 166 165 166 166 167 166 166 166 165 165 165 165 165 166 166 166 166 165 165 166 166 165 165 165 165 165 165 164 164 164 163 163 163 163 163 163 164 163 163 164 163 163 164 163 163 164 163 162 163 162 162 162 162 162 162 162 162 162 162 162 162 162 162 163 162 162 162 162 162 162 161 161 161 161 162 163 161 161 161 161 161 162 162 162 162 162 161 161 162 163 163 163 163 163 162 162 162 162 162 163 163 161 161 161 161 175 174 175 175 174 174 173 173 173 173 173 173 172 173 173 173 173 173 173 172 171 171 172 172 173 173 173 173 174 174 175 175 175 175 176 176 175 175 174 174 174 174 174 175 175 175 175 175 175 175 175 175 175 174 175 175 174 174 174 174 174 174 174 174 174 174 174 174 174 174 174 174 174 174 174 174 174 174 174 174 174 174 174 173 172 172 173 173 173 173 173 172 173 173 173 174 174 174 174 174 173 173 173 172 172 172 172 172 172 171 171 172 172 172 172 172 171 171 171 171 171 171 171 170 170 170 170 170 170 170 170 170 170 170 170 170 170 170 170 171 170 170 170 171 171 172 172 172 172 172 173 173 174 174 175 174 174 173 172 172 171 171 171 171 171 171 172 171 171 171 170 170 171 171 171 171 171 171 170 170 170 170 170 170 171 170 170 170 170 170 170 171 170 170 170 169 170 169 169 169 169 170 170 170 169 169 169 169 170 170 170 170 170 170 170 170 169 169 169 169 169 169 169 169 169 169 169 169 169 169 169 169 169 169 169 169 169 169 169 169 169 169 169 169 169 169 169 169 169 169 169 169 169 169 169 169 169 169 169 168 168 168 168 168 168 168 168 168 168 168 168 168 168 168 168 168 168 168 168 167 167 167 167 167 167 167 167 167 167 167 167 166 166 166 165 165 166 166 167 167 166 166 165 165 165 165 166 166 166 166 166 166 166 166 166 166 165 165 165 165 165 164 164 164 163 163 163 163 163 163 163 163 163 163 163 163 163 163 163 163 162 162 162 162 162 163 162 162 162 162 162 162 162 162 162 162 162 162 162 162 162 162 161 161 161 162 162 162 162 162 162 161 161 161 161 161 161 161 162 161 161 162 162 162 163 163 162 162 161 162 162 162 163 162 162 161 161 161 161 161 175 175 175 175 174 174 173 173 173 173 173 173 173 173 172 172 173 173 172 171 171 173 173 173 172 173 173 173 173 174 174 175 175 175 176 175 175 175 175 175 175 174 175 175 175 175 175 175 175 175 175 175 175 175 175 174 174 174 174 174 174 174 174 174 174 174 174 174 174 174 174 174 174 174 174 174 174 174 174 174 174 174 173 173 172 172 173 172 172 172 172 173 173 173 173 173 174 173 173 173 172 172 172 172 172 172 172 172 171 172 172 172 172 172 171 171 171 171 171 170 170 170 170 170 170 170 170 170 170 171 171 170 170 170 170 170 170 170 170 170 170 170 170 171 171 171 172 172 172 173 173 173 173 174 174 174 172 172 171 171 171 171 171 171 172 171 171 171 171 171 170 170 170 171 171 170 170 170 170 170 170 170 170 171 170 171 170 170 171 171 170 170 170 170 169 169 169 169 169 169 169 170 170 170 169 170 170 170 170 170 170 170 170 170 170 170 170 169 169 169 169 169 169 169 169 169 169 169 169 169 169 169 169 169 169 169 169 169 169 169 169 168 169 169 169 168 168 168 169 169 169 169 168 168 169 169 169 168 169 168 168 168 168 168 168 168 168 168 168 168 168 168 168 168 168 168 168 168 167 167 167 167 167 167 167 167 167 167 167 167 167 167 166 166 165 165 165 166 166 166 167 166 166 165 165 165 165 166 166 166 166 166 165 165 165 166 165 165 165 164 164 164 164 164 163 163 163 163 163 163 163 163 163 163 163 162 163 163 162 162 163 162 162 162 162 162 162 162 161 162 162 162 162 161 162 163 162 162 162 161 161 161 161 161 161 161 162 162 162 162 161 161 161 161 161 161 162 161 161 161 161 161 162 162 163 162 162 161 161 162 162 163 162 161 161 161 161 161 161 175 175 175 175 175 174 174 173 173 174 174 173 173 172 172 172 172 172 172 172 171 172 172 172 173 173 173 173 173 174 174 175 175 175 175 175 175 175 175 175 174 175 175 175 175 175 175 175 175 175 175 175 175 175 175 174 174 174 174 174 174 174 174 174 174 174 174 174 174 174 174 174 175 174 174 174 174 174 174 174 174 174 174 173 172 172 172 173 173 173 173 173 173 173 173 173 173 173 172 172 172 172 172 172 172 172 172 172 171 172 172 172 172 171 171 171 171 171 171 171 170 170 170 170 170 170 170 170 170 171 170 170 170 170 170 170 170 170 170 170 170 170 170 170 170 171 171 172 172 172 172 172 172 173 173 173 173 172 172 172 172 171 171 171 171 171 171 171 170 170 170 170 170 170 170 169 169 169 169 169 170 170 170 170 170 170 171 170 171 171 171 170 170 169 169 169 169 169 169 169 169 169 169 169 169 170 170 170 170 170 170 170 170 170 169 170 170 169 169 169 169 169 169 169 169 169 169 169 169 169 169 169 169 169 169 169 169 169 169 168 168 168 169 169 169 168 168 168 168 169 169 169 169 168 168 168 168 168 168 168 168 168 168 168 168 168 168 168 168 168 168 168 168 168 168 168 168 168 167 167 167 167 167 167 167 167 167 167 167 167 167 167 167 166 165 165 165 165 166 166 166 166 166 166 165 165 165 165 165 166 166 165 165 165 165 165 165 165 164 164 164 165 164 164 164 163 163 163 163 163 163 163 163 163 162 162 162 162 162 163 162 162 162 162 162 162 162 162 162 161 162 162 162 161 162 163 162 162 162 161 161 162 162 162 162 162 162 162 162 162 161 161 161 161 161 161 162 161 161 161 161 162 161 162 162 162 163 162 161 162 162 163 163 162 162 161 160 161 161 161 175 175 175 174 174 174 174 173 173 172 172 171 172 172 172 172 173 172 172 172 173 173 172 173 174 173 174 174 175 174 174 175 175 176 176 175 175 174 175 175 175 175 175 175 175 175 175 175 175 175 175 175 174 174 174 174 174 175 175 175 174 174 174 174 174 174 174 174 174 174 174 174 174 174 174 174 174 174 174 174 174 173 173 172 172 173 173 173 173 173 173 173 173 173 173 172 172 172 172 172 172 172 171 172 172 171 172 172 172 172 171 171 171 170 171 171 171 171 170 170 170 170 170 170 170 170 171 171 170 170 170 170 170 170 170 170 170 170 171 171 170 171 171 171 171 171 171 171 172 172 172 172 172 172 172 172 172 172 171 171 171 171 171 172 171 170 170 171 171 170 170 170 170 170 170 170 170 170 169 169 170 170 170 170 170 171 171 170 170 170 170 170 169 169 169 169 169 169 169 169 169 169 170 170 170 170 170 169 169 170 169 169 169 169 169 169 169 169 169 169 169 169 169 169 169 169 169 169 169 169 169 169 169 169 169 169 169 168 168 169 169 169 168 168 168 168 168 168 168 169 168 168 168 168 168 168 168 168 168 168 168 168 168 168 168 168 168 168 168 168 168 168 168 168 167 167 167 167 167 167 167 167 167 167 167 167 167 167 167 166 166 165 165 165 166 165 165 166 165 165 166 166 166 165 165 165 165 165 165 166 165 165 165 165 165 165 165 165 165 165 164 163 163 163 163 163 163 163 163 163 163 162 162 162 162 162 162 162 162 162 162 162 162 162 162 162 161 162 161 161 161 162 163 162 162 162 162 162 162 162 162 162 162 163 163 162 162 161 162 161 161 161 161 161 161 161 161 162 161 161 160 161 162 163 162 161 162 162 162 162 162 162 161 160 161 161 162 161 174 174 174 174 174 173 172 171 172 172 172 172 172 172 172 172 172 172 172 172 173 173 173 174 174 174 174 174 175 175 175 175 175 174 174 175 175 176 175 175 175 175 175 175 175 175 175 175 175 174 174 174 174 174 175 175 174 175 174 174 174 174 174 174 174 174 174 174 174 174 174 174 174 174 174 174 174 174 174 173 172 172 172 172 172 172 173 173 173 173 173 172 172 172 172 172 172 172 172 172 172 172 171 172 172 172 172 172 171 171 171 170 171 171 171 171 170 170 170 170 170 170 171 171 170 170 170 170 170 169 170 170 170 170 171 170 170 171 171 171 171 170 171 172 172 172 172 171 171 172 171 172 172 172 172 171 171 171 171 171 172 171 171 170 171 171 170 170 171 171 170 171 171 171 170 170 169 170 170 170 170 170 170 170 170 170 170 170 170 170 169 169 169 169 169 169 169 169 169 170 170 169 170 169 170 170 169 169 169 169 169 169 169 169 169 169 169 169 169 169 169 169 169 169 169 169 169 169 169 169 169 169 169 169 168 168 169 168 168 168 168 168 168 168 168 168 168 168 168 168 168 168 168 168 168 168 168 168 168 168 168 168 168 168 168 168 168 168 168 168 167 167 167 167 167 167 167 167 167 167 167 168 167 167 168 168 167 167 166 166 165 165 165 166 165 165 165 165 166 167 165 165 165 165 165 165 165 165 165 165 165 165 164 165 165 165 164 164 163 163 163 163 163 163 163 163 163 163 162 162 162 162 162 162 162 162 162 162 162 162 162 162 162 161 161 161 161 162 162 162 162 162 162 162 162 162 162 162 162 162 162 163 162 162 162 162 162 162 161 161 161 161 161 162 161 160 161 160 161 162 163 162 161 162 162 162 162 162 162 161 161 161 161 161 161 174 174 173 172 172 173 172 172 173 172 172 172 172 172 172 172 173 173 172 172 173 174 174 174 174 175 175 176 175 175 174 175 175 175 175 175 175 175 175 175 175 175 175 175 175 175 174 175 174 174 174 174 174 174 174 174 174 174 174 174 174 174 174 174 174 174 174 174 174 174 174 174 174 174 174 173 173 172 172 172 172 172 172 172 173 173 173 173 173 172 172 172 172 171 171 171 172 172 172 171 172 171 171 172 172 172 171 171 171 170 170 170 171 171 170 170 170 170 171 171 170 170 170 170 170 170 170 170 170 170 170 170 170 170 170 170 170 171 171 171 171 171 171 172 171 171 171 171 171 171 172 172 172 172 171 171 171 171 171 170 171 171 171 170 171 171 171 171 171 171 170 170 170 170 170 169 169 169 170 169 169 169 170 170 170 170 170 170 170 169 169 169 169 169 169 169 169 169 169 170 170 169 169 169 169 169 169 169 169 169 169 169 169 169 169 169 169 169 169 169 169 169 169 169 169 169 168 168 168 168 168 168 168 168 168 168 168 168 168 168 168 168 168 168 168 168 168 168 169 168 168 168 168 168 168 168 168 168 168 168 168 168 168 168 168 168 167 167 167 167 167 167 168 168 168 168 168 167 168 168 168 168 167 167 167 166 166 166 165 165 166 165 166 165 165 166 167 166 166 165 165 165 165 165 165 165 165 165 165 164 164 164 165 165 165 163 163 163 162 163 163 163 163 163 163 162 162 162 162 162 162 162 162 162 162 162 162 161 161 161 161 161 161 161 161 161 162 162 162 162 162 162 162 162 162 162 162 162 162 162 163 162 162 163 162 162 161 161 160 160 160 160 160 161 161 162 162 163 162 161 161 161 161 162 162 162 161 161 161 161 161 161 162 162 174 173 172 173 173 173 173 173 173 173 172 172 172 172 172 172 172 172 173 173 173 174 175 175 174 175 175 175 175 175 175 175 175 175 175 175 175 175 175 175 175 175 175 175 175 174 174 174 174 174 174 174 174 174 174 174 174 175 175 174 174 174 174 174 175 174 174 174 174 174 174 174 174 174 174 173 173 173 172 172 172 172 173 173 173 173 173 173 173 173 173 172 172 171 171 171 171 171 171 171 171 171 171 171 172 171 171 171 171 170 170 170 170 170 170 170 170 170 171 170 170 170 171 171 170 170 170 170 169 170 170 170 171 170 171 171 171 171 171 172 171 171 171 171 170 171 171 171 171 172 172 172 172 171 171 171 171 171 171 171 172 172 171 172 171 171 171 171 171 170 170 170 170 171 170 169 169 169 169 169 169 169 169 169 169 169 170 169 169 169 169 169 169 169 169 169 170 170 170 169 169 169 169 169 169 169 169 169 169 169 169 169 169 169 169 169 169 169 169 169 169 169 168 168 169 168 168 168 168 168 168 168 168 168 168 168 168 168 168 168 168 168 168 168 168 168 168 168 168 168 168 168 168 168 168 168 168 168 168 168 168 168 168 168 168 167 168 168 168 167 168 168 168 168 168 168 168 168 168 167 167 167 167 166 166 166 166 166 166 166 166 166 165 165 165 166 167 167 166 166 165 165 165 165 165 165 165 165 164 164 164 164 165 165 164 163 163 163 163 163 163 163 163 163 162 162 162 162 162 162 162 162 162 162 161 161 161 162 162 161 161 161 161 160 161 162 162 162 162 162 162 162 162 162 162 162 162 162 162 162 162 162 162 162 163 163 162 161 161 160 160 161 161 161 161 161 162 162 162 161 161 161 162 162 161 161 161 161 161 161 162 162 162 162 162 174 173 173 173 172 172 172 172 172 172 173 173 173 174 173 172 172 173 173 174 174 175 175 174 174 174 175 175 175 175 175 175 175 175 175 175 175 175 176 176 176 176 175 175 174 174 174 174 174 174 174 174 174 174 174 174 175 175 174 174 174 174 175 175 175 174 174 174 174 174 174 174 174 174 174 173 172 172 173 172 172 173 173 173 173 173 173 173 173 173 173 172 172 171 171 171 171 172 171 171 171 171 171 172 172 172 172 171 170 170 170 171 171 170 170 170 170 171 171 171 171 171 171 171 170 170 169 169 170 170 170 171 171 171 171 171 171 171 171 171 171 171 171 170 170 171 172 171 171 172 172 171 171 171 171 171 171 171 171 171 172 172 171 171 171 170 171 171 171 170 170 171 171 170 169 169 169 169 168 169 169 169 169 169 169 169 169 170 169 169 169 169 170 170 170 170 170 170 169 169 169 169 170 169 169 169 169 169 169 169 169 169 169 169 169 169 169 169 169 169 169 169 169 169 168 169 168 168 169 168 168 168 168 168 168 168 168 168 168 168 168 168 168 168 168 168 168 168 168 168 168 168 168 168 168 168 168 168 168 168 168 168 168 168 168 167 168 167 168 168 168 167 167 167 168 168 168 167 167 166 166 166 166 166 166 166 166 166 166 166 166 165 165 165 166 166 167 168 167 166 166 165 165 165 165 165 164 164 164 164 164 165 165 165 164 164 163 163 163 163 163 163 163 162 162 162 162 162 162 162 162 162 162 162 162 162 162 162 162 162 162 162 161 161 161 161 162 162 162 162 162 162 162 162 162 162 162 162 162 162 161 161 162 162 163 163 163 162 161 161 160 160 160 160 161 161 162 163 163 161 161 161 162 161 161 161 162 162 162 162 161 162 162 162 161 174 174 173 173 172 172 172 172 172 172 173 174 174 173 172 172 173 173 174 174 174 175 174 174 174 174 174 175 175 176 176 176 176 175 175 175 176 176 176 176 175 175 175 175 175 175 174 174 174 175 175 174 174 174 174 174 174 174 174 175 175 175 175 174 174 174 174 174 174 174 174 174 174 174 174 173 172 172 172 172 172 172 172 173 173 173 173 174 173 173 172 173 173 172 172 172 172 172 172 172 171 171 171 171 172 172 171 171 171 170 170 171 171 170 170 170 171 171 171 171 171 171 171 170 170 170 170 169 169 170 170 170 170 170 171 171 171 171 171 171 171 171 171 170 171 171 171 171 171 171 172 172 171 171 171 170 171 171 171 171 172 172 171 171 171 170 170 170 170 170 170 171 171 170 170 169 169 170 169 168 168 168 168 169 169 169 169 170 170 169 169 169 169 169 170 170 169 169 169 170 170 170 170 170 169 169 169 169 169 169 169 169 169 169 169 169 169 169 169 169 169 169 169 169 169 169 169 169 169 169 168 168 168 168 168 168 168 168 168 168 168 168 168 168 168 168 168 168 168 168 168 168 168 168 168 168 168 168 168 168 168 168 168 168 168 167 167 167 167 167 167 167 167 167 167 167 167 167 167 166 166 167 167 167 166 166 166 166 166 166 166 166 165 165 166 166 166 167 168 168 167 166 165 165 165 165 165 164 164 164 164 165 166 166 165 164 163 163 162 163 163 163 163 163 163 162 162 162 162 162 162 162 162 162 162 163 163 163 164 163 162 162 162 161 162 161 161 162 162 162 162 162 162 162 162 162 162 162 162 162 162 161 162 162 162 162 162 162 162 162 161 161 160 160 160 160 161 162 162 162 161 161 162 161 161 162 162 162 162 161 161 162 162 162 161 161 161 161 161 161 161 174 174 173 173 173 172 173 172 172 172 173 173 173 172 172 172 172 173 173 173 173 174 173 173 173 174 174 174 175 175 176 176 175 175 175 176 176 176 176 176 175 175 175 175 175 175 175 175 175 175 175 175 175 174 174 174 174 174 174 175 175 175 175 175 174 174 175 174 174 174 174 174 175 174 174 173 173 173 173 172 172 172 172 172 173 173 173 173 173 172 172 173 173 172 172 172 172 172 172 172 172 171 171 171 171 171 171 171 171 170 171 170 171 171 170 170 171 171 171 171 171 170 170 170 170 170 170 169 169 169 170 170 170 170 170 171 171 171 170 171 171 170 170 171 171 172 171 171 172 172 172 172 171 171 170 171 171 171 172 172 172 173 172 172 172 171 170 170 170 170 171 171 170 170 170 169 169 170 170 169 169 169 169 168 169 169 169 170 170 169 169 169 169 169 170 169 169 169 170 170 170 170 170 170 169 169 169 168 169 169 169 169 169 169 169 169 169 169 168 169 169 169 169 169 169 169 169 169 169 168 168 168 168 168 168 168 168 168 168 168 168 168 168 168 168 168 168 168 168 168 168 168 168 168 168 168 168 168 168 168 168 168 168 168 168 168 167 167 167 167 167 167 167 167 167 167 167 167 167 167 167 167 167 167 167 166 166 166 166 166 166 166 166 166 166 166 166 166 166 166 167 167 166 166 165 165 165 164 164 164 164 164 165 166 165 164 163 163 163 163 163 163 163 164 163 163 162 162 162 162 163 163 163 163 163 163 163 163 163 163 163 163 163 163 163 163 162 162 162 162 162 162 162 162 162 162 162 162 163 163 163 162 162 162 162 161 161 162 162 162 162 162 162 161 160 161 161 162 162 162 162 161 162 161 161 162 162 162 162 161 161 162 162 161 161 161 161 161 161 161 161 161 161 174 174 174 174 173 173 173 173 172 172 172 172 171 171 172 173 173 173 173 173 173 173 174 174 174 174 174 174 175 175 176 176 176 176 176 176 176 176 176 176 176 176 175 175 175 175 175 175 175 175 175 174 174 174 174 174 175 174 175 175 175 174 174 175 175 174 174 174 174 174 174 174 174 174 174 174 174 173 172 172 172 171 172 172 173 173 172 172 172 172 172 172 172 172 172 172 172 172 171 172 171 171 172 172 171 171 170 170 171 171 170 171 171 171 171 171 171 171 171 171 170 170 170 170 170 169 169 169 169 169 169 170 170 170 171 171 170 170 170 170 170 171 171 172 172 172 171 172 172 172 172 171 171 171 171 171 171 172 172 172 171 171 172 172 171 170 170 170 171 171 171 170 170 170 169 170 170 170 170 169 169 169 169 169 169 169 169 169 169 169 169 169 170 170 170 170 170 170 169 169 169 169 169 169 169 168 168 169 169 169 169 169 169 169 169 169 169 168 169 169 169 169 169 169 169 170 169 169 169 168 168 168 168 168 168 168 168 168 168 168 168 168 168 168 168 168 168 168 168 168 168 168 168 168 168 168 168 168 168 168 168 168 168 168 168 167 167 167 167 167 167 167 167 167 167 167 167 167 167 167 167 167 167 166 166 166 166 166 166 166 166 166 166 166 166 166 166 166 166 166 167 168 167 166 165 165 164 164 164 165 165 167 166 165 164 163 163 163 163 163 163 163 164 163 163 163 163 163 163 163 163 163 164 164 164 164 163 163 163 163 163 163 164 164 163 163 163 163 162 162 162 162 162 162 162 162 162 163 163 163 163 163 162 162 162 162 162 162 162 162 162 161 161 161 161 162 162 162 162 162 161 161 161 161 162 162 162 161 161 162 161 161 161 160 161 161 161 161 161 161 162 162 162 174 173 173 173 172 172 173 172 172 172 172 173 174 174 174 174 174 174 175 175 174 174 174 175 175 175 176 176 176 176 176 176 176 176 176 176 176 176 175 175 175 175 175 175 175 175 175 174 174 174 174 174 174 174 175 175 175 174 175 175 174 174 175 175 174 175 175 174 174 174 174 174 174 174 173 173 172 172 171 171 172 172 172 172 171 171 172 172 172 172 172 172 172 172 171 171 171 171 171 171 171 171 170 171 171 171 171 171 171 171 171 171 171 171 170 170 170 170 170 170 170 170 170 170 169 169 169 170 170 170 171 171 170 170 171 171 171 172 171 171 171 171 171 171 171 172 172 171 171 171 171 172 172 172 171 171 171 171 172 172 171 171 170 170 171 171 171 170 170 169 169 170 170 171 170 170 169 169 169 169 169 169 169 169 169 169 169 169 170 170 170 170 170 169 169 169 169 169 169 169 168 168 168 169 169 169 169 169 169 169 169 169 169 168 168 169 169 169 169 169 170 169 169 169 168 168 168 168 168 168 168 168 168 168 169 168 168 168 168 168 168 168 168 168 168 168 168 168 168 168 168 168 168 168 168 168 168 168 168 168 168 168 168 167 167 167 167 167 167 167 167 167 167 167 167 167 167 167 167 166 166 166 166 166 166 166 166 166 166 166 166 166 166 166 166 166 166 168 169 169 167 166 166 165 164 165 165 167 167 166 165 163 163 163 163 163 163 163 164 164 164 163 163 163 163 163 163 163 163 163 163 163 163 163 163 163 162 162 163 163 163 164 164 163 163 162 162 162 162 162 162 162 162 162 162 163 163 163 162 162 162 162 162 162 162 161 161 161 161 161 160 161 161 162 162 162 161 161 161 162 162 162 161 161 162 162 162 161 160 160 160 160 160 161 161 161 161 161 175 174 174 173 173 173 173 173 172 173 173 173 173 174 173 174 174 174 174 174 174 174 175 175 176 176 176 176 176 176 176 176 176 176 176 176 175 175 175 175 175 175 175 175 175 175 174 174 174 174 174 174 175 175 175 175 175 174 174 174 174 174 175 175 174 174 174 174 174 174 174 174 174 174 173 173 172 171 171 171 171 172 171 171 171 171 171 171 171 171 172 172 172 172 171 171 171 171 171 171 170 171 171 171 171 171 171 171 171 172 171 171 170 170 170 170 170 170 170 170 170 170 169 169 169 170 170 170 170 171 170 171 171 171 171 170 170 171 171 171 171 172 171 172 172 172 171 171 171 171 171 171 171 171 171 171 171 171 171 171 170 170 170 171 171 171 170 170 169 170 170 171 170 170 169 169 169 170 169 169 169 169 169 169 169 169 169 169 170 169 169 169 169 169 169 169 169 168 169 169 168 169 169 169 169 170 169 169 170 169 169 168 168 168 169 169 169 169 170 169 169 169 169 168 169 169 168 168 168 169 169 169 169 169 168 168 168 168 168 168 168 168 168 168 168 168 168 168 168 168 168 168 168 168 168 168 168 168 168 168 168 168 167 167 167 167 167 167 167 167 167 167 167 167 167 167 167 166 167 166 166 165 165 165 165 165 166 166 166 166 165 166 166 166 166 166 168 168 169 168 168 167 166 165 166 167 167 166 166 165 164 163 163 163 163 163 163 164 164 164 164 164 164 164 164 164 164 163 163 163 163 163 163 162 162 162 163 163 163 163 163 163 163 163 163 162 162 162 162 162 162 162 162 162 162 162 162 163 163 163 163 163 162 162 161 161 161 161 161 161 160 161 161 162 161 161 162 162 162 161 161 161 161 162 162 162 160 160 160 160 160 160 160 161 161 173 174 173 173 173 173 173 173 173 173 174 174 175 175 175 175 175 176 176 176 176 176 176 176 176 176 176 176 176 175 175 175 175 175 175 175 175 175 175 174 174 174 174 174 175 175 175 175 174 174 174 174 174 175 175 174 174 174 174 174 174 174 174 174 174 174 174 174 173 173 172 171 171 171 171 171 170 170 170 171 171 171 171 171 171 172 172 172 172 171 171 171 171 171 171 171 171 171 171 171 171 171 171 172 171 171 170 170 170 171 170 170 171 171 170 169 169 169 169 170 170 171 170 170 171 171 171 170 170 171 171 171 171 171 172 172 172 172 171 172 172 172 171 171 171 171 171 172 171 171 170 170 170 170 170 171 171 171 171 170 170 169 169 170 171 171 170 170 169 169 170 170 169 169 169 169 168 168 169 169 169 169 169 169 169 169 169 169 169 169 168 168 169 169 169 169 169 169 170 170 169 169 169 169 168 169 169 169 169 169 169 169 169 170 169 169 168 169 169 168 168 168 169 170 169 169 168 168 169 168 168 168 168 168 168 168 168 168 168 168 168 168 168 168 168 168 168 168 168 168 168 168 168 168 168 168 167 167 167 167 167 167 167 167 167 167 167 167 166 167 167 166 166 166 165 166 166 165 166 166 166 166 166 166 166 166 165 165 165 166 167 168 168 168 168 168 167 167 168 167 167 167 166 165 164 163 163 163 163 163 164 165 165 165 165 165 165 164 164 164 164 163 163 163 163 163 163 162 162 163 163 163 163 163 163 163 163 163 163 163 163 162 162 162 162 162 162 162 162 162 162 162 163 163 163 163 163 162 161 161 161 161 161 160 160 160 160 161 161 161 162 161 161 161 161 162 162 161 161 161 160 160 160 160 161 161 161 161 173 174 173 173 174 173 174 174 175 175 175 175 175 175 176 176 176 176 176 176 176 176 176 176 176 176 176 175 175 175 175 176 176 176 175 175 175 174 175 175 175 175 175 175 174 174 174 174 174 174 174 174 174 174 175 174 174 174 174 174 173 174 174 174 174 174 174 173 173 172 171 172 172 172 172 171 170 170 171 171 171 171 172 172 171 171 171 171 171 171 171 171 171 171 171 171 171 171 171 172 171 171 171 170 171 171 170 170 170 171 170 170 169 169 170 170 169 170 170 170 170 171 171 170 170 170 171 171 171 171 171 171 172 172 172 172 172 172 171 171 172 171 171 172 172 171 171 171 171 171 171 170 170 170 170 171 171 170 170 169 170 171 171 170 170 170 170 170 170 169 169 169 169 169 168 168 169 169 169 169 169 169 169 169 169 168 168 168 168 169 169 169 169 169 169 169 169 169 169 169 169 168 169 169 169 169 169 169 169 169 169 170 169 169 169 169 168 168 168 169 169 169 169 169 169 169 168 168 168 168 168 168 168 168 168 168 168 168 168 168 168 168 168 168 168 168 168 168 168 168 168 168 168 167 167 167 167 167 167 167 167 167 167 167 167 167 167 167 167 167 166 166 166 166 166 166 166 166 166 166 166 166 166 166 166 165 165 166 167 168 169 168 168 168 168 167 167 167 167 167 166 165 164 163 163 163 163 163 164 164 165 165 165 165 164 164 164 164 164 163 163 163 163 163 163 162 163 163 163 163 163 163 163 163 163 163 163 163 163 162 162 162 162 162 162 162 162 162 162 162 162 163 163 163 163 162 162 161 161 161 161 161 160 160 160 160 160 161 161 161 161 161 161 162 161 161 160 160 161 160 160 160 160 160 161 161 172 173 174 174 174 174 174 175 175 176 176 175 175 175 176 176 176 176 176 176 176 176 176 176 176 176 176 176 175 175 175 176 175 175 175 175 175 175 175 175 175 175 175 175 175 175 175 174 174 174 174 174 174 174 174 174 174 174 174 174 174 174 174 174 174 174 174 174 174 173 173 173 172 172 172 172 171 171 171 171 171 171 171 171 171 172 171 171 171 171 171 171 171 171 171 171 171 171 171 172 172 172 172 171 171 171 171 170 171 171 170 170 169 169 170 170 169 170 170 170 171 171 171 170 170 170 171 171 171 171 171 171 171 172 172 172 173 173 172 172 171 171 172 172 171 172 171 171 172 171 171 170 170 170 171 171 171 171 170 170 171 171 171 170 170 170 169 169 170 169 169 169 169 169 168 168 168 169 169 169 169 168 168 168 169 169 169 168 168 169 169 169 169 169 169 169 170 169 169 169 169 168 169 169 169 169 169 168 168 169 169 169 170 170 169 169 169 169 169 169 170 169 169 169 169 169 168 168 168 168 168 168 168 168 168 168 168 168 168 168 168 168 168 168 168 168 168 168 168 168 167 167 167 167 167 167 167 167 167 167 167 167 167 167 167 167 167 167 167 167 167 167 166 166 166 166 166 166 166 166 166 166 166 166 166 165 165 165 166 168 168 168 168 168 168 168 167 167 167 166 166 165 165 164 163 163 163 163 164 164 164 164 164 164 164 164 164 163 163 163 163 163 163 163 163 162 163 163 163 163 163 163 163 163 163 163 163 163 163 163 162 162 162 162 162 162 162 162 162 162 162 162 162 162 163 163 163 162 162 162 162 162 162 161 161 161 160 160 160 161 161 161 161 161 161 161 160 160 160 160 160 160 160 160 161 172 173 174 174 174 175 175 175 174 175 175 176 175 175 175 175 176 176 176 176 176 176 176 176 176 176 176 176 175 175 175 175 175 175 175 175 175 175 175 175 175 175 175 175 175 175 175 175 174 174 174 174 174 174 174 174 174 174 174 174 174 174 174 174 174 174 174 174 174 174 173 173 173 172 172 171 171 171 171 170 171 171 171 171 171 171 171 171 171 171 171 171 171 171 171 172 171 171 171 171 171 172 172 172 172 172 172 171 171 171 171 171 170 170 170 170 170 169 169 169 170 170 170 170 170 170 170 170 171 170 170 171 171 172 172 171 171 172 173 173 172 172 172 172 172 172 172 172 172 172 172 171 170 170 170 170 171 172 172 171 170 170 171 171 171 170 170 170 169 169 170 170 169 169 169 169 168 169 169 169 169 168 168 169 169 169 169 169 169 168 169 169 169 169 169 169 169 169 170 169 169 169 168 169 169 168 168 169 169 168 168 169 169 170 169 169 169 169 169 169 169 170 169 169 169 169 168 168 168 168 168 168 168 168 168 168 168 168 168 168 168 168 168 168 168 168 168 168 168 167 167 167 167 167 167 167 167 167 167 167 167 167 167 167 167 167 167 167 167 167 167 167 167 166 167 166 166 167 166 166 166 166 166 166 166 166 166 165 165 166 167 168 168 168 168 168 168 167 167 167 167 166 165 165 164 164 163 163 164 164 164 164 164 164 164 164 164 164 164 164 164 163 163 163 162 162 162 163 163 163 163 163 163 163 163 163 163 163 163 163 163 163 163 162 162 162 162 162 161 162 162 163 163 162 162 162 162 162 162 162 162 162 162 162 162 162 162 161 160 160 161 161 161 161 161 161 161 160 161 161 160 160 160 161 161 161 173 174 174 174 174 174 175 175 175 175 176 175 175 175 175 176 176 176 176 176 176 176 176 176 176 176 175 175 175 175 175 175 175 175 175 175 175 175 175 175 175 175 175 175 175 175 175 175 174 174 174 174 174 174 174 174 174 174 174 174 174 174 174 174 174 174 174 174 174 173 173 172 172 172 171 171 171 171 171 171 171 171 171 171 171 171 171 171 171 171 171 171 171 171 171 171 171 172 172 172 172 172 172 172 172 172 171 171 171 171 171 171 170 170 170 170 169 169 169 169 169 170 170 170 170 170 171 170 170 171 171 171 172 171 171 172 172 173 173 173 173 173 173 173 172 172 172 172 172 172 171 171 171 171 171 172 172 172 171 171 171 171 171 171 171 170 170 169 169 169 169 169 169 169 169 169 169 168 169 169 168 168 169 169 169 169 169 169 169 168 169 169 169 169 169 169 169 169 169 169 168 169 168 169 169 169 169 169 169 169 169 169 169 169 168 169 169 169 169 169 169 169 169 169 168 168 168 168 168 168 168 168 168 168 168 168 168 168 168 168 168 168 168 168 168 168 168 168 167 167 167 167 167 167 167 167 167 167 167 167 167 167 167 167 167 167 167 166 167 167 167 167 167 167 167 166 167 166 166 166 166 166 166 166 166 166 165 165 165 166 166 167 167 167 167 167 167 168 168 167 166 165 165 164 164 164 163 164 164 164 164 164 164 164 164 164 164 164 164 164 164 163 163 163 163 163 163 163 163 163 163 163 163 163 163 163 163 163 163 163 163 163 163 162 162 162 162 161 162 162 162 162 162 162 162 162 162 162 162 162 162 161 161 162 162 162 162 161 160 160 161 161 161 161 161 161 160 161 161 161 161 161 160 160 161 173 173 174 174 175 175 175 175 176 176 175 175 175 175 176 176 175 176 176 176 176 176 176 176 176 175 175 175 176 175 175 175 175 175 175 175 175 175 175 175 175 175 175 175 175 175 174 174 174 174 174 174 174 174 174 174 174 174 174 174 174 174 174 174 174 174 173 173 172 172 171 171 171 171 171 172 172 171 171 172 171 171 171 171 171 171 171 171 171 171 171 171 171 171 171 171 171 172 172 172 172 172 172 172 172 172 171 172 172 171 171 171 171 170 170 170 169 169 169 170 170 170 171 171 171 170 171 171 171 171 171 171 171 172 173 173 173 172 172 173 173 172 172 172 172 172 171 172 172 171 171 172 172 172 171 171 172 171 171 171 171 170 170 170 170 169 169 169 169 169 169 168 168 168 169 169 169 169 168 168 169 169 169 169 169 169 169 169 168 169 169 169 169 169 169 169 169 169 169 169 169 169 169 169 169 169 169 170 170 169 169 169 168 168 168 168 168 169 169 169 169 169 168 168 168 168 168 168 168 168 168 168 168 168 168 168 168 168 168 168 168 168 168 168 168 167 167 167 168 167 167 167 167 167 167 167 167 167 167 167 167 167 167 167 166 166 166 167 167 167 167 167 167 167 167 166 166 166 166 166 166 166 166 166 165 165 165 165 165 166 165 166 167 168 168 168 168 167 167 166 165 165 164 164 163 163 164 164 164 164 164 164 164 164 164 164 164 164 164 163 163 163 163 163 164 164 163 163 163 163 163 163 163 163 163 163 163 163 163 163 163 163 162 162 162 162 162 162 162 162 162 162 162 162 162 162 162 162 161 161 161 161 161 162 162 162 161 161 160 161 161 161 161 161 160 160 160 160 160 160 160 161 174 175 175 176 175 175 175 175 175 175 175 175 176 176 176 176 176 176 176 176 176 175 176 175 175 175 175 175 175 175 175 175 175 175 175 175 175 175 175 175 175 175 175 175 174 174 174 174 174 174 174 174 174 174 174 174 174 174 174 174 174 174 174 173 172 172 171 171 172 172 171 172 172 172 172 172 172 171 171 171 172 172 171 172 171 171 171 171 171 171 171 171 171 171 171 172 172 172 172 172 172 172 171 172 172 172 172 172 172 171 170 170 170 169 169 170 170 170 170 171 170 170 171 171 171 171 171 171 172 172 173 172 172 172 172 173 174 173 173 173 172 172 172 171 172 172 172 173 172 172 171 171 172 172 172 172 172 171 171 170 170 170 169 169 169 169 169 169 169 169 169 169 169 169 169 168 168 169 169 169 169 169 169 169 169 169 168 169 169 169 169 169 169 169 169 169 169 169 169 169 169 169 169 169 169 169 169 168 169 168 168 168 169 169 169 168 168 169 168 168 168 168 168 168 168 168 168 168 168 168 168 168 168 168 168 168 168 168 168 167 167 167 167 167 167 167 167 167 167 167 167 167 167 167 167 167 167 167 166 166 166 166 167 167 167 167 166 167 167 167 167 167 167 166 166 166 166 166 166 166 166 165 165 165 165 165 165 165 166 167 167 168 168 167 167 166 166 165 165 164 164 164 164 164 164 164 164 164 164 164 164 164 164 164 164 164 164 163 163 163 164 164 164 163 163 163 163 163 163 163 163 163 163 163 163 163 163 163 163 162 162 162 162 161 161 162 162 162 162 162 162 162 162 162 161 161 161 161 161 161 161 162 162 162 161 161 161 161 161 161 160 160 160 160 160 160 160 160 174 174 175 175 175 175 175 175 175 175 176 176 176 176 176 176 175 176 176 176 175 175 175 175 175 175 175 175 175 175 175 175 175 175 175 175 175 175 175 175 175 175 174 174 174 174 174 174 174 174 174 174 174 174 174 174 174 174 174 174 173 172 172 172 172 172 171 172 172 172 171 171 171 171 171 171 171 171 171 172 171 171 171 171 171 171 171 171 171 172 171 171 172 172 172 171 171 171 171 171 171 171 171 171 172 172 171 170 170 170 169 169 170 170 171 170 170 171 171 171 171 171 171 172 172 171 172 172 171 172 172 173 173 173 173 173 173 172 172 171 171 172 172 172 172 172 171 171 171 172 171 171 172 172 171 171 170 170 170 169 170 170 169 169 169 169 169 169 169 170 169 169 168 169 170 170 169 170 170 169 169 169 169 168 168 169 169 169 169 169 169 169 169 169 169 169 169 169 169 169 169 169 169 168 169 168 168 168 169 169 168 168 168 169 169 168 168 168 168 168 168 168 168 168 168 168 168 168 168 168 168 168 168 167 167 167 167 167 167 167 167 167 167 167 167 167 167 167 167 167 167 167 167 166 166 166 166 167 167 166 166 166 166 167 166 167 167 167 167 166 166 166 166 166 166 166 166 166 165 165 165 165 165 165 165 165 165 166 167 167 167 166 166 165 164 164 164 164 164 164 164 164 164 164 164 164 164 164 164 164 164 164 164 163 164 164 164 164 164 163 163 163 163 163 164 163 163 163 163 163 163 163 163 163 163 163 162 162 162 161 162 162 162 162 162 162 162 162 162 162 162 161 161 161 161 161 161 161 161 161 162 162 162 161 161 161 160 160 160 160 160 160 175 175 175 175 175 176 176 176 176 176 176 175 175 175 175 175 176 176 176 176 176 176 176 175 175 175 175 175 175 175 175 175 175 175 175 174 174 174 174 174 174 174 174 174 174 174 174 174 174 174 174 174 174 173 172 172 172 172 173 172 171 172 171 171 171 171 171 172 172 171 171 171 172 172 171 171 171 171 171 171 171 172 171 172 171 172 172 172 172 172 171 171 172 171 171 170 170 171 172 171 171 170 170 170 170 170 170 170 170 171 170 171 171 171 171 172 172 171 172 171 171 171 172 172 173 172 173 173 173 173 172 171 171 171 172 172 172 172 172 171 171 171 171 171 171 171 172 171 170 170 170 169 170 170 170 170 170 169 169 169 169 169 170 169 169 168 169 169 169 169 169 169 169 169 169 169 169 168 168 169 169 169 169 169 169 169 169 169 169 169 169 169 169 169 169 168 169 169 169 168 168 169 168 168 168 168 169 169 169 168 168 168 168 168 168 168 168 168 168 168 168 168 168 168 168 167 167 167 167 167 167 168 167 167 167 167 167 167 167 167 167 167 167 167 167 167 166 167 167 166 166 166 166 166 166 166 166 166 166 167 167 167 167 167 167 166 166 166 166 166 166 165 165 165 165 165 165 165 165 165 165 166 166 167 166 166 165 165 164 164 164 164 164 164 164 164 164 164 164 164 164 164 164 164 164 164 163 164 164 165 164 164 163 163 163 164 164 164 163 163 163 163 163 163 163 163 163 163 163 162 162 162 162 162 162 162 162 162 162 162 162 162 162 162 161 161 161 161 161 160 160 160 161 161 162 162 162 161 161 160 160 160 160 160 176 176 176 176 176 175 175 175 175 175 175 176 176 176 176 176 176 176 175 175 175 175 175 175 175 175 175 175 175 175 175 174 174 174 174 174 174 174 174 174 174 174 173 173 173 174 173 173 172 172 172 172 172 172 172 172 171 172 171 171 171 171 172 171 171 171 171 172 172 172 172 172 171 171 171 172 172 172 172 172 172 172 172 171 171 172 172 172 171 171 170 170 171 171 171 171 171 170 170 170 170 170 170 170 171 170 170 171 171 171 171 171 171 171 172 173 173 172 172 173 173 172 173 173 172 171 171 171 172 172 171 172 172 172 172 171 171 171 171 172 172 171 171 170 170 169 170 170 170 170 170 169 169 169 169 170 170 169 169 169 169 169 169 169 169 169 169 169 170 170 169 169 168 169 169 168 169 169 169 169 169 169 169 169 169 169 169 169 169 169 169 169 169 168 168 168 168 168 168 168 168 169 169 168 168 168 168 168 168 168 168 168 168 168 168 168 168 168 167 167 167 168 168 168 168 168 168 167 167 167 167 167 167 167 167 167 167 167 167 167 167 167 167 166 166 166 166 166 166 166 166 166 166 167 167 167 167 167 167 167 166 166 166 166 166 166 165 165 165 165 165 165 165 165 165 165 165 165 166 166 165 165 165 165 164 164 164 164 164 164 164 164 164 164 164 164 164 164 164 164 164 163 163 164 164 164 163 163 164 163 164 164 163 163 163 163 163 163 163 163 163 163 163 162 162 162 162 162 162 162 162 163 163 163 162 162 162 162 161 161 161 161 161 161 161 161 160 160 161 161 161 162 161 160 160 176 176 175 175 176 175 175 175 175 175 175 176 176 176 176 176 175 175 175 175 175 175 175 175 175 175 175 175 175 175 174 174 174 174 174 174 174 174 174 174 174 174 173 173 173 173 173 173 173 173 172 172 172 172 172 172 172 172 171 171 171 172 172 172 171 171 171 171 171 171 172 171 172 172 172 172 172 173 173 172 172 172 172 172 172 172 172 171 171 171 171 170 170 170 170 170 170 170 170 170 170 170 170 170 170 170 170 170 171 171 172 172 172 172 173 173 173 172 172 172 173 173 173 172 172 171 171 171 171 171 171 171 172 172 172 172 171 171 172 171 171 170 170 170 169 170 170 169 170 170 169 169 169 169 170 170 169 169 169 169 169 169 169 169 169 170 170 170 170 170 169 169 169 168 168 168 169 169 169 169 169 169 169 168 168 168 169 169 169 169 169 169 169 168 168 168 168 168 168 168 168 168 168 168 168 168 168 168 168 168 168 168 168 168 168 168 167 167 168 167 168 168 168 168 168 168 167 167 167 167 167 167 167 167 167 167 167 167 167 167 167 167 166 166 166 166 166 166 166 166 166 166 167 167 167 167 167 167 167 167 166 166 166 166 166 165 165 165 165 165 165 165 165 164 165 165 165 165 165 165 166 165 165 164 164 164 164 164 164 164 164 164 164 164 164 164 164 164 164 164 163 163 164 164 164 163 163 163 163 163 164 164 163 163 163 163 163 163 163 163 163 163 162 162 162 162 162 162 162 162 162 162 162 163 163 162 162 161 161 161 161 161 161 161 161 161 160 160 160 161 161 162 176 176 176 176 176 175 175 175 176 175 175 175 175 175 175 175 175 175 175 175 176 175 175 175 175 175 175 174 175 175 174 175 174 174 175 175 174 175 174 174 174 174 174 173 173 173 173 173 173 172 172 172 172 173 173 172 172 172 171 171 171 172 172 172 172 172 172 171 172 172 172 172 172 172 172 172 173 173 173 173 173 173 172 172 172 172 171 171 171 171 171 171 171 170 170 170 171 170 170 170 170 170 170 170 171 171 171 171 172 172 172 172 172 172 172 172 172 172 172 172 173 173 173 173 172 171 171 172 172 171 171 171 172 172 171 171 171 171 171 172 171 170 170 170 169 169 169 169 169 169 170 169 170 169 170 170 169 169 169 169 169 169 169 169 170 170 170 170 170 170 170 169 169 169 169 169 169 169 169 168 168 168 168 169 168 168 168 169 169 169 169 169 169 169 168 168 168 168 168 168 168 168 168 168 168 168 168 168 168 168 168 168 168 168 168 168 167 167 167 168 168 168 168 168 168 168 167 167 167 167 167 167 167 167 167 167 167 167 167 167 167 167 167 167 166 166 166 166 166 166 166 166 167 167 167 167 167 167 167 167 166 166 166 166 165 165 165 165 165 165 165 165 165 165 165 165 165 165 165 165 165 165 165 165 165 164 164 164 164 164 163 164 164 164 163 163 164 164 164 164 164 164 165 164 164 164 164 163 163 163 164 164 163 163 163 163 163 163 163 163 163 163 163 162 162 162 162 162 162 162 162 162 162 162 162 162 162 162 162 162 161 161 161 161 161 161 161 161 160 160 160 161 176 176 176 176 176 176 175 176 175 175 175 175 176 175 175 175 175 175 175 175 175 175 175 175 175 175 174 174 174 174 175 175 174 174 174 174 174 175 174 174 174 174 173 173 173 173 173 172 172 172 172 172 173 173 172 171 172 172 171 171 171 172 172 172 172 172 172 172 173 173 172 173 173 172 172 173 173 173 173 173 173 173 172 172 172 172 172 172 171 171 170 170 171 171 171 171 170 170 170 170 170 170 170 171 171 172 172 172 172 172 172 172 172 172 173 172 172 172 172 173 173 173 173 172 172 171 172 172 172 172 171 171 171 171 171 171 171 171 171 171 171 170 170 170 170 170 170 169 169 169 169 169 169 170 170 169 169 169 169 168 169 169 169 170 170 170 170 170 170 170 170 170 170 169 170 169 169 169 169 168 168 169 169 169 169 168 168 168 168 168 169 169 169 168 168 168 168 168 168 168 168 168 168 168 168 168 168 168 168 168 168 168 168 168 167 167 167 167 168 168 168 168 168 168 168 167 167 167 167 167 167 167 167 167 167 167 167 167 167 167 167 167 166 167 167 166 166 166 166 166 166 167 167 167 167 167 167 167 167 166 166 166 166 166 165 165 165 165 165 165 165 165 166 166 165 165 164 164 165 165 165 165 165 165 164 164 165 164 163 164 164 164 164 163 163 163 164 164 164 164 164 165 165 165 164 164 164 163 163 163 163 164 164 163 163 163 163 163 163 163 163 163 162 162 162 162 162 162 162 162 162 162 162 162 162 162 162 162 162 162 161 161 161 161 161 161 161 161 161 160 176 176 176 176 176 176 176 175 175 175 175 175 176 176 175 175 175 175 175 175 175 175 175 175 175 175 175 175 174 174 174 174 174 174 174 174 174 174 174 174 174 174 174 174 173 172 172 172 172 172 172 173 173 172 172 171 171 171 171 171 172 172 172 172 172 172 172 173 172 173 173 173 173 173 172 172 172 173 173 173 173 172 172 172 172 171 172 172 172 171 170 170 170 170 170 170 170 170 170 170 170 170 170 170 171 171 171 171 171 172 172 172 172 172 173 172 172 172 172 172 172 172 172 173 172 172 171 171 171 171 171 171 171 171 171 171 171 171 171 171 171 171 170 170 170 170 170 170 169 169 169 169 170 170 170 169 170 170 169 169 169 169 169 169 169 169 169 169 169 170 170 170 170 170 170 170 170 169 169 169 169 169 169 169 169 169 168 168 169 168 168 168 168 168 168 168 168 168 168 168 168 168 168 168 168 168 168 168 168 168 168 168 168 168 167 167 167 167 167 168 168 168 168 168 168 168 168 168 167 167 167 167 167 167 167 167 167 167 167 167 167 167 166 166 166 166 166 166 166 166 166 167 167 167 167 167 167 167 167 167 166 166 166 165 165 165 165 165 165 165 165 165 165 165 165 164 164 164 165 164 164 164 164 165 165 164 164 164 164 164 164 164 164 164 163 163 163 164 164 164 164 165 165 165 165 165 164 164 163 163 163 164 164 163 163 163 163 163 163 163 163 162 162 162 162 162 162 162 162 162 162 162 162 162 162 162 162 162 162 161 161 161 162 161 161 161 161 161 161 160 176 176 176 176 176 175 175 176 176 175 176 175 175 175 175 175 175 175 175 175 175 175 175 175 175 174 174 174 174 174 174 174 174 174 174 174 174 174 174 174 174 173 173 173 173 172 172 172 173 173 172 172 171 171 171 171 171 172 172 173 173 172 172 173 173 173 172 172 173 173 172 172 172 172 173 173 173 173 172 173 173 173 172 172 172 171 171 171 171 171 171 171 170 170 170 170 169 170 170 170 171 171 171 171 171 171 171 171 172 172 172 172 173 172 172 172 172 172 173 173 173 172 172 172 171 171 171 171 171 172 171 172 171 171 171 171 171 171 171 170 170 170 170 170 171 170 170 169 169 169 170 170 170 170 170 170 169 169 169 169 169 169 169 169 169 169 169 169 169 169 169 170 170 170 170 170 169 169 169 169 169 169 169 168 168 168 168 168 168 168 168 168 168 168 168 168 168 168 168 168 168 168 168 168 168 168 168 168 168 168 168 168 167 167 167 167 167 167 168 168 168 168 168 168 168 167 167 167 167 167 167 167 167 167 167 167 167 167 167 166 166 166 166 166 166 166 166 166 166 167 167 167 167 167 167 167 167 167 167 166 166 166 165 165 165 165 165 165 165 165 165 165 165 164 165 165 165 164 164 164 164 164 164 164 164 164 164 164 164 164 164 164 163 163 163 163 164 164 164 165 165 165 165 165 165 164 164 163 163 164 164 164 163 163 163 163 163 163 162 163 163 162 162 162 162 162 162 162 162 162 162 162 162 162 162 162 161 161 161 161 162 162 161 161 161 161 161 176 176 176 176 176 176 176 176 176 176 175 175 175 175 175 175 175 175 175 175 175 175 175 174 174 174 174 174 174 174 174 174 174 174 174 174 174 174 174 174 174 174 173 173 172 172 172 172 173 172 172 172 172 172 171 171 171 172 172 172 172 172 172 172 172 172 172 172 172 172 172 172 173 173 173 172 172 172 171 172 172 172 172 172 172 171 171 171 171 171 170 170 170 170 170 169 170 170 170 170 170 170 170 171 171 171 171 171 172 172 172 172 172 172 172 172 172 172 173 173 173 172 172 171 171 171 171 171 171 171 171 171 171 171 171 171 171 171 171 170 171 170 171 171 171 170 170 169 170 170 170 170 170 170 169 169 169 170 169 169 169 169 169 169 169 169 169 169 169 169 169 169 169 169 170 170 170 169 169 168 168 169 168 168 168 168 168 168 168 168 168 168 168 168 168 168 168 168 168 168 168 168 168 168 168 168 168 168 168 168 168 167 167 167 167 167 168 168 168 168 168 168 167 167 167 167 167 167 167 167 167 167 167 167 167 167 167 167 166 167 167 166 166 166 166 166 166 166 167 167 167 167 167 167 167 167 167 167 167 167 166 165 165 165 165 165 165 165 165 165 165 165 164 165 165 165 164 164 164 164 164 164 164 164 164 164 164 164 164 164 164 164 164 163 163 163 163 164 165 165 165 165 164 164 164 164 164 163 163 164 164 164 163 163 163 163 163 162 163 163 163 162 162 162 162 162 162 162 162 162 162 162 162 162 162 162 161 161 161 161 161 161 161 161 161 161 176 176 176 176 176 176 176 175 175 175 175 175 176 175 175 175 175 175 175 175 175 174 174 174 175 175 174 174 174 174 174 174 173 174 174 174 174 174 174 173 173 173 173 173 173 173 173 173 172 172 172 171 172 172 171 172 172 172 172 172 172 172 172 172 172 172 172 172 173 173 173 173 172 172 172 171 171 172 172 172 172 172 172 171 171 171 171 171 171 170 170 170 170 169 169 170 170 170 171 171 171 170 170 170 171 172 172 171 173 172 172 172 172 172 172 172 173 173 172 172 172 172 172 171 171 171 171 171 171 171 171 171 171 171 171 171 170 171 171 171 171 171 171 170 170 170 170 170 169 169 169 169 169 169 169 170 169 169 170 170 169 169 169 169 170 169 169 169 169 170 169 170 170 170 169 169 169 169 169 168 168 168 168 168 168 168 168 168 168 168 168 168 168 168 168 168 168 168 168 168 168 168 168 168 168 168 168 168 168 167 167 167 168 168 168 168 168 167 167 167 167 167 167 167 167 167 167 167 167 167 167 167 167 167 167 167 166 166 166 166 166 166 166 166 166 167 167 167 167 167 167 166 167 167 167 167 167 167 166 165 165 165 165 165 165 165 165 165 165 164 165 164 164 164 164 164 164 164 164 164 164 164 164 164 164 164 164 164 164 164 163 163 163 164 165 165 165 165 165 165 165 164 165 165 164 163 163 163 164 164 163 163 163 163 162 163 163 162 162 162 162 162 162 162 162 162 162 161 161 161 161 161 161 161 161 161 161 161 161 161 161 176 176 176 176 176 176 176 176 175 175 176 176 175 175 175 175 175 175 175 175 175 174 174 175 175 175 174 174 174 174 174 174 173 174 174 173 173 173 173 173 173 173 173 173 173 173 173 172 172 172 171 172 173 172 173 173 173 172 172 172 172 172 173 173 173 173 173 173 173 173 173 172 172 172 171 172 171 171 171 171 172 171 172 171 171 171 171 171 170 170 170 170 170 169 170 170 171 171 171 170 170 171 170 171 172 171 172 172 172 172 172 172 172 172 173 173 173 172 172 172 173 172 171 171 171 171 171 171 171 171 171 171 171 171 171 171 171 171 171 171 171 171 171 171 170 170 170 169 169 169 169 169 169 169 169 169 169 170 170 170 169 170 170 170 170 170 169 170 170 170 170 170 170 169 169 170 170 169 169 169 169 168 168 168 168 168 168 168 168 168 168 168 168 168 168 168 168 168 168 168 168 168 168 168 168 168 168 167 167 167 168 168 168 168 168 167 167 167 167 167 167 167 167 167 167 167 167 167 167 167 167 167 167 167 167 167 166 166 166 166 166 166 166 166 167 167 167 167 167 166 166 166 166 166 167 167 166 165 165 165 165 166 165 165 165 164 164 164 164 165 165 164 164 164 163 163 163 163 163 163 163 164 165 164 164 164 164 164 164 163 163 163 164 164 165 165 166 165 165 165 164 165 165 165 164 163 163 163 163 164 163 163 163 162 163 163 163 162 162 162 162 161 161 161 162 162 161 161 161 160 161 161 161 161 161 161 161 176 176 176 176 176 176 176 176 176 176 176 175 175 175 175 175 175 175 175 176 175 174 174 174 175 174 174 174 174 174 174 173 173 173 174 173 173 174 174 174 173 173 173 173 173 173 173 172 173 172 172 172 173 173 173 173 173 173 173 173 173 173 174 173 173 172 172 173 173 173 172 172 173 172 172 172 172 171 171 171 171 171 171 172 171 171 171 171 170 170 170 170 170 170 171 171 171 171 170 170 171 171 171 171 171 172 172 171 171 171 172 172 172 172 172 173 173 173 172 172 172 172 171 171 171 171 170 171 171 171 171 171 171 171 171 171 171 171 171 171 171 171 171 171 171 170 170 170 170 169 169 169 169 169 169 169 169 170 170 170 170 170 170 170 170 170 170 169 169 170 170 170 170 170 170 170 170 169 169 168 169 169 168 168 168 168 168 168 168 168 168 168 168 168 168 168 168 168 168 168 168 168 168 168 168 168 167 167 167 168 168 168 168 168 167 167 167 167 167 167 167 167 167 167 167 167 167 167 167 167 167 167 167 167 167 167 166 166 166 166 166 166 166 166 167 167 167 166 167 166 166 166 166 166 166 166 166 166 166 165 165 165 166 165 165 164 164 164 164 164 164 164 164 163 163 164 164 164 164 164 164 163 164 164 164 164 164 164 164 164 164 164 164 164 165 165 166 166 166 165 165 165 165 165 164 163 163 163 163 163 163 163 162 163 163 163 163 163 162 162 162 162 161 161 161 161 161 161 161 161 160 160 160 161 161 161 161 176 176 176 176 176 176 176 176 175 175 175 175 175 176 175 175 175 175 175 175 174 174 174 174 174 174 174 174 174 174 174 173 173 173 173 173 173 174 174 174 173 172 172 172 172 172 172 173 173 173 173 172 172 172 173 173 172 173 172 172 173 173 173 172 172 172 173 172 172 172 171 172 172 172 172 172 172 172 171 171 170 170 171 172 171 171 171 171 170 170 171 170 170 171 171 170 170 170 171 171 171 172 172 171 171 171 171 171 171 172 172 172 172 172 172 173 173 173 172 172 173 172 171 171 170 170 171 171 171 171 171 171 171 171 171 171 171 171 171 171 171 171 170 171 170 170 170 170 170 169 169 169 169 169 169 169 169 169 169 169 169 169 170 170 170 170 170 170 170 170 170 171 171 171 170 170 170 169 168 168 169 169 169 168 168 168 168 169 169 169 168 168 168 168 168 168 168 168 168 168 168 168 168 168 167 167 167 167 168 168 168 168 168 168 168 168 167 167 167 167 167 167 167 167 167 167 167 167 167 167 167 167 167 167 167 167 166 166 166 166 166 166 166 167 166 166 166 166 166 166 166 166 166 166 166 166 166 166 166 165 165 165 166 165 165 165 164 164 164 164 164 164 164 164 164 164 165 164 164 165 164 164 163 164 164 164 164 164 164 164 164 163 164 165 166 165 165 165 165 165 165 165 165 164 164 163 162 162 163 163 162 162 163 163 163 163 163 162 162 162 162 162 162 161 161 161 162 162 161 160 160 160 160 160 161 176 177 177 177 176 176 176 176 175 175 176 176 176 176 175 175 175 174 175 175 175 174 174 174 174 174 174 174 174 174 174 173 173 173 174 173 173 173 174 174 174 173 174 173 172 172 172 173 173 172 172 172 172 173 173 173 172 172 172 172 172 172 172 172 172 172 172 172 172 172 171 171 171 172 173 172 172 173 172 172 171 170 170 171 171 171 171 171 170 170 170 170 171 170 170 170 171 170 170 170 171 171 172 172 172 171 171 171 171 171 172 172 172 172 173 173 173 173 172 172 172 172 171 171 170 170 170 171 171 171 171 171 171 171 171 171 171 171 171 171 171 171 171 171 170 170 170 170 169 169 169 169 169 169 169 169 169 169 169 169 169 169 169 169 169 170 170 170 170 170 170 170 170 170 170 170 170 169 169 168 169 169 168 168 168 168 169 169 169 169 168 168 168 168 168 168 168 168 168 168 168 168 168 168 168 167 167 168 168 168 168 168 168 168 167 167 167 167 167 167 167 167 167 167 167 167 167 167 167 167 167 167 167 167 167 167 166 166 166 166 166 166 166 167 166 166 166 166 166 166 166 166 166 166 165 165 165 165 166 165 165 165 165 166 165 164 164 164 164 164 164 164 164 164 165 165 164 164 164 164 165 164 164 164 164 163 164 164 164 164 164 164 164 165 165 166 165 165 164 165 165 164 165 165 164 163 163 162 162 162 163 163 163 163 163 163 163 163 162 162 162 162 162 162 161 161 161 162 162 161 161 161 161 177 177 177 176 176 175 176 176 175 174 174 174 174 174 174 175 175 175 175 174 174 174 174 174 174 174 174 174 174 173 173 173 173 173 174 174 174 174 174 174 172 172 172 172 173 172 172 172 172 172 172 172 172 173 173 173 173 173 172 171 172 172 172 172 172 172 172 171 171 172 172 172 172 173 172 172 172 171 170 170 170 171 170 170 171 171 171 170 170 170 170 171 171 171 171 171 170 171 171 172 172 172 171 172 171 172 173 172 172 173 173 172 172 172 172 172 172 172 172 171 171 171 170 170 171 171 171 171 171 171 171 171 171 171 171 171 171 171 171 171 170 170 170 170 169 169 169 169 169 169 169 169 169 169 169 169 169 169 169 170 170 170 171 171 170 170 169 169 170 170 170 170 170 169 169 168 168 168 168 168 168 168 169 169 169 168 168 168 168 168 168 168 168 168 168 168 168 168 168 168 168 168 168 168 168 168 168 168 168 167 167 167 167 167 167 167 167 167 167 167 167 167 167 167 167 167 167 167 167 167 167 167 167 166 166 166 166 166 166 167 166 166 166 166 166 166 166 166 166 166 166 165 165 165 165 165 165 165 165 165 165 164 165 165 165 165 165 164 164 164 165 165 165 164 165 165 165 164 164 164 164 164 163 163 163 164 164 164 163 164 165 165 165 165 165 164 164 164 165 166 165 164 163 163 162 162 163 163 164 163 163 164 163 163 163 162 162 162 162 162 162 161 161 161 162 177 177 176 176 176 175 175 174 174 174 174 174 174 174 174 174 174 174 174 174 174 174 174 174 174 174 174 174 173 173 173 173 174 174 174 174 174 173 172 172 172 172 172 172 172 172 172 172 172 172 172 172 173 173 172 172 171 172 172 172 172 172 173 172 171 171 171 172 172 172 172 172 172 172 172 171 170 170 170 170 170 170 170 170 170 170 170 171 171 171 171 171 172 171 171 171 171 171 172 172 172 171 172 172 172 173 173 173 173 173 172 172 172 172 172 172 171 171 171 170 171 171 171 171 171 171 171 171 171 171 171 171 171 171 171 171 170 170 170 170 170 169 169 170 169 169 169 169 169 169 169 169 169 169 169 170 170 170 170 170 170 170 170 169 169 169 169 169 169 170 169 169 168 168 168 168 168 168 169 169 169 168 168 168 168 168 168 168 168 168 168 168 168 168 168 168 168 168 168 168 168 168 168 168 168 167 167 167 167 167 167 167 167 167 167 167 167 167 167 167 167 167 167 167 167 167 167 167 167 167 166 166 166 166 166 166 167 166 166 166 166 166 166 166 166 166 166 166 165 165 165 165 165 165 165 165 165 164 165 165 165 165 165 165 165 165 165 165 165 165 165 165 165 165 164 165 164 164 164 164 163 163 164 164 164 164 165 164 164 165 165 165 164 164 164 164 165 165 165 164 163 163 162 162 163 163 163 163 163 164 163 163 163 163 163 163 163 162 162 161 177 176 176 175 175 174 174 174 174 174 174 174 174 174 174 174 174 174 174 174 174 174 174 174 173 173 173 173 174 174 174 174 174 173 172 171 171 172 172 172 172 172 172 172 172 172 172 172 173 172 172 172 171 172 172 172 172 172 172 172 171 171 172 172 172 171 172 172 172 171 171 171 171 170 170 170 170 170 170 170 170 170 170 171 171 171 171 171 171 171 171 171 171 171 172 172 172 172 172 172 172 172 172 173 173 172 172 172 173 172 171 172 172 171 170 170 170 171 171 171 171 171 171 171 171 171 171 171 171 171 171 171 171 170 170 170 170 169 170 170 170 169 169 169 169 169 169 169 169 169 169 170 170 170 169 170 170 171 170 169 169 169 169 169 169 169 169 169 169 169 168 168 169 169 169 169 169 169 168 168 168 168 168 168 168 168 168 168 168 168 168 168 168 168 168 168 168 168 168 168 168 168 168 168 168 168 168 167 167 167 167 167 167 167 167 167 167 167 167 167 167 167 167 167 167 167 166 166 166 166 166 166 167 167 166 166 166 166 166 166 166 166 166 165 165 166 166 165 165 165 165 165 165 164 164 164 164 164 164 164 165 165 165 165 165 165 165 165 165 165 165 165 165 164 164 164 163 163 163 164 164 163 164 164 164 164 165 165 165 165 164 164 165 165 165 164 162 163 163 162 163 162 162 163 163 163 164 164 164 163 163 163 163 163 162 162 175 175 175 175 175 174 175 174 174 174 174 174 174 174 174 174 174 174 174 173 173 173 174 174 174 174 174 173 173 172 171 172 172 172 172 172 172 172 173 172 172 172 172 172 172 172 171 171 172 172 172 172 172 172 172 172 171 171 171 171 171 172 172 172 172 172 171 171 171 172 171 170 170 170 170 170 170 170 170 170 171 170 170 171 171 171 171 171 171 171 172 172 172 172 172 172 172 172 172 172 172 172 172 172 172 172 171 172 171 171 170 170 170 171 171 171 171 171 171 171 171 171 171 171 171 171 171 171 170 170 170 170 170 170 170 170 170 170 169 169 170 170 169 169 170 170 170 170 170 170 170 170 170 170 170 170 169 169 169 169 169 169 169 169 170 169 169 169 168 168 168 168 168 168 168 168 168 168 168 168 168 168 168 168 168 168 168 168 168 168 168 168 168 168 168 168 168 168 168 168 168 167 167 167 167 167 167 167 167 167 167 167 167 167 167 167 166 167 167 167 167 167 166 166 166 166 166 166 167 167 166 166 166 166 166 166 166 165 166 166 165 166 166 165 165 165 165 166 165 165 165 165 165 164 164 165 165 165 165 165 165 164 165 164 164 165 165 165 166 165 164 164 164 164 163 164 164 164 164 164 164 165 165 165 165 165 164 164 164 164 163 163 162 164 163 163 163 163 162 163 163 163 163 164 164 164 164 163 162 162 163 162 175 175 175 174 174 174 174 174 174 174 174 174 174 174 174 173 173 174 174 174 174 174 174 173 172 173 173 173 173 172 172 172 172 173 172 172 172 172 172 172 172 172 172 171 171 171 171 172 171 172 172 171 171 171 172 172 172 172 172 171 172 171 171 171 171 171 171 171 171 170 170 170 171 170 170 170 170 170 170 171 171 172 172 171 171 171 172 172 172 172 172 172 172 172 172 172 172 172 172 171 171 172 171 172 171 171 171 170 170 171 171 171 171 171 171 171 171 171 171 171 171 171 171 171 170 171 171 170 170 170 170 170 170 170 170 170 170 170 170 169 169 170 170 170 170 170 171 170 170 170 170 170 169 169 169 169 169 169 169 169 170 169 169 168 168 169 169 169 168 168 168 168 168 168 168 168 168 168 168 168 168 168 168 168 168 168 168 168 168 168 168 168 168 168 168 168 167 167 167 167 167 167 167 167 167 167 167 167 167 167 167 167 166 166 167 167 167 167 166 166 166 166 166 166 167 167 167 166 166 166 166 166 166 166 166 166 166 165 166 166 165 165 165 165 165 165 165 165 165 164 164 165 165 165 165 165 165 164 164 164 164 164 165 165 165 166 165 165 165 164 164 164 164 164 165 165 165 165 165 165 165 165 165 165 164 164 163 163 163 164 164 163 163 163 163 162 163 163 163 164 164 163 163 163 163 162 162 162 175 175 175 175 174 174 174 174 174 174 174 174 174 174 173 173 174 174 174 174 174 174 174 172 173 174 174 174 173 172 173 173 173 172 172 172 172 172 172 173 173 173 172 171 171 171 171 171 171 172 171 171 171 171 171 172 172 172 171 171 171 171 171 171 171 171 171 171 171 170 171 170 170 170 170 170 170 170 171 171 171 171 171 171 171 171 171 171 172 172 172 172 172 172 172 172 172 172 172 171 171 172 172 171 171 171 171 170 171 171 171 171 171 171 171 171 171 171 171 171 171 171 171 170 170 170 170 170 170 170 170 170 170 170 170 170 170 170 169 169 169 169 170 170 170 170 170 170 170 170 170 169 169 169 169 169 169 169 169 169 169 169 168 168 169 169 169 168 168 168 168 168 168 168 168 168 168 168 168 168 168 168 168 168 168 168 168 168 168 168 168 168 168 168 167 167 167 167 167 167 167 167 167 167 167 167 167 167 167 167 167 166 166 166 167 167 166 166 166 166 166 166 166 167 167 167 167 167 166 167 167 166 166 166 166 166 166 166 166 166 166 166 165 165 165 165 165 164 164 164 164 165 165 165 165 165 164 164 165 164 165 165 165 165 165 166 165 165 165 164 164 165 165 165 165 165 165 165 165 165 165 165 165 165 164 163 163 163 164 164 165 163 163 163 163 163 163 163 163 164 163 163 163 163 162 175 175 174 174 174 174 174 174 174 174 174 173 174 174 174 174 173 173 173 173 173 174 174 174 174 174 173 173 173 173 172 172 172 172 172 172 172 173 173 172 171 171 171 171 171 171 171 171 171 170 171 171 172 171 171 171 171 171 171 171 171 170 170 170 170 170 170 170 170 170 170 170 170 170 171 170 170 171 170 170 171 171 171 171 172 172 172 172 172 172 171 172 172 172 172 172 171 171 172 171 171 171 170 170 171 171 171 171 171 171 171 171 171 171 171 171 171 171 171 171 171 171 170 170 170 170 171 170 171 171 170 170 170 170 170 169 169 170 170 170 170 170 170 170 170 170 169 169 169 169 169 169 169 169 169 169 169 168 168 168 168 169 169 168 168 168 168 168 168 168 168 168 168 168 168 168 168 168 168 168 168 168 168 168 168 168 168 168 167 167 167 167 167 167 167 167 167 167 167 167 167 167 167 167 167 167 167 167 166 166 166 166 166 166 166 166 166 166 166 167 167 167 166 167 167 167 167 167 167 166 167 167 166 165 166 166 166 165 166 166 166 165 165 165 165 164 164 165 165 164 164 164 164 164 164 164 165 164 165 165 165 165 165 166 165 164 164 165 165 165 165 165 165 165 165 165 164 165 165 165 165 164 163 163 163 163 164 164 163 164 163 163 164 164 164 164 164 163 163 163 163 162 175 175 174 174 174 174 174 174 174 173 173 173 173 173 173 173 173 173 173 174 174 174 174 174 174 173 173 173 173 173 172 172 172 172 172 172 173 173 172 172 172 172 171 171 171 172 171 170 170 171 171 171 171 171 171 171 170 171 171 171 171 171 170 170 170 170 170 170 170 171 171 170 170 170 170 170 171 171 172 171 171 171 171 171 172 171 171 172 171 171 172 172 172 172 171 171 171 171 171 171 171 170 171 171 171 171 171 171 171 171 171 171 171 171 171 171 171 171 171 170 170 170 170 170 170 170 171 171 170 170 170 170 170 169 169 170 170 170 169 169 170 170 170 169 169 169 169 169 169 169 169 169 169 169 169 169 169 169 169 168 168 168 168 169 169 168 168 168 168 168 168 168 168 168 168 168 168 168 168 167 168 168 168 168 167 167 167 167 167 167 167 167 167 167 167 167 167 167 167 167 167 167 167 167 167 167 166 166 166 166 166 166 166 166 166 166 166 167 167 166 166 166 166 166 166 166 167 167 167 166 166 166 166 167 166 166 166 166 166 166 166 166 165 164 164 164 165 165 165 165 165 164 164 164 164 164 164 165 165 164 165 165 165 165 165 166 165 166 166 166 165 165 165 165 165 164 164 164 164 164 164 163 163 163 163 164 164 164 163 163 164 164 164 164 163 163 163 163 163 162 175 174 174 174 174 173 173 173 174 174 173 173 174 174 173 173 173 173 174 174 174 174 174 174 173 173 173 173 173 172 172 172 172 172 173 172 172 172 172 172 171 171 172 172 171 170 170 170 171 171 171 171 171 170 170 170 171 171 171 171 170 170 170 170 170 170 171 171 170 170 171 170 170 171 171 171 171 171 171 171 171 171 171 171 171 171 171 172 171 171 172 171 170 170 171 171 171 171 171 171 171 171 171 171 171 171 171 171 171 171 171 171 171 171 171 171 170 170 170 170 170 170 170 171 171 170 170 171 171 170 169 169 169 169 169 169 170 170 170 170 169 169 169 169 169 169 169 169 169 169 169 169 169 169 169 169 169 169 169 169 169 168 168 168 168 168 168 168 168 168 168 168 168 168 168 168 168 168 168 167 167 168 167 168 168 168 167 167 167 167 167 167 167 167 167 167 167 167 167 167 167 167 167 166 166 166 166 166 166 166 166 166 166 166 167 167 167 167 166 166 166 166 166 166 166 166 166 166 167 167 167 167 167 167 167 167 167 166 166 165 166 165 164 165 165 165 166 165 164 164 165 164 164 164 164 164 164 164 165 165 166 165 165 166 167 166 166 166 165 165 166 165 165 165 165 164 165 165 164 163 163 163 164 164 164 164 164 164 164 164 164 163 163 163 163 163 163 174 174 174 175 175 175 175 175 175 175 174 173 174 174 174 174 174 174 174 174 175 174 173 174 174 174 173 173 173 173 172 172 171 172 171 172 172 171 172 172 172 171 171 170 170 170 170 171 171 171 171 171 171 171 171 171 171 170 170 170 170 170 170 171 171 171 171 171 171 171 171 171 171 171 171 171 171 171 171 171 171 171 171 171 172 171 172 171 171 170 171 172 171 171 171 171 171 171 171 171 171 171 171 171 171 171 171 171 171 171 171 171 171 170 171 171 171 171 171 171 171 171 171 171 170 170 169 169 169 169 170 170 170 170 170 169 169 169 169 169 169 169 169 169 169 169 169 168 169 169 169 169 169 169 169 169 169 169 169 168 168 168 168 168 168 168 168 168 167 168 168 168 168 168 168 168 168 168 168 168 168 168 167 167 167 167 167 167 167 167 167 167 167 167 167 167 167 167 167 167 167 166 166 166 166 166 166 166 166 166 167 167 167 167 167 167 167 167 166 166 166 167 167 167 167 168 168 167 167 168 168 168 168 167 166 167 167 166 165 165 165 165 165 166 166 166 166 166 165 165 164 165 165 164 165 165 165 165 166 166 166 166 166 165 165 165 165 165 165 165 165 164 164 165 165 164 163 163 163 164 164 164 164 164 164 164 164 163 163 163 163 174 175 175 175 175 175 175 175 174 173 174 174 174 175 175 174 174 174 175 175 175 174 174 175 175 174 174 174 173 172 172 172 172 172 173 172 172 172 172 171 171 171 170 170 170 170 170 170 170 170 170 170 171 171 171 170 171 171 171 171 171 170 171 171 171 170 170 171 171 171 171 171 171 171 171 171 171 171 171 171 171 171 171 171 171 171 171 171 172 171 171 171 171 171 171 171 171 171 171 171 171 171 171 171 171 171 171 171 171 171 171 171 171 171 171 171 171 171 171 171 171 170 170 170 169 170 169 170 169 170 170 170 170 170 169 169 169 169 169 169 169 169 169 169 169 168 168 168 169 169 169 169 168 169 168 168 168 168 168 168 168 168 168 167 168 168 168 168 167 168 168 168 168 168 168 168 168 168 168 168 168 167 167 167 167 167 167 167 167 167 167 167 167 167 167 167 167 167 167 166 166 167 166 166 166 166 166 166 167 167 167 167 167 167 167 167 167 166 166 166 167 167 167 168 168 168 167 167 168 168 168 168 168 167 167 167 166 166 165 165 166 166 166 166 166 167 166 165 165 165 165 165 164 164 165 165 166 166 166 166 166 166 166 165 165 165 166 166 165 165 165 165 165 164 164 163 163 163 164 164 164 165 164 164 163 163 164 163 163 174 175 175 175 175 175 175 175 174 174 174 174 174 174 175 175 175 175 175 175 175 175 174 175 175 175 175 174 173 173 173 172 172 172 172 172 172 172 171 171 172 172 171 171 171 171 171 171 170 170 170 170 171 171 171 171 171 171 171 171 171 171 171 171 171 170 171 171 171 171 171 171 171 171 171 171 171 171 170 171 171 171 171 171 171 171 171 171 171 171 171 171 171 171 171 171 171 171 171 171 171 171 171 171 171 171 171 171 171 171 171 171 171 171 171 171 171 171 171 171 171 170 170 170 170 170 170 169 169 170 170 170 170 169 169 169 169 169 169 169 169 169 169 168 168 168 168 168 168 169 168 168 168 168 168 168 168 168 168 168 168 168 168 167 168 168 168 168 167 168 168 168 168 168 168 168 168 168 168 168 168 167 167 167 167 167 167 167 167 167 167 167 167 167 167 167 167 167 167 167 166 166 166 166 166 166 166 166 166 167 167 167 167 167 167 167 167 166 166 167 167 166 167 167 168 168 168 167 168 168 168 167 167 167 166 166 166 165 165 165 165 165 165 165 165 166 166 166 166 166 166 166 165 165 165 165 165 165 167 166 166 167 166 166 166 165 166 166 166 165 165 165 165 165 164 164 163 163 164 164 164 165 164 164 164 164 164 163 175 175 175 175 175 175 175 175 174 174 175 175 175 174 175 175 175 175 175 175 175 175 176 175 175 175 175 175 175 174 174 173 173 172 172 172 172 172 172 172 172 172 172 172 172 172 171 171 171 170 170 170 170 171 171 171 171 171 171 171 171 171 171 171 171 171 171 171 172 171 171 171 171 171 171 171 171 171 170 171 171 171 171 171 171 171 171 171 171 171 171 171 171 171 171 171 171 171 171 171 171 171 171 171 171 171 171 171 171 171 171 171 171 171 171 171 171 171 171 171 170 170 170 170 170 170 170 170 170 170 170 170 169 169 169 169 169 169 169 169 169 169 169 169 168 168 168 168 168 168 168 168 168 168 168 168 168 168 168 168 168 168 168 168 168 168 168 167 167 167 168 168 168 168 168 168 168 168 168 167 167 167 167 167 167 167 167 167 167 167 167 167 167 167 167 167 167 167 167 166 166 166 166 166 166 166 165 165 166 167 167 167 167 167 167 167 167 167 166 166 166 166 167 167 167 168 168 168 168 167 167 166 166 166 165 165 165 166 166 165 166 165 166 166 165 165 166 166 167 167 166 166 166 166 166 165 165 165 166 167 166 167 167 166 166 166 166 166 165 165 164 164 163 164 164 165 165 165 165 164 164 164 175 175 175 175 175 175 175 175 175 175 175 175 175 175 175 175 175 175 175 176 176 176 176 175 175 175 175 174 175 174 174 174 174 173 172 172 172 172 172 172 172 172 172 172 172 172 171 171 171 171 171 170 170 170 171 171 171 171 171 171 171 171 171 171 171 171 171 171 171 171 170 171 171 171 171 171 171 171 170 170 171 171 171 170 170 171 171 171 171 171 171 171 171 171 171 171 171 171 171 171 171 171 171 171 171 171 171 170 171 171 171 171 171 171 171 171 171 171 170 170 171 171 170 170 170 170 170 170 170 170 170 170 169 169 169 169 169 169 169 169 169 169 169 169 169 168 168 168 168 168 168 168 168 168 168 168 168 168 168 168 168 168 168 168 168 168 168 167 167 167 168 168 168 168 168 168 168 168 167 167 167 167 167 167 167 167 167 167 167 167 167 166 167 167 167 167 166 166 166 166 166 166 166 166 166 165 165 165 166 166 166 166 167 167 166 166 167 167 166 166 167 167 167 167 168 168 168 168 168 168 167 166 166 165 166 166 167 167 166 166 166 166 166 166 165 165 166 166 167 166 166 166 166 166 166 166 166 166 167 167 167 167 167 166 166 167 163 164 164 175 175 175 175 175 175 176 175 175 175 176 176 176 175 175 175 175 175 175 176 176 176 176 176 175 175 174 174 174 174 174 173 174 174 173 172 172 172 172 172 172 172 172 172 172 171 172 172 172 171 171 171 171 170 170 170 170 170 171 171 171 171 171 171 171 171 171 171 171 171 171 171 171 171 171 171 171 171 170 171 171 171 172 171 170 170 171 171 171 171 171 171 171 171 171 171 171 171 171 171 171 171 171 171 171 171 171 171 171 171 171 171 171 171 171 171 171 171 170 170 171 171 171 171 171 171 171 171 171 171 171 170 170 169 169 169 169 169 169 169 169 169 168 168 169 169 169 168 168 168 168 168 168 168 169 169 168 168 168 168 169 168 168 168 168 168 168 168 167 167 167 168 168 168 168 168 168 168 167 167 167 167 167 167 167 167 167 167 166 166 166 166 166 166 166 166 167 166 166 166 166 166 166 166 166 166 166 165 166 166 166 166 166 166 166 166 166 167 167 167 166 166 167 167 168 168 168 167 167 168 168 167 166 166 166 167 167 167 167 166 166 167 167 167 167 166 165 165 166 166 166 166 166 165 165 165 166 166 166 166 167 167 167 164 175 176 175 176 176 176 175 176 176 175 175 176 176 176 176 175 175 175 175 175 175 176 176 175 176 175 174 173 174 174 173 173 173 173 173 172 172 172 172 172 172 173 172 173 172 172 172 172 172 172 171 171 171 171 171 171 171 171 171 171 171 171 171 171 171 171 171 171 171 171 171 171 171 171 171 171 171 171 170 171 171 171 171 171 171 170 171 171 171 171 171 171 171 171 171 171 171 171 171 171 171 171 171 171 171 171 171 171 171 171 171 171 171 171 171 171 171 171 170 170 170 170 171 170 171 171 171 170 170 170 170 170 170 170 169 169 169 170 169 169 169 169 169 168 168 168 169 169 168 168 168 168 168 168 169 169 168 168 168 168 169 168 168 169 168 168 168 168 168 167 167 168 168 168 168 168 167 167 167 167 167 167 167 167 167 167 166 166 166 166 166 167 166 166 166 167 167 167 167 167 166 166 166 167 167 166 166 166 166 166 167 166 166 165 166 166 166 166 166 167 167 167 167 168 168 167 167 167 168 168 168 168 167 166 167 167 168 167 167 167 166 167 168 167 166 166 166 165 166 166 166 166 166 166 166 166 165 165 165 166 166 176 176 176 177 176 176 177 177 176 176 176 176 176 176 176 176 175 176 175 176 175 175 175 174 174 173 174 174 174 173 173 173 173 173 173 172 172 172 173 173 172 173 173 173 172 172 172 172 172 172 171 171 171 171 171 171 171 171 171 171 171 171 171 171 171 171 171 171 171 171 171 171 171 171 171 171 171 171 171 171 171 171 170 171 170 171 171 171 171 171 171 171 171 171 171 171 171 171 171 171 171 171 171 171 171 171 171 171 171 171 171 171 171 171 171 171 171 170 170 171 170 170 170 171 171 170 170 170 170 171 171 170 170 170 169 170 170 169 169 169 169 168 168 168 168 168 169 169 168 168 168 168 168 169 168 168 168 168 168 169 168 168 169 169 169 168 168 167 167 167 168 168 168 168 168 167 167 167 167 167 167 167 167 167 167 167 167 166 166 167 167 167 167 166 167 167 167 167 167 166 166 166 167 166 166 166 166 166 166 166 167 166 165 165 166 166 166 166 166 167 167 167 167 167 167 167 167 167 168 168 167 166 166 167 167 168 168 168 167 167 167 167 166 166 167 166 166 167 167 167 166 166 166 166 166 165 166 166 167 177 177 177 177 177 177 177 177 177 176 176 176 176 176 176 176 176 176 175 175 175 174 174 173 173 173 173 173 173 172 172 172 172 173 173 172 172 172 173 173 172 172 172 173 172 172 172 172 172 172 172 171 171 171 171 171 171 171 171 171 171 171 171 171 171 171 171 171 171 171 171 171 171 171 171 171 171 171 171 171 171 170 171 171 171 171 171 171 171 171 171 171 171 171 171 171 171 171 171 171 171 171 171 171 171 171 171 171 171 171 171 171 171 171 171 171 171 170 170 170 170 170 170 170 170 170 171 170 171 171 170 170 170 170 169 170 170 170 169 169 169 169 169 168 168 168 168 168 168 168 168 168 168 168 168 169 168 169 168 169 168 169 169 168 169 168 167 167 167 167 168 168 168 167 167 167 167 167 167 167 167 167 167 166 167 167 167 167 167 167 168 168 167 166 167 167 167 167 167 167 166 167 167 167 166 166 166 165 166 166 166 167 166 165 165 165 166 166 167 167 168 168 167 167 167 167 167 168 168 168 168 167 166 167 167 167 168 168 168 168 168 168 167 167 167 166 166 167 167 166 166 166 166 166 167 166 166 178 178 178 177 177 177 177 176 176 176 176 176 176 176 176 176 175 175 175 175 174 173 173 173 172 172 172 172 172 172 172 172 172 172 172 171 172 173 172 172 172 172 172 172 172 172 172 172 172 172 171 171 171 171 171 172 172 171 171 171 171 171 171 171 171 171 171 171 171 171 171 171 171 171 171 171 171 171 171 171 170 171 171 171 171 171 171 171 171 171 171 171 171 171 171 171 171 171 171 171 171 171 171 171 171 171 171 171 171 171 171 171 171 171 171 171 170 170 170 170 170 170 170 170 170 170 170 171 170 170 170 169 170 169 169 170 169 169 169 169 169 169 169 169 168 168 168 168 168 168 168 168 168 168 169 169 169 169 169 169 168 168 168 168 168 168 167 167 167 167 168 168 167 167 167 167 167 167 167 167 167 167 167 167 167 167 167 166 167 167 168 167 166 167 167 168 168 167 166 166 167 167 167 167 167 166 165 167 167 166 166 166 165 165 166 166 166 166 167 167 167 167 168 167 167 167 168 168 168 168 167 167 167 167 167 168 168 169 169 169 168 167 168 168 167 167 167 167 167 167 167 167 167 167 166 178 177 177 178 178 178 178 178 178 178 177 177 177 177 177 176 176 176 176 176 176 176 175 175 175 175 175 174 173 172 172 173 173 172 172 172 172 172 172 172 172 172 172 171 172 173 173 172 172 172 172 172 172 172 172 172 171 172 172 172 171 171 171 171 171 171 171 171 171 171 171 171 171 171 171 171 171 171 171 171 171 171 171 171 171 171 170 171 171 171 171 171 171 171 171 171 171 171 171 171 171 171 171 171 171 171 171 171 171 171 171 171 171 171 171 171 170 170 170 170 170 170 171 171 171 170 170 170 170 171 171 170 170 170 170 170 170 170 170 169 170 169 169 169 170 169 169 169 169 169 169 169 169 168 168 168 168 168 168 168 168 168 169 169 169 169 168 168 168 168 168 168 168 168 168 167 167 167 168 168 167 168 167 167 167 168 167 167 167 167 167 167 168 168 168 167 167 168 168 167 167 167 168 167 166 166 166 167 167 167 167 167 166 166 165 167 167 166 166 166 165 165 165 165 166 165 166 166 166 167 168 168 167 167 167 168 168 168 168 167 167 168 168 168 169 169 169 169 168 168 168 168 167 167 167 167 167 168 167 167 178 178 178 178 178 178 178 178 178 178 178 177 177 176 177 178 177 176 175 175 175 175 175 175 175 175 174 174 174 173 173 172 172 173 173 172 172 172 172 172 172 172 172 172 172 172 172 172 172 172 172 172 172 173 172 172 172 172 172 172 172 172 172 172 171 171 171 172 171 171 171 171 171 171 171 171 171 171 171 171 171 171 171 171 171 171 171 171 171 171 171 171 170 171 171 171 171 171 171 171 171 171 171 171 171 171 171 171 171 171 171 171 171 171 171 171 171 171 171 171 171 171 171 170 170 170 170 170 170 170 170 170 170 170 170 170 170 170 170 170 169 169 170 169 169 169 169 169 169 169 169 169 169 169 169 168 168 168 168 168 168 168 168 168 169 169 169 168 168 168 168 168 168 168 168 168 168 168 167 167 168 168 168 168 167 167 167 168 167 167 167 167 167 168 168 168 167 167 167 167 168 167 167 168 168 167 167 167 166 166 167 167 167 167 166 166 166 167 167 166 165 165 165 165 166 166 166 166 166 166 167 167 168 168 167 167 167 168 168 169 168 167 167 168 168 168 169 169 169 169 169 169 168 167 167 166 167 167 167 168 178 178 178 178 178 178 178 178 178 178 178 177 177 177 177 177 176 177 177 176 175 175 175 174 174 174 174 174 174 174 174 174 173 172 172 172 172 172 172 172 172 172 172 172 172 172 172 172 172 172 172 172 172 172 172 172 172 172 172 172 172 172 171 172 172 172 171 171 171 171 172 172 171 171 171 171 171 171 171 171 171 171 171 171 171 171 171 171 171 171 171 171 171 171 171 171 171 171 171 171 171 171 171 171 171 170 170 171 171 171 171 171 171 171 171 171 171 171 171 171 171 171 171 171 171 171 171 170 170 170 170 170 170 170 170 170 170 170 170 170 170 170 169 169 169 169 170 169 170 169 169 169 169 169 169 169 169 169 169 168 168 168 168 168 169 168 169 169 169 169 168 168 168 168 168 168 168 168 168 168 168 167 167 168 168 168 167 167 167 167 168 167 167 167 167 167 168 167 168 167 168 168 168 168 167 167 168 167 167 168 167 166 166 167 167 167 167 166 166 165 166 166 166 165 165 166 166 166 167 167 167 167 167 167 168 168 168 168 168 167 168 168 169 168 168 167 168 168 168 168 168 168 169 168 169 169 168 167 167 166 167 167 167 177 177 178 178 178 178 178 177 177 177 176 176 177 177 177 176 176 176 176 174 174 174 174 174 174 173 174 173 173 173 172 172 172 172 172 172 172 172 172 172 172 172 172 172 172 172 172 172 172 171 172 172 172 172 172 172 172 172 172 172 172 172 171 171 171 171 171 171 172 172 172 172 171 171 171 171 171 171 171 171 171 171 171 171 171 171 171 171 171 171 171 171 171 171 171 171 171 171 170 171 171 171 171 171 171 170 170 171 171 171 171 171 171 171 171 171 171 171 171 171 171 171 171 171 171 171 170 170 170 171 170 170 170 170 170 170 170 170 171 170 169 169 169 169 169 169 169 170 169 169 169 169 169 169 169 169 169 168 168 169 169 168 168 169 169 169 169 169 169 168 168 168 168 168 168 168 168 168 168 168 167 167 168 167 168 167 167 167 167 167 167 167 168 168 168 168 168 168 167 167 168 169 168 167 167 168 168 167 168 167 167 166 167 167 167 167 166 166 165 165 165 165 165 166 166 166 166 167 167 167 167 167 167 168 168 168 168 168 168 168 169 169 169 168 168 168 168 168 168 168 168 168 168 169 169 168 167 167 166 166 167 166 177 178 178 178 177 177 176 176 176 176 176 177 176 176 175 175 175 175 174 173 172 173 173 173 173 173 172 172 172 172 172 172 172 172 172 172 172 172 172 172 172 172 172 172 172 172 172 172 172 172 172 172 172 172 172 172 172 172 172 172 172 171 171 171 171 171 171 172 172 172 171 172 172 171 171 171 171 171 171 171 171 171 171 171 171 171 171 171 171 171 171 171 171 171 171 171 171 171 171 171 171 171 171 171 171 170 170 171 171 171 171 171 171 171 171 171 171 171 171 171 171 171 171 171 171 171 170 170 170 170 170 171 170 170 170 170 170 170 170 170 169 169 169 169 169 169 169 169 169 169 169 169 169 169 168 168 168 168 168 169 169 169 169 169 169 169 169 169 169 168 168 168 168 168 168 168 168 168 168 167 167 168 167 167 167 167 167 167 168 168 168 168 168 168 169 169 168 168 168 168 169 169 168 168 168 168 167 167 167 167 167 167 168 167 167 166 165 164 165 165 165 166 166 167 167 167 167 167 167 168 168 167 167 168 168 168 169 168 168 169 169 169 168 168 169 169 169 168 168 168 168 169 169 169 167 167 166 166 166 166 166 166 177 176 176 177 176 176 175 175 175 175 175 175 175 175 174 174 174 173 172 172 172 172 172 172 172 171 171 171 171 172 172 172 172 172 172 172 172 172 172 172 172 172 172 172 172 172 172 172 172 172 172 172 172 172 172 172 172 172 172 172 172 171 171 171 171 171 172 172 172 172 171 171 171 171 171 171 171 171 171 171 171 171 171 171 171 171 171 171 171 171 171 171 171 171 171 171 171 171 171 171 171 171 171 171 171 170 170 171 171 171 171 171 171 171 171 171 171 171 171 171 171 171 171 171 171 171 170 171 171 170 171 171 170 170 170 170 170 171 170 169 169 169 169 169 169 169 169 169 169 169 169 169 168 168 168 169 169 168 168 168 169 169 168 169 168 169 169 169 169 168 168 168 168 168 168 168 167 167 167 167 168 168 168 168 167 167 166 167 167 167 167 168 168 168 169 169 168 168 168 168 169 169 169 168 168 168 167 167 166 167 167 167 167 166 166 166 165 165 165 165 166 167 167 167 167 167 167 168 167 167 168 168 168 168 168 168 169 168 169 169 169 169 168 168 169 169 169 168 169 169 169 169 169 168 168 167 167 166 166 167 167 167 167 176 176 175 175 175 174 174 174 174 174 174 174 173 173 173 173 173 172 172 172 172 172 172 172 172 172 172 172 172 172 172 172 172 172 172 172 172 172 172 172 172 172 172 172 172 172 172 172 172 172 172 172 172 172 172 172 172 172 172 172 172 172 171 171 171 171 171 172 171 171 171 171 171 171 171 171 171 171 170 170 170 170 171 171 171 171 171 171 171 171 171 171 171 171 171 171 171 171 170 171 171 171 171 171 170 170 171 171 171 171 171 171 171 171 171 171 171 171 171 171 171 171 171 171 170 170 170 170 171 171 171 171 171 171 170 170 170 170 170 170 169 169 169 169 170 170 169 169 169 169 169 169 169 169 169 169 169 168 168 168 168 168 168 168 168 168 169 169 169 169 169 169 168 168 167 168 168 168 167 167 168 168 168 168 168 167 167 167 167 168 168 168 169 168 169 169 169 168 168 168 168 169 169 168 168 168 168 167 166 166 166 167 167 166 165 165 166 165 165 165 166 167 167 166 166 166 167 167 168 168 168 168 168 168 168 168 168 169 169 169 169 169 168 168 169 169 169 169 169 169 169 169 168 168 168 167 167 167 167 167 167 167 167 179 179 179 179 179 179 180 179 178 176 175 175 174 173 174 173 173 173 173 173 173 173 173 173 172 172 173 172 172 172 172 172 172 172 172 172 172 172 172 172 173 172 172 172 172 173 173 172 172 172 172 172 172 172 172 172 172 172 172 172 172 172 172 172 172 172 172 172 172 172 172 171 171 171 171 171 172 172 171 171 171 171 171 171 171 171 171 170 170 170 170 170 170 171 171 171 171 171 171 171 171 171 171 171 170 170 171 171 171 171 171 170 170 170 170 171 171 171 171 171 171 171 171 171 170 171 171 171 171 171 171 171 171 170 170 171 170 170 171 171 171 171 171 170 170 170 170 170 169 169 169 169 169 169 169 169 169 169 169 169 168 169 169 169 169 169 168 168 168 168 168 168 168 168 169 168 169 168 169 169 168 168 168 168 168 168 168 167 167 168 168 168 168 167 167 167 167 167 168 168 168 169 168 168 169 169 169 168 168 168 169 169 169 168 167 167 167 167 166 166 166 167 166 165 165 166 165 165 165 166 167 167 166 167 167 167 167 168 168 168 168 168 168 168 168 168 169 169 169 169 169 168 169 169 169 169 169 169 169 168 168 168 167 167 167 167 167 167 167 167 167 167 167 179 180 179 179 179 179 178 179 179 179 180 180 179 178 180 179 177 176 175 174 173 173 173 173 173 174 173 173 173 173 173 173 173 173 173 173 173 173 173 173 173 173 173 173 173 173 173 173 173 173 172 172 173 173 172 172 172 172 172 172 172 172 172 172 172 172 172 172 172 172 172 172 172 172 172 172 172 172 171 171 172 171 171 171 172 171 171 171 171 171 171 171 171 171 171 171 170 170 170 170 171 171 170 170 170 171 171 171 171 171 170 171 171 171 171 171 171 170 170 171 170 170 171 171 171 171 171 171 171 171 171 171 171 171 171 171 171 171 171 171 171 171 170 170 171 170 170 170 170 171 171 171 170 170 170 170 169 169 169 169 169 169 169 168 168 169 169 168 169 169 169 169 169 169 169 169 168 168 168 168 169 168 168 168 169 169 169 168 168 168 169 169 168 168 167 168 168 168 168 168 168 167 167 167 168 168 168 168 169 168 168 168 168 169 169 169 169 169 169 169 168 167 167 167 167 167 166 166 166 166 166 165 166 165 166 166 166 166 166 166 167 167 167 167 168 168 168 168 168 168 168 169 169 169 169 169 169 169 169 169 169 169 168 168 168 168 168 168 168 167 167 167 167 167 167 167 167 167 167 167 167 179 180 179 178 179 179 178 179 178 179 179 179 179 180 180 179 179 179 179 180 180 179 179 178 176 175 174 173 173 173 174 174 174 174 174 173 173 173 173 173 173 173 173 173 173 173 173 173 173 173 173 173 173 173 173 173 173 172 173 173 172 172 172 172 172 172 172 172 172 172 172 172 172 172 172 172 172 172 172 172 172 172 172 172 172 171 171 171 171 171 171 172 172 172 171 171 171 171 171 171 171 171 171 171 170 170 170 170 170 170 170 170 170 171 171 171 170 171 171 170 170 171 170 170 170 170 170 170 170 170 170 171 171 171 171 171 171 171 171 171 171 171 171 171 171 171 171 171 171 171 170 170 171 171 171 171 171 171 171 170 170 170 169 169 170 169 169 169 169 169 169 168 169 168 168 168 169 169 169 169 169 169 168 168 168 168 168 168 168 168 168 169 168 169 169 168 169 169 168 168 168 168 169 169 168 168 168 168 167 167 167 168 168 168 168 168 168 168 168 168 168 169 169 169 169 168 168 168 168 167 167 166 166 166 166 165 166 166 165 165 165 166 167 167 167 167 167 167 167 167 167 167 167 167 168 168 168 168 168 168 169 169 169 170 169 169 169 169 169 168 168 168 168 168 168 168 167 167 167 167 167 167 167 167 167 167 167 167 167 180 179 179 178 178 179 179 178 178 179 178 178 179 179 179 179 178 178 178 179 179 179 179 178 178 179 180 180 180 179 177 176 175 174 173 173 173 174 174 174 174 174 174 174 174 174 174 174 173 173 173 173 173 173 173 173 173 173 173 173 173 173 173 173 173 173 172 172 172 172 172 172 172 172 172 172 172 172 172 172 172 172 172 172 172 172 172 172 172 172 172 172 171 171 171 171 171 171 172 172 172 172 172 171 171 171 171 171 172 171 171 171 170 170 170 170 170 170 170 170 171 171 171 171 170 170 170 170 170 170 170 170 170 170 170 170 170 170 170 171 171 171 171 171 171 171 171 171 171 171 171 171 171 171 171 171 171 170 170 170 170 170 171 171 171 171 171 170 170 170 170 170 170 169 170 170 170 169 169 169 168 169 169 169 169 169 169 169 168 168 168 169 168 169 168 168 168 168 168 168 169 169 169 169 169 168 168 168 168 169 168 168 168 168 167 167 167 167 168 168 168 168 168 168 168 168 168 169 169 169 168 168 168 168 169 168 168 167 167 167 167 166 166 166 166 165 166 166 166 167 167 167 168 168 167 168 168 168 168 168 168 167 167 168 168 168 168 168 168 169 169 169 169 169 169 168 168 168 168 168 169 169 168 168 167 167 167 167 168 167 167 167 167 167 167 167 167 167 179 179 179 179 178 179 179 178 178 178 178 178 178 179 178 178 177 177 177 178 179 179 179 178 178 179 180 179 179 178 177 176 175 174 173 173 173 174 174 174 174 174 174 174 174 174 174 174 173 173 173 173 173 173 173 173 173 173 173 173 173 173 173 172 172 172 172 172 172 172 172 172 172 172 172 172 172 172 172 172 172 172 172 172 172 172 172 172 172 172 172 171 171 171 171 171 171 171 172 172 172 172 172 171 171 171 171 171 171 172 171 171 171 170 170 170 170 170 170 170 170 171 171 171 171 170 170 170 170 170 170 170 170 170 170 170 170 170 170 171 171 171 171 171 171 171 171 171 171 171 171 171 171 171 171 171 170 170 170 170 170 170 170 170 170 171 170 170 170 170 169 169 170 170 170 170 170 170 170 169 169 169 169 169 170 170 169 169 169 169 168 169 169 169 168 168 168 168 168 168 168 169 169 169 169 168 168 169 169 169 168 168 168 168 168 167 167 167 167 168 168 168 168 168 168 168 168 168 168 169 168 168 168 168 168 168 168 167 167 167 167 167 166 166 166 166 166 166 167 167 167 167 167 167 167 167 167 167 167 168 168 168 167 167 167 167 167 168 168 168 169 170 169 169 169 169 168 168 168 168 168 168 168 168 168 168 167 167 167 168 167 167 167 167 167 167 167 167 179 179 178 179 178 179 179 179 178 178 178 178 178 178 177 177 177 176 177 178 179 179 179 178 178 179 179 178 178 178 176 175 174 174 173 173 173 173 174 174 174 174 174 174 174 174 174 174 173 173 173 173 173 173 173 173 173 173 173 173 173 173 172 172 172 172 172 172 172 172 172 172 172 172 172 172 172 172 172 172 172 172 172 172 172 172 172 172 172 172 171 171 172 171 171 171 171 171 171 172 172 172 172 171 171 171 171 171 171 171 171 171 171 170 170 170 170 170 170 170 170 171 171 171 171 171 170 170 170 170 170 170 170 170 170 170 170 171 171 171 171 171 171 171 171 171 171 171 171 171 171 171 171 171 170 170 170 171 171 170 170 170 170 170 170 171 170 170 170 170 170 170 169 169 169 169 169 170 170 170 169 169 170 170 170 170 170 170 170 169 169 169 169 169 168 169 168 168 168 168 169 169 169 169 168 168 169 169 169 168 168 168 168 168 168 168 168 168 167 168 168 168 168 168 168 168 168 168 168 168 168 168 167 168 168 168 167 167 167 167 167 167 167 166 166 165 166 166 167 167 167 167 167 167 167 167 167 167 167 167 167 168 168 168 168 168 168 168 168 168 169 170 169 169 169 169 169 168 168 168 168 168 169 168 168 168 167 167 167 168 167 167 166 167 167 167 167 168 179 179 179 179 179 179 178 178 178 178 178 178 178 177 177 177 177 177 178 178 179 178 177 177 178 178 178 178 177 176 176 175 174 173 173 173 174 174 174 174 174 174 174 174 174 174 174 173 173 173 173 173 173 173 173 173 173 173 173 173 172 172 172 172 172 172 172 172 172 172 172 172 172 172 172 172 172 172 172 172 172 172 172 172 172 172 172 172 172 171 172 172 172 171 171 171 171 171 171 172 172 172 171 171 171 171 171 171 171 171 171 171 171 170 170 170 170 170 170 170 170 171 171 171 171 171 171 170 170 170 170 170 170 170 170 170 170 170 170 171 171 171 171 171 171 171 171 171 171 171 171 171 171 170 170 171 171 171 170 170 170 170 170 171 171 170 170 170 170 170 170 170 170 170 170 169 170 170 170 170 170 170 170 170 170 170 170 170 170 169 169 169 169 169 169 169 168 168 168 168 169 169 168 169 168 169 169 169 169 169 168 168 168 168 168 168 168 168 167 167 168 168 168 168 168 168 168 168 168 168 168 167 167 167 168 168 167 167 167 167 167 167 166 166 166 166 166 167 167 167 167 167 167 167 167 167 167 167 167 167 167 168 168 168 168 168 168 168 169 169 169 169 169 169 169 169 168 168 168 169 169 169 169 168 168 167 167 167 167 168 167 166 167 167 167 179 178 178 178 178 179 179 179 178 178 178 177 177 178 177 176 177 177 177 177 178 178 178 177 176 176 176 178 177 176 175 175 175 174 173 173 174 174 174 174 174 174 174 174 174 174 174 174 173 173 173 173 173 173 173 173 173 173 173 173 172 172 172 172 172 172 172 172 172 172 172 172 172 172 172 172 172 172 172 172 172 172 172 172 172 172 172 172 172 171 172 172 172 172 171 171 171 171 171 171 172 171 171 171 171 171 171 171 171 171 171 171 171 171 170 170 170 170 170 170 170 170 170 171 171 171 171 171 170 170 170 170 170 170 170 170 170 170 170 171 171 170 170 170 170 170 171 171 171 171 170 171 171 170 170 170 170 170 170 170 170 171 171 171 171 171 171 170 170 170 170 170 169 170 170 170 169 169 169 170 170 170 170 170 170 170 170 170 170 170 169 169 169 169 169 169 169 168 168 168 168 169 168 169 169 168 169 169 169 169 169 168 168 168 169 168 168 168 167 167 167 168 168 168 168 168 168 168 168 168 168 167 167 167 167 167 167 167 167 167 167 167 166 166 166 166 166 166 167 167 167 167 167 167 167 167 167 167 167 167 167 167 167 167 168 168 168 168 168 168 169 169 168 169 169 169 169 168 168 168 169 169 169 169 168 168 168 168 167 167 168 168 167 167 168 179 178 178 178 177 178 179 179 178 177 176 177 177 176 177 176 176 177 177 177 178 178 176 176 175 177 177 176 175 174 174 173 173 173 174 174 174 174 174 174 174 174 174 174 174 174 173 173 173 173 173 173 173 173 173 173 173 172 172 172 172 172 173 172 172 172 172 172 172 172 172 172 172 172 172 172 172 172 172 172 172 172 172 172 172 172 172 172 172 172 172 172 171 171 171 171 171 171 172 171 171 171 171 171 171 171 171 171 171 171 171 171 171 170 170 170 170 170 170 170 170 170 170 171 171 170 170 170 170 170 170 170 170 170 170 170 170 170 170 170 170 170 170 170 170 170 170 170 170 170 171 171 170 171 170 170 170 170 170 170 171 170 170 170 170 170 170 169 170 170 169 169 169 170 170 170 169 169 170 170 169 170 170 170 170 170 170 170 170 169 169 169 169 169 169 168 168 168 169 169 168 168 169 168 168 169 169 169 169 169 169 169 169 168 168 167 167 168 168 167 168 168 167 168 168 168 168 168 168 168 167 167 167 167 167 167 167 167 167 167 166 166 166 166 166 166 167 167 167 167 167 167 167 167 167 167 167 167 167 167 167 167 167 167 168 167 167 168 169 168 168 168 169 169 169 169 169 169 169 169 169 169 168 168 168 168 168 168 169 169 168 168 168 179 179 179 177 177 177 177 176 176 176 177 176 176 175 175 175 176 176 177 177 178 177 178 177 175 175 174 174 174 174 174 174 174 174 174 174 174 174 174 174 174 174 174 174 174 173 173 173 173 173 173 173 173 173 173 173 172 172 172 173 172 172 172 172 172 172 172 172 172 172 172 172 172 172 172 172 172 172 172 172 172 172 172 172 171 172 172 172 172 172 171 171 171 171 171 171 171 171 171 171 171 171 171 171 171 171 171 171 171 171 171 171 171 170 170 170 170 170 170 170 170 170 170 170 170 170 170 170 170 170 170 170 170 170 170 170 170 170 170 170 171 170 170 170 170 170 170 170 170 170 170 170 170 171 171 170 171 170 170 170 170 169 170 170 170 170 169 169 170 169 169 169 169 169 169 170 169 170 170 169 170 170 170 170 169 170 169 170 170 169 169 169 169 169 169 168 169 169 169 169 169 169 169 169 169 169 169 169 169 169 169 169 168 168 168 168 168 168 168 167 168 168 168 168 168 168 168 168 168 168 167 167 167 167 167 167 167 167 167 167 166 166 166 166 166 167 167 167 167 167 167 167 167 167 166 166 167 167 167 166 166 166 167 167 167 167 168 168 168 168 168 169 169 169 169 169 169 169 169 169 169 169 169 169 169 169 169 169 169 169 169 168 178 178 177 177 177 176 177 177 178 178 177 177 176 176 175 175 175 176 176 177 178 178 176 176 175 175 175 174 174 174 174 174 174 174 174 174 174 174 174 174 174 174 174 174 173 173 173 173 173 173 173 173 173 173 173 172 173 172 172 172 172 172 172 172 172 172 172 172 172 172 172 172 172 172 172 172 172 172 172 172 172 172 171 171 171 172 172 172 172 171 171 171 171 171 171 171 171 171 171 171 171 171 171 171 171 171 171 171 171 170 171 171 170 170 170 170 170 170 170 170 170 170 170 170 170 170 170 170 170 170 170 170 170 170 170 170 170 170 170 170 171 170 170 170 170 170 170 170 170 170 170 170 171 171 171 171 170 170 170 170 169 169 169 169 169 169 169 169 169 169 169 169 169 169 170 170 169 170 169 170 170 170 170 170 169 169 169 170 169 169 169 169 169 169 169 169 169 169 169 169 169 169 169 169 168 168 168 168 168 168 168 168 168 168 168 168 167 167 167 168 168 168 168 168 168 168 168 167 167 168 167 167 167 167 167 167 167 167 167 166 166 166 166 166 167 167 167 167 167 167 167 167 167 167 166 166 166 166 166 167 167 167 167 167 167 167 167 168 168 168 169 169 169 169 169 169 169 169 169 169 169 169 170 169 169 169 169 169 169 178 177 177 178 179 179 179 179 177 177 177 175 175 176 176 176 177 176 176 176 175 175 174 174 174 174 174 174 174 174 174 174 174 174 174 174 174 174 174 174 173 173 173 173 173 173 173 173 173 173 173 173 172 172 173 173 172 172 172 172 172 172 172 172 172 172 172 172 172 172 172 172 172 172 172 172 172 171 172 172 171 172 172 172 172 171 171 171 171 171 171 171 171 171 171 171 171 171 171 171 171 171 171 171 171 170 170 171 171 170 170 170 171 170 170 170 170 170 170 170 170 170 170 170 170 170 170 170 170 170 170 170 170 170 170 170 170 171 171 171 171 170 170 170 170 170 170 170 170 170 171 170 170 170 169 169 169 169 169 169 169 170 170 170 169 169 169 169 169 169 170 170 169 170 169 170 169 169 170 170 169 169 169 169 169 169 169 169 169 169 169 169 169 169 169 169 169 169 169 169 168 168 168 168 168 168 168 168 168 168 168 167 167 167 168 167 168 168 168 168 168 168 168 168 168 168 167 167 167 167 166 167 167 167 167 166 166 166 166 166 167 167 167 167 167 167 167 167 167 167 167 166 166 167 167 167 167 167 168 168 167 167 167 168 168 168 169 169 169 169 169 169 169 169 169 170 169 169 169 169 169 169 169 169 169 169 169 179 179 179 180 180 180 180 180 178 179 179 179 174 174 174 175 176 175 175 175 174 174 174 174 174 174 174 174 174 174 174 174 174 174 174 174 174 174 174 174 173 173 173 173 173 173 173 173 173 173 173 173 172 172 172 172 172 172 172 172 172 172 172 172 172 172 172 172 172 172 172 172 172 172 172 172 171 172 172 172 172 172 172 172 172 171 171 171 171 171 171 171 171 171 171 171 171 171 171 171 171 171 171 170 170 171 170 170 170 170 170 170 170 170 170 170 170 170 170 170 170 170 170 170 170 170 170 170 170 170 170 170 170 170 170 170 170 170 171 170 170 170 170 170 170 170 170 170 170 170 171 171 170 170 170 170 170 170 170 169 170 170 170 169 169 169 169 169 169 169 169 169 169 170 169 169 169 169 170 170 169 169 169 169 169 169 169 169 169 170 170 170 169 168 169 169 169 169 168 169 168 168 168 168 168 168 168 168 168 167 168 168 167 168 168 167 168 168 167 168 168 168 168 168 167 167 167 167 167 167 167 167 166 166 167 166 166 166 167 167 167 167 167 167 167 167 167 167 167 166 167 167 167 167 167 168 168 168 168 169 169 168 168 168 167 168 169 169 169 169 169 169 169 169 169 169 169 170 169 169 169 169 170 170 169 169 169 180 181 181 181 181 181 180 180 180 179 178 177 174 174 175 173 173 173 173 173 173 173 174 174 174 174 174 174 174 174 174 174 174 174 174 174 174 174 173 173 173 173 173 173 173 173 173 173 172 172 172 172 172 172 172 172 172 172 172 172 172 172 172 172 172 172 172 172 172 172 172 172 172 172 171 171 171 172 172 172 172 172 171 171 171 171 171 171 171 171 171 171 171 171 171 171 171 171 171 171 170 170 171 171 171 170 170 170 170 170 170 170 170 170 170 170 170 170 170 170 170 170 170 170 170 170 170 170 170 170 170 170 170 170 170 170 171 171 170 170 170 170 170 170 170 170 170 170 171 170 170 170 170 170 170 170 170 170 170 170 170 169 169 169 169 169 169 169 170 170 169 169 169 169 168 169 170 170 170 170 169 169 169 169 169 169 170 170 169 169 169 169 168 168 168 168 168 168 168 168 168 169 169 169 169 168 168 168 169 168 168 168 168 167 168 168 168 168 168 168 167 167 167 167 167 167 167 167 167 167 167 167 167 166 167 167 167 167 167 167 167 167 167 167 167 167 167 166 166 167 168 168 168 168 168 168 168 169 169 168 169 169 168 168 168 168 169 169 169 169 169 169 170 169 169 169 169 169 169 170 170 169 169 169 181 181 181 181 180 180 180 179 179 178 177 177 176 175 175 176 174 173 174 174 174 174 174 174 174 174 174 174 174 174 174 174 174 174 174 174 174 173 173 173 173 173 173 173 173 173 173 173 172 172 172 172 172 172 172 172 172 172 172 172 172 172 172 172 172 172 172 172 172 172 172 172 171 171 171 171 172 172 172 172 171 172 171 172 171 171 171 171 171 171 171 171 171 171 171 171 171 171 171 170 170 170 171 171 170 170 170 170 170 170 170 170 170 170 170 170 170 170 170 170 170 170 170 170 170 170 170 170 170 170 170 170 170 170 170 170 171 170 170 169 170 170 170 170 170 170 170 170 170 170 170 170 170 170 170 170 170 169 169 169 169 169 169 169 169 169 169 169 170 169 169 169 168 168 169 169 169 170 170 170 170 169 169 168 168 169 170 169 169 169 169 168 169 169 168 168 168 168 169 169 169 169 169 169 169 168 168 169 169 168 168 168 167 168 168 168 168 168 167 167 167 167 167 167 167 167 167 167 167 167 167 166 166 167 167 167 167 167 167 167 167 167 167 167 167 167 167 167 167 168 168 169 169 169 168 168 169 169 169 169 169 168 168 169 169 169 169 169 169 169 170 169 169 169 169 169 169 169 170 169 169 169 180 180 180 180 180 180 180 180 179 178 177 177 176 177 177 178 177 175 174 174 174 174 174 174 174 174 174 174 174 174 174 174 174 174 174 174 174 174 173 173 173 173 173 173 173 173 173 173 173 172 172 172 172 172 172 172 172 172 172 172 172 172 172 172 172 172 172 172 172 172 172 172 172 171 171 172 171 172 172 172 172 171 172 172 172 172 171 171 171 171 171 171 171 171 171 171 171 171 171 171 171 171 171 171 171 171 170 170 170 170 170 170 170 170 170 170 170 170 170 170 170 170 170 170 170 170 170 170 170 170 170 170 170 170 170 170 170 170 170 170 169 170 170 170 170 170 170 170 170 170 170 170 169 170 169 170 170 170 169 169 169 168 169 169 169 169 169 169 169 169 169 169 169 168 169 169 169 169 169 169 169 170 169 169 168 168 169 169 169 169 168 169 169 168 169 168 168 168 169 169 169 169 169 170 169 169 169 169 169 168 168 168 167 168 168 168 168 168 169 167 167 167 167 167 167 166 167 167 167 167 167 167 166 166 167 167 167 166 167 167 167 167 167 168 168 168 168 168 168 167 167 168 168 169 169 169 169 169 169 170 170 169 169 168 168 169 169 170 170 170 170 169 169 169 169 169 169 169 169 169 169 169 170 180 179 179 179 179 179 179 179 179 178 179 178 179 178 179 179 178 176 176 175 175 174 174 174 174 174 174 174 174 174 174 174 174 174 174 174 174 174 174 173 173 173 173 173 173 173 173 173 173 173 173 173 172 172 172 172 172 172 172 172 172 172 172 172 172 172 172 172 172 172 172 171 172 172 171 171 171 171 172 172 172 172 172 172 172 172 172 171 171 171 171 171 171 171 171 171 171 171 171 171 171 171 171 171 171 171 171 170 170 170 170 170 170 170 170 170 170 170 170 170 170 170 170 170 170 170 170 170 170 170 170 170 170 170 170 170 170 170 170 170 170 170 170 170 170 170 170 170 170 170 170 170 170 169 169 169 169 169 169 169 169 168 169 169 170 169 169 169 169 169 169 169 169 168 168 168 169 169 169 169 169 169 169 169 169 168 168 169 169 168 168 169 169 169 168 168 168 168 169 169 169 169 170 169 169 169 169 169 169 169 169 168 168 168 168 168 168 168 169 169 168 168 168 167 167 167 167 167 167 167 167 167 166 166 166 166 167 167 167 167 167 167 167 167 168 168 169 169 169 169 168 167 168 168 169 170 170 170 169 170 170 170 169 169 168 168 168 169 170 170 170 170 169 169 169 169 169 169 169 169 169 169 169 169 169 180 179 180 179 179 178 178 179 179 180 180 180 180 179 180 179 178 176 175 175 174 174 173 174 174 174 174 174 174 174 174 174 174 174 174 174 174 174 174 173 173 173 173 173 173 173 173 173 173 173 173 173 173 172 172 172 172 172 172 172 172 172 172 172 172 172 171 171 172 172 171 171 172 172 171 171 171 171 171 172 172 172 172 172 171 171 171 171 171 171 171 171 171 171 171 171 171 171 171 171 171 171 171 171 171 171 171 171 170 170 170 170 170 170 170 170 170 170 170 170 170 170 170 170 170 170 170 170 170 170 170 170 170 170 170 170 170 170 169 169 169 169 169 170 170 170 170 170 170 170 170 170 170 170 169 169 170 169 169 169 169 169 169 170 170 169 169 169 169 169 169 169 169 169 168 168 169 169 168 169 169 169 169 169 169 169 168 168 168 168 168 168 168 168 169 169 168 169 169 169 169 169 169 169 169 169 169 169 169 169 168 168 168 167 167 168 168 169 169 169 168 168 168 168 168 168 167 167 167 167 167 166 166 166 166 166 167 167 167 167 167 167 167 167 167 167 168 168 169 169 169 168 168 169 169 169 170 169 170 170 170 170 170 169 168 168 169 169 170 170 170 170 169 169 169 169 169 169 169 169 169 169 169 169 181 180 180 181 181 180 179 179 178 179 180 180 179 179 180 180 180 179 177 177 177 176 175 174 173 173 174 174 174 174 174 174 174 174 174 174 174 174 174 174 174 173 173 173 173 173 173 173 173 173 173 172 172 172 173 172 172 172 172 172 172 172 172 172 172 172 172 172 172 171 171 171 171 171 171 171 171 171 171 171 171 172 172 171 171 171 171 171 171 171 171 171 171 171 171 171 171 171 171 171 171 171 171 171 171 171 171 171 171 171 170 170 170 170 170 170 170 170 170 170 170 170 170 170 170 170 170 170 170 170 170 170 170 170 170 170 170 170 170 169 170 170 169 170 170 170 170 170 170 170 170 170 170 170 170 169 169 170 170 170 169 170 169 170 170 170 170 170 169 169 169 169 169 169 169 169 168 168 169 168 168 168 169 169 169 169 168 168 168 168 168 168 168 168 168 168 169 169 168 168 169 169 169 169 169 169 169 169 169 169 169 169 169 169 168 167 168 168 168 169 168 168 167 167 168 167 167 167 167 167 167 166 166 166 166 166 166 166 166 166 167 167 167 168 168 168 168 167 167 168 168 168 169 169 168 168 168 169 169 169 169 170 170 170 170 169 168 169 169 170 169 169 169 170 170 169 169 169 169 169 169 169 169 169 169 170 181 181 182 182 180 180 180 179 178 178 179 179 178 178 178 179 180 179 178 179 179 177 175 174 173 173 174 174 174 174 174 174 174 174 174 174 174 174 174 174 174 173 173 173 173 173 173 173 173 172 172 172 172 172 173 172 172 172 172 172 172 172 172 172 172 172 172 172 172 172 171 172 172 171 171 171 171 172 172 171 171 171 171 171 171 171 171 171 171 171 171 171 171 170 171 171 171 171 171 171 171 171 171 171 171 171 171 171 171 171 170 170 170 170 170 170 170 170 170 170 170 170 170 170 170 170 170 170 170 170 170 170 170 170 170 170 170 169 170 170 170 170 170 170 170 170 170 170 170 169 169 170 170 170 170 170 169 170 170 170 170 170 170 170 170 170 169 169 169 169 169 169 169 169 169 169 168 168 168 168 168 168 168 168 168 168 168 168 168 168 168 168 168 168 169 169 168 169 169 169 169 169 169 169 169 169 169 169 168 169 169 169 169 169 168 168 168 168 168 168 168 167 167 167 167 167 166 167 168 167 166 166 166 166 166 166 166 166 167 166 166 167 168 168 168 169 169 168 168 168 169 169 169 170 169 169 169 168 168 169 169 169 169 170 170 170 170 170 170 170 170 170 169 169 169 170 169 169 169 169 169 169 169 169 169 181 181 181 180 179 179 179 179 178 177 178 178 178 177 177 178 180 180 180 179 178 177 176 174 173 173 174 174 174 174 174 174 174 174 174 174 174 174 174 174 174 173 173 173 173 173 173 173 173 172 172 172 172 172 172 172 172 172 172 172 172 172 172 172 172 172 172 172 172 172 172 172 172 172 171 171 171 171 172 171 171 171 171 171 171 171 171 171 171 171 171 172 171 170 171 171 171 171 171 171 171 171 171 171 171 171 171 171 171 171 170 170 170 170 170 170 170 170 170 170 170 170 170 170 170 170 170 170 170 170 170 170 170 170 170 170 169 169 169 170 170 171 170 169 170 170 170 170 170 169 169 170 170 170 170 170 169 169 170 170 170 170 169 170 169 169 169 169 169 169 169 169 169 169 169 168 168 168 168 168 168 168 168 168 169 169 168 168 168 168 168 168 168 168 169 169 169 169 169 169 169 169 169 169 168 168 168 168 168 169 169 169 169 169 169 168 168 169 168 169 168 167 167 167 166 166 166 167 167 167 167 166 166 166 166 166 166 167 167 166 167 168 168 168 168 168 169 169 168 168 168 169 169 169 170 170 170 169 169 169 169 169 170 170 170 170 171 171 170 170 170 170 169 169 169 170 170 170 169 169 169 169 169 169 169 181 180 179 180 179 178 178 177 178 178 177 177 177 177 178 178 179 180 179 177 176 175 175 174 173 173 174 174 174 174 174 174 174 174 174 174 174 174 174 174 173 173 173 173 173 173 173 173 173 173 172 172 172 172 172 172 172 172 172 172 172 172 172 172 172 172 172 172 172 172 172 172 172 172 172 172 172 172 172 171 172 171 171 171 171 171 171 171 171 171 171 171 170 170 171 171 171 171 171 171 171 171 171 171 171 171 170 170 170 170 170 170 170 170 170 170 170 170 170 170 170 170 170 170 170 170 170 170 170 170 170 170 170 170 170 170 170 169 169 170 170 170 170 170 170 170 170 170 170 169 169 170 170 170 170 169 169 169 170 170 170 169 169 169 169 169 169 169 169 169 170 169 169 168 168 168 168 168 168 168 168 168 168 169 168 168 168 168 168 168 168 168 168 169 168 169 169 169 169 168 169 168 168 168 169 169 168 169 169 169 169 169 169 169 168 168 168 168 169 168 168 167 167 167 166 166 166 167 166 166 166 166 166 166 167 166 166 167 167 167 168 168 168 169 169 169 169 169 169 168 168 169 169 170 170 170 170 169 169 169 170 170 170 170 170 170 170 170 170 170 170 170 170 169 169 169 169 169 169 168 169 169 169 169 182 180 180 181 180 179 179 179 179 178 177 176 176 176 177 176 178 178 178 176 176 175 175 174 174 174 174 174 174 174 174 174 174 174 174 174 174 174 174 174 173 173 173 173 173 173 173 173 173 173 173 172 172 172 172 172 172 172 172 172 172 172 172 172 172 172 172 172 172 172 172 172 172 172 172 172 172 172 172 171 171 171 171 171 171 171 171 171 171 171 171 171 171 171 171 171 171 171 171 171 171 171 171 171 171 170 170 170 170 170 170 170 170 170 170 170 170 170 170 170 170 170 170 170 170 170 170 170 170 170 170 170 170 170 170 170 170 170 170 170 170 170 170 170 170 170 170 170 170 170 169 169 170 170 170 169 169 169 170 170 170 169 169 170 170 169 169 169 169 169 170 169 169 168 168 168 168 168 168 168 168 168 168 169 169 168 168 168 168 168 168 168 168 168 168 168 168 168 168 168 168 168 168 168 169 169 169 169 169 169 169 169 169 168 168 168 168 169 169 168 168 167 166 166 166 166 166 166 166 166 166 166 166 166 166 166 166 166 167 167 168 168 168 169 169 169 170 169 169 169 168 169 169 169 169 169 169 170 169 170 170 171 170 170 170 170 169 169 169 169 169 169 169 169 170 170 169 169 169 168 169 169 169 182 181 182 180 179 178 177 177 177 178 178 177 176 176 176 176 178 178 176 175 174 174 174 174 174 174 174 174 174 174 174 174 174 174 174 174 174 174 174 173 173 173 173 173 173 173 173 173 173 173 172 172 172 172 172 172 172 172 172 172 172 172 172 172 172 172 172 172 172 172 172 172 172 172 172 172 172 171 171 171 171 171 171 171 172 171 171 171 171 171 171 170 170 170 171 171 171 171 171 171 171 171 171 170 170 170 170 170 170 169 170 170 170 170 170 170 170 170 170 170 170 170 170 170 170 170 170 170 170 170 170 170 170 170 170 170 170 170 170 170 170 170 170 171 170 170 170 170 170 170 169 169 170 170 170 170 169 170 170 170 169 169 169 169 169 169 169 169 169 169 169 169 168 168 168 168 168 168 168 168 168 168 169 169 168 168 168 168 168 168 168 168 168 168 168 168 168 168 168 168 168 168 168 169 169 169 169 169 169 168 169 168 168 168 168 167 168 168 167 167 167 166 166 166 166 166 166 166 166 166 166 166 166 166 166 166 166 166 166 167 168 168 168 169 169 169 170 170 169 169 169 169 169 169 169 170 170 170 170 171 171 170 170 170 170 169 169 169 169 168 168 168 169 169 170 169 169 168 168 169 169 169 181 181 181 181 180 178 178 179 179 179 179 178 177 176 175 176 176 177 178 177 175 175 174 174 174 174 174 174 174 174 174 174 174 174 174 174 174 174 174 174 173 173 173 173 173 173 173 173 173 173 173 173 173 172 172 172 172 172 172 172 172 172 172 172 172 172 172 172 172 172 172 172 172 172 172 172 172 172 171 171 171 171 171 171 171 172 171 171 171 171 170 170 170 170 170 170 171 171 171 171 171 171 171 171 171 171 171 171 171 170 169 169 170 170 170 170 170 170 170 170 170 170 170 170 170 170 170 170 170 170 170 170 170 170 170 170 170 170 170 170 170 170 170 170 170 170 170 170 170 170 170 170 169 170 170 170 170 169 170 170 170 170 169 169 169 169 169 169 169 169 169 169 169 169 168 168 168 168 168 168 168 168 168 169 168 168 168 168 168 168 168 168 168 168 168 168 168 168 168 168 168 168 168 168 169 169 169 169 169 168 168 168 168 167 167 167 167 167 167 167 166 166 166 166 166 166 166 166 166 166 166 166 166 166 167 167 167 167 167 166 167 167 167 168 168 169 169 169 169 170 169 170 169 169 170 170 170 170 170 170 170 170 170 170 169 169 170 170 169 169 169 169 168 168 169 169 168 168 168 169 169 169 170 181 181 180 179 179 179 180 181 181 180 179 178 177 176 176 175 175 175 176 176 175 175 174 174 174 174 174 174 174 174 174 174 174 174 174 174 174 174 174 174 173 173 173 173 173 173 173 173 172 172 172 172 172 172 172 172 172 172 172 172 172 172 172 172 172 172 172 172 172 172 172 172 172 172 172 172 172 172 172 171 171 171 171 171 171 171 171 171 171 171 171 171 171 171 171 170 170 170 171 171 171 171 171 170 170 170 170 170 171 170 170 169 170 170 170 170 170 170 170 170 170 170 170 170 170 170 170 170 170 170 170 170 170 170 170 170 170 169 169 170 170 170 170 170 170 169 170 170 170 170 170 170 169 169 170 170 170 170 169 170 170 170 169 169 169 169 169 169 169 169 169 170 169 169 169 169 168 168 168 168 168 168 168 168 168 168 168 168 168 168 168 168 168 168 168 168 168 168 168 168 168 168 168 168 168 169 169 169 168 168 167 167 167 167 167 167 167 167 166 167 167 166 166 166 166 166 166 166 166 166 167 167 167 166 167 167 167 167 168 167 168 167 167 167 168 168 168 168 169 169 170 170 169 169 169 169 170 170 171 171 171 171 170 170 170 170 170 170 170 170 169 168 168 168 169 169 168 168 169 169 169 170 170 170 169 168 182 181 180 180 179 180 180 180 179 179 179 178 177 177 176 176 176 175 174 174 174 175 174 174 174 174 174 174 174 174 174 174 174 174 174 174 174 174 174 174 173 173 173 173 173 173 173 173 172 172 172 172 172 172 172 172 172 172 172 172 172 172 172 172 172 172 172 172 172 172 172 172 172 172 172 172 172 172 171 171 171 171 171 171 171 171 171 171 171 171 171 171 171 171 170 170 170 170 170 170 171 171 170 170 170 170 170 170 171 170 169 170 170 170 170 170 170 170 170 170 170 170 170 170 170 170 170 170 170 170 170 170 170 170 170 170 170 170 170 170 170 170 170 170 170 170 170 170 170 170 170 170 170 169 169 170 170 170 170 170 170 170 170 169 170 170 169 169 169 169 169 169 170 169 169 169 168 168 168 168 168 168 168 168 168 168 168 168 168 168 168 168 168 168 168 168 168 168 168 168 168 168 168 168 168 169 168 168 168 167 167 167 167 167 167 167 167 167 167 167 167 167 167 167 166 167 167 166 166 166 166 167 167 167 167 167 167 167 167 168 168 167 168 168 168 168 169 169 170 169 170 170 170 169 170 169 169 170 170 170 170 170 171 170 170 170 170 171 170 170 169 169 168 168 168 168 168 168 169 169 169 169 169 169 169 168 168 182 181 180 180 181 181 180 180 179 178 178 177 177 176 176 176 176 176 175 174 174 174 174 174 174 174 174 174 174 174 174 174 174 174 174 174 174 174 174 173 173 173 173 173 173 173 172 172 172 172 172 172 172 172 172 172 172 172 172 172 172 172 172 172 172 172 171 171 172 172 171 171 171 172 172 171 171 171 171 171 171 171 171 171 171 171 171 171 171 171 171 171 171 170 170 170 170 170 170 170 170 170 170 170 170 170 170 170 170 170 170 170 170 170 170 170 170 170 170 170 170 170 170 170 170 170 170 170 170 170 170 170 170 170 170 170 170 170 170 170 170 170 170 170 170 170 170 170 170 170 170 170 169 169 170 170 170 170 170 170 170 169 169 170 170 170 169 169 169 169 169 169 169 169 168 168 168 168 168 168 168 168 168 168 168 168 168 169 168 168 168 168 168 168 168 168 168 168 168 168 168 168 168 168 168 168 168 167 167 167 167 167 167 167 167 167 167 167 167 167 167 167 167 167 167 167 167 167 166 166 166 166 167 167 167 167 168 168 168 168 168 168 169 169 169 168 169 169 169 170 170 170 170 169 170 170 171 170 170 170 169 170 170 170 170 171 171 171 170 169 169 168 168 169 169 168 167 167 168 168 168 169 168 169 168 168 168 168 182 181 181 181 182 181 180 179 178 178 177 177 177 177 177 176 175 174 174 174 174 174 174 174 174 175 174 174 174 174 174 174 174 174 174 174 174 174 173 173 173 173 173 173 172 172 172 172 172 172 172 172 172 172 172 172 172 172 172 172 172 172 172 172 172 171 171 171 171 171 171 171 171 171 171 171 171 171 171 171 171 171 171 171 171 171 171 171 171 171 171 171 171 171 170 170 170 170 170 170 170 170 170 171 171 170 170 170 170 170 170 170 170 170 170 170 170 170 170 170 170 170 170 170 170 170 170 170 170 170 170 170 170 170 170 170 170 170 169 170 170 170 170 169 169 169 169 170 170 170 169 169 169 170 170 170 170 170 170 170 169 169 169 169 169 170 170 170 169 169 169 169 169 169 168 168 168 168 168 168 168 168 168 168 168 168 168 168 168 168 168 168 168 168 168 168 168 168 169 169 168 167 168 168 168 167 167 167 167 167 167 167 167 167 167 167 167 167 167 167 167 167 167 167 167 167 167 167 167 167 167 166 167 167 167 167 168 168 168 168 168 169 170 169 169 168 169 169 169 169 170 170 170 170 170 171 171 170 170 169 169 169 170 170 171 170 170 170 169 169 169 169 169 169 169 168 167 167 167 168 168 168 168 168 168 168 168 168 182 182 182 182 181 180 179 179 178 178 178 178 178 177 176 175 175 174 174 174 174 174 174 174 174 174 174 174 174 174 174 174 174 174 174 174 174 173 173 173 173 173 172 172 172 172 172 172 172 172 172 172 172 172 172 172 172 172 172 172 172 171 171 171 171 171 171 171 171 171 171 171 171 171 171 171 171 171 171 171 171 171 171 171 171 171 171 171 171 171 171 171 171 171 170 170 170 170 170 170 170 171 171 170 170 170 170 170 170 170 170 170 170 170 170 170 170 170 170 170 170 170 170 170 170 170 170 170 170 170 170 170 170 170 170 170 170 170 170 170 169 169 169 169 170 170 170 170 170 169 169 169 169 169 170 170 170 169 169 169 169 169 169 169 169 169 169 169 168 169 169 169 169 168 168 168 168 168 168 168 168 168 168 168 168 168 168 168 168 168 168 168 168 168 168 168 168 168 169 168 167 167 168 167 167 167 167 167 167 167 167 167 167 167 167 167 167 167 167 167 167 167 167 167 167 167 167 167 168 168 167 166 167 167 167 167 168 168 168 168 169 170 170 170 170 169 169 170 170 170 170 170 171 171 172 171 170 170 170 169 169 170 171 170 169 169 169 170 169 168 169 170 170 170 169 168 168 167 167 167 167 168 168 167 167 168 168 169 182 181 180 179 179 179 178 178 177 177 176 176 176 176 175 174 174 174 174 174 174 174 174 174 174 174 174 174 174 174 174 174 174 174 174 173 173 173 173 173 173 173 173 172 172 172 172 172 172 172 172 172 171 171 171 172 171 171 171 171 171 171 171 171 171 171 171 171 171 171 171 171 171 171 171 171 171 171 171 171 171 171 171 171 170 170 171 171 171 171 171 171 170 170 170 170 170 170 170 171 170 170 170 170 170 170 170 170 170 170 170 170 170 170 170 170 170 170 170 170 170 170 170 170 170 170 170 170 170 170 170 170 170 169 169 169 169 169 169 169 169 169 169 169 170 170 170 170 169 169 169 169 170 170 170 169 170 169 169 169 169 169 169 169 169 169 169 169 169 169 169 168 168 168 168 168 168 168 168 168 168 168 168 168 168 168 168 168 168 168 168 168 168 168 168 168 168 168 168 167 167 167 167 167 167 167 167 167 167 167 167 167 167 167 167 167 167 167 167 167 167 167 167 167 167 167 167 167 167 167 166 166 167 167 167 168 168 168 169 169 169 169 169 170 169 170 170 170 170 171 171 170 170 170 169 170 170 170 169 170 170 170 169 169 169 169 169 169 169 170 170 169 169 169 169 169 168 168 167 168 168 167 167 168 168 168 168 169 180 180 180 179 179 178 177 176 175 175 176 175 174 174 174 174 174 174 174 174 174 174 174 174 174 174 174 174 174 174 173 174 173 173 173 173 173 173 173 172 172 172 172 172 172 172 171 171 171 171 171 171 172 171 171 171 171 171 171 171 171 171 171 171 171 171 171 171 171 171 171 171 171 171 171 171 171 171 171 171 171 171 171 171 171 171 171 171 171 170 170 170 169 170 170 170 170 170 170 170 170 170 170 170 170 170 170 170 170 170 170 170 170 170 170 170 170 170 170 170 170 170 170 170 170 170 170 170 170 170 169 169 169 170 170 169 170 170 170 169 169 169 170 170 170 169 169 169 169 169 169 169 169 170 170 169 169 169 169 169 169 169 169 169 168 169 169 169 168 168 168 168 168 168 168 168 168 168 168 168 168 168 168 168 168 168 168 168 168 168 168 168 168 168 168 167 167 167 167 167 167 167 167 167 167 167 167 167 167 167 167 167 167 167 167 167 167 167 167 167 167 167 167 167 168 167 167 167 167 166 167 167 168 168 169 169 168 169 168 169 169 170 170 169 169 169 170 171 170 170 170 170 169 169 169 169 170 170 169 169 169 169 169 169 168 169 170 169 169 168 168 169 168 168 168 168 167 168 167 167 168 167 168 168 168 169 169 180 181 179 178 178 176 176 175 174 175 174 174 174 174 174 174 174 174 174 174 174 174 174 174 174 174 174 174 173 173 173 173 173 173 173 172 172 172 172 172 172 172 171 171 172 172 171 171 171 171 171 172 171 171 171 171 171 171 171 171 171 171 171 171 171 171 171 171 171 171 171 171 171 171 171 171 171 171 170 170 171 171 171 171 171 171 170 170 170 170 169 169 170 170 170 170 170 170 170 170 170 170 170 170 170 170 170 170 170 170 170 170 170 170 170 170 170 170 170 170 170 170 170 170 170 170 170 170 170 169 169 170 170 170 170 170 170 170 170 170 170 170 169 169 169 169 169 169 169 169 169 169 169 169 169 169 169 169 169 169 169 169 169 169 169 169 168 168 168 168 168 168 168 168 168 168 168 168 168 168 168 168 168 168 168 168 168 168 168 168 167 167 167 167 167 167 167 167 167 167 167 167 167 167 167 167 167 167 167 167 167 167 167 167 167 167 167 167 168 168 168 167 167 168 168 167 167 167 167 167 167 167 168 168 168 168 168 169 169 169 169 169 169 169 170 171 171 171 171 171 170 170 170 169 169 169 169 169 169 168 168 168 169 169 170 169 169 168 168 168 168 167 167 168 167 168 167 167 167 167 168 168 168 168 169 169 181 180 179 179 178 177 176 175 175 174 174 174 174 174 174 174 174 174 174 174 174 174 174 174 174 174 174 174 174 173 173 173 173 173 173 173 173 172 172 172 172 171 171 171 171 172 172 172 171 171 171 172 171 171 171 171 171 171 171 171 171 171 171 171 171 171 171 171 171 171 171 171 171 171 171 171 171 171 171 170 170 171 171 171 171 171 170 170 170 170 170 169 169 170 170 170 170 170 170 171 170 170 170 170 170 170 170 170 170 170 170 170 170 170 170 170 170 170 170 170 170 170 170 170 170 170 170 170 170 169 170 170 170 170 170 170 170 171 170 170 170 170 170 169 169 169 169 169 169 170 170 170 169 169 169 169 169 169 169 169 169 169 169 169 169 169 169 168 168 168 168 168 168 168 168 168 168 168 168 168 168 168 169 169 169 169 169 168 169 168 168 168 168 168 168 168 168 168 169 169 169 168 168 168 168 168 168 168 168 168 168 168 168 168 168 168 168 168 169 169 169 169 169 169 169 169 169 169 169 169 169 168 169 168 168 168 168 169 170 169 169 169 169 169 170 171 171 171 170 170 170 170 170 170 170 170 170 170 170 170 169 169 169 169 170 170 170 168 168 168 168 168 168 168 168 168 167 167 167 168 168 168 168 168 168 168 179 179 178 177 177 176 175 175 175 174 174 174 174 174 174 174 174 174 174 174 174 174 174 174 174 174 174 174 173 173 173 173 173 173 173 172 172 172 172 171 171 171 171 171 171 172 172 171 172 172 172 172 171 171 171 171 171 171 171 171 171 171 171 171 171 171 171 171 171 171 171 171 171 171 171 171 171 170 170 170 170 171 171 170 170 170 171 170 170 170 169 169 169 170 170 170 170 170 171 170 170 170 170 170 170 170 170 170 170 170 170 170 170 170 170 170 170 170 170 170 170 170 170 170 170 169 169 169 169 170 170 170 170 170 170 170 170 170 170 170 170 170 170 169 169 169 169 170 170 170 169 169 169 169 169 169 169 169 169 169 169 169 169 169 169 169 169 168 168 168 168 168 168 169 169 169 169 168 168 168 168 168 168 169 169 169 168 168 168 168 168 168 168 168 168 169 169 168 168 168 168 168 168 168 168 168 168 168 168 168 168 168 168 168 168 168 168 168 168 168 169 169 169 169 169 170 169 169 170 169 169 169 169 170 169 169 169 169 169 169 169 170 170 170 171 171 170 170 170 170 171 171 170 170 170 171 171 171 170 169 170 169 169 169 169 169 168 169 168 168 168 169 168 168 168 167 167 167 168 168 168 168 168 168 168 168 179 178 178 177 176 176 175 175 174 174 174 174 174 174 174 174 174 174 174 174 174 174 174 174 174 174 174 173 173 173 172 173 172 172 172 172 172 172 171 171 171 171 171 171 171 172 171 171 172 172 172 172 171 171 171 171 171 171 171 171 170 171 171 171 171 171 171 171 171 171 171 171 171 171 171 171 170 170 170 171 171 171 171 171 171 171 170 170 170 170 169 169 169 170 170 170 170 170 170 170 170 170 170 170 170 170 170 170 170 170 170 170 170 170 170 170 170 170 170 170 170 169 169 170 169 170 169 169 170 169 169 169 170 170 170 170 170 170 170 170 169 169 170 170 170 169 170 170 170 169 169 169 169 169 169 169 169 169 169 169 169 169 169 169 169 169 168 168 168 168 168 169 169 169 169 168 168 168 168 168 168 168 169 169 169 168 168 168 168 168 169 169 169 169 169 169 168 168 168 168 168 169 168 168 168 168 168 168 168 168 168 168 168 168 168 168 169 169 169 169 169 169 170 170 171 170 170 170 169 169 169 169 170 169 169 169 169 169 169 169 169 170 170 171 171 171 170 170 170 171 171 171 170 170 171 171 171 170 170 170 170 170 169 169 169 169 170 169 169 169 169 168 168 168 167 167 167 168 168 168 168 168 168 168 168 178 178 177 177 176 175 174 174 174 174 174 174 174 174 174 174 174 174 174 174 174 174 174 174 173 173 173 173 173 172 172 172 172 172 172 172 171 171 171 171 171 171 171 171 171 171 171 171 171 171 171 172 171 172 171 171 171 171 171 171 171 170 171 171 171 171 171 171 171 170 170 171 171 171 170 170 170 170 170 170 170 171 171 170 170 170 170 170 170 170 170 170 170 170 170 170 170 170 170 170 170 170 170 170 170 170 170 170 170 170 170 170 170 170 170 170 170 170 170 170 170 169 169 170 170 169 169 169 170 170 170 170 169 170 170 170 170 170 170 170 170 169 169 170 170 170 169 169 169 169 169 169 169 169 169 169 169 169 169 169 169 169 169 169 168 168 168 168 168 168 168 169 169 169 169 168 168 168 168 168 168 168 168 169 169 168 168 168 168 169 169 169 169 169 169 169 169 169 169 169 169 169 168 168 168 168 168 168 168 168 168 169 169 168 168 168 168 168 169 169 169 170 170 170 170 170 170 170 170 171 170 170 169 170 170 169 169 170 170 169 169 170 171 171 171 171 171 171 171 171 171 171 170 170 171 171 170 170 170 169 169 169 169 169 169 170 170 170 170 169 168 168 168 168 167 167 167 168 168 168 168 168 168 168 177 176 176 175 174 174 174 174 174 174 174 174 174 174 174 174 174 174 174 174 174 173 173 173 173 173 172 172 172 172 172 172 172 172 172 171 171 171 171 171 171 171 171 171 171 171 171 171 171 172 172 172 172 171 171 172 172 171 171 171 171 171 171 171 171 171 171 170 170 170 170 170 170 170 170 170 170 170 170 170 170 170 171 171 171 171 171 170 170 170 170 170 170 170 170 170 170 170 170 169 169 170 170 170 170 170 170 170 170 170 170 170 170 170 170 170 170 170 170 169 169 169 170 170 170 170 170 170 170 170 170 170 170 170 170 170 170 170 170 169 169 169 170 170 170 169 169 169 169 169 169 169 169 169 169 169 169 169 169 169 169 169 169 169 168 168 168 168 168 169 169 169 169 169 168 168 168 168 168 168 168 168 168 168 168 168 169 169 169 169 169 169 169 169 169 169 169 169 168 168 168 168 168 168 168 169 169 169 168 168 169 169 168 169 169 169 169 169 169 170 170 170 170 170 170 170 170 171 171 171 170 170 170 169 169 170 170 170 170 171 171 171 171 171 171 172 172 171 171 171 171 171 171 171 171 170 170 170 170 170 170 169 170 170 170 170 170 170 169 168 168 168 168 168 167 168 168 168 168 168 168 176 176 175 175 174 174 174 173 173 174 174 174 174 174 174 174 174 174 174 174 174 173 173 173 173 173 173 172 172 172 172 172 172 172 172 172 171 171 171 171 171 171 171 171 171 171 171 171 171 171 171 172 172 171 171 171 171 171 171 171 171 171 171 171 171 171 171 171 171 171 171 171 171 170 170 170 170 170 170 170 170 170 170 170 170 171 171 171 171 170 170 170 169 169 170 170 170 170 170 170 170 169 170 170 170 170 170 170 170 170 170 170 170 170 170 170 170 170 170 169 169 169 169 169 169 170 170 170 170 170 170 170 170 170 170 170 170 170 170 170 170 170 170 169 170 170 170 169 169 169 169 169 170 169 169 169 169 169 169 169 169 169 169 169 169 168 168 168 168 169 169 169 169 169 169 168 168 169 168 168 168 168 168 168 168 168 169 169 169 169 169 169 169 168 168 168 168 168 168 168 168 168 168 168 168 168 168 169 169 168 168 169 169 169 168 168 169 169 169 170 170 170 170 170 171 171 171 171 171 171 171 171 171 170 170 171 170 170 171 171 171 172 171 171 171 171 171 171 171 171 171 171 171 171 171 170 170 170 170 171 170 170 169 170 170 170 170 170 169 168 168 168 168 168 168 168 168 168 168 168 169 169 175 174 174 174 175 174 174 174 174 174 174 174 174 174 174 174 174 174 173 173 173 173 173 173 173 172 172 172 172 172 172 172 172 172 171 171 171 171 171 171 171 171 171 171 171 171 170 170 171 171 172 171 171 170 171 171 171 171 170 170 170 170 170 170 170 171 171 170 170 170 170 170 170 170 170 170 170 170 170 170 170 170 170 170 170 170 170 170 169 170 169 169 170 170 170 169 169 170 170 170 170 170 170 170 170 170 170 170 170 170 170 170 170 170 170 170 170 169 169 169 169 169 169 169 170 170 170 170 170 170 170 170 170 170 170 170 170 170 169 169 169 170 169 170 170 169 169 169 169 169 170 169 170 170 170 169 169 169 169 169 170 169 169 169 168 168 168 169 169 169 169 169 169 169 169 169 169 169 168 168 168 168 168 169 169 169 169 168 168 168 168 168 168 168 168 168 168 168 168 168 168 168 168 168 168 169 169 169 169 168 169 169 169 169 169 169 170 170 171 170 169 170 170 170 171 171 171 172 171 171 171 171 171 171 172 172 171 171 171 171 171 170 171 171 171 171 171 171 171 172 171 171 171 170 170 170 170 171 170 170 170 170 170 170 169 169 169 168 168 168 168 168 168 169 168 168 168 168 168 169 176 175 175 174 174 174 174 174 174 174 174 174 174 174 174 174 174 174 173 173 173 173 173 173 173 172 172 172 172 172 172 172 172 172 171 171 171 171 171 171 171 171 171 171 171 171 171 170 170 170 171 170 170 170 171 171 171 171 171 171 170 170 170 170 170 170 170 170 170 170 170 170 170 170 170 170 170 170 170 170 170 170 171 170 170 170 170 170 170 170 170 170 170 170 170 170 169 169 169 169 170 170 170 170 170 170 170 170 170 170 170 170 170 170 170 170 170 170 170 170 169 169 169 169 169 170 170 170 170 170 170 170 170 170 170 170 170 170 170 169 169 169 169 169 169 170 169 169 169 169 169 169 169 170 170 169 169 169 169 169 169 169 168 168 168 168 169 169 169 169 169 169 169 169 169 169 169 169 168 168 168 168 169 169 169 169 168 168 169 169 168 169 168 168 168 168 168 168 168 168 169 169 168 168 168 169 169 169 169 169 169 169 169 169 169 169 170 170 171 170 169 169 169 169 170 170 171 171 171 171 170 171 171 171 171 171 171 171 171 171 171 170 171 171 170 170 171 171 171 172 171 171 171 170 170 170 170 171 171 170 170 171 170 170 170 169 169 169 168 168 168 168 168 168 168 168 168 168 168 169 174 174 173 174 174 174 174 174 174 174 174 174 173 173 173 173 173 173 173 173 173 173 173 172 172 172 172 172 172 172 171 171 171 171 171 171 171 171 171 171 171 171 171 171 171 170 170 170 170 170 170 170 170 171 171 171 171 171 170 170 170 170 170 170 170 170 170 170 170 170 170 170 170 170 170 170 170 170 170 170 170 170 170 170 170 170 171 171 170 170 170 170 170 170 169 169 169 169 170 170 170 170 170 170 170 170 170 170 170 170 170 170 170 170 170 170 170 169 169 169 169 169 169 170 170 170 170 170 170 170 170 170 170 170 170 170 170 170 169 169 170 169 169 169 169 169 169 169 169 169 169 169 169 169 169 169 169 168 168 168 168 168 168 168 169 169 168 168 169 169 169 169 168 169 169 169 169 168 169 169 169 169 169 169 169 169 169 169 169 169 168 168 169 169 169 168 168 168 168 169 169 168 168 168 169 169 169 169 169 169 169 169 169 169 170 170 170 170 169 170 170 170 170 170 170 171 171 171 170 170 171 171 171 171 171 171 171 170 171 170 171 171 170 170 171 171 171 171 172 171 171 171 170 171 171 171 171 171 171 172 171 171 170 169 168 168 168 168 168 169 169 169 169 169 168 168 168 174 174 174 174 174 174 174 174 174 174 174 174 174 173 173 173 173 173 173 173 173 173 173 172 172 172 172 172 172 172 172 171 171 171 171 171 171 171 171 171 171 171 171 171 171 170 170 170 170 170 170 170 170 171 171 171 171 171 170 170 170 170 170 169 169 170 170 169 169 170 170 170 170 170 170 170 170 170 170 170 170 170 170 170 170 170 170 170 170 170 170 169 169 169 169 169 169 169 170 170 169 169 169 169 170 170 170 170 170 170 170 170 170 170 170 170 170 169 169 169 169 169 169 170 170 170 170 169 170 170 170 170 170 170 169 170 169 169 170 169 170 170 169 169 169 169 169 169 169 169 169 169 169 169 169 169 169 169 169 168 169 169 168 168 168 169 169 169 169 169 169 169 169 169 169 169 168 168 169 169 169 169 169 169 169 169 169 169 169 169 168 168 168 169 169 169 168 168 168 169 169 169 169 169 169 169 169 169 169 169 169 169 169 169 169 169 169 169 169 170 171 171 171 171 171 171 172 171 171 170 170 171 171 170 171 171 171 170 171 170 170 170 170 170 170 170 171 171 171 171 172 171 171 171 172 171 171 171 172 172 171 171 170 169 169 169 169 168 168 168 168 169 168 168 168 168 168 174 174 174 174 174 174 174 174 174 174 174 174 174 173 173 173 173 173 173 173 173 173 173 172 172 172 172 172 172 172 172 172 171 171 171 171 171 171 171 171 171 171 171 171 171 170 171 170 170 170 170 170 170 170 171 171 170 171 171 171 170 170 169 170 170 169 169 169 169 170 170 170 170 170 170 170 170 170 170 170 170 170 169 170 169 170 170 171 171 171 170 170 169 169 169 169 169 169 169 169 169 169 169 169 169 169 169 169 169 170 170 170 170 170 170 170 170 169 169 169 169 169 169 169 169 170 170 169 169 169 170 170 170 169 169 169 169 169 169 170 170 169 169 169 169 169 169 169 169 169 169 169 169 169 169 169 169 169 170 169 169 169 168 168 168 168 168 168 169 169 169 169 169 169 169 169 168 168 169 169 169 169 169 169 169 169 169 169 169 169 168 168 168 169 169 168 168 168 168 169 169 169 169 169 169 169 169 169 169 169 169 169 169 169 170 169 169 169 169 170 170 170 170 170 171 171 170 171 171 171 170 171 171 170 171 171 171 171 170 170 170 170 171 171 171 171 170 171 171 171 172 171 171 171 172 171 171 171 171 171 171 170 170 170 170 169 169 168 168 168 168 168 168 168 168 168 174 174 174 173 173 173 173 173 173 173 173 174 174 173 173 173 173 173 173 173 173 173 173 173 173 172 172 172 172 172 172 172 171 171 171 171 171 171 171 171 171 171 171 171 171 171 171 171 171 170 170 170 170 170 170 170 170 170 170 170 171 171 171 170 170 170 170 170 170 169 169 169 170 170 170 170 170 170 170 170 170 169 169 169 169 169 169 170 170 170 170 170 169 169 169 169 169 169 169 169 169 169 169 169 170 169 169 169 169 169 169 169 170 170 170 170 170 170 170 170 170 170 170 169 169 169 170 170 169 169 169 169 169 169 169 169 169 169 169 169 169 169 169 169 169 169 169 169 169 169 169 169 169 169 169 169 169 169 169 169 170 169 169 169 168 168 168 168 169 169 169 169 169 169 169 169 169 168 169 169 169 169 169 169 169 169 169 169 169 169 169 169 168 169 169 169 169 169 169 168 168 169 169 169 169 169 169 169 169 169 169 169 169 169 169 169 169 169 169 169 169 169 169 169 170 170 170 170 169 170 170 171 170 170 170 170 170 171 170 171 171 171 171 170 170 171 171 172 171 171 171 171 172 171 171 171 171 171 171 171 171 170 170 170 170 170 170 169 168 168 168 168 168 168 169 168 168 169 175 174 174 174 174 173 173 173 173 173 173 173 173 173 173 173 173 173 173 173 173 173 173 173 172 172 172 172 172 172 172 172 171 171 171 171 171 171 171 171 171 171 171 171 171 171 170 170 170 170 170 170 170 170 170 170 170 170 170 170 170 170 170 170 170 170 170 170 169 169 169 169 169 169 169 169 170 170 170 169 169 169 169 169 169 169 170 170 170 170 169 170 170 170 170 170 169 169 169 169 169 169 169 169 169 169 169 169 169 169 169 170 170 170 170 170 170 170 170 170 170 169 169 169 169 169 170 169 169 169 169 169 169 169 169 169 169 169 169 169 169 169 169 169 169 169 169 169 169 169 169 169 169 169 169 169 169 169 169 169 169 169 169 168 168 168 168 169 169 169 169 168 168 168 169 169 169 169 169 169 169 169 169 169 169 169 169 169 169 169 169 169 169 169 169 169 169 169 169 168 169 169 169 169 169 169 169 169 169 169 169 169 169 169 169 169 169 169 169 169 169 169 169 169 170 170 170 169 169 169 170 170 170 170 171 171 171 171 171 171 171 171 171 171 170 171 171 172 171 171 171 172 172 171 171 171 171 170 170 170 170 170 170 170 170 170 169 169 168 168 169 169 169 169 175 175 174 174 173 174 173 173 173 173 173 173 173 173 173 173 173 173 173 173 173 173 173 172 172 172 172 172 172 172 172 171 171 171 171 171 171 171 171 171 171 171 170 170 171 170 170 170 170 170 170 170 170 170 170 170 170 170 170 170 170 170 170 170 170 170 170 169 169 169 169 169 169 169 169 169 169 170 169 169 169 169 169 169 169 169 170 170 169 170 170 170 170 170 169 169 169 169 169 169 169 169 169 169 169 169 170 170 169 169 170 170 170 170 170 170 170 170 170 169 169 169 169 169 169 169 169 169 169 169 169 169 169 169 169 169 169 169 169 169 169 169 169 169 169 169 169 169 169 169 169 169 169 169 169 169 169 169 169 169 169 169 169 168 168 168 169 169 169 169 168 168 168 169 169 169 169 169 169 169 169 169 169 169 169 169 169 169 169 169 169 169 169 169 169 169 169 169 169 169 169 169 169 169 169 169 169 169 169 169 169 168 168 168 169 169 169 169 169 169 169 169 169 170 169 169 169 169 169 170 170 171 170 170 171 171 171 171 171 171 171 171 171 171 170 171 171 171 171 171 172 172 171 171 172 171 171 170 171 170 170 170 169 170 170 169 168 168 169 169 169 175 174 174 173 173 173 173 173 173 173 173 173 173 173 173 173 173 173 173 172 173 172 172 172 172 172 172 171 171 171 171 171 171 171 171 171 171 171 171 171 171 170 170 170 170 170 170 170 170 170 170 170 170 170 170 169 169 170 170 170 170 170 170 170 169 169 169 169 169 169 169 169 169 169 169 169 169 169 169 169 169 169 169 169 169 169 169 170 170 171 170 170 170 170 170 170 170 169 169 169 169 169 169 169 169 170 169 169 169 170 170 170 170 170 170 170 169 169 169 169 169 169 169 169 169 169 169 169 169 169 169 169 169 169 169 169 169 169 169 169 169 169 169 169 169 169 169 169 169 169 169 169 169 169 169 169 169 170 169 169 169 168 168 168 169 169 169 169 168 168 168 169 169 169 169 169 169 169 169 169 169 169 169 169 169 169 169 170 170 170 169 169 169 169 169 169 169 169 169 169 169 169 169 169 169 169 169 168 168 168 169 169 169 169 169 169 169 169 168 169 169 170 169 169 169 169 170 171 171 171 171 170 171 172 172 171 172 171 171 171 171 171 170 170 171 171 172 172 172 172 172 172 172 171 171 171 171 171 171 171 170 169 169 169 169 169 170 170 175 175 174 173 173 173 173 173 173 173 173 173 173 173 173 173 173 173 172 172 172 172 172 172 172 172 171 171 171 171 171 171 171 171 171 171 171 171 171 170 170 170 170 170 170 170 170 170 170 170 170 170 170 170 170 170 169 169 170 170 170 169 169 169 169 169 169 169 169 169 169 169 169 169 169 169 169 169 169 169 169 169 169 170 169 170 169 170 170 170 170 170 170 170 169 170 170 170 169 169 169 169 169 169 169 169 169 169 169 169 170 169 169 169 169 169 169 169 169 169 169 170 170 169 169 169 169 169 169 169 169 169 169 169 169 169 169 169 169 169 169 169 169 169 169 169 169 169 169 169 169 169 169 169 169 169 170 170 170 169 169 169 169 169 169 169 169 169 169 169 169 169 169 169 169 169 169 169 169 169 169 169 169 169 169 169 169 170 170 170 169 169 168 168 169 169 169 169 169 169 169 169 169 169 169 169 168 169 169 169 169 169 169 169 169 170 169 169 169 169 169 169 169 169 170 170 170 170 171 171 171 171 171 172 172 171 172 171 171 172 172 171 171 171 171 172 172 172 171 171 171 171 171 170 170 170 170 170 170 170 169 169 169 170 170 175 174 174 174 174 174 173 173 173 173 173 173 173 173 173 173 173 173 172 172 172 172 172 172 172 171 171 171 171 171 171 171 171 171 171 171 171 171 170 170 170 170 170 170 170 170 170 170 170 170 170 170 170 170 170 170 170 170 170 169 169 169 169 169 169 169 169 169 169 169 169 169 169 169 169 169 169 169 169 169 169 169 169 170 170 170 170 170 170 170 170 169 169 169 169 169 169 169 170 169 169 169 169 169 169 169 169 169 169 169 169 169 169 169 169 169 169 169 169 169 169 170 169 169 169 169 169 169 169 169 169 169 169 169 169 169 169 169 169 169 169 169 169 169 169 169 169 169 169 169 169 169 169 169 169 170 170 170 170 170 169 169 169 169 169 169 169 169 169 169 169 169 169 169 169 169 169 169 169 169 169 169 169 169 169 169 170 170 170 169 169 169 169 169 169 169 169 169 169 169 169 170 170 169 169 169 169 169 169 169 170 169 169 169 169 169 170 170 169 169 169 169 169 170 170 170 170 170 170 171 171 172 172 172 172 171 172 172 172 172 172 172 171 171 171 172 172 171 171 171 171 170 169 169 169 169 169 169 169 169 170 170 175 174 173 173 173 173 173 173 173 173 173 172 173 173 173 173 173 173 172 172 172 172 172 172 171 171 171 171 171 171 171 171 171 171 171 171 171 170 170 170 170 170 170 170 170 170 170 170 170 170 170 170 170 170 170 170 170 170 170 169 169 169 169 169 169 169 169 169 169 169 169 169 169 169 169 169 169 169 169 169 169 169 169 169 170 170 170 170 170 170 169 169 169 169 170 170 170 169 170 170 170 169 169 169 169 169 169 169 169 169 169 169 169 169 169 169 169 169 169 169 169 169 169 169 169 169 169 169 169 169 169 169 169 169 169 170 169 169 169 169 169 169 169 169 169 169 169 169 169 169 169 169 169 169 169 170 170 170 169 169 169 169 169 169 169 169 169 169 169 169 169 169 169 169 169 169 169 169 169 169 169 169 169 169 169 169 170 170 169 169 169 169 169 169 169 169 169 169 169 170 170 169 169 169 169 169 169 169 170 169 170 170 169 170 169 170 170 170 169 170 169 169 169 169 169 170 170 170 171 171 171 172 172 172 172 171 171 171 172 172 172 171 171 171 171 171 171 171 170 171 171 170 170 170 169 170 169 169 170 170 170 174 174 173 173 173 173 173 173 173 172 172 172 172 172 172 173 173 172 172 172 172 172 172 172 171 171 171 171 171 171 171 171 171 171 171 171 170 170 170 170 170 170 170 170 170 170 170 170 170 170 170 170 170 170 170 170 170 170 170 169 169 169 169 169 169 169 169 169 169 169 169 169 169 169 169 169 169 169 169 169 169 169 169 169 169 169 169 170 170 170 169 170 169 169 170 170 169 169 170 169 169 168 168 168 169 169 169 169 169 169 169 169 169 169 169 169 169 169 169 169 169 169 169 169 169 169 169 169 169 169 169 169 169 169 169 169 169 169 169 169 169 169 169 169 169 169 169 169 169 169 168 168 169 169 169 170 170 170 169 169 169 169 169 169 169 169 168 169 169 169 169 169 169 169 169 169 169 169 169 169 169 169 169 169 169 169 169 169 169 169 169 169 169 169 169 169 169 169 169 169 169 168 168 169 169 169 170 170 170 170 170 171 170 170 170 170 170 170 170 170 170 170 169 170 170 170 170 170 171 171 172 172 172 172 172 171 171 171 172 172 171 171 171 171 171 170 170 170 170 170 170 169 170 170 170 170 170 170 170 174 174 174 174 173 173 173 173 173 173 173 173 172 172 172 172 172 172 172 172 172 172 172 172 171 171 171 171 171 171 171 171 171 171 171 171 170 170 170 170 170 170 170 170 170 170 170 170 170 170 170 170 170 170 170 170 170 170 169 169 169 169 169 169 169 169 169 169 169 169 169 169 169 169 169 169 169 169 169 169 169 169 169 169 169 170 170 170 171 170 169 169 169 169 170 170 169 170 170 169 169 169 168 168 168 169 169 168 168 169 169 169 169 169 169 169 169 169 169 169 169 169 169 169 169 169 169 169 169 169 169 169 169 169 169 169 169 169 169 169 169 169 169 169 169 169 169 169 169 169 169 168 168 169 169 169 170 170 169 169 169 169 169 169 169 169 169 168 169 169 169 169 169 169 169 169 169 169 169 169 169 169 169 169 169 169 170 169 169 169 169 169 169 169 169 170 170 169 169 169 168 169 169 169 170 170 170 171 171 171 171 171 171 171 170 170 170 170 170 169 169 170 170 170 170 170 171 171 171 172 172 171 171 171 171 171 170 171 170 170 170 170 170 170 170 170 170 170 170 170 171 175 174 174 174 173 174 173 173 173 174 174 173 173 172 172 172 172 172 172 172 172 172 172 171 171 171 171 171 171 171 171 171 171 171 171 171 170 170 170 170 170 170 170 170 170 170 170 170 170 170 170 170 170 170 170 169 170 169 169 169 169 169 169 169 169 169 169 169 169 169 169 169 169 169 169 169 169 169 169 169 169 169 169 169 169 170 170 171 171 170 169 169 169 169 170 170 169 169 170 170 169 169 168 169 168 169 169 169 168 168 169 169 169 169 169 169 169 169 169 169 169 169 169 169 169 169 169 169 169 169 169 169 169 169 169 169 169 169 169 169 169 169 169 169 169 169 169 169 170 169 169 169 168 168 169 169 169 169 169 169 169 169 169 169 169 169 168 168 168 168 168 169 169 169 169 169 169 169 169 169 169 169 169 169 169 169 170 169 169 169 169 169 169 169 169 169 169 169 168 168 169 169 169 169 170 170 171 170 171 171 171 170 170 170 170 170 169 170 169 170 170 170 170 170 170 170 171 172 171 171 171 171 171 171 171 171 171 170 170 174 174 174 173 174 173 173 172 172 172 172 172 172 172 172 171 171 171 171 171 171 171 171 171 171 171 171 171 171 170 170 170 170 170 170 170 170 170 170 170 170 170 170 170 169 170 170 169 169 169 169 169 169 169 169 169 170 169 169 169 169 169 169 169 169 169 169 169 169 169 169 169 168 168 169 169 169 169 170 171 171 171 170 170 170 170 170 170 169 170 170 170 170 169 169 169 169 169 169 168 168 168 168 169 169 169 169 169 169 169 169 169 169 169 169 169 169 169 169 169 169 169 169 169 169 169 169 169 169 169 169 169 169 169 169 169 169 169 169 169 170 169 169 169 169 168 168 169 169 169 169 169 169 169 170 170 169 169 169 169 169 168 168 169 169 169 169 169 169 169 169 169 169 169 169 169 169 170 169 169 169 169 169 169 169 169 169 168 169 169 169 170 170 170 171 171 171 171 171 170 171 170 170 170 170 169 170 170 170 170 170 171 171 171 171 171 173 172 172 172 172 172 172 171 171 172 171 171 171 170 170 170 171 171 171 171 170 170 171 170 170 170 170 170 170 170 170 170 169 169 169 169 169 169 169 169 169 169 169 169 169 169 169 169 169 169 169 169 169 169 169 169 169 169 169 169 169 169 169 169 168 168 168 169 169 169 170 170 170 171 171 171 171 171 171 171 171 170 169 170 171 171 170 170 169 169 169 169 168 168 168 168 168 169 169 169 169 169 169 169 169 169 169 169 169 169 169 169 169 169 169 169 169 169 169 169 169 169 169 169 169 169 169 169 169 169 169 169 169 169 170 170 169 169 169 168 168 169 169 169 169 169 169 169 169 170 170 169 168 168 168 168 168 169 169 169 169 169 169 169 169 169 169 169 169 169 169 170 170 170 169 169 169 168 168 168 168 169 170 170 171 170 170 171 171 171 171 171 170 170 170 170 170 170 170 171 173 172 172 172 172 171 171 171 172 171 171 171 170 170 170 170 170 170 170 170 170 170 170 170 170 170 169 169 169 169 169 169 169 169 169 169 169 169 169 169 169 169 169 169 169 169 169 169 169 169 169 169 169 169 169 169 169 169 169 169 169 168 169 168 168 169 169 169 170 170 170 170 171 171 171 170 170 171 171 171 171 170 170 170 170 170 169 169 169 169 168 168 168 168 168 169 169 169 169 169 169 169 169 169 169 169 169 169 169 169 169 169 169 169 169 169 169 169 169 169 169 169 169 169 169 169 169 169 169 169 169 169 169 169 170 169 169 168 168 168 169 169 170 170 169 169 169 169 169 169 169 168 168 168 168 169 169 169 169 169 169 169 169 169 169 169 169 169 169 170 170 170 169 169 169 170 170 170 170 171 171 171 171 172 172 171 171 171 171 171 172 171 170 170 170 170 170 170 170 170 170 170 170 170 170 169 169 169 169 169 169 169 169 169 169 169 169 169 169 169 169 169 169 169 169 169 169 169 169 169 169 169 169 169 169 168 168 168 168 168 168 168 168 168 168 169 169 169 169 169 169 170 171 170 170 169 169 170 171 171 171 170 169 169 169 169 169 169 169 168 168 168 168 168 168 168 169 169 169 169 169 169 169 169 169 169 169 169 169 169 169 169 169 169 169 169 169 169 169 169 169 169 169 169 169 169 169 169 169 169 169 169 169 169 169 169 169 168 168 168 168 169 169 170 169 169 169 169 169 169 169 168 168 168 169 169 169 169 169 169 169 169 169 169 169 169 169 169 169 169 169 169 173 172 171 171 171 171 171 171 171 170 170 169 169 169 169 170 170 170 170 170 170 170 169 169 170 169 169 169 169 169 169 169 169 169 169 169 169 169 169 169 169 169 169 169 169 169 169 169 169 168 168 168 168 168 168 168 168 168 168 168 169 168 168 169 170 170 169 169 170 171 171 170 169 169 169 170 170 171 171 170 169 169 169 169 169 169 169 169 168 169 168 168 168 168 169 169 169 169 169 169 168 169 169 169 169 169 169 169 169 169 169 169 169 169 169 169 169 169 169 169 169 169 169 169 169 168 168 169 169 169 169 169 170 169 169 168 168 168 169 169 169 170 169 169 169 169 169 169 169 168 168 169 169 169 169 169 169 169 169 169 169 169 169 169 169 169 169 171 171 171 171 171 171 171 170 170 170 170 169 169 169 169 169 169 169 169 170 169 169 169 170 170 169 169 169 169 169 169 169 169 169 169 169 169 169 169 169 169 169 169 169 169 168 168 168 168 168 168 168 168 168 169 169 169 168 169 168 169 170 171 170 170 171 171 171 171 170 170 169 169 169 170 171 170 169 169 169 169 169 168 169 169 169 168 168 169 168 168 168 169 169 169 169 169 168 168 169 169 169 169 169 169 169 169 169 169 169 169 169 169 169 169 169 169 169 169 169 169 169 169 169 169 170 169 169 170 169 168 169 168 169 169 169 169 170 169 169 168 168 168 168 168 168 168 169 169 169 169 169 169 169 169 169 169 169 169 170 169 172 172 171 171 171 170 170 170 169 169 169 169 169 169 169 169 169 170 170 170 169 169 169 169 169 169 169 169 169 169 169 169 169 169 169 169 169 169 169 169 168 168 169 168 169 169 169 170 169 169 170 170 169 169 170 169 169 170 171 171 171 171 171 170 170 170 170 170 169 169 170 170 170 169 169 169 169 169 168 168 168 168 168 168 168 168 168 168 168 168 168 168 169 169 168 168 169 169 169 169 169 169 169 169 169 169 169 169 169 169 169 169 169 169 169 170 170 169 170 170 169 169 168 168 169 169 169 169 169 169 169 169 168 169 169 169 168 168 169 169 169 169 169 169 169 169 169 169 169 169 170 172 172 171 171 171 170 170 169 168 169 170 169 168 169 169 169 169 169 169 169 169 168 169 169 169 169 169 169 169 169 169 169 169 169 169 169 169 169 168 168 168 169 169 169 170 170 171 171 170 171 170 169 170 170 170 170 171 171 171 170 171 171 170 169 169 169 169 169 169 169 169 169 169 168 168 168 168 168 168 168 168 168 168 168 168 168 168 168 168 168 168 168 168 168 168 168 169 169 169 169 169 169 169 169 169 169 169 169 169 169 169 169 169 169 169 170 170 170 169 168 168 169 169 170 169 169 169 169 169 169 169 169 169 168 168 169 169 169 169 169 169 169 169 170 170 170 173 172 172 171 170 170 169 169 169 170 169 168 168 169 170 170 169 168 169 169 169 169 169 169 169 169 169 169 169 169 169 169 169 169 169 168 168 168 168 168 168 169 170 170 170 171 171 172 172 171 170 171 171 171 170 170 170 170 170 170 171 170 170 170 169 169 169 169 169 169 169 168 168 168 168 168 168 168 168 168 169 168 168 168 168 168 168 168 168 168 168 168 168 168 168 169 169 169 169 169 169 169 169 169 169 169 169 169 169 169 169 169 170 169 170 170 169 169 169 169 169 169 169 169 169 169 168 168 169 169 169 169 169 169 172 171 171 171 171 170 170 170 169 169 169 170 170 170 169 169 169 169 169 169 169 169 169 169 169 169 169 169 169 169 169 169 168 168 168 168 168 169 168 169 169 169 169 170 170 171 172 172 171 172 172 171 171 170 170 169 169 170 170 170 170 170 170 169 169 169 169 169 169 169 169 169 169 169 169 169 169 169 169 169 168 168 168 168 168 168 168 167 167 168 168 168 168 168 168 169 169 169 169 169 169 168 169 169 169 169 169 170 170 170 170 170 169 168 169 169 169 169 169 171 171 172 171 171 170 170 170 170 170 170 169 169 169 169 169 169 168 169 169 169 169 169 169 169 169 169 169 169 169 168 168 168 168 168 168 169 169 170 170 169 169 170 171 171 172 172 172 172 172 172 171 171 170 170 170 169 169 170 170 170 169 169 169 169 169 169 169 169 169 170 169 169 169 170 170 170 169 169 168 168 168 168 168 168 168 167 167 167 167 168 168 168 168 169 169 169 169 169 169 168 169 169 169 169 169 171 171 169 169 172 173 173 173 172 171 170 170 170 169 169 169 169 168 169 169 168 169 169 169 169 169 169 169 169 169 169 169 169 168 168 168 168 168 168 168 168 169 170 170 170 170 170 171 172 172 171 171 171 171 171 170 170 170 171 170 170 170 169 169 169 169 169 169 169 170 169 170 170 170 170 170 170 169 170 171 170 169 169 169 168 168 168 168 168 168 168 168 167 167 167 168 168 168 169 169 169 169 169 169 168 169 169 169 169 173 173 173 172 171 170 169 169 169 169 169 168 169 169 168 169 169 169 169 169 169 169 169 169 169 169 168 168 168 168 168 169 169 169 169 169 169 170 171 170 170 171 172 172 171 170 170 170 170 170 170 170 170 170 170 170 169 169 169 169 169 169 169 169 169 169 169 170 171 171 171 170 171 171 171 171 170 170 169 169 169 169 168 168 168 168 168 167 167 168 168 168 169 169 168 169 169 169 168 169 169 174 172 172 171 169 169 169 169 169 169 169 169 168 169 169 169 169 169 169 169 169 169 169 168 168 168 168 168 168 168 169 169 169 169 170 170 170 171 172 172 172 172 172 171 170 170 169 169 169 169 169 169 169 169 169 169 169 169 169 170 169 169 170 170 170 170 170 171 172 172 172 173 172 171 170 170 170 169 168 169 169 169 168 168 168 167 167 167 168 168 168 168 168 168 169 169 169 169 169 173 171 171 169 169 169 169 169 169 168 168 168 168 168 169 169 168 168 169 168 168 168 168 168 168 168 168 167 168 169 169 168 169 169 170 170 171 170 170 171 172 172 172 172 171 171 170 170 170 170 170 169 169 170 170 169 170 169 169 170 170 170 170 171 172 171 170 171 173 171 170 169 168 168 168 168 168 169 169 168 168 168 167 167 168 168 168 168 168 168 168 169 169 171 170 169 169 168 168 168 168 168 168 168 168 168 169 168 168 168 168 168 168 168 168 168 168 168 168 168 168 167 167 168 168 169 170 170 171 171 169 169 170 171 172 172 173 173 172 172 172 171 171 171 170 170 170 169 170 169 169 169 169 170 171 171 171 172 173 172 173 168 168 168 168 169 169 169 168 168 167 167 167 168 168 168 168 169 168 169 169 169 169 169 168 168 168 168 168 168 168 168 168 168 168 168 168 168 168 168 168 168 168 168 168 168 168 168 168 168 168 168 168 169 169 169 169 169 169 169 169 170 170 170 170 171 171 170 171 171 171 172 172 171 169 170 170 170 170 170 171 171 172 172 173 168 168 168 168 168 168 168 168 168 167 167 166 167 167 168 168 168 168 168 168 168 168 168 168 168 168 168 168 168 169 168 168 168 168 168 167 167 167 167 167 168 168 168 168 169 169 169 169 168 168 168 168 167 168 168 168 168 168 168 169 168 168 168 169 169 169 169 169 169 170 170 171 170 170 171 171 170 171 171 171 172 172 173 168 168 168 167 167 168 168 168 168 167 166 166 166 167 167 168 168 167 167 168 168 167 167 167 167 168 168 168 168 168 168 168 168 168 168 168 167 167 168 167 168 168 169 170 169 169 169 169 169 169 168 168 168 168 168 168 168 168 168 168 168 168 169 169 169 169 169 170 170 170 170 170 170 171 171 171 172 172 173 173 167 168 168 168 168 167 167 167 166 167 167 166 166 166 167 167 167 167 167 167 167 168 168 167 167 167 167 167 168 168 168 168 168 168 168 167 167 167 167 168 168 168 169 169 170 169 169 169 169 168 168 169 169 169 169 168 169 169 169 168 169 170 170 170 170 170 170 171 170 171 172 171 172 172 173 173 167 168 168 168 168 167 168 167 168 167 167 166 166 166 167 166 168 168 168 169 168 168 168 168 168 168 168 169 169 168 168 169 169 168 168 168 168 167 168 168 169 170 170 170 169 169 168 169 168 168 168 169 169 169 169 169 169 169 169 170 171 171 171 172 171 172 172 172 173 173 173 174 173 167 168 168 168 168 168 168 168 168 168 167 166 166 166 167 169 169 169 169 169 169 169 169 169 169 170 170 169 169 170 170 170 170 169 169 169 169 168 169 170 171 170 169 169 169 169 169 169 168 168 168 169 169 169 170 170 170 170 172 172 172 173 173 173 173 173 174 174 167 167 167 167 167 167 167 167 167 166 166 166 166 169 169 169 170 170 170 170 170 170 170 170 170 170 170 170 170 170 170 171 171 170 170 170 170 170 170 170 170 170 169 169 170 169 169 169 168 168 169 170 171 171 172 173 173 173 173 174 167 167 167 167 167 167 167 167 166 166 166 170 170 170 170 170 171 170 170 169 170 170 170 170 171 170 170 170 170 171 170 170 170 170 170 170 171 171 170 169 169 170 170 170 169 168 168 168 169 169 170 171 173 174 174 167 167 167 167 167 167 167 167 166 166 166 171 171 171 172 171 171 171 170 170 170 170 170 171 171 170 170 170 170 170 170 170 170 170 170 170 170 171 170 169 169 170 171 170 169 169 169 169 170 170 170 170 172 167 167 167 167 167 167 167 167 167 167 166 166 172 172 172 172 172 171 170 170 170 170 170 170 170 170 170 170 170 170 170 170 170 170 170 170 170 170 171 171 170 169 169 170 170 170 171 171 170 170 171 171 172 167 167 167 167 167 167 167 167 167 167 167 166 173 173 172 171 171 170 170 170 170 170 170 170 170 170 170 170 170 170 170 170 170 170 170 170 171 171 171 171 171 170 170 171 172 172 172 173 172 172 172 172 166 166 166 166 167 167 167 167 173 172 172 170 169 169 170 170 170 170 170 170 170 170 170 170 170 170 170 170 170 170 171 171 172 172 172 172 171 171 170 171 173 166 166 167 167 174 173 173 172 171 170 169 169 170 170 170 169 170 170 170 170 170 170 170 170 170 171 171 171 172 172 173 173 173 172 171 172 172 175 174 173 172 171 170 170 170 170 170 170 170 170 170 170 170 171 170 171 171 171 172 172 172 172 173 174 173 172 172 171 170 170 170 170 170 170 170 170 170 170 170 170 171 171 171 171 172 172 173 173 172 173 174 171 170 170 169 169 170 170 170 170 170 170 170 170 170 171 171 171 171 171 172 173 173 173 173 174 169 169 169 170 170 170 170 170 170 170 170 170 170 170 170 171 172 172 173 173 174 169 170 170 170 170 170 170 170 170 170 170 170 170 170 171 171 172 172 173 174 169 169 170 170 170 169 169 169 170 170 170 170 170 171 171 172 172 172 173 173 170 170 170 170 169 169 169 170 170 171 171 171 171 172 172 173 173 173 173 171 171 170 170 170 169 169 169 170 171 171 172 172 173 173 172 173 173 173 171 171 171 170 170 170 170 169 169 169 170 171 172 172 173 172 172 173 170 170 170 171 171 170 170 170 169 170 171 171 171 172 171 172 173 171 170 170 171 171 171 171 171 171 170 170 170 170 170 171 172 173 171 170 170 171 171 171 171 171 172 172 171 170 170 171 171 172 173 171 170 170 170 170 170 171 171 172 171 170 170 171 172 172 172 173 171 170 170 170 170 170 171 172 171 171 170 171 171 171 171 172 171 170 170 170 171 171 171 172 172 171 170 171 172 171 171 172 173 171 170 170 170 171 171 171 172 172 171 171 171 172 172 173 172 173 171 170 170 169 170 170 170 171 171 172 171 171 171 172 172 173 172 171 170 170 170 170 170 170 171 170 172 172 172 171 172 172 172 172 172 171 171 170 171 170 171 172 172 171 171 172 172 172 172 172 172 172 172 172 172 172 172 172 171 171 171 171 171 172 171 171 172 172 172 172 172 172 172 173 172 172 171 172 172 172 172 172 172 172 172 172 172 172 172 171 171 172 172 172 172 172 173 171 171 172 172 171 171 171 171 171 172 172 172 172 172 172 172 171 172 172 172 171 172 171 171 171 171 171 171 171 171 171 171 171 171 172 172 172 171 171 171 172 171 171 171 171 172 172 171 171 171 171 170 170 170 171 171 171 171 172 172 172 171 172 172 171 171 170 170 170 170 171 171 171 171 171 172 171 170 171 171 170 171 171 170 170 171 171 171 170 170 170 170 171 171 171 