-54 -54 -54 -54 -54 -54 -54 -54 -54 -54 -54 -54 -54 -54 -54 -54 -54 -54 -54 -54 -54 -54 -54 -54 -54 -55 -56 -56 -56 -56 -56 -56 -56 -56 -56 -56 -56 -56 -54 -54 -54 -54 -54 -54 -54 -54 -54 -54 -54 -54 -54 -54 -54 -54 -54 -54 -54 -54 -54 -54 -55 -55 -55 -55 -55 -55 -56 -56 -56 -56 -56 -56 -56 -56 -56 -56 -56 -56 -53 -53 -54 -54 -54 -54 -54 -54 -54 -54 -54 -54 -54 -54 -54 -54 -54 -54 -54 -54 -54 -54 -54 -55 -55 -55 -55 -55 -55 -55 -55 -55 -55 -55 -56 -56 -56 -56 -56 -56 -56 -56 -56 -56 -56 -56 -56 -56 -56 -56 -53 -53 -53 -53 -53 -53 -53 -54 -54 -54 -54 -54 -54 -54 -54 -54 -54 -54 -54 -54 -54 -54 -54 -54 -54 -54 -54 -54 -54 -54 -55 -55 -55 -55 -55 -55 -55 -55 -55 -55 -55 -55 -55 -55 -55 -56 -56 -56 -56 -56 -56 -56 -56 -56 -56 -56 -56 -56 -56 -56 -56 -56 -56 -56 -56 -56 -56 -56 -56 -56 -53 -53 -53 -53 -53 -53 -53 -53 -54 -54 -54 -54 -54 -54 -54 -54 -54 -54 -54 -54 -54 -54 -54 -54 -54 -54 -54 -54 -54 -54 -54 -55 -55 -55 -55 -55 -55 -55 -55 -55 -55 -55 -55 -55 -55 -55 -55 -55 -55 -55 -55 -55 -55 -56 -56 -55 -56 -56 -56 -56 -56 -56 -56 -56 -56 -56 -56 -56 -56 -56 -56 -56 -56 -56 -56 -56 -56 -56 -56 -56 -53 -53 -53 -53 -53 -53 -53 -53 -53 -54 -54 -54 -54 -54 -54 -54 -54 -54 -54 -54 -54 -54 -54 -54 -54 -54 -54 -54 -54 -54 -54 -55 -55 -55 -55 -55 -55 -55 -55 -55 -55 -55 -55 -55 -55 -55 -55 -55 -55 -55 -55 -55 -55 -55 -55 -55 -55 -56 -55 -55 -56 -56 -56 -56 -56 -56 -56 -56 -56 -56 -56 -56 -56 -56 -56 -56 -56 -56 -56 -56 -56 -56 -56 -56 -56 -56 -53 -53 -53 -53 -53 -53 -53 -53 -53 -54 -54 -54 -54 -54 -54 -54 -54 -54 -54 -54 -54 -54 -54 -54 -54 -54 -54 -54 -54 -54 -54 -54 -55 -55 -55 -55 -55 -55 -55 -55 -55 -55 -55 -55 -55 -55 -55 -55 -55 -55 -55 -55 -55 -55 -55 -55 -55 -55 -55 -55 -56 -55 -56 -56 -56 -56 -56 -56 -56 -56 -56 -56 -56 -56 -56 -56 -56 -56 -56 -56 -56 -56 -56 -56 -56 -56 -56 -53 -53 -53 -53 -53 -53 -53 -53 -53 -53 -53 -53 -53 -54 -54 -54 -54 -54 -54 -54 -54 -54 -54 -54 -54 -54 -54 -54 -54 -54 -54 -54 -54 -54 -55 -55 -55 -55 -55 -55 -55 -55 -55 -55 -55 -55 -55 -55 -55 -55 -55 -55 -55 -55 -55 -55 -55 -55 -55 -55 -55 -55 -55 -55 -55 -55 -56 -56 -56 -56 -56 -56 -56 -56 -56 -56 -56 -56 -56 -56 -56 -56 -56 -56 -56 -56 -56 -56 -56 -56 -56 -56 -53 -53 -53 -53 -53 -53 -53 -53 -53 -53 -53 -53 -53 -53 -53 -53 -54 -54 -54 -54 -54 -54 -54 -54 -54 -54 -54 -54 -54 -54 -54 -54 -54 -54 -54 -54 -54 -54 -54 -55 -55 -55 -55 -55 -55 -55 -55 -55 -55 -55 -55 -55 -55 -55 -55 -55 -55 -55 -55 -55 -55 -55 -55 -55 -55 -55 -55 -55 -55 -56 -56 -56 -56 -56 -56 -56 -56 -56 -56 -56 -56 -56 -56 -56 -56 -56 -56 -56 -56 -56 -56 -56 -56 -53 -53 -53 -53 -53 -53 -53 -53 -53 -53 -53 -53 -53 -53 -53 -53 -53 -53 -53 -53 -54 -54 -54 -54 -54 -54 -54 -54 -54 -54 -54 -54 -54 -54 -54 -54 -54 -54 -54 -54 -54 -54 -54 -54 -54 -55 -55 -55 -55 -55 -55 -55 -55 -55 -55 -55 -55 -55 -55 -55 -55 -55 -55 -55 -55 -55 -55 -55 -55 -55 -55 -55 -55 -56 -56 -56 -56 -56 -56 -56 -56 -56 -56 -56 -56 -56 -56 -56 -56 -56 -56 -56 -56 -56 -56 -56 -56 -56 -53 -53 -53 -53 -53 -53 -53 -53 -53 -53 -53 -53 -53 -53 -53 -53 -53 -53 -53 -53 -53 -54 -54 -54 -54 -54 -54 -54 -54 -54 -54 -54 -54 -54 -54 -54 -54 -54 -54 -54 -54 -54 -54 -54 -54 -54 -55 -55 -55 -55 -55 -55 -55 -55 -55 -55 -55 -55 -55 -55 -55 -55 -55 -55 -55 -55 -55 -55 -55 -55 -55 -55 -55 -55 -55 -56 -56 -56 -56 -56 -56 -56 -56 -56 -56 -56 -56 -56 -56 -56 -56 -56 -56 -56 -56 -56 -56 -56 -56 -56 -52 -53 -53 -53 -53 -53 -53 -53 -53 -53 -53 -53 -53 -53 -53 -53 -53 -53 -53 -53 -53 -53 -53 -54 -54 -54 -54 -54 -54 -54 -54 -54 -54 -54 -54 -54 -54 -54 -54 -54 -54 -54 -54 -54 -54 -54 -54 -54 -54 -55 -55 -55 -55 -55 -55 -55 -55 -55 -55 -55 -55 -55 -55 -55 -55 -55 -55 -55 -55 -55 -55 -55 -55 -55 -55 -55 -55 -56 -56 -56 -56 -56 -56 -56 -56 -56 -56 -56 -56 -56 -56 -56 -56 -56 -56 -56 -56 -56 -56 -56 -56 -56 -52 -52 -53 -53 -53 -53 -53 -53 -53 -53 -53 -53 -53 -53 -53 -53 -53 -53 -53 -53 -53 -53 -53 -53 -53 -53 -54 -54 -54 -54 -54 -54 -54 -54 -54 -54 -54 -54 -54 -54 -54 -54 -54 -54 -54 -54 -54 -54 -54 -54 -55 -55 -55 -55 -55 -55 -55 -55 -55 -55 -55 -55 -55 -55 -55 -55 -55 -55 -55 -55 -55 -55 -55 -55 -55 -55 -55 -55 -55 -55 -56 -56 -56 -56 -56 -56 -56 -56 -56 -56 -56 -56 -56 -56 -56 -56 -56 -56 -56 -56 -56 -56 -56 -52 -52 -52 -52 -52 -53 -53 -53 -53 -53 -53 -53 -53 -53 -53 -53 -53 -53 -53 -53 -53 -53 -53 -53 -53 -53 -53 -53 -53 -53 -54 -54 -54 -54 -54 -54 -54 -54 -54 -54 -54 -54 -54 -54 -54 -54 -54 -54 -54 -54 -54 -54 -54 -54 -55 -55 -55 -55 -55 -55 -55 -55 -55 -55 -55 -55 -55 -55 -55 -55 -55 -55 -55 -55 -55 -55 -55 -55 -55 -55 -55 -55 -55 -55 -56 -56 -56 -56 -56 -56 -56 -56 -56 -56 -56 -56 -56 -56 -56 -56 -56 -56 -56 -56 -56 -56 -56 -52 -52 -52 -52 -52 -52 -52 -52 -52 -53 -53 -53 -53 -53 -53 -53 -53 -53 -53 -53 -53 -53 -53 -53 -53 -53 -53 -53 -53 -53 -53 -53 -53 -54 -54 -54 -54 -54 -54 -54 -54 -54 -54 -54 -54 -54 -54 -54 -54 -54 -54 -54 -54 -54 -54 -54 -54 -55 -55 -55 -55 -55 -55 -55 -55 -55 -55 -55 -55 -55 -55 -55 -55 -55 -55 -55 -55 -55 -55 -55 -55 -55 -55 -55 -55 -55 -55 -56 -56 -56 -56 -56 -56 -56 -56 -56 -56 -56 -56 -56 -56 -56 -56 -56 -56 -56 -56 -56 -56 -52 -52 -52 -52 -52 -52 -52 -52 -52 -52 -52 -52 -52 -52 -53 -53 -53 -53 -53 -53 -53 -53 -53 -53 -53 -53 -53 -53 -53 -53 -53 -53 -53 -53 -53 -53 -53 -53 -54 -54 -54 -54 -54 -54 -54 -54 -54 -54 -54 -54 -54 -54 -54 -54 -54 -54 -54 -54 -54 -54 -54 -54 -55 -55 -55 -55 -55 -55 -55 -55 -55 -55 -55 -55 -55 -55 -55 -55 -55 -55 -55 -55 -55 -55 -55 -55 -55 -55 -55 -55 -55 -55 -55 -56 -56 -56 -56 -56 -56 -56 -56 -56 -56 -56 -56 -56 -56 -56 -56 -56 -56 -56 -56 -56 -50 -50 -50 -52 -52 -52 -52 -52 -52 -52 -52 -52 -52 -52 -52 -52 -52 -52 -52 -52 -52 -52 -52 -52 -52 -53 -53 -53 -53 -53 -53 -53 -53 -53 -53 -53 -53 -53 -53 -53 -53 -53 -53 -53 -53 -53 -53 -53 -53 -54 -54 -54 -54 -54 -54 -54 -54 -54 -54 -54 -54 -54 -54 -54 -54 -54 -54 -54 -54 -54 -54 -54 -55 -55 -55 -55 -55 -55 -55 -55 -55 -55 -55 -55 -55 -55 -55 -55 -55 -55 -55 -55 -55 -55 -55 -55 -55 -55 -55 -55 -55 -55 -55 -55 -56 -56 -56 -56 -56 -56 -56 -56 -56 -56 -56 -56 -56 -56 -56 -56 -56 -56 -56 -50 -50 -50 -50 -50 -50 -51 -51 -51 -52 -52 -52 -52 -52 -52 -52 -52 -52 -52 -52 -52 -52 -52 -52 -52 -52 -52 -52 -52 -52 -52 -52 -52 -53 -53 -53 -53 -53 -53 -53 -53 -53 -53 -53 -53 -53 -53 -53 -53 -53 -53 -53 -53 -53 -53 -53 -54 -54 -54 -54 -54 -54 -54 -54 -54 -54 -54 -54 -54 -54 -54 -54 -54 -54 -54 -54 -54 -54 -54 -55 -55 -55 -55 -55 -55 -55 -55 -55 -55 -55 -55 -55 -55 -55 -55 -55 -55 -55 -55 -55 -55 -55 -55 -55 -55 -55 -55 -55 -55 -55 -55 -55 -56 -56 -56 -56 -56 -56 -56 -56 -56 -56 -56 -56 -56 -56 -56 -56 -56 -50 -50 -50 -50 -50 -50 -50 -51 -51 -51 -51 -51 -51 -51 -52 -52 -52 -52 -52 -52 -52 -52 -52 -52 -52 -52 -52 -52 -52 -52 -52 -52 -52 -52 -52 -52 -52 -52 -53 -53 -53 -53 -53 -53 -53 -53 -53 -53 -53 -53 -53 -53 -53 -53 -53 -53 -53 -53 -53 -53 -53 -53 -54 -54 -54 -54 -54 -54 -54 -54 -54 -54 -54 -54 -54 -54 -54 -54 -54 -54 -54 -54 -54 -54 -55 -55 -55 -55 -55 -55 -55 -55 -55 -55 -55 -55 -55 -55 -55 -55 -55 -55 -55 -55 -55 -55 -55 -55 -55 -55 -55 -55 -55 -55 -55 -55 -55 -55 -56 -56 -56 -56 -56 -56 -56 -56 -56 -56 -56 -56 -56 -56 -56 -56 -50 -50 -50 -50 -50 -50 -50 -50 -51 -51 -51 -51 -51 -51 -51 -51 -51 -51 -51 -52 -52 -52 -52 -52 -52 -52 -52 -52 -52 -52 -52 -52 -52 -52 -52 -52 -52 -52 -52 -52 -52 -53 -53 -53 -53 -53 -53 -53 -53 -53 -53 -53 -53 -53 -53 -53 -53 -53 -53 -53 -53 -53 -53 -53 -53 -54 -54 -54 -54 -54 -54 -54 -54 -54 -54 -54 -54 -54 -54 -54 -54 -54 -54 -54 -54 -54 -54 -55 -55 -55 -55 -55 -55 -55 -55 -55 -55 -55 -55 -55 -55 -55 -55 -55 -55 -55 -55 -55 -55 -55 -55 -55 -55 -55 -55 -55 -55 -55 -55 -55 -55 -56 -56 -56 -56 -56 -56 -56 -56 -56 -56 -56 -56 -56 -56 -56 -56 -50 -50 -50 -50 -50 -50 -50 -50 -50 -50 -51 -51 -51 -51 -51 -51 -51 -51 -51 -51 -52 -52 -52 -52 -52 -52 -52 -52 -52 -52 -52 -52 -52 -52 -52 -52 -52 -52 -52 -52 -52 -52 -52 -52 -53 -53 -53 -53 -53 -53 -53 -53 -53 -53 -53 -53 -53 -53 -53 -53 -53 -53 -53 -53 -53 -53 -53 -53 -54 -54 -54 -54 -54 -54 -54 -54 -54 -54 -54 -54 -54 -54 -54 -54 -54 -54 -54 -54 -54 -54 -55 -55 -55 -55 -55 -55 -55 -55 -55 -55 -55 -55 -55 -55 -55 -55 -55 -55 -55 -55 -55 -55 -55 -55 -55 -55 -55 -55 -55 -55 -55 -55 -55 -55 -56 -55 -56 -56 -56 -56 -56 -56 -56 -56 -56 -56 -56 -50 -50 -50 -50 -50 -50 -50 -50 -50 -50 -50 -50 -51 -51 -51 -51 -51 -51 -51 -51 -51 -51 -51 -51 -51 -51 -51 -51 -51 -51 -51 -52 -52 -52 -52 -52 -52 -52 -52 -52 -52 -52 -52 -52 -52 -52 -52 -52 -52 -52 -52 -52 -52 -52 -53 -53 -53 -53 -53 -53 -53 -53 -53 -53 -53 -53 -53 -53 -53 -53 -53 -53 -53 -53 -53 -53 -53 -53 -53 -54 -54 -54 -54 -54 -54 -54 -54 -54 -54 -54 -54 -54 -54 -54 -54 -54 -54 -54 -54 -54 -54 -54 -54 -55 -54 -54 -55 -55 -55 -55 -55 -55 -55 -55 -55 -55 -55 -55 -55 -55 -55 -55 -55 -55 -55 -55 -55 -55 -55 -55 -55 -55 -55 -55 -55 -55 -55 -56 -56 -56 -56 -56 -56 -56 -56 -56 -56 -49 -50 -50 -50 -50 -50 -50 -50 -50 -50 -50 -50 -50 -50 -50 -50 -51 -51 -51 -51 -51 -51 -51 -51 -51 -51 -51 -51 -51 -51 -51 -51 -51 -51 -51 -51 -51 -51 -51 -52 -52 -52 -52 -52 -52 -52 -52 -52 -52 -52 -52 -52 -52 -52 -52 -52 -52 -52 -52 -52 -52 -53 -53 -53 -53 -53 -53 -53 -53 -53 -53 -53 -53 -53 -53 -53 -53 -53 -53 -53 -53 -53 -53 -53 -53 -53 -53 -54 -54 -54 -54 -54 -54 -54 -54 -54 -54 -54 -54 -54 -54 -54 -54 -54 -54 -54 -54 -54 -54 -55 -54 -54 -54 -54 -55 -55 -55 -55 -55 -55 -55 -55 -55 -55 -55 -55 -55 -55 -55 -55 -55 -55 -55 -55 -55 -55 -55 -55 -55 -55 -55 -55 -55 -55 -55 -55 -56 -56 -56 -56 -56 -56 -56 -56 -56 -49 -49 -50 -50 -50 -50 -50 -50 -50 -50 -50 -50 -50 -50 -50 -50 -50 -50 -51 -51 -51 -51 -51 -51 -51 -51 -51 -51 -51 -51 -51 -51 -51 -51 -51 -51 -51 -51 -51 -51 -51 -51 -52 -52 -52 -52 -52 -52 -52 -52 -52 -52 -52 -52 -52 -52 -52 -52 -52 -52 -52 -52 -52 -53 -53 -53 -53 -53 -53 -53 -53 -53 -53 -53 -53 -53 -53 -53 -53 -53 -53 -53 -53 -53 -53 -53 -53 -53 -53 -54 -54 -54 -54 -54 -54 -54 -54 -54 -54 -54 -54 -54 -54 -54 -54 -54 -54 -54 -54 -54 -54 -54 -54 -54 -54 -55 -55 -55 -55 -55 -55 -55 -55 -55 -55 -55 -55 -55 -55 -55 -55 -55 -55 -55 -55 -55 -55 -55 -55 -55 -55 -55 -55 -55 -55 -55 -55 -55 -55 -56 -56 -56 -56 -56 -56 -56 -56 -49 -49 -49 -50 -50 -50 -50 -50 -50 -50 -50 -50 -50 -50 -50 -50 -50 -50 -50 -51 -51 -51 -51 -51 -51 -51 -51 -51 -51 -51 -51 -51 -51 -51 -51 -51 -51 -51 -51 -51 -51 -51 -51 -52 -52 -52 -52 -52 -52 -52 -52 -52 -52 -52 -52 -52 -52 -52 -52 -52 -52 -52 -52 -52 -52 -52 -53 -53 -53 -53 -53 -53 -53 -53 -53 -53 -53 -53 -53 -53 -53 -53 -53 -53 -53 -53 -53 -53 -53 -53 -53 -54 -54 -54 -54 -54 -54 -54 -54 -54 -54 -54 -54 -54 -54 -54 -54 -54 -54 -54 -54 -54 -54 -54 -54 -54 -55 -54 -55 -55 -55 -55 -55 -55 -55 -55 -55 -55 -55 -55 -55 -55 -55 -55 -55 -55 -55 -55 -55 -55 -55 -55 -55 -55 -55 -55 -55 -55 -55 -55 -55 -56 -56 -56 -56 -56 -56 -56 -56 -49 -49 -49 -49 -49 -49 -49 -49 -49 -49 -49 -49 -50 -50 -50 -50 -50 -50 -50 -50 -50 -50 -50 -50 -50 -50 -50 -50 -51 -51 -51 -51 -51 -51 -51 -51 -51 -51 -51 -51 -51 -51 -51 -51 -51 -51 -51 -51 -51 -51 -51 -52 -52 -52 -52 -52 -52 -52 -52 -52 -52 -52 -52 -52 -52 -52 -52 -52 -52 -52 -52 -52 -52 -52 -53 -53 -53 -53 -53 -53 -53 -53 -53 -53 -53 -53 -53 -53 -53 -53 -53 -53 -53 -53 -53 -53 -53 -53 -53 -53 -54 -54 -54 -54 -54 -54 -54 -54 -54 -54 -54 -54 -54 -54 -54 -54 -54 -54 -54 -54 -54 -54 -54 -54 -54 -54 -54 -55 -55 -55 -55 -55 -55 -55 -55 -55 -55 -55 -55 -55 -55 -55 -55 -55 -55 -55 -55 -55 -55 -55 -55 -55 -55 -55 -55 -55 -55 -55 -55 -55 -56 -56 -56 -56 -56 -56 -56 -56 -56 -56 -56 -56 -56 -56 -49 -49 -49 -49 -49 -49 -49 -49 -49 -49 -49 -49 -49 -49 -49 -50 -50 -50 -50 -50 -50 -50 -50 -50 -50 -50 -50 -50 -50 -50 -50 -50 -51 -51 -51 -51 -51 -51 -51 -51 -51 -51 -51 -51 -51 -51 -51 -51 -51 -51 -51 -51 -51 -51 -51 -52 -52 -52 -52 -52 -52 -52 -52 -52 -52 -52 -52 -52 -52 -52 -52 -52 -52 -52 -52 -52 -52 -52 -53 -53 -53 -53 -53 -53 -53 -53 -53 -53 -53 -53 -53 -53 -53 -53 -53 -53 -53 -53 -53 -53 -53 -53 -53 -53 -54 -54 -54 -54 -54 -54 -54 -54 -54 -54 -54 -54 -54 -54 -54 -54 -54 -54 -54 -54 -54 -54 -54 -54 -54 -54 -54 -55 -55 -55 -55 -55 -55 -55 -55 -55 -55 -55 -55 -55 -55 -55 -55 -55 -55 -55 -55 -55 -55 -55 -55 -55 -55 -55 -55 -55 -55 -55 -55 -55 -56 -56 -56 -56 -56 -56 -56 -56 -56 -56 -56 -56 -56 -56 -49 -49 -49 -49 -49 -49 -49 -49 -49 -49 -49 -49 -49 -49 -49 -49 -50 -50 -50 -50 -50 -50 -50 -50 -50 -50 -50 -50 -50 -50 -50 -50 -50 -50 -51 -51 -51 -51 -51 -51 -51 -51 -51 -51 -51 -51 -51 -51 -51 -51 -51 -51 -51 -51 -51 -51 -51 -52 -52 -52 -52 -52 -52 -52 -52 -52 -52 -52 -52 -52 -52 -52 -52 -52 -52 -52 -52 -52 -52 -53 -53 -53 -53 -53 -53 -53 -53 -53 -53 -53 -53 -53 -53 -53 -53 -53 -53 -53 -53 -53 -53 -53 -53 -53 -53 -54 -54 -54 -54 -54 -54 -54 -54 -54 -54 -54 -54 -54 -54 -54 -54 -54 -54 -54 -54 -54 -54 -54 -54 -54 -54 -54 -55 -55 -55 -55 -55 -55 -55 -55 -55 -55 -55 -55 -55 -55 -55 -55 -55 -55 -55 -55 -55 -55 -55 -55 -55 -55 -55 -55 -55 -55 -55 -55 -55 -55 -55 -56 -56 -56 -56 -56 -56 -56 -56 -56 -56 -56 -49 -49 -49 -49 -49 -49 -49 -49 -49 -49 -49 -49 -49 -49 -49 -49 -49 -49 -50 -50 -50 -50 -50 -50 -50 -50 -50 -50 -50 -50 -50 -50 -50 -50 -50 -50 -50 -51 -51 -51 -51 -51 -51 -51 -51 -51 -51 -51 -51 -51 -51 -51 -51 -51 -51 -51 -51 -51 -51 -52 -52 -52 -52 -52 -52 -52 -52 -52 -52 -52 -52 -52 -52 -52 -52 -52 -52 -52 -52 -52 -52 -53 -53 -53 -53 -53 -53 -53 -53 -53 -53 -53 -53 -53 -53 -53 -53 -53 -53 -53 -53 -53 -53 -53 -53 -53 -53 -54 -54 -54 -54 -54 -54 -54 -54 -54 -54 -54 -54 -54 -54 -54 -54 -54 -54 -54 -54 -54 -54 -54 -54 -54 -54 -55 -55 -55 -55 -55 -55 -55 -55 -55 -55 -55 -55 -55 -55 -55 -55 -55 -55 -55 -55 -55 -55 -55 -55 -55 -55 -55 -55 -55 -55 -55 -55 -55 -55 -55 -55 -55 -56 -56 -56 -56 -56 -56 -56 -56 -56 -48 -48 -48 -48 -48 -48 -49 -49 -49 -49 -49 -49 -49 -49 -49 -49 -49 -49 -49 -49 -49 -49 -49 -49 -50 -50 -50 -50 -50 -50 -50 -50 -50 -50 -50 -50 -50 -50 -50 -50 -50 -50 -50 -50 -50 -51 -51 -51 -51 -51 -51 -51 -51 -51 -51 -51 -51 -51 -51 -51 -51 -51 -51 -51 -51 -51 -51 -52 -52 -52 -52 -52 -52 -52 -52 -52 -52 -52 -52 -52 -52 -52 -52 -52 -52 -52 -52 -52 -52 -53 -53 -53 -53 -53 -53 -53 -53 -53 -53 -53 -53 -53 -53 -53 -53 -53 -53 -53 -53 -53 -53 -53 -53 -53 -53 -54 -54 -54 -54 -54 -54 -54 -54 -54 -54 -54 -54 -54 -54 -54 -54 -54 -54 -54 -54 -54 -54 -54 -54 -54 -54 -55 -55 -55 -55 -55 -55 -55 -55 -55 -55 -55 -55 -55 -55 -55 -55 -55 -55 -55 -55 -55 -55 -55 -55 -55 -55 -55 -55 -55 -55 -55 -55 -55 -55 -55 -56 -56 -56 -56 -56 -56 -56 -56 -56 -48 -48 -48 -48 -48 -48 -48 -48 -48 -48 -48 -48 -48 -48 -49 -49 -49 -49 -49 -49 -49 -49 -49 -49 -49 -49 -49 -49 -49 -49 -49 -49 -49 -50 -50 -50 -50 -50 -50 -50 -50 -50 -50 -50 -50 -50 -50 -50 -50 -50 -50 -50 -50 -50 -50 -51 -51 -51 -51 -51 -51 -51 -51 -51 -51 -51 -51 -51 -51 -51 -51 -51 -51 -51 -51 -51 -52 -52 -52 -52 -52 -52 -52 -52 -52 -52 -52 -52 -52 -52 -52 -52 -52 -52 -52 -52 -52 -52 -53 -53 -53 -53 -53 -53 -53 -53 -53 -53 -53 -53 -53 -53 -53 -53 -53 -53 -53 -53 -53 -53 -53 -53 -53 -53 -53 -54 -54 -54 -54 -54 -54 -54 -54 -54 -54 -54 -54 -54 -54 -54 -54 -54 -54 -54 -54 -54 -54 -54 -54 -54 -54 -54 -55 -55 -55 -55 -55 -55 -55 -55 -55 -55 -55 -55 -55 -55 -55 -55 -55 -55 -55 -55 -55 -55 -55 -55 -55 -55 -55 -55 -55 -55 -55 -55 -56 -56 -56 -56 -56 -56 -56 -56 -56 -56 -47 -48 -48 -48 -48 -48 -48 -48 -48 -48 -48 -48 -48 -48 -48 -48 -48 -48 -48 -49 -49 -49 -49 -49 -49 -49 -49 -49 -49 -49 -49 -49 -49 -49 -49 -49 -49 -50 -50 -50 -50 -50 -50 -50 -50 -50 -50 -50 -50 -50 -50 -50 -50 -50 -50 -50 -50 -50 -50 -51 -51 -51 -51 -51 -51 -51 -51 -51 -51 -51 -51 -51 -51 -51 -51 -51 -51 -51 -51 -51 -51 -52 -52 -52 -52 -52 -52 -52 -52 -52 -52 -52 -52 -52 -52 -52 -52 -52 -52 -52 -52 -52 -52 -53 -53 -53 -53 -53 -53 -53 -53 -53 -53 -53 -53 -53 -53 -53 -53 -53 -53 -53 -53 -53 -53 -53 -53 -53 -53 -53 -54 -54 -54 -54 -54 -54 -54 -54 -54 -54 -54 -54 -54 -54 -54 -54 -54 -54 -54 -54 -54 -54 -54 -54 -54 -54 -54 -55 -55 -55 -55 -55 -55 -55 -55 -55 -55 -55 -55 -55 -55 -55 -55 -55 -55 -55 -55 -55 -55 -55 -55 -55 -55 -55 -55 -55 -55 -56 -56 -56 -56 -56 -56 -56 -56 -56 -56 -47 -48 -48 -48 -48 -48 -48 -48 -48 -48 -48 -48 -48 -48 -48 -48 -48 -48 -48 -48 -48 -48 -48 -48 -48 -49 -49 -49 -49 -49 -49 -49 -49 -49 -49 -49 -49 -49 -49 -49 -49 -50 -50 -50 -50 -50 -50 -50 -50 -50 -50 -50 -50 -50 -50 -50 -50 -50 -50 -50 -50 -50 -50 -50 -50 -51 -51 -51 -51 -51 -51 -51 -51 -51 -51 -51 -51 -51 -51 -51 -51 -51 -51 -51 -51 -51 -51 -52 -52 -52 -52 -52 -52 -52 -52 -52 -52 -52 -52 -52 -52 -52 -52 -52 -52 -52 -52 -52 -52 -53 -53 -53 -53 -53 -53 -53 -53 -53 -53 -53 -53 -53 -53 -53 -53 -53 -53 -53 -53 -53 -53 -53 -53 -53 -53 -54 -54 -54 -54 -54 -54 -54 -54 -54 -54 -54 -54 -54 -54 -54 -54 -54 -54 -54 -54 -54 -54 -54 -54 -54 -54 -54 -55 -55 -55 -55 -55 -55 -55 -55 -55 -55 -55 -55 -55 -55 -55 -55 -55 -55 -55 -55 -55 -55 -55 -55 -55 -55 -55 -55 -55 -55 -55 -55 -56 -56 -56 -56 -56 -56 -56 -56 -56 -56 -56 -47 -47 -47 -48 -48 -48 -48 -48 -48 -48 -48 -48 -48 -48 -48 -48 -48 -48 -48 -48 -48 -48 -48 -48 -48 -48 -49 -49 -49 -49 -49 -49 -49 -49 -49 -49 -49 -49 -49 -49 -49 -49 -50 -50 -50 -50 -50 -50 -50 -50 -50 -50 -50 -50 -50 -50 -50 -50 -50 -50 -50 -50 -50 -50 -50 -50 -51 -51 -51 -51 -51 -51 -51 -51 -51 -51 -51 -51 -51 -51 -51 -51 -51 -51 -51 -51 -51 -51 -52 -52 -52 -52 -52 -52 -52 -52 -52 -52 -52 -52 -52 -52 -52 -52 -52 -52 -52 -52 -52 -52 -52 -53 -53 -53 -53 -53 -53 -53 -53 -53 -53 -53 -53 -53 -53 -53 -53 -53 -53 -53 -53 -53 -53 -53 -53 -53 -53 -53 -54 -54 -54 -54 -54 -54 -54 -54 -54 -54 -54 -54 -54 -54 -54 -54 -54 -54 -54 -54 -54 -54 -54 -54 -54 -54 -54 -54 -55 -55 -55 -55 -55 -55 -55 -55 -55 -55 -55 -55 -55 -55 -55 -55 -55 -55 -55 -55 -55 -55 -55 -55 -55 -55 -55 -55 -55 -55 -55 -56 -56 -56 -56 -56 -56 -56 -56 -56 -56 -56 -47 -47 -47 -47 -47 -48 -48 -48 -48 -48 -48 -48 -48 -48 -48 -48 -48 -48 -48 -48 -48 -48 -48 -48 -48 -48 -48 -48 -49 -49 -49 -49 -49 -49 -49 -49 -49 -49 -49 -49 -49 -49 -49 -49 -50 -50 -50 -50 -50 -50 -50 -50 -50 -50 -50 -50 -50 -50 -50 -50 -50 -50 -50 -50 -50 -50 -50 -50 -51 -51 -51 -51 -51 -51 -51 -51 -51 -51 -51 -51 -51 -51 -51 -51 -51 -51 -51 -51 -51 -51 -52 -52 -52 -52 -52 -52 -52 -52 -52 -52 -52 -52 -52 -52 -52 -52 -52 -52 -52 -52 -52 -52 -52 -53 -53 -53 -53 -53 -53 -53 -53 -53 -53 -53 -53 -53 -53 -53 -53 -53 -53 -53 -53 -53 -53 -53 -53 -53 -53 -53 -54 -54 -54 -54 -54 -54 -54 -54 -54 -54 -54 -54 -54 -54 -54 -54 -54 -54 -54 -54 -54 -54 -54 -54 -54 -54 -54 -54 -55 -55 -55 -55 -55 -55 -55 -55 -55 -55 -55 -55 -55 -55 -55 -55 -55 -55 -55 -55 -55 -55 -55 -55 -55 -55 -55 -55 -55 -55 -55 -55 -55 -56 -56 -56 -56 -56 -56 -56 -56 -56 -47 -47 -47 -47 -47 -48 -48 -48 -48 -48 -48 -48 -48 -48 -48 -48 -48 -48 -48 -48 -48 -48 -48 -48 -48 -48 -48 -48 -49 -49 -49 -49 -49 -49 -49 -49 -49 -49 -49 -49 -49 -49 -49 -49 -49 -49 -50 -50 -50 -50 -50 -50 -50 -50 -50 -50 -50 -50 -50 -50 -50 -50 -50 -50 -50 -50 -50 -50 -50 -51 -51 -51 -51 -51 -51 -51 -51 -51 -51 -51 -51 -51 -51 -51 -51 -51 -51 -51 -51 -51 -52 -52 -52 -52 -52 -52 -52 -52 -52 -52 -52 -52 -52 -52 -52 -52 -52 -52 -52 -52 -52 -52 -52 -53 -53 -53 -53 -53 -53 -53 -53 -53 -53 -53 -53 -53 -53 -53 -53 -53 -53 -53 -53 -53 -53 -53 -53 -53 -53 -54 -54 -54 -54 -54 -54 -54 -54 -54 -54 -54 -54 -54 -54 -54 -54 -54 -54 -54 -54 -54 -54 -54 -54 -54 -54 -54 -54 -54 -54 -54 -54 -55 -55 -55 -55 -55 -55 -55 -55 -55 -55 -55 -55 -55 -55 -55 -55 -55 -55 -55 -55 -55 -55 -55 -55 -55 -55 -55 -55 -55 -55 -55 -55 -56 -56 -56 -56 -56 -56 -47 -47 -47 -47 -47 -47 -47 -48 -48 -48 -48 -48 -48 -48 -48 -48 -48 -48 -48 -48 -48 -48 -48 -48 -48 -48 -48 -48 -48 -48 -49 -49 -49 -49 -49 -49 -49 -49 -49 -49 -49 -49 -49 -49 -49 -49 -49 -49 -50 -50 -50 -50 -50 -50 -50 -50 -50 -50 -50 -50 -50 -50 -50 -50 -50 -50 -50 -50 -50 -50 -51 -51 -51 -51 -51 -51 -51 -51 -51 -51 -51 -51 -51 -51 -51 -51 -51 -51 -51 -51 -52 -52 -52 -52 -52 -52 -52 -52 -52 -52 -52 -52 -52 -52 -52 -52 -52 -52 -52 -52 -52 -52 -52 -52 -53 -53 -53 -53 -53 -53 -53 -53 -53 -53 -53 -53 -53 -53 -53 -53 -53 -53 -53 -53 -53 -53 -53 -53 -53 -53 -54 -54 -54 -54 -54 -54 -54 -54 -54 -54 -54 -54 -54 -54 -54 -54 -54 -54 -54 -54 -54 -54 -54 -54 -54 -54 -54 -54 -54 -54 -54 -54 -54 -54 -55 -55 -55 -55 -55 -55 -55 -55 -55 -55 -55 -55 -55 -55 -55 -55 -55 -55 -55 -55 -55 -55 -55 -55 -55 -55 -55 -55 -55 -55 -55 -55 -55 -55 -56 -56 -47 -47 -47 -47 -47 -47 -47 -47 -48 -48 -48 -48 -48 -48 -48 -48 -48 -48 -48 -48 -48 -48 -48 -48 -48 -48 -48 -48 -48 -49 -49 -49 -49 -49 -49 -49 -49 -49 -49 -49 -49 -49 -49 -49 -49 -49 -49 -49 -50 -50 -50 -50 -50 -50 -50 -50 -50 -50 -50 -50 -50 -50 -50 -50 -50 -50 -50 -50 -50 -50 -51 -51 -51 -51 -51 -51 -51 -51 -51 -51 -51 -51 -51 -51 -51 -51 -51 -51 -51 -52 -52 -52 -52 -52 -52 -52 -52 -52 -52 -52 -52 -52 -52 -52 -52 -52 -52 -52 -52 -52 -52 -52 -52 -52 -53 -53 -53 -53 -53 -53 -53 -53 -53 -53 -53 -53 -53 -53 -53 -53 -53 -53 -53 -53 -53 -53 -53 -53 -53 -54 -54 -54 -54 -54 -54 -54 -54 -54 -54 -54 -54 -54 -54 -54 -54 -54 -54 -54 -54 -54 -54 -54 -54 -54 -54 -54 -54 -54 -54 -54 -54 -54 -54 -54 -55 -55 -55 -55 -55 -55 -55 -55 -55 -55 -55 -55 -55 -55 -55 -55 -55 -55 -55 -55 -55 -55 -55 -55 -55 -55 -55 -55 -55 -55 -55 -55 -55 -55 -55 -56 -56 -56 -47 -47 -47 -47 -47 -47 -47 -47 -47 -48 -48 -48 -48 -48 -48 -48 -48 -48 -48 -48 -48 -48 -48 -48 -48 -48 -48 -48 -48 -48 -49 -49 -49 -49 -49 -49 -49 -49 -49 -49 -49 -49 -49 -49 -49 -49 -49 -49 -49 -50 -50 -50 -50 -50 -50 -50 -50 -50 -50 -50 -50 -50 -50 -50 -50 -50 -50 -50 -50 -50 -50 -51 -51 -51 -51 -51 -51 -51 -51 -51 -51 -51 -51 -51 -51 -51 -51 -51 -51 -51 -52 -52 -52 -52 -52 -52 -52 -52 -52 -52 -52 -52 -52 -52 -52 -52 -52 -52 -52 -52 -52 -52 -52 -52 -53 -53 -53 -53 -53 -53 -53 -53 -53 -53 -53 -53 -53 -53 -53 -53 -53 -53 -53 -53 -53 -53 -53 -53 -53 -53 -54 -54 -54 -54 -54 -54 -54 -54 -54 -54 -54 -54 -54 -54 -54 -54 -54 -54 -54 -54 -54 -54 -54 -54 -54 -54 -54 -54 -54 -54 -54 -54 -54 -54 -54 -54 -55 -55 -55 -55 -55 -55 -55 -55 -55 -55 -55 -55 -55 -55 -55 -55 -55 -55 -55 -55 -55 -55 -55 -55 -55 -55 -55 -55 -55 -55 -55 -55 -55 -55 -55 -55 -47 -47 -47 -47 -47 -47 -47 -47 -47 -47 -48 -48 -48 -48 -48 -48 -48 -48 -48 -48 -48 -48 -48 -48 -48 -48 -48 -48 -48 -48 -48 -49 -49 -49 -49 -49 -49 -49 -49 -49 -49 -49 -49 -49 -49 -49 -49 -49 -49 -49 -49 -50 -50 -50 -50 -50 -50 -50 -50 -50 -50 -50 -50 -50 -50 -50 -50 -50 -50 -50 -50 -50 -51 -51 -51 -51 -51 -51 -51 -51 -51 -51 -51 -51 -51 -51 -51 -51 -51 -51 -51 -52 -52 -52 -52 -52 -52 -52 -52 -52 -52 -52 -52 -52 -52 -52 -52 -52 -52 -52 -52 -52 -52 -52 -52 -53 -53 -53 -53 -53 -53 -53 -53 -53 -53 -53 -53 -53 -53 -53 -53 -53 -53 -53 -53 -53 -53 -53 -53 -53 -53 -53 -53 -53 -53 -54 -54 -54 -54 -54 -54 -54 -54 -54 -54 -54 -54 -54 -54 -54 -54 -54 -54 -54 -54 -54 -54 -54 -54 -54 -54 -54 -54 -54 -54 -54 -54 -55 -55 -55 -55 -55 -55 -55 -55 -55 -55 -55 -55 -55 -55 -55 -55 -55 -55 -55 -55 -55 -55 -55 -55 -55 -55 -55 -55 -55 -55 -55 -55 -55 -55 -55 -55 -47 -47 -47 -47 -47 -47 -47 -47 -47 -47 -47 -47 -48 -48 -48 -48 -48 -48 -48 -48 -48 -48 -48 -48 -48 -48 -48 -48 -48 -48 -48 -48 -48 -49 -49 -49 -49 -49 -49 -49 -49 -49 -49 -49 -49 -49 -49 -49 -49 -49 -49 -49 -50 -50 -50 -50 -50 -50 -50 -50 -50 -50 -50 -50 -50 -50 -50 -50 -50 -50 -50 -50 -50 -51 -51 -51 -51 -51 -51 -51 -51 -51 -51 -51 -51 -51 -51 -51 -51 -51 -51 -51 -52 -52 -52 -52 -52 -52 -52 -52 -52 -52 -52 -52 -52 -52 -52 -52 -52 -52 -52 -52 -52 -52 -52 -52 -52 -52 -52 -52 -53 -53 -53 -53 -53 -53 -53 -53 -53 -53 -53 -53 -53 -53 -53 -53 -53 -53 -53 -53 -53 -53 -53 -53 -53 -53 -53 -54 -54 -54 -54 -54 -54 -54 -54 -54 -54 -54 -54 -54 -54 -54 -54 -54 -54 -54 -54 -54 -54 -54 -54 -54 -54 -54 -54 -54 -54 -54 -54 -54 -54 -54 -55 -55 -55 -55 -55 -55 -55 -55 -55 -55 -55 -55 -55 -55 -55 -55 -55 -55 -55 -55 -55 -55 -55 -55 -55 -55 -55 -55 -55 -55 -55 -55 -55 -47 -47 -47 -47 -48 -48 -48 -48 -48 -48 -48 -48 -48 -48 -48 -48 -48 -48 -48 -48 -48 -48 -48 -48 -48 -49 -49 -49 -49 -49 -49 -49 -49 -49 -49 -49 -49 -49 -49 -49 -49 -49 -49 -50 -50 -50 -50 -50 -50 -50 -50 -50 -50 -50 -50 -50 -50 -50 -50 -50 -50 -50 -50 -50 -50 -51 -51 -51 -51 -51 -51 -51 -51 -51 -51 -51 -51 -51 -51 -51 -51 -51 -51 -51 -52 -52 -52 -52 -52 -52 -52 -52 -52 -52 -52 -52 -52 -52 -52 -52 -52 -52 -52 -52 -52 -52 -52 -52 -52 -52 -53 -53 -53 -53 -53 -53 -53 -53 -53 -53 -53 -53 -53 -53 -53 -53 -53 -53 -53 -53 -53 -53 -53 -53 -53 -54 -54 -54 -55 -55 -55 -55 -55 -55 -55 -55 -55 -55 -55 -55 -55 -55 -55 -55 -55 -55 -55 -55 -55 -55 -55 -55 -55 -55 -55 -55 -55 -55 -55 -55 -55 -55 -56 -56 -56 -56 -56 -56 -56 -56 -56 -56 -56 -56 -56 -56 -56 -56 -56 -56 -56 -56 -56 -56 -56 -56 -56 -56 -56 -56 -56 -56 -56 -56 -56 -56 -56 -56 -56 -56 -56 -56 -56 -56 -56 -56 -47 -47 -47 -47 -47 -47 -47 -48 -48 -48 -48 -48 -48 -48 -48 -48 -48 -48 -48 -48 -48 -48 -48 -48 -48 -48 -48 -48 -49 -49 -49 -49 -49 -49 -49 -49 -49 -49 -49 -49 -49 -49 -49 -49 -49 -49 -50 -50 -50 -50 -50 -50 -50 -50 -50 -50 -50 -50 -50 -50 -50 -50 -50 -50 -50 -50 -50 -51 -51 -51 -51 -51 -51 -51 -51 -51 -51 -51 -51 -51 -51 -51 -51 -51 -51 -51 -51 -52 -51 -52 -52 -52 -52 -52 -52 -52 -52 -52 -52 -52 -52 -52 -52 -52 -52 -52 -52 -52 -52 -52 -52 -52 -53 -53 -53 -53 -53 -53 -53 -53 -53 -53 -53 -53 -53 -53 -53 -53 -53 -53 -53 -53 -53 -53 -53 -53 -53 -54 -54 -54 -55 -55 -55 -55 -55 -55 -55 -55 -55 -55 -55 -55 -55 -55 -55 -55 -55 -55 -55 -55 -55 -55 -55 -55 -55 -55 -55 -55 -55 -55 -55 -55 -55 -55 -55 -56 -56 -56 -56 -56 -56 -56 -56 -56 -56 -56 -56 -56 -56 -56 -56 -56 -56 -56 -56 -56 -56 -56 -56 -56 -56 -56 -56 -56 -56 -56 -56 -56 -56 -56 -56 -56 -56 -56 -56 -56 -56 -47 -47 -47 -47 -47 -47 -47 -47 -47 -48 -48 -48 -48 -48 -48 -48 -48 -48 -48 -48 -48 -48 -48 -48 -48 -48 -48 -48 -48 -48 -49 -49 -49 -49 -49 -49 -49 -49 -49 -49 -49 -49 -49 -49 -49 -49 -49 -50 -50 -50 -50 -50 -50 -50 -50 -50 -50 -50 -50 -50 -50 -50 -50 -50 -50 -50 -50 -50 -50 -51 -51 -51 -51 -51 -51 -51 -51 -51 -51 -51 -51 -51 -51 -51 -51 -51 -51 -51 -51 -51 -51 -52 -52 -52 -52 -52 -52 -52 -52 -52 -52 -52 -52 -52 -52 -52 -52 -52 -52 -52 -52 -52 -52 -53 -53 -53 -53 -53 -53 -53 -53 -53 -53 -53 -53 -53 -53 -53 -53 -53 -53 -53 -53 -53 -53 -53 -53 -53 -54 -54 -54 -54 -54 -54 -54 -54 -55 -55 -55 -55 -55 -55 -55 -55 -55 -55 -55 -55 -55 -55 -55 -55 -55 -55 -55 -55 -55 -55 -55 -55 -55 -55 -55 -55 -55 -55 -55 -55 -55 -55 -55 -56 -56 -56 -56 -56 -56 -56 -56 -56 -56 -56 -56 -56 -56 -56 -56 -56 -56 -56 -56 -56 -56 -56 -56 -56 -56 -56 -56 -56 -56 -56 -56 -56 -56 -56 -47 -47 -47 -47 -47 -47 -47 -47 -47 -47 -47 -47 -48 -48 -48 -48 -48 -48 -48 -48 -48 -48 -48 -48 -48 -48 -48 -48 -48 -48 -48 -48 -49 -49 -49 -49 -49 -49 -49 -49 -49 -49 -49 -49 -49 -49 -49 -49 -49 -49 -49 -50 -50 -50 -50 -50 -50 -50 -50 -50 -50 -50 -50 -50 -50 -50 -50 -50 -50 -50 -50 -51 -51 -51 -51 -51 -51 -51 -51 -51 -51 -51 -51 -51 -51 -51 -51 -51 -51 -51 -51 -51 -51 -52 -52 -52 -52 -52 -52 -52 -52 -52 -52 -52 -52 -52 -52 -52 -52 -52 -52 -52 -52 -52 -52 -53 -53 -53 -53 -53 -53 -53 -53 -53 -53 -53 -53 -53 -53 -53 -53 -53 -53 -53 -53 -53 -53 -53 -54 -54 -54 -54 -54 -54 -54 -54 -54 -54 -54 -55 -55 -55 -55 -55 -55 -55 -55 -55 -55 -55 -55 -55 -55 -55 -55 -55 -55 -55 -55 -55 -55 -55 -55 -55 -55 -55 -55 -55 -55 -55 -55 -55 -55 -55 -55 -55 -56 -56 -56 -56 -56 -56 -56 -56 -56 -56 -56 -56 -56 -56 -56 -56 -56 -56 -56 -56 -56 -56 -56 -56 -56 -56 -56 -56 -56 -56 -56 -47 -47 -47 -47 -47 -47 -47 -47 -47 -47 -47 -47 -47 -47 -48 -48 -48 -48 -48 -48 -48 -48 -48 -48 -48 -48 -48 -48 -48 -48 -48 -48 -48 -49 -49 -49 -49 -49 -49 -49 -49 -49 -49 -49 -49 -49 -49 -49 -49 -49 -49 -49 -49 -50 -50 -50 -50 -50 -50 -50 -50 -50 -50 -50 -50 -50 -50 -50 -50 -50 -50 -50 -50 -51 -51 -51 -51 -51 -51 -51 -51 -51 -51 -51 -51 -51 -51 -51 -51 -51 -51 -51 -51 -52 -52 -52 -52 -52 -52 -52 -52 -52 -52 -52 -52 -52 -52 -52 -52 -52 -52 -52 -52 -52 -52 -52 -52 -53 -53 -53 -53 -53 -53 -53 -53 -53 -53 -53 -53 -53 -53 -53 -53 -53 -53 -53 -53 -53 -54 -54 -54 -54 -54 -54 -54 -54 -54 -54 -54 -54 -55 -55 -55 -55 -55 -55 -55 -55 -55 -55 -55 -55 -55 -55 -55 -55 -55 -55 -55 -55 -55 -55 -55 -55 -55 -55 -55 -55 -55 -55 -55 -55 -55 -55 -55 -55 -55 -55 -55 -56 -56 -56 -56 -56 -56 -56 -56 -56 -56 -56 -56 -56 -56 -56 -56 -56 -56 -56 -56 -56 -56 -56 -56 -56 -56 -56 -56 -56 -47 -47 -47 -47 -47 -47 -47 -47 -47 -47 -47 -47 -47 -47 -47 -48 -48 -48 -48 -48 -48 -48 -48 -48 -48 -48 -48 -48 -48 -48 -48 -48 -48 -48 -48 -49 -49 -49 -49 -49 -49 -49 -49 -49 -49 -49 -49 -49 -49 -49 -49 -49 -49 -50 -50 -50 -50 -50 -50 -50 -50 -50 -50 -50 -50 -50 -50 -50 -50 -50 -50 -50 -50 -50 -51 -51 -51 -51 -51 -51 -51 -51 -51 -51 -51 -51 -51 -51 -51 -51 -51 -51 -51 -51 -51 -52 -51 -52 -52 -52 -52 -52 -52 -52 -52 -52 -52 -52 -52 -52 -52 -52 -52 -52 -52 -52 -52 -53 -53 -53 -53 -53 -53 -53 -53 -53 -53 -53 -53 -53 -53 -53 -53 -53 -53 -53 -53 -54 -54 -54 -54 -54 -54 -54 -54 -54 -54 -54 -54 -54 -54 -54 -55 -55 -55 -55 -55 -55 -55 -55 -55 -55 -55 -55 -55 -55 -55 -55 -55 -55 -55 -55 -55 -55 -55 -55 -55 -55 -55 -55 -55 -55 -55 -55 -55 -55 -55 -55 -55 -55 -55 -55 -55 -56 -56 -56 -56 -56 -56 -56 -56 -56 -56 -56 -56 -56 -56 -56 -56 -56 -56 -56 -56 -56 -56 -56 -56 -56 -56 -47 -47 -47 -47 -47 -47 -47 -47 -47 -47 -47 -47 -47 -47 -48 -48 -48 -48 -48 -48 -48 -48 -48 -48 -48 -48 -48 -48 -48 -48 -48 -48 -48 -48 -49 -49 -49 -49 -49 -49 -49 -49 -49 -49 -49 -49 -49 -49 -49 -49 -49 -49 -50 -50 -50 -50 -50 -50 -50 -50 -50 -50 -50 -50 -50 -50 -50 -50 -50 -50 -50 -50 -50 -51 -51 -51 -51 -51 -51 -51 -51 -51 -51 -51 -51 -51 -51 -51 -51 -51 -51 -51 -51 -51 -51 -52 -52 -52 -52 -52 -52 -52 -52 -52 -52 -52 -52 -52 -52 -52 -52 -52 -52 -52 -52 -52 -53 -53 -53 -53 -53 -53 -53 -53 -53 -53 -53 -53 -53 -53 -53 -53 -53 -53 -54 -54 -54 -54 -54 -54 -54 -54 -54 -54 -54 -54 -54 -54 -54 -54 -54 -54 -54 -55 -55 -55 -55 -55 -55 -55 -55 -55 -55 -55 -55 -55 -55 -55 -55 -55 -55 -55 -55 -55 -55 -55 -55 -55 -55 -55 -55 -55 -55 -55 -55 -55 -55 -55 -55 -55 -55 -55 -55 -55 -55 -56 -56 -56 -56 -56 -56 -56 -56 -56 -56 -56 -56 -56 -56 -56 -56 -56 -56 -56 -56 -56 -56 -56 -56 -56 -47 -47 -47 -47 -47 -47 -47 -47 -47 -47 -47 -47 -47 -47 -47 -48 -48 -48 -48 -48 -48 -48 -48 -48 -48 -48 -48 -48 -48 -48 -48 -48 -48 -48 -48 -49 -49 -49 -49 -49 -49 -49 -49 -49 -49 -49 -49 -49 -49 -49 -49 -49 -49 -50 -50 -50 -50 -50 -50 -50 -50 -50 -50 -50 -50 -50 -50 -50 -50 -50 -50 -50 -50 -51 -51 -51 -51 -51 -51 -51 -51 -51 -51 -51 -51 -51 -51 -51 -51 -51 -51 -51 -51 -51 -51 -51 -52 -52 -52 -52 -52 -52 -52 -52 -52 -52 -52 -52 -52 -52 -52 -52 -52 -52 -52 -52 -52 -53 -53 -53 -53 -53 -53 -53 -53 -53 -53 -53 -53 -53 -53 -53 -53 -54 -54 -54 -54 -54 -54 -54 -54 -54 -54 -54 -54 -54 -54 -54 -54 -54 -54 -54 -55 -54 -55 -55 -55 -55 -55 -55 -55 -55 -55 -55 -55 -55 -55 -55 -55 -55 -55 -55 -55 -55 -55 -55 -55 -55 -55 -55 -55 -55 -55 -55 -55 -55 -55 -55 -55 -55 -55 -55 -55 -55 -55 -55 -55 -55 -55 -56 -56 -56 -56 -56 -56 -56 -56 -56 -56 -56 -56 -56 -56 -56 -56 -56 -56 -56 -56 -56 -56 -56 -47 -47 -47 -47 -47 -47 -47 -47 -47 -47 -47 -47 -47 -47 -47 -47 -47 -47 -48 -48 -48 -48 -48 -48 -48 -48 -48 -48 -48 -48 -48 -48 -48 -48 -48 -48 -48 -49 -49 -49 -49 -49 -49 -49 -49 -49 -49 -49 -49 -49 -49 -49 -49 -49 -49 -50 -50 -50 -50 -50 -50 -50 -50 -50 -50 -50 -50 -50 -50 -50 -50 -50 -50 -50 -50 -51 -51 -51 -51 -51 -51 -51 -51 -51 -51 -51 -51 -51 -51 -51 -51 -51 -51 -51 -51 -51 -51 -51 -52 -52 -52 -52 -52 -52 -52 -52 -52 -52 -52 -52 -52 -52 -52 -52 -52 -52 -52 -52 -53 -53 -53 -53 -53 -53 -53 -53 -53 -53 -53 -53 -53 -53 -53 -54 -54 -54 -54 -54 -54 -54 -54 -54 -54 -54 -54 -54 -54 -54 -54 -54 -54 -54 -54 -54 -54 -54 -54 -54 -54 -55 -55 -55 -55 -55 -55 -55 -55 -55 -55 -55 -55 -55 -55 -55 -55 -55 -55 -55 -55 -55 -55 -55 -55 -55 -55 -55 -55 -55 -55 -55 -55 -55 -55 -55 -55 -55 -55 -55 -55 -55 -55 -55 -55 -55 -55 -55 -56 -56 -56 -56 -56 -56 -56 -56 -56 -56 -56 -56 -56 -56 -56 -46 -46 -47 -47 -47 -47 -47 -47 -47 -47 -47 -47 -47 -47 -47 -47 -47 -47 -47 -47 -48 -48 -48 -48 -48 -48 -48 -48 -48 -48 -48 -48 -48 -48 -48 -48 -48 -48 -48 -49 -49 -49 -49 -49 -49 -49 -49 -49 -49 -49 -49 -49 -49 -49 -49 -49 -49 -50 -50 -50 -50 -50 -50 -50 -50 -50 -50 -50 -50 -50 -50 -50 -50 -50 -50 -50 -50 -51 -51 -51 -51 -51 -51 -51 -51 -51 -51 -51 -51 -51 -51 -51 -51 -51 -51 -51 -51 -51 -52 -52 -52 -52 -52 -52 -52 -52 -52 -52 -52 -52 -52 -52 -52 -52 -52 -52 -52 -52 -52 -52 -52 -52 -53 -53 -53 -53 -53 -53 -53 -53 -53 -53 -53 -54 -54 -54 -54 -54 -54 -54 -54 -54 -54 -54 -54 -54 -54 -54 -54 -54 -54 -54 -54 -54 -54 -54 -54 -54 -54 -54 -54 -54 -54 -55 -55 -55 -55 -55 -55 -55 -55 -55 -55 -55 -55 -55 -55 -55 -55 -55 -55 -55 -55 -55 -55 -55 -55 -55 -55 -55 -55 -55 -55 -55 -55 -55 -55 -55 -55 -55 -55 -55 -55 -55 -55 -55 -55 -55 -55 -55 -55 -55 -55 -56 -56 -56 -56 -56 -56 -56 -56 -56 -56 -56 -56 -56 -56 -56 -46 -46 -47 -47 -47 -47 -47 -47 -47 -47 -47 -47 -47 -47 -47 -47 -47 -47 -47 -47 -47 -47 -48 -48 -48 -48 -48 -48 -48 -48 -48 -48 -48 -48 -48 -48 -48 -48 -48 -48 -49 -49 -49 -49 -49 -49 -49 -49 -49 -49 -49 -49 -49 -49 -49 -49 -49 -49 -50 -50 -50 -50 -50 -50 -50 -50 -50 -50 -50 -50 -50 -50 -50 -50 -50 -50 -51 -51 -51 -51 -51 -51 -51 -51 -51 -51 -51 -51 -51 -51 -51 -51 -51 -51 -51 -51 -51 -51 -51 -51 -52 -52 -52 -52 -52 -52 -52 -52 -52 -52 -52 -52 -52 -52 -52 -52 -52 -52 -52 -52 -52 -52 -52 -53 -53 -53 -53 -53 -53 -53 -53 -53 -54 -54 -54 -54 -54 -54 -54 -54 -54 -54 -54 -54 -54 -54 -54 -54 -54 -54 -54 -54 -54 -54 -54 -54 -54 -54 -54 -54 -54 -54 -54 -54 -54 -54 -55 -55 -55 -55 -55 -55 -55 -55 -55 -55 -55 -55 -55 -55 -55 -55 -55 -55 -55 -55 -55 -55 -55 -55 -55 -55 -55 -55 -55 -55 -55 -55 -55 -55 -55 -55 -55 -55 -55 -55 -55 -55 -55 -55 -55 -55 -55 -55 -55 -55 -55 -55 -55 -55 -55 -56 -56 -56 -56 -56 -56 -56 -56 -46 -46 -46 -46 -47 -47 -47 -47 -47 -47 -47 -47 -47 -47 -47 -47 -47 -47 -47 -47 -47 -47 -47 -47 -48 -48 -48 -48 -48 -48 -48 -48 -48 -48 -48 -48 -48 -48 -48 -48 -48 -48 -49 -49 -49 -49 -49 -49 -49 -49 -49 -49 -49 -49 -49 -49 -49 -49 -49 -49 -49 -50 -50 -50 -50 -50 -50 -50 -50 -50 -50 -50 -50 -50 -50 -50 -50 -50 -51 -51 -51 -51 -51 -51 -51 -51 -51 -51 -51 -51 -51 -51 -51 -51 -51 -51 -51 -51 -51 -51 -51 -51 -52 -52 -52 -52 -52 -52 -52 -52 -52 -52 -52 -52 -52 -52 -52 -52 -52 -52 -52 -52 -52 -52 -52 -53 -53 -53 -53 -53 -53 -53 -53 -54 -54 -54 -54 -54 -54 -54 -54 -54 -54 -54 -54 -54 -54 -54 -54 -54 -54 -54 -54 -54 -54 -54 -54 -54 -54 -54 -54 -54 -54 -54 -54 -54 -54 -54 -54 -54 -55 -55 -55 -55 -55 -55 -55 -55 -55 -55 -55 -55 -55 -55 -55 -55 -55 -55 -55 -55 -55 -55 -55 -55 -55 -55 -55 -55 -55 -55 -55 -55 -55 -55 -55 -55 -55 -55 -55 -55 -55 -55 -55 -55 -55 -55 -55 -55 -55 -55 -55 -55 -55 -55 -55 -55 -55 -55 -46 -46 -46 -46 -46 -46 -47 -47 -47 -47 -47 -47 -47 -47 -47 -47 -47 -47 -47 -47 -47 -47 -47 -47 -47 -47 -48 -48 -48 -48 -48 -48 -48 -48 -48 -48 -48 -48 -48 -48 -48 -48 -48 -48 -49 -49 -49 -49 -49 -49 -49 -49 -49 -49 -49 -49 -49 -49 -49 -49 -49 -49 -49 -50 -50 -50 -50 -50 -50 -50 -50 -50 -50 -50 -50 -50 -50 -50 -50 -50 -51 -51 -51 -51 -51 -51 -51 -51 -51 -51 -51 -51 -51 -51 -51 -51 -51 -51 -51 -51 -51 -51 -51 -51 -52 -52 -52 -52 -52 -52 -52 -52 -52 -52 -52 -52 -52 -52 -52 -52 -52 -52 -52 -52 -52 -52 -52 -53 -53 -53 -53 -53 -53 -53 -53 -53 -54 -53 -54 -54 -54 -54 -54 -54 -54 -54 -54 -54 -54 -54 -54 -54 -54 -54 -54 -54 -54 -54 -54 -54 -54 -54 -54 -54 -54 -54 -54 -54 -54 -54 -54 -54 -54 -54 -54 -55 -55 -55 -55 -55 -55 -55 -55 -55 -55 -55 -55 -55 -55 -55 -55 -55 -55 -55 -55 -55 -55 -55 -55 -55 -55 -55 -55 -55 -55 -55 -55 -55 -55 -55 -55 -55 -55 -55 -55 -55 -55 -55 -55 -55 -55 -55 -55 -55 -55 -55 -55 -55 -46 -46 -46 -46 -46 -46 -46 -46 -46 -47 -47 -47 -47 -47 -47 -47 -47 -47 -47 -47 -47 -47 -47 -47 -47 -47 -47 -47 -48 -48 -48 -48 -48 -48 -48 -48 -48 -48 -48 -48 -48 -48 -48 -48 -48 -48 -49 -49 -49 -49 -49 -49 -49 -49 -49 -49 -49 -49 -49 -49 -49 -49 -49 -49 -49 -50 -50 -50 -50 -50 -50 -50 -50 -50 -50 -50 -50 -50 -50 -50 -50 -50 -50 -51 -51 -51 -51 -51 -51 -51 -51 -51 -51 -51 -51 -51 -51 -51 -51 -51 -51 -51 -51 -51 -51 -51 -52 -52 -52 -52 -52 -52 -52 -52 -52 -52 -52 -52 -52 -52 -52 -52 -52 -52 -52 -52 -52 -52 -52 -53 -53 -53 -53 -53 -53 -53 -53 -53 -53 -54 -54 -54 -54 -54 -54 -54 -54 -54 -54 -54 -54 -54 -54 -54 -54 -54 -54 -54 -54 -54 -54 -54 -54 -54 -54 -54 -54 -54 -54 -54 -54 -54 -54 -54 -54 -54 -54 -54 -54 -55 -55 -55 -55 -55 -55 -55 -55 -55 -55 -55 -55 -55 -55 -55 -55 -55 -55 -55 -55 -55 -55 -55 -55 -55 -55 -55 -55 -55 -55 -55 -55 -55 -55 -55 -55 -55 -55 -55 -55 -55 -55 -55 -55 -55 -55 -55 -55 -55 -46 -46 -46 -46 -46 -46 -46 -46 -46 -46 -47 -47 -47 -47 -47 -47 -47 -47 -47 -47 -47 -47 -47 -47 -47 -47 -47 -47 -47 -48 -48 -48 -48 -48 -48 -48 -48 -48 -48 -48 -48 -48 -48 -48 -48 -48 -48 -49 -49 -49 -49 -49 -49 -49 -49 -49 -49 -49 -49 -49 -49 -49 -49 -49 -49 -49 -50 -50 -50 -50 -50 -50 -50 -50 -50 -50 -50 -50 -50 -50 -50 -50 -50 -50 -51 -51 -51 -51 -51 -51 -51 -51 -51 -51 -51 -51 -51 -51 -51 -51 -51 -51 -51 -51 -51 -51 -52 -52 -52 -52 -52 -52 -52 -52 -52 -52 -52 -52 -52 -52 -52 -52 -52 -52 -52 -52 -52 -52 -52 -52 -52 -53 -53 -53 -53 -53 -53 -53 -53 -53 -53 -53 -54 -54 -54 -54 -54 -54 -54 -54 -54 -54 -54 -54 -54 -54 -54 -54 -54 -54 -54 -54 -54 -54 -54 -54 -54 -54 -54 -54 -54 -54 -54 -54 -54 -54 -54 -54 -54 -54 -54 -55 -55 -55 -55 -55 -55 -55 -55 -55 -55 -55 -55 -55 -55 -55 -55 -55 -55 -55 -55 -55 -55 -55 -55 -55 -55 -55 -55 -55 -55 -55 -55 -55 -55 -55 -55 -55 -55 -55 -55 -55 -55 -55 -55 -55 -55 -46 -46 -46 -46 -46 -46 -46 -46 -46 -46 -46 -46 -46 -47 -47 -47 -47 -47 -47 -47 -47 -47 -47 -47 -47 -47 -47 -47 -47 -47 -47 -48 -48 -48 -48 -48 -48 -48 -48 -48 -48 -48 -48 -48 -48 -48 -48 -48 -48 -49 -49 -49 -49 -49 -49 -49 -49 -49 -49 -49 -49 -49 -49 -49 -49 -49 -49 -50 -50 -50 -50 -50 -50 -50 -50 -50 -50 -50 -50 -50 -50 -50 -50 -50 -50 -50 -51 -51 -51 -51 -51 -51 -51 -51 -51 -51 -51 -51 -51 -51 -51 -51 -51 -51 -51 -51 -51 -51 -52 -52 -52 -52 -52 -52 -52 -52 -52 -52 -52 -52 -52 -52 -52 -52 -52 -52 -52 -52 -52 -52 -52 -53 -53 -53 -53 -53 -53 -53 -53 -53 -53 -53 -53 -53 -54 -54 -54 -54 -54 -54 -54 -54 -54 -54 -54 -54 -54 -54 -54 -54 -54 -54 -54 -54 -54 -54 -54 -54 -54 -54 -54 -54 -54 -54 -54 -54 -54 -54 -54 -54 -54 -54 -54 -54 -54 -55 -55 -55 -55 -55 -55 -55 -55 -55 -55 -55 -55 -55 -55 -55 -55 -55 -55 -55 -55 -55 -55 -55 -55 -55 -55 -55 -55 -55 -55 -55 -55 -55 -55 -55 -55 -55 -55 -55 -55 -55 -55 -46 -46 -46 -46 -46 -46 -46 -46 -46 -46 -46 -46 -46 -46 -46 -47 -47 -47 -47 -47 -47 -47 -47 -47 -47 -47 -47 -47 -47 -47 -47 -47 -48 -48 -48 -48 -48 -48 -48 -48 -48 -48 -48 -48 -48 -48 -48 -48 -48 -48 -49 -49 -49 -49 -49 -49 -49 -49 -49 -49 -49 -49 -49 -49 -49 -49 -49 -49 -49 -50 -50 -50 -50 -50 -50 -50 -50 -50 -50 -50 -50 -50 -50 -50 -50 -50 -50 -50 -51 -51 -51 -51 -51 -51 -51 -51 -51 -51 -51 -51 -51 -51 -51 -51 -51 -51 -51 -51 -51 -52 -52 -52 -52 -52 -52 -52 -52 -52 -52 -52 -52 -52 -52 -52 -52 -52 -52 -52 -52 -52 -53 -53 -53 -53 -53 -53 -53 -53 -53 -53 -53 -53 -53 -53 -53 -53 -53 -53 -54 -54 -54 -54 -54 -54 -54 -54 -54 -54 -54 -54 -54 -54 -54 -54 -54 -54 -54 -54 -54 -54 -54 -54 -54 -54 -54 -54 -54 -54 -54 -54 -54 -54 -54 -54 -54 -54 -54 -54 -54 -54 -55 -54 -54 -55 -55 -55 -55 -55 -55 -55 -55 -55 -55 -55 -55 -55 -55 -55 -55 -55 -55 -55 -55 -55 -55 -55 -55 -55 -55 -55 -55 -55 -55 -55 -55 -55 -46 -46 -46 -46 -46 -46 -46 -46 -46 -46 -46 -46 -46 -46 -47 -47 -47 -47 -47 -47 -47 -47 -47 -47 -47 -47 -47 -47 -47 -47 -47 -47 -48 -48 -48 -48 -48 -48 -48 -48 -48 -48 -48 -48 -48 -48 -48 -48 -48 -48 -49 -49 -49 -49 -49 -49 -49 -49 -49 -49 -49 -49 -49 -49 -49 -49 -49 -49 -50 -50 -50 -50 -50 -50 -50 -50 -50 -50 -50 -50 -50 -50 -50 -50 -50 -50 -50 -51 -51 -51 -51 -51 -51 -51 -51 -51 -51 -51 -51 -51 -51 -51 -51 -51 -51 -51 -51 -51 -51 -52 -52 -52 -52 -52 -52 -52 -52 -52 -52 -52 -52 -52 -52 -52 -52 -52 -52 -52 -53 -53 -53 -53 -53 -53 -53 -53 -53 -53 -53 -53 -53 -53 -53 -53 -53 -53 -53 -53 -54 -53 -54 -54 -54 -54 -54 -54 -54 -54 -54 -54 -54 -54 -54 -54 -54 -54 -54 -54 -54 -54 -54 -54 -54 -54 -54 -54 -54 -54 -54 -54 -54 -54 -54 -54 -54 -54 -54 -54 -54 -54 -54 -54 -54 -54 -54 -55 -55 -55 -55 -55 -55 -55 -55 -55 -55 -55 -55 -55 -55 -55 -55 -55 -55 -55 -55 -55 -55 -55 -55 -55 -55 -55 -55 -55 -46 -46 -46 -46 -46 -46 -46 -46 -46 -46 -46 -46 -46 -47 -47 -47 -47 -47 -47 -47 -47 -47 -47 -47 -47 -47 -47 -47 -47 -47 -47 -48 -48 -48 -48 -48 -48 -48 -48 -48 -48 -48 -48 -48 -48 -48 -48 -48 -48 -49 -49 -49 -49 -49 -49 -49 -49 -49 -49 -49 -49 -49 -49 -49 -49 -49 -49 -50 -50 -50 -50 -50 -50 -50 -50 -50 -50 -50 -50 -50 -50 -50 -50 -50 -50 -50 -51 -51 -51 -51 -51 -51 -51 -51 -51 -51 -51 -51 -51 -51 -51 -51 -51 -51 -51 -51 -51 -51 -52 -52 -52 -52 -52 -52 -52 -52 -52 -52 -52 -52 -52 -52 -52 -52 -52 -53 -53 -53 -53 -53 -53 -53 -53 -53 -53 -53 -53 -53 -53 -53 -53 -53 -53 -53 -53 -53 -53 -53 -53 -53 -53 -54 -54 -54 -54 -54 -54 -54 -54 -54 -54 -54 -54 -54 -54 -54 -54 -54 -54 -54 -54 -54 -54 -54 -54 -54 -54 -54 -54 -54 -54 -54 -54 -54 -54 -54 -54 -54 -54 -54 -54 -54 -54 -54 -54 -54 -54 -54 -54 -54 -55 -55 -55 -55 -55 -55 -55 -55 -55 -55 -55 -55 -55 -55 -55 -55 -55 -55 -55 -55 -55 -46 -46 -46 -46 -46 -46 -46 -46 -46 -46 -46 -46 -46 -46 -46 -47 -47 -47 -47 -47 -47 -47 -47 -47 -47 -47 -47 -47 -47 -47 -47 -47 -48 -48 -48 -48 -48 -48 -48 -48 -48 -48 -48 -48 -48 -48 -48 -48 -48 -49 -49 -49 -49 -49 -49 -49 -49 -49 -49 -49 -49 -49 -49 -49 -49 -49 -49 -49 -50 -50 -50 -50 -50 -50 -50 -50 -50 -50 -50 -50 -50 -50 -50 -50 -50 -50 -51 -51 -51 -51 -51 -51 -51 -51 -51 -51 -51 -51 -51 -51 -51 -51 -51 -51 -51 -51 -51 -51 -51 -52 -52 -52 -52 -52 -52 -52 -52 -52 -52 -52 -52 -52 -52 -52 -53 -53 -53 -53 -53 -53 -53 -53 -53 -53 -53 -53 -53 -53 -53 -53 -53 -53 -53 -53 -53 -53 -53 -53 -53 -53 -53 -53 -53 -53 -54 -54 -54 -54 -54 -54 -54 -54 -54 -54 -54 -54 -54 -54 -54 -54 -54 -54 -54 -54 -54 -54 -54 -54 -54 -54 -54 -54 -54 -54 -54 -54 -54 -54 -54 -54 -54 -54 -54 -54 -54 -54 -54 -54 -54 -54 -54 -54 -54 -54 -54 -54 -54 -54 -55 -55 -55 -55 -55 -54 -55 -55 -55 -55 -55 -55 -46 -46 -46 -46 -46 -46 -46 -46 -46 -46 -46 -46 -46 -46 -46 -46 -46 -47 -47 -47 -47 -47 -47 -47 -47 -47 -47 -47 -47 -47 -47 -47 -47 -47 -48 -48 -48 -48 -48 -48 -48 -48 -48 -48 -48 -48 -48 -48 -48 -48 -48 -49 -49 -49 -49 -49 -49 -49 -49 -49 -49 -49 -49 -49 -49 -49 -49 -49 -49 -50 -50 -50 -50 -50 -50 -50 -50 -50 -50 -50 -50 -50 -50 -50 -50 -50 -50 -50 -51 -51 -51 -51 -51 -51 -51 -51 -51 -51 -51 -51 -51 -51 -51 -51 -51 -51 -51 -51 -51 -51 -51 -52 -52 -52 -52 -52 -52 -52 -52 -52 -52 -52 -52 -52 -53 -53 -53 -53 -53 -53 -53 -53 -53 -53 -53 -53 -53 -53 -53 -53 -53 -53 -53 -53 -53 -53 -53 -53 -53 -53 -53 -53 -53 -53 -53 -53 -53 -53 -54 -54 -54 -54 -54 -54 -54 -54 -54 -54 -54 -54 -54 -54 -54 -54 -54 -54 -54 -54 -54 -54 -54 -54 -54 -54 -54 -54 -54 -54 -54 -54 -54 -54 -54 -54 -54 -54 -54 -54 -54 -54 -54 -54 -54 -54 -54 -54 -54 -54 -54 -54 -54 -54 -54 -54 -54 -54 -54 -54 -54 -54 -45 -45 -46 -46 -46 -46 -46 -46 -46 -46 -46 -46 -46 -46 -46 -46 -46 -46 -46 -46 -46 -47 -47 -47 -47 -47 -47 -47 -47 -47 -47 -47 -47 -47 -47 -47 -47 -48 -48 -48 -48 -48 -48 -48 -48 -48 -48 -48 -48 -48 -48 -48 -48 -48 -49 -49 -49 -49 -49 -49 -49 -49 -49 -49 -49 -49 -49 -49 -49 -49 -49 -49 -49 -50 -50 -50 -50 -50 -50 -50 -50 -50 -50 -50 -50 -50 -50 -50 -50 -50 -51 -51 -51 -51 -51 -51 -51 -51 -51 -51 -51 -51 -51 -51 -51 -51 -51 -51 -51 -51 -51 -51 -51 -51 -51 -52 -52 -52 -52 -52 -52 -52 -52 -52 -52 -52 -53 -53 -53 -53 -53 -53 -53 -53 -53 -53 -53 -53 -53 -53 -53 -53 -53 -53 -53 -53 -53 -53 -53 -53 -53 -53 -53 -53 -53 -53 -53 -53 -53 -53 -53 -53 -53 -53 -54 -54 -54 -54 -54 -54 -54 -54 -54 -54 -54 -54 -54 -54 -54 -54 -54 -54 -54 -54 -54 -54 -54 -54 -54 -54 -54 -54 -54 -54 -54 -54 -54 -54 -54 -54 -54 -54 -54 -54 -54 -54 -54 -54 -54 -54 -54 -54 -54 -54 -54 -54 -54 -54 -54 -54 -54 -45 -45 -45 -45 -45 -45 -45 -46 -46 -46 -46 -46 -46 -46 -46 -46 -46 -46 -46 -46 -46 -46 -46 -46 -46 -47 -47 -47 -47 -47 -47 -47 -47 -47 -47 -47 -47 -47 -47 -47 -47 -48 -48 -48 -48 -48 -48 -48 -48 -48 -48 -48 -48 -48 -48 -48 -48 -48 -49 -49 -49 -49 -49 -49 -49 -49 -49 -49 -49 -49 -49 -49 -49 -49 -49 -49 -50 -50 -50 -50 -50 -50 -50 -50 -50 -50 -50 -50 -50 -50 -50 -50 -50 -50 -50 -50 -51 -51 -51 -51 -51 -51 -51 -51 -51 -51 -51 -51 -51 -51 -51 -51 -51 -51 -51 -51 -51 -51 -51 -52 -52 -52 -52 -52 -52 -52 -52 -52 -52 -52 -52 -53 -53 -53 -53 -53 -53 -53 -53 -53 -53 -53 -53 -53 -53 -53 -53 -53 -53 -53 -53 -53 -53 -53 -53 -53 -53 -53 -53 -53 -53 -53 -53 -53 -53 -53 -53 -53 -53 -53 -53 -54 -54 -54 -54 -54 -54 -54 -54 -54 -54 -54 -54 -54 -54 -54 -54 -54 -54 -54 -54 -54 -54 -54 -54 -54 -54 -54 -54 -54 -54 -54 -54 -54 -54 -54 -54 -54 -54 -54 -54 -54 -54 -54 -54 -54 -54 -54 -54 -54 -54 -54 -45 -45 -45 -45 -45 -45 -45 -45 -45 -45 -46 -46 -46 -46 -46 -46 -46 -46 -46 -46 -46 -46 -46 -46 -46 -46 -46 -46 -47 -47 -47 -47 -47 -47 -47 -47 -47 -47 -47 -47 -47 -47 -47 -47 -48 -48 -48 -48 -48 -48 -48 -48 -48 -48 -48 -48 -48 -48 -48 -48 -48 -49 -49 -49 -49 -49 -49 -49 -49 -49 -49 -49 -49 -49 -49 -49 -49 -49 -49 -49 -50 -50 -50 -50 -50 -50 -50 -50 -50 -50 -50 -50 -50 -50 -50 -50 -50 -50 -50 -51 -51 -51 -51 -51 -51 -51 -51 -51 -51 -51 -51 -51 -51 -51 -51 -51 -51 -51 -51 -51 -51 -51 -52 -52 -52 -52 -52 -52 -52 -52 -52 -52 -52 -52 -53 -53 -53 -53 -53 -53 -53 -53 -53 -53 -53 -53 -53 -53 -53 -53 -53 -53 -53 -53 -53 -53 -53 -53 -53 -53 -53 -53 -53 -53 -53 -53 -53 -53 -53 -53 -53 -53 -53 -53 -53 -53 -53 -53 -54 -54 -54 -54 -54 -54 -54 -54 -54 -54 -54 -54 -54 -54 -54 -54 -54 -54 -54 -54 -54 -54 -54 -54 -54 -54 -54 -54 -54 -54 -54 -54 -54 -54 -54 -54 -54 -54 -54 -54 -54 -54 -54 -54 -45 -45 -45 -45 -45 -45 -45 -45 -45 -45 -45 -45 -46 -46 -46 -46 -46 -46 -46 -46 -46 -46 -46 -46 -46 -46 -46 -46 -46 -47 -47 -47 -47 -47 -47 -47 -47 -47 -47 -47 -47 -47 -47 -47 -47 -47 -48 -48 -48 -48 -48 -48 -48 -48 -48 -48 -48 -48 -48 -48 -48 -48 -48 -49 -49 -49 -49 -49 -49 -49 -49 -49 -49 -49 -49 -49 -49 -49 -49 -49 -49 -50 -50 -50 -50 -50 -50 -50 -50 -50 -50 -50 -50 -50 -50 -50 -50 -50 -50 -50 -51 -51 -51 -51 -51 -51 -51 -51 -51 -51 -51 -51 -51 -51 -51 -51 -51 -51 -51 -51 -51 -51 -51 -51 -51 -52 -52 -52 -52 -52 -52 -52 -52 -52 -52 -52 -52 -53 -53 -53 -53 -53 -53 -53 -53 -53 -53 -53 -53 -53 -53 -53 -53 -53 -53 -53 -53 -53 -53 -53 -53 -53 -53 -53 -53 -53 -53 -53 -53 -53 -53 -53 -53 -53 -53 -53 -53 -53 -53 -54 -54 -54 -54 -54 -54 -54 -54 -54 -54 -54 -54 -54 -54 -54 -54 -54 -54 -54 -54 -54 -54 -54 -54 -54 -54 -54 -54 -54 -54 -54 -54 -54 -54 -54 -54 -54 -54 -54 -54 -54 -54 -54 -45 -45 -45 -45 -45 -45 -45 -45 -45 -45 -45 -45 -45 -45 -45 -45 -45 -46 -46 -46 -46 -46 -46 -46 -46 -46 -46 -46 -46 -46 -46 -46 -46 -46 -47 -47 -47 -47 -47 -47 -47 -47 -47 -47 -47 -47 -47 -47 -47 -47 -47 -48 -48 -48 -48 -48 -48 -48 -48 -48 -48 -48 -48 -48 -48 -48 -48 -48 -49 -49 -49 -49 -49 -49 -49 -49 -49 -49 -49 -49 -49 -49 -49 -49 -49 -49 -50 -50 -50 -50 -50 -50 -50 -50 -50 -50 -50 -50 -50 -50 -50 -50 -50 -50 -50 -51 -51 -51 -51 -51 -51 -51 -51 -51 -51 -51 -51 -51 -51 -51 -51 -51 -51 -51 -51 -51 -51 -51 -51 -51 -52 -52 -52 -52 -52 -52 -52 -52 -52 -52 -52 -52 -52 -53 -53 -53 -53 -53 -53 -53 -53 -53 -53 -53 -53 -53 -53 -53 -53 -53 -53 -53 -53 -53 -53 -53 -53 -53 -53 -53 -53 -53 -53 -53 -53 -53 -53 -53 -53 -53 -53 -53 -53 -53 -53 -53 -53 -53 -54 -54 -54 -54 -54 -54 -54 -54 -54 -54 -54 -54 -54 -54 -54 -54 -54 -54 -54 -54 -54 -54 -54 -54 -54 -54 -54 -54 -54 -54 -54 -54 -54 -54 -54 -54 -44 -44 -44 -45 -45 -45 -45 -45 -45 -45 -45 -45 -45 -45 -45 -45 -45 -45 -45 -46 -46 -46 -46 -46 -46 -46 -46 -46 -46 -46 -46 -46 -46 -46 -46 -46 -47 -47 -47 -47 -47 -47 -47 -47 -47 -47 -47 -47 -47 -47 -47 -47 -47 -48 -48 -48 -48 -48 -48 -48 -48 -48 -48 -48 -48 -48 -48 -48 -48 -48 -49 -49 -49 -49 -49 -49 -49 -49 -49 -49 -49 -49 -49 -49 -49 -49 -49 -50 -50 -50 -50 -50 -50 -50 -50 -50 -50 -50 -50 -50 -50 -50 -50 -50 -50 -50 -50 -50 -51 -51 -51 -51 -51 -51 -51 -51 -51 -51 -51 -51 -51 -51 -51 -51 -51 -51 -51 -51 -51 -51 -51 -52 -52 -52 -52 -52 -52 -52 -52 -52 -52 -52 -52 -52 -52 -52 -52 -52 -53 -53 -53 -53 -53 -53 -53 -53 -53 -53 -53 -53 -53 -53 -53 -53 -53 -53 -53 -53 -53 -53 -53 -53 -53 -53 -53 -53 -53 -53 -53 -53 -53 -53 -53 -53 -53 -53 -53 -53 -53 -53 -53 -53 -53 -53 -53 -53 -54 -54 -54 -54 -54 -54 -54 -54 -54 -54 -54 -54 -54 -54 -54 -54 -54 -54 -54 -54 -54 -54 -54 -54 -54 -54 -54 -44 -44 -44 -44 -44 -45 -45 -45 -45 -45 -45 -45 -45 -45 -45 -45 -45 -45 -45 -45 -45 -46 -46 -46 -46 -46 -46 -46 -46 -46 -46 -46 -46 -46 -46 -46 -46 -46 -47 -47 -47 -47 -47 -47 -47 -47 -47 -47 -47 -47 -47 -47 -47 -47 -47 -48 -48 -48 -48 -48 -48 -48 -48 -48 -48 -48 -48 -48 -48 -48 -48 -48 -49 -49 -49 -49 -49 -49 -49 -49 -49 -49 -49 -49 -49 -49 -49 -49 -50 -50 -50 -50 -50 -50 -50 -50 -50 -50 -50 -50 -50 -50 -50 -50 -50 -50 -50 -50 -50 -50 -51 -51 -51 -51 -51 -51 -51 -51 -51 -51 -51 -51 -51 -51 -51 -51 -51 -51 -51 -51 -51 -52 -52 -52 -52 -52 -52 -52 -52 -52 -52 -52 -52 -52 -52 -52 -52 -52 -52 -52 -52 -52 -53 -53 -53 -53 -53 -53 -53 -53 -53 -53 -53 -53 -53 -53 -53 -53 -53 -53 -53 -53 -53 -53 -53 -53 -53 -53 -53 -53 -53 -53 -53 -53 -53 -53 -53 -53 -53 -53 -53 -53 -53 -53 -53 -53 -53 -53 -53 -53 -53 -53 -53 -53 -53 -54 -54 -54 -54 -54 -54 -54 -54 -54 -54 -54 -54 -54 -54 -54 -54 -54 -54 -44 -44 -44 -44 -44 -44 -45 -45 -45 -45 -45 -45 -45 -45 -45 -45 -45 -45 -45 -45 -45 -45 -45 -46 -46 -46 -46 -46 -46 -46 -46 -46 -46 -46 -46 -46 -46 -46 -46 -47 -47 -47 -47 -47 -47 -47 -47 -47 -47 -47 -47 -47 -47 -47 -47 -47 -48 -48 -48 -48 -48 -48 -48 -48 -48 -48 -48 -48 -48 -48 -48 -48 -48 -49 -49 -49 -49 -49 -49 -49 -49 -49 -49 -49 -49 -49 -49 -49 -49 -49 -50 -50 -50 -50 -50 -50 -50 -50 -50 -50 -50 -50 -50 -50 -50 -50 -50 -50 -50 -50 -50 -51 -51 -51 -51 -51 -51 -51 -51 -51 -51 -51 -51 -51 -51 -51 -51 -51 -51 -51 -52 -52 -52 -52 -52 -52 -52 -52 -52 -52 -52 -52 -52 -52 -52 -52 -52 -52 -52 -52 -52 -52 -52 -52 -52 -52 -52 -52 -53 -53 -53 -53 -53 -53 -53 -53 -53 -53 -53 -53 -53 -53 -53 -53 -53 -53 -53 -53 -53 -53 -53 -53 -53 -53 -53 -53 -53 -53 -53 -53 -53 -53 -53 -53 -53 -53 -53 -53 -53 -53 -53 -53 -53 -53 -53 -53 -53 -53 -53 -53 -53 -53 -53 -53 -53 -53 -53 -54 -54 -54 -54 -54 -44 -44 -44 -44 -44 -44 -44 -44 -44 -44 -45 -45 -45 -45 -45 -45 -45 -45 -45 -45 -45 -45 -45 -45 -45 -45 -45 -46 -46 -46 -46 -46 -46 -46 -46 -46 -46 -46 -46 -46 -46 -46 -46 -47 -47 -47 -47 -47 -47 -47 -47 -47 -47 -47 -47 -47 -47 -47 -47 -47 -48 -48 -48 -48 -48 -48 -48 -48 -48 -48 -48 -48 -48 -48 -48 -48 -48 -49 -49 -49 -49 -49 -49 -49 -49 -49 -49 -49 -49 -49 -49 -49 -49 -50 -50 -50 -50 -50 -50 -50 -50 -50 -50 -50 -50 -50 -50 -50 -50 -50 -50 -50 -50 -50 -50 -51 -51 -51 -51 -51 -51 -51 -51 -51 -51 -51 -51 -51 -51 -51 -51 -51 -52 -52 -52 -52 -52 -52 -52 -52 -52 -52 -52 -52 -52 -52 -52 -52 -52 -52 -52 -52 -52 -52 -52 -52 -52 -52 -52 -52 -52 -52 -52 -52 -53 -53 -53 -53 -53 -53 -53 -53 -53 -53 -53 -53 -53 -53 -53 -53 -53 -53 -53 -53 -53 -53 -53 -53 -53 -53 -53 -53 -53 -53 -53 -53 -53 -53 -53 -53 -53 -53 -53 -53 -53 -53 -53 -53 -53 -53 -53 -53 -53 -53 -53 -53 -53 -53 -53 -53 -53 -53 -53 -53 -53 -44 -44 -44 -44 -44 -44 -44 -44 -44 -44 -44 -44 -44 -45 -45 -45 -45 -45 -45 -45 -45 -45 -45 -45 -45 -45 -45 -45 -45 -45 -46 -46 -46 -46 -46 -46 -46 -46 -46 -46 -46 -46 -46 -46 -46 -46 -47 -47 -47 -47 -47 -47 -47 -47 -47 -47 -47 -47 -47 -47 -47 -47 -47 -48 -48 -48 -48 -48 -48 -48 -48 -48 -48 -48 -48 -48 -48 -48 -48 -49 -49 -49 -49 -49 -49 -49 -49 -49 -49 -49 -49 -49 -49 -49 -49 -49 -49 -50 -50 -50 -50 -50 -50 -50 -50 -50 -50 -50 -50 -50 -50 -50 -50 -50 -50 -50 -50 -50 -51 -51 -51 -51 -51 -51 -51 -51 -51 -51 -51 -51 -51 -51 -51 -52 -52 -52 -52 -52 -52 -52 -52 -52 -52 -52 -52 -52 -52 -52 -52 -52 -52 -52 -52 -52 -52 -52 -52 -52 -52 -52 -52 -52 -52 -52 -52 -52 -52 -52 -52 -52 -52 -53 -53 -53 -53 -53 -53 -53 -53 -53 -53 -53 -53 -53 -53 -53 -53 -53 -53 -53 -53 -53 -53 -53 -53 -53 -53 -53 -53 -53 -53 -53 -53 -53 -53 -53 -53 -53 -53 -53 -53 -53 -53 -53 -53 -53 -53 -53 -53 -53 -53 -53 -53 -53 -53 -53 -53 -53 -53 -44 -44 -44 -44 -44 -44 -44 -44 -44 -44 -44 -44 -44 -44 -44 -45 -45 -45 -45 -45 -45 -45 -45 -45 -45 -45 -45 -45 -45 -45 -45 -45 -46 -46 -46 -46 -46 -46 -46 -46 -46 -46 -46 -46 -46 -46 -46 -46 -47 -47 -47 -47 -47 -47 -47 -47 -47 -47 -47 -47 -47 -47 -47 -47 -47 -48 -48 -48 -48 -48 -48 -48 -48 -48 -48 -48 -48 -48 -48 -48 -48 -49 -49 -49 -49 -49 -49 -49 -49 -49 -49 -49 -49 -49 -49 -49 -49 -49 -50 -50 -50 -50 -50 -50 -50 -50 -50 -50 -50 -50 -50 -50 -50 -50 -50 -50 -50 -50 -50 -50 -51 -51 -51 -51 -51 -51 -51 -51 -51 -51 -51 -51 -51 -51 -51 -52 -52 -52 -52 -52 -52 -52 -52 -52 -52 -52 -52 -52 -52 -52 -52 -52 -52 -52 -52 -52 -52 -52 -52 -52 -52 -52 -52 -52 -52 -52 -52 -52 -52 -52 -52 -52 -52 -52 -52 -52 -52 -53 -53 -53 -53 -53 -53 -53 -53 -53 -53 -53 -53 -53 -53 -53 -53 -53 -53 -53 -53 -53 -53 -53 -53 -53 -53 -53 -53 -53 -53 -53 -53 -53 -53 -53 -53 -53 -53 -53 -53 -53 -53 -53 -53 -53 -53 -53 -53 -53 -53 -53 -53 -53 -43 -43 -44 -44 -44 -44 -44 -44 -44 -44 -44 -44 -44 -44 -44 -44 -44 -44 -45 -45 -45 -45 -45 -45 -45 -45 -45 -45 -45 -45 -45 -45 -45 -46 -46 -46 -46 -46 -46 -46 -46 -46 -46 -46 -46 -46 -46 -46 -46 -46 -47 -47 -47 -47 -47 -47 -47 -47 -47 -47 -47 -47 -47 -47 -47 -47 -48 -48 -48 -48 -48 -48 -48 -48 -48 -48 -48 -48 -48 -48 -48 -48 -48 -49 -49 -49 -49 -49 -49 -49 -49 -49 -49 -49 -49 -49 -49 -49 -49 -49 -50 -50 -50 -50 -50 -50 -50 -50 -50 -50 -50 -50 -50 -50 -50 -50 -50 -50 -50 -50 -50 -50 -50 -51 -51 -51 -51 -51 -51 -51 -51 -51 -51 -51 -51 -52 -52 -52 -52 -52 -52 -52 -52 -52 -52 -52 -52 -52 -52 -52 -52 -52 -52 -52 -52 -52 -52 -52 -52 -52 -52 -52 -52 -52 -52 -52 -52 -52 -52 -52 -52 -52 -52 -52 -52 -52 -52 -52 -52 -52 -52 -52 -52 -53 -53 -53 -53 -53 -53 -53 -53 -53 -53 -53 -53 -53 -53 -53 -53 -53 -53 -53 -53 -53 -53 -53 -53 -53 -53 -53 -53 -53 -53 -53 -53 -53 -53 -53 -53 -53 -53 -53 -53 -53 -53 -53 -53 -53 -53 -53 -53 -43 -44 -44 -44 -44 -44 -44 -44 -44 -44 -44 -44 -44 -44 -44 -45 -45 -45 -45 -45 -45 -45 -45 -45 -45 -45 -45 -45 -45 -45 -45 -46 -46 -46 -46 -46 -46 -46 -46 -46 -46 -46 -46 -46 -46 -46 -46 -47 -47 -47 -47 -47 -47 -47 -47 -47 -47 -47 -47 -47 -47 -47 -47 -48 -48 -48 -48 -48 -48 -48 -48 -48 -48 -48 -48 -48 -48 -48 -48 -49 -49 -49 -49 -49 -49 -49 -49 -49 -49 -49 -49 -49 -49 -49 -49 -49 -49 -50 -50 -50 -50 -50 -50 -50 -50 -50 -50 -50 -50 -50 -50 -50 -50 -50 -50 -50 -50 -50 -50 -50 -51 -51 -51 -51 -51 -51 -51 -51 -51 -51 -51 -51 -51 -51 -51 -52 -52 -52 -52 -52 -52 -52 -52 -52 -52 -52 -52 -52 -52 -52 -52 -52 -52 -52 -52 -52 -52 -52 -52 -52 -52 -52 -52 -52 -52 -52 -52 -52 -52 -52 -52 -52 -52 -52 -52 -52 -52 -52 -53 -53 -52 -53 -53 -53 -53 -53 -53 -53 -53 -53 -53 -53 -53 -53 -53 -53 -53 -53 -53 -53 -53 -53 -53 -53 -53 -53 -53 -53 -53 -53 -53 -53 -53 -53 -53 -53 -53 -53 -53 -53 -53 -53 -53 -53 -53 -53 -53 -43 -43 -44 -44 -44 -44 -44 -44 -44 -44 -44 -44 -45 -45 -45 -45 -45 -45 -45 -45 -45 -45 -45 -45 -45 -45 -45 -45 -45 -46 -46 -46 -46 -46 -46 -46 -46 -46 -46 -46 -46 -46 -46 -46 -46 -46 -47 -47 -47 -47 -47 -47 -47 -47 -47 -47 -47 -47 -47 -47 -47 -47 -48 -48 -48 -48 -48 -48 -48 -48 -48 -48 -48 -48 -48 -48 -48 -48 -49 -49 -49 -49 -49 -49 -49 -49 -49 -49 -49 -49 -49 -49 -49 -49 -49 -49 -50 -50 -50 -50 -50 -50 -50 -50 -50 -50 -50 -50 -50 -50 -50 -50 -50 -50 -50 -50 -50 -50 -50 -50 -51 -51 -51 -51 -51 -51 -51 -51 -51 -51 -51 -51 -51 -51 -51 -51 -51 -52 -52 -52 -52 -52 -52 -52 -52 -52 -52 -52 -52 -52 -52 -52 -52 -52 -52 -52 -52 -52 -52 -52 -52 -52 -52 -52 -52 -52 -52 -52 -52 -52 -52 -52 -52 -52 -52 -52 -52 -52 -52 -52 -52 -52 -52 -52 -53 -53 -53 -53 -53 -53 -53 -53 -53 -53 -53 -53 -53 -53 -53 -53 -53 -53 -53 -53 -53 -53 -53 -53 -53 -53 -53 -53 -53 -53 -53 -53 -53 -53 -53 -53 -53 -53 -53 -53 -44 -44 -44 -44 -44 -44 -44 -44 -45 -44 -44 -45 -45 -45 -45 -45 -45 -45 -45 -45 -45 -45 -45 -45 -45 -45 -45 -46 -46 -46 -46 -46 -46 -46 -46 -46 -46 -46 -46 -46 -46 -46 -46 -46 -47 -47 -47 -47 -47 -47 -47 -47 -47 -47 -47 -47 -47 -47 -47 -47 -48 -48 -48 -48 -48 -48 -48 -48 -48 -48 -48 -48 -48 -48 -48 -48 -49 -49 -49 -49 -49 -49 -49 -49 -49 -49 -49 -49 -49 -49 -49 -49 -49 -49 -49 -50 -50 -50 -50 -50 -50 -50 -50 -50 -50 -50 -50 -50 -50 -50 -50 -50 -50 -50 -50 -50 -50 -50 -50 -51 -51 -51 -51 -51 -51 -51 -51 -51 -51 -51 -51 -51 -51 -51 -51 -51 -51 -52 -52 -52 -52 -52 -52 -52 -52 -52 -52 -52 -52 -52 -52 -52 -52 -52 -52 -52 -52 -52 -52 -52 -52 -52 -52 -52 -52 -52 -52 -52 -52 -52 -52 -52 -52 -52 -52 -52 -52 -52 -52 -52 -52 -52 -52 -52 -52 -52 -52 -52 -53 -53 -53 -53 -53 -53 -53 -53 -53 -53 -53 -53 -53 -53 -53 -53 -53 -53 -53 -53 -53 -53 -53 -53 -53 -53 -53 -53 -53 -53 -53 -53 -53 -44 -44 -44 -44 -44 -45 -45 -45 -45 -45 -45 -45 -45 -45 -45 -45 -45 -45 -45 -45 -46 -46 -46 -46 -46 -46 -46 -46 -46 -46 -46 -46 -46 -46 -46 -46 -47 -47 -47 -47 -47 -47 -47 -47 -47 -47 -47 -47 -47 -47 -47 -47 -48 -48 -48 -48 -48 -48 -48 -48 -48 -48 -48 -48 -48 -48 -48 -48 -49 -49 -49 -49 -49 -49 -49 -49 -49 -49 -49 -49 -49 -49 -49 -49 -49 -49 -49 -50 -50 -50 -50 -50 -50 -50 -50 -50 -50 -50 -50 -50 -50 -50 -50 -50 -50 -50 -50 -50 -50 -50 -50 -51 -51 -51 -51 -51 -51 -51 -51 -51 -51 -51 -51 -51 -51 -51 -51 -51 -51 -51 -51 -52 -52 -52 -52 -52 -52 -52 -52 -52 -52 -52 -52 -52 -52 -52 -52 -52 -52 -52 -52 -52 -52 -52 -52 -52 -52 -52 -52 -52 -52 -52 -52 -52 -52 -52 -52 -52 -52 -52 -52 -52 -52 -52 -52 -52 -52 -52 -52 -52 -52 -52 -52 -52 -52 -52 -52 -52 -52 -52 -52 -53 -53 -53 -53 -53 -53 -53 -53 -53 -53 -53 -53 -53 -53 -53 -53 -53 -53 -53 -44 -44 -44 -44 -44 -45 -45 -45 -45 -45 -45 -45 -45 -45 -45 -45 -45 -45 -45 -45 -46 -46 -46 -46 -46 -46 -46 -46 -46 -46 -46 -46 -46 -46 -46 -46 -47 -47 -47 -47 -47 -47 -47 -47 -47 -47 -47 -47 -47 -47 -47 -47 -48 -48 -48 -48 -48 -48 -48 -48 -48 -48 -48 -48 -48 -48 -48 -48 -49 -49 -49 -49 -49 -49 -49 -49 -49 -49 -49 -49 -49 -49 -49 -49 -49 -49 -49 -50 -50 -50 -50 -50 -50 -50 -50 -50 -50 -50 -50 -50 -50 -50 -50 -50 -50 -50 -50 -50 -50 -51 -51 -51 -51 -51 -51 -51 -51 -51 -51 -51 -51 -51 -51 -51 -51 -51 -51 -51 -51 -51 -51 -51 -51 -51 -51 -51 -51 -52 -52 -52 -52 -52 -52 -52 -52 -52 -52 -52 -52 -52 -52 -52 -52 -52 -52 -52 -52 -52 -52 -52 -52 -52 -52 -52 -52 -52 -52 -52 -52 -52 -52 -52 -52 -52 -52 -52 -52 -52 -52 -52 -52 -52 -52 -52 -52 -52 -52 -52 -52 -52 -52 -52 -52 -52 -52 -52 -52 -52 -52 -52 -52 -52 -52 -52 -52 -52 -52 -44 -44 -44 -44 -44 -44 -44 -45 -45 -45 -45 -45 -45 -45 -45 -45 -45 -45 -45 -45 -45 -46 -46 -46 -46 -46 -46 -46 -46 -46 -46 -46 -46 -46 -46 -46 -46 -47 -47 -47 -47 -47 -47 -47 -47 -47 -47 -47 -47 -47 -47 -47 -47 -48 -48 -48 -48 -48 -48 -48 -48 -48 -48 -48 -48 -48 -48 -48 -48 -49 -49 -49 -49 -49 -49 -49 -49 -49 -49 -49 -49 -49 -49 -49 -49 -49 -49 -49 -50 -50 -50 -50 -50 -50 -50 -50 -50 -50 -50 -50 -50 -50 -50 -50 -50 -50 -50 -50 -51 -51 -51 -51 -51 -51 -51 -51 -51 -51 -51 -51 -51 -51 -51 -51 -51 -51 -51 -51 -51 -51 -51 -51 -51 -51 -51 -51 -51 -51 -51 -51 -51 -52 -52 -52 -52 -52 -52 -52 -52 -52 -52 -52 -52 -52 -52 -52 -52 -52 -52 -52 -52 -52 -52 -52 -52 -52 -52 -52 -52 -52 -52 -52 -52 -52 -52 -52 -52 -52 -52 -52 -52 -52 -52 -52 -52 -52 -52 -52 -52 -52 -52 -52 -52 -52 -52 -52 -52 -52 -52 -52 -52 -52 -52 -52 -44 -44 -44 -44 -44 -44 -44 -44 -45 -45 -45 -45 -45 -45 -45 -45 -45 -45 -45 -45 -45 -45 -45 -46 -46 -46 -46 -46 -46 -46 -46 -46 -46 -46 -46 -46 -46 -46 -46 -47 -47 -47 -47 -47 -47 -47 -47 -47 -47 -47 -47 -47 -47 -47 -47 -48 -48 -48 -48 -48 -48 -48 -48 -48 -48 -48 -48 -48 -48 -48 -48 -49 -49 -49 -49 -49 -49 -49 -49 -49 -49 -49 -49 -49 -49 -49 -49 -49 -49 -49 -49 -50 -50 -50 -50 -50 -50 -50 -50 -50 -50 -50 -50 -50 -50 -50 -50 -50 -51 -51 -51 -51 -51 -51 -51 -51 -51 -51 -51 -51 -51 -51 -51 -51 -51 -51 -51 -51 -51 -51 -51 -51 -51 -51 -51 -51 -51 -51 -51 -51 -51 -51 -51 -51 -51 -51 -51 -52 -52 -52 -52 -52 -52 -52 -52 -52 -52 -52 -52 -52 -52 -52 -52 -52 -52 -52 -52 -52 -52 -52 -52 -52 -52 -52 -52 -52 -52 -52 -52 -52 -52 -52 -52 -52 -52 -52 -52 -52 -52 -52 -52 -52 -52 -52 -52 -52 -52 -52 -52 -52 -52 -52 -44 -44 -44 -44 -44 -44 -44 -44 -44 -45 -45 -45 -45 -45 -45 -45 -45 -45 -45 -45 -45 -45 -45 -45 -45 -45 -46 -46 -46 -46 -46 -46 -46 -46 -46 -46 -46 -46 -46 -46 -46 -47 -47 -47 -47 -47 -47 -47 -47 -47 -47 -47 -47 -47 -47 -47 -47 -48 -48 -48 -48 -48 -48 -48 -48 -48 -48 -48 -48 -48 -48 -48 -49 -49 -49 -49 -49 -49 -49 -49 -49 -49 -49 -49 -49 -49 -49 -49 -49 -49 -49 -49 -49 -49 -50 -50 -50 -50 -50 -50 -50 -50 -50 -50 -50 -50 -50 -50 -50 -51 -51 -51 -51 -51 -51 -51 -51 -51 -51 -51 -51 -51 -51 -51 -51 -51 -51 -51 -51 -51 -51 -51 -51 -51 -51 -51 -51 -51 -51 -51 -51 -51 -51 -51 -51 -51 -51 -51 -51 -51 -51 -51 -51 -51 -52 -52 -52 -52 -52 -52 -52 -52 -52 -52 -52 -52 -52 -52 -52 -52 -52 -52 -52 -52 -52 -52 -52 -52 -52 -52 -52 -52 -52 -52 -52 -52 -52 -52 -52 -52 -52 -52 -52 -52 -52 -52 -52 -52 -52 -52 -52 -43 -43 -43 -43 -43 -44 -44 -44 -44 -44 -44 -44 -44 -44 -44 -44 -44 -44 -44 -45 -45 -45 -45 -45 -45 -45 -45 -45 -45 -45 -45 -45 -45 -45 -45 -45 -46 -46 -46 -46 -46 -46 -46 -46 -46 -46 -46 -46 -46 -46 -46 -47 -47 -47 -47 -47 -47 -47 -47 -47 -47 -47 -47 -47 -47 -47 -48 -48 -48 -48 -48 -48 -48 -48 -48 -48 -48 -48 -48 -48 -48 -48 -49 -49 -49 -49 -49 -49 -49 -49 -49 -49 -49 -49 -49 -49 -49 -49 -49 -49 -49 -49 -49 -49 -50 -50 -50 -50 -50 -50 -50 -50 -50 -50 -50 -50 -50 -50 -50 -50 -51 -51 -51 -51 -51 -51 -51 -51 -51 -51 -51 -51 -51 -51 -51 -51 -51 -51 -51 -51 -51 -51 -51 -51 -51 -51 -51 -51 -51 -51 -51 -51 -51 -51 -51 -51 -51 -51 -51 -51 -51 -51 -51 -51 -51 -51 -52 -52 -52 -52 -52 -52 -52 -52 -52 -52 -52 -52 -52 -52 -52 -52 -52 -52 -52 -52 -52 -52 -52 -52 -52 -52 -52 -52 -52 -52 -52 -52 -52 -52 -52 -52 -52 -52 -52 -52 -52 -52 -52 -43 -43 -43 -43 -43 -43 -43 -43 -43 -43 -43 -43 -44 -44 -44 -44 -44 -44 -44 -44 -44 -44 -44 -44 -44 -44 -44 -45 -45 -45 -45 -45 -45 -45 -45 -45 -45 -45 -45 -45 -45 -45 -45 -46 -46 -46 -46 -46 -46 -46 -46 -46 -46 -46 -46 -46 -46 -46 -47 -47 -47 -47 -47 -47 -47 -47 -47 -47 -47 -47 -47 -47 -48 -48 -48 -48 -48 -48 -48 -48 -48 -48 -48 -48 -48 -48 -48 -48 -48 -49 -49 -49 -49 -49 -49 -49 -49 -49 -49 -49 -49 -49 -49 -49 -49 -49 -49 -49 -49 -49 -50 -50 -50 -50 -50 -50 -50 -50 -50 -50 -50 -50 -50 -50 -50 -50 -50 -51 -51 -51 -51 -51 -51 -51 -51 -51 -51 -51 -51 -51 -51 -51 -51 -51 -51 -51 -51 -51 -51 -51 -51 -51 -51 -51 -51 -51 -51 -51 -51 -51 -51 -51 -51 -51 -51 -51 -51 -51 -51 -51 -51 -51 -51 -51 -52 -52 -52 -52 -52 -52 -52 -52 -52 -52 -52 -52 -52 -52 -52 -52 -52 -52 -52 -52 -52 -52 -52 -52 -52 -52 -52 -52 -52 -52 -52 -52 -52 -52 -52 -52 -52 -52 -52 -52 -52 -52 -52 -52 -52 -52 -52 -43 -43 -43 -43 -43 -43 -43 -43 -43 -43 -43 -43 -43 -43 -43 -43 -44 -44 -44 -44 -44 -44 -44 -44 -44 -44 -44 -44 -44 -45 -45 -45 -45 -45 -45 -45 -45 -45 -45 -45 -45 -45 -45 -45 -45 -46 -46 -46 -46 -46 -46 -46 -46 -46 -46 -46 -46 -46 -46 -46 -47 -47 -47 -47 -47 -47 -47 -47 -47 -47 -47 -47 -47 -47 -48 -48 -48 -48 -48 -48 -48 -48 -48 -48 -48 -48 -48 -48 -48 -48 -48 -49 -49 -49 -49 -49 -49 -49 -49 -49 -49 -49 -49 -49 -49 -49 -49 -49 -49 -49 -49 -49 -49 -50 -50 -50 -50 -50 -50 -50 -50 -50 -50 -50 -50 -50 -50 -50 -50 -50 -50 -51 -51 -51 -51 -51 -51 -51 -51 -51 -51 -51 -51 -51 -51 -51 -51 -51 -51 -51 -51 -51 -51 -51 -51 -51 -51 -51 -51 -51 -51 -51 -51 -51 -51 -51 -51 -51 -51 -51 -51 -51 -51 -51 -51 -51 -51 -51 -51 -51 -51 -51 -51 -51 -52 -52 -52 -52 -52 -52 -52 -52 -52 -52 -52 -52 -52 -52 -52 -52 -52 -52 -52 -52 -52 -52 -52 -52 -52 -52 -52 -52 -52 -52 -52 -52 -52 -52 -52 -52 -52 -51 -51 -42 -43 -43 -43 -43 -43 -43 -43 -43 -43 -43 -43 -43 -43 -43 -43 -43 -44 -44 -44 -44 -44 -44 -44 -44 -44 -44 -44 -44 -44 -44 -44 -45 -45 -45 -45 -45 -45 -45 -45 -45 -45 -45 -45 -45 -45 -45 -46 -46 -46 -46 -46 -46 -46 -46 -46 -46 -46 -46 -46 -46 -46 -47 -47 -47 -47 -47 -47 -47 -47 -47 -47 -47 -47 -47 -47 -48 -48 -48 -48 -48 -48 -48 -48 -48 -48 -48 -48 -48 -48 -48 -48 -48 -49 -49 -49 -49 -49 -49 -49 -49 -49 -49 -49 -49 -49 -49 -49 -49 -49 -49 -49 -49 -49 -49 -49 -50 -50 -50 -50 -50 -50 -50 -50 -50 -50 -50 -50 -50 -50 -50 -50 -50 -50 -50 -50 -50 -50 -50 -51 -51 -51 -51 -51 -51 -51 -51 -51 -51 -51 -51 -51 -51 -51 -51 -51 -51 -51 -51 -51 -51 -51 -51 -51 -51 -51 -51 -51 -51 -51 -51 -51 -51 -51 -51 -51 -51 -51 -51 -51 -51 -51 -51 -51 -51 -51 -51 -51 -51 -51 -51 -51 -51 -51 -51 -51 -51 -51 -52 -52 -52 -52 -52 -52 -52 -52 -52 -52 -52 -52 -52 -52 -52 -52 -52 -52 -52 -52 -52 -52 -52 -51 -51 -51 -51 -42 -42 -42 -42 -42 -43 -43 -43 -43 -43 -43 -43 -43 -43 -43 -43 -43 -43 -43 -43 -43 -44 -44 -44 -44 -44 -44 -44 -44 -44 -44 -44 -44 -44 -44 -45 -45 -45 -45 -45 -45 -45 -45 -45 -45 -45 -45 -45 -45 -45 -46 -46 -46 -46 -46 -46 -46 -46 -46 -46 -46 -46 -46 -46 -46 -47 -47 -47 -47 -47 -47 -47 -47 -47 -47 -47 -47 -47 -47 -48 -48 -48 -48 -48 -48 -48 -48 -48 -48 -48 -48 -48 -48 -48 -48 -48 -49 -49 -49 -49 -49 -49 -49 -49 -49 -49 -49 -49 -49 -49 -49 -49 -49 -49 -49 -49 -49 -49 -49 -49 -50 -50 -50 -50 -50 -50 -50 -50 -50 -50 -50 -50 -50 -50 -50 -50 -50 -50 -50 -50 -50 -50 -50 -50 -51 -51 -51 -51 -51 -51 -51 -51 -51 -51 -51 -51 -51 -51 -51 -51 -51 -51 -51 -51 -51 -51 -51 -51 -51 -51 -51 -51 -51 -51 -51 -51 -51 -51 -51 -51 -51 -51 -51 -51 -51 -51 -51 -51 -51 -51 -51 -51 -51 -51 -51 -51 -51 -51 -51 -51 -51 -51 -51 -51 -51 -51 -51 -51 -51 -51 -51 -51 -51 -51 -51 -51 -51 -51 -51 -51 -51 -51 -50 -50 -50 -50 -50 -42 -42 -42 -42 -42 -42 -43 -43 -43 -43 -43 -43 -43 -43 -43 -43 -43 -43 -43 -43 -43 -44 -44 -44 -44 -44 -44 -44 -44 -44 -44 -44 -44 -44 -44 -44 -45 -45 -45 -45 -45 -45 -45 -45 -45 -45 -45 -45 -45 -45 -45 -46 -46 -46 -46 -46 -46 -46 -46 -46 -46 -46 -46 -46 -46 -46 -47 -47 -47 -47 -47 -47 -47 -47 -47 -47 -47 -47 -47 -47 -48 -48 -48 -48 -48 -48 -48 -48 -48 -48 -48 -48 -48 -48 -48 -48 -48 -49 -49 -49 -49 -49 -49 -49 -49 -49 -49 -49 -49 -49 -49 -49 -49 -49 -49 -49 -49 -49 -49 -49 -49 -50 -50 -50 -50 -50 -50 -50 -50 -50 -50 -50 -50 -50 -50 -50 -50 -50 -50 -50 -50 -50 -50 -50 -50 -50 -50 -50 -50 -50 -50 -51 -51 -51 -51 -51 -51 -51 -51 -51 -51 -51 -51 -51 -51 -51 -51 -51 -51 -51 -51 -51 -51 -51 -51 -51 -51 -51 -51 -51 -51 -51 -51 -51 -51 -51 -51 -51 -51 -51 -51 -51 -51 -51 -51 -51 -51 -51 -51 -51 -51 -51 -51 -51 -51 -51 -51 -51 -51 -51 -51 -51 -51 -51 -51 -51 -51 -51 -51 -51 -51 -50 -50 -50 -50 -50 -50 -42 -42 -42 -42 -42 -42 -42 -42 -42 -43 -43 -43 -43 -43 -43 -43 -43 -43 -43 -43 -43 -43 -44 -44 -44 -44 -44 -44 -44 -44 -44 -44 -44 -44 -44 -44 -44 -45 -45 -45 -45 -45 -45 -45 -45 -45 -45 -45 -45 -45 -45 -45 -46 -46 -46 -46 -46 -46 -46 -46 -46 -46 -46 -46 -46 -46 -46 -47 -47 -47 -47 -47 -47 -47 -47 -47 -47 -47 -47 -47 -47 -48 -48 -48 -48 -48 -48 -48 -48 -48 -48 -48 -48 -48 -48 -48 -48 -48 -49 -49 -49 -49 -49 -49 -49 -49 -49 -49 -49 -49 -49 -49 -49 -49 -49 -49 -49 -49 -49 -49 -50 -50 -50 -50 -50 -50 -50 -50 -50 -50 -50 -50 -50 -50 -50 -50 -50 -50 -50 -50 -50 -50 -50 -50 -50 -50 -50 -50 -50 -50 -50 -50 -50 -50 -51 -51 -51 -51 -51 -51 -51 -51 -51 -51 -51 -51 -51 -51 -51 -51 -51 -51 -51 -51 -51 -51 -51 -51 -51 -51 -51 -51 -51 -51 -51 -51 -51 -51 -51 -51 -51 -51 -51 -51 -51 -51 -51 -51 -51 -51 -51 -51 -51 -51 -51 -51 -51 -51 -51 -51 -51 -51 -51 -51 -51 -51 -51 -51 -51 -51 -50 -50 -50 -50 -50 -42 -42 -42 -42 -42 -42 -42 -42 -42 -43 -43 -43 -43 -43 -43 -43 -43 -43 -43 -43 -43 -43 -44 -44 -44 -44 -44 -44 -44 -44 -44 -44 -44 -44 -44 -44 -44 -45 -45 -45 -45 -45 -45 -45 -45 -45 -45 -45 -45 -45 -45 -45 -46 -46 -46 -46 -46 -46 -46 -46 -46 -46 -46 -46 -46 -46 -47 -47 -47 -47 -47 -47 -47 -47 -47 -47 -47 -47 -47 -47 -47 -48 -48 -48 -48 -48 -48 -48 -48 -48 -48 -48 -48 -48 -48 -48 -48 -48 -49 -49 -49 -49 -49 -49 -49 -49 -49 -49 -49 -49 -49 -49 -49 -49 -49 -49 -49 -49 -50 -50 -50 -50 -50 -50 -50 -50 -50 -50 -50 -50 -50 -50 -50 -50 -50 -50 -50 -50 -50 -50 -50 -50 -50 -50 -50 -50 -50 -50 -50 -50 -50 -50 -50 -50 -50 -50 -50 -50 -50 -50 -50 -50 -50 -51 -51 -51 -51 -51 -51 -51 -51 -51 -51 -51 -51 -51 -51 -51 -51 -51 -51 -51 -51 -51 -51 -51 -51 -51 -51 -51 -51 -51 -51 -51 -51 -51 -51 -51 -51 -51 -51 -51 -51 -51 -51 -51 -51 -51 -51 -51 -51 -51 -51 -51 -51 -51 -51 -51 -50 -50 -50 -50 -42 -42 -42 -42 -42 -42 -42 -42 -42 -43 -43 -43 -43 -43 -43 -43 -43 -43 -43 -43 -43 -43 -43 -44 -44 -44 -44 -44 -44 -44 -44 -44 -44 -44 -44 -44 -44 -44 -45 -45 -45 -45 -45 -45 -45 -45 -45 -45 -45 -45 -45 -45 -45 -46 -46 -46 -46 -46 -46 -46 -46 -46 -46 -46 -46 -46 -46 -47 -47 -47 -47 -47 -47 -47 -47 -47 -47 -47 -47 -47 -47 -48 -48 -48 -48 -48 -48 -48 -48 -48 -48 -48 -48 -48 -48 -48 -48 -48 -48 -49 -49 -49 -49 -49 -49 -49 -49 -49 -49 -49 -49 -49 -49 -49 -49 -49 -49 -49 -49 -50 -50 -50 -50 -50 -50 -50 -50 -50 -50 -50 -50 -50 -50 -50 -50 -50 -50 -50 -50 -50 -50 -50 -50 -50 -50 -50 -50 -50 -50 -50 -50 -50 -50 -50 -50 -50 -50 -50 -50 -50 -50 -50 -50 -50 -50 -50 -50 -51 -51 -51 -51 -51 -51 -51 -51 -51 -51 -51 -51 -51 -51 -51 -51 -51 -51 -51 -51 -51 -51 -51 -51 -51 -51 -51 -51 -51 -51 -51 -51 -51 -51 -51 -51 -51 -51 -51 -51 -51 -51 -51 -51 -51 -51 -51 -51 -51 -51 -50 -50 -50 -50 -50 -50 -50 -42 -42 -42 -42 -42 -42 -42 -42 -42 -42 -42 -42 -42 -42 -43 -43 -43 -43 -43 -43 -43 -43 -43 -43 -43 -44 -44 -44 -44 -44 -44 -44 -44 -44 -44 -44 -44 -44 -44 -44 -44 -45 -45 -45 -45 -45 -45 -45 -45 -45 -45 -45 -45 -45 -45 -46 -46 -46 -46 -46 -46 -46 -46 -46 -46 -46 -47 -47 -47 -47 -47 -47 -47 -47 -47 -48 -48 -48 -48 -48 -48 -48 -48 -48 -48 -48 -48 -48 -48 -48 -48 -49 -49 -49 -49 -49 -49 -49 -49 -49 -49 -49 -49 -49 -49 -49 -49 -49 -49 -49 -49 -49 -49 -49 -50 -50 -49 -49 -49 -50 -50 -50 -50 -50 -50 -50 -50 -50 -50 -50 -50 -50 -50 -50 -50 -50 -50 -50 -50 -50 -50 -50 -50 -50 -50 -50 -50 -50 -50 -50 -50 -50 -50 -50 -50 -50 -50 -50 -50 -50 -50 -50 -50 -50 -50 -50 -50 -50 -50 -50 -50 -50 -50 -50 -50 -50 -50 -50 -50 -50 -50 -50 -50 -50 -50 -50 -50 -50 -50 -50 -50 -50 -51 -51 -51 -51 -51 -51 -51 -51 -51 -51 -51 -51 -51 -51 -51 -51 -51 -51 -51 -51 -51 -51 -51 -51 -50 -50 -50 -50 -50 -50 -50 -50 -50 -50 -50 -41 -42 -42 -42 -42 -42 -42 -42 -42 -42 -42 -42 -42 -42 -42 -42 -42 -43 -43 -43 -43 -43 -43 -43 -43 -43 -43 -43 -44 -44 -44 -44 -44 -44 -44 -44 -44 -44 -44 -44 -44 -44 -44 -44 -45 -45 -45 -45 -45 -45 -45 -45 -45 -45 -45 -45 -45 -45 -46 -46 -46 -46 -46 -46 -46 -46 -46 -47 -47 -47 -47 -47 -47 -47 -47 -47 -47 -47 -48 -48 -48 -48 -48 -48 -48 -48 -48 -48 -48 -48 -48 -48 -48 -48 -49 -49 -49 -49 -49 -49 -49 -49 -49 -49 -49 -49 -49 -49 -49 -49 -49 -49 -49 -49 -49 -49 -49 -49 -49 -49 -49 -49 -49 -49 -49 -49 -50 -50 -50 -50 -50 -50 -50 -50 -50 -50 -50 -50 -50 -50 -50 -50 -50 -50 -50 -50 -50 -50 -50 -50 -50 -50 -50 -50 -50 -50 -50 -50 -50 -50 -50 -50 -50 -50 -50 -50 -50 -50 -50 -50 -50 -50 -50 -50 -50 -50 -50 -50 -50 -50 -50 -50 -50 -50 -50 -50 -50 -50 -50 -50 -50 -50 -50 -50 -50 -50 -50 -50 -50 -50 -50 -50 -50 -50 -50 -50 -50 -50 -50 -50 -50 -50 -50 -50 -50 -50 -50 -50 -50 -50 -50 -50 -50 -50 -50 -50 -50 -50 -41 -41 -41 -41 -41 -41 -41 -41 -41 -41 -41 -42 -42 -42 -42 -42 -42 -42 -42 -42 -42 -42 -42 -43 -43 -43 -43 -43 -43 -43 -43 -43 -43 -43 -43 -43 -43 -44 -44 -44 -44 -44 -44 -44 -44 -44 -44 -44 -44 -44 -44 -44 -45 -45 -45 -45 -45 -45 -45 -45 -45 -45 -45 -45 -45 -45 -46 -46 -46 -46 -46 -46 -46 -47 -47 -47 -47 -47 -47 -47 -47 -47 -47 -47 -47 -47 -48 -48 -48 -48 -48 -48 -48 -48 -48 -48 -48 -48 -48 -48 -48 -48 -49 -49 -49 -49 -49 -49 -49 -49 -49 -49 -49 -49 -49 -49 -49 -49 -49 -49 -49 -49 -49 -49 -49 -49 -49 -49 -49 -49 -49 -49 -49 -49 -49 -49 -50 -50 -50 -50 -50 -50 -50 -50 -50 -50 -50 -50 -50 -50 -50 -50 -50 -50 -50 -50 -50 -50 -50 -50 -50 -50 -50 -50 -50 -50 -50 -50 -50 -50 -50 -50 -50 -50 -50 -50 -50 -50 -50 -50 -50 -50 -50 -50 -50 -50 -50 -50 -50 -50 -50 -50 -50 -50 -50 -50 -50 -50 -50 -50 -50 -50 -50 -50 -50 -50 -50 -50 -50 -50 -50 -50 -50 -50 -50 -50 -50 -50 -50 -50 -50 -50 -50 -50 -50 -50 -50 -50 -50 -50 -50 -50 -50 -50 -50 -41 -41 -41 -41 -41 -41 -41 -41 -41 -41 -41 -41 -41 -41 -42 -42 -42 -42 -42 -42 -42 -42 -42 -42 -42 -43 -43 -43 -43 -43 -43 -43 -43 -43 -43 -43 -43 -43 -43 -43 -43 -44 -44 -44 -44 -44 -44 -44 -44 -44 -44 -44 -44 -44 -44 -45 -45 -45 -45 -45 -45 -45 -45 -45 -45 -45 -45 -45 -45 -46 -46 -46 -46 -46 -46 -47 -47 -47 -47 -47 -47 -47 -47 -47 -47 -47 -47 -47 -47 -48 -48 -48 -48 -48 -48 -48 -48 -48 -48 -48 -48 -48 -48 -48 -48 -49 -49 -49 -49 -49 -49 -49 -49 -49 -49 -49 -49 -49 -49 -49 -49 -49 -49 -49 -49 -49 -49 -49 -49 -49 -49 -49 -49 -49 -49 -49 -49 -49 -49 -49 -49 -49 -49 -50 -50 -50 -50 -50 -50 -50 -50 -50 -50 -50 -50 -50 -50 -50 -50 -50 -50 -50 -50 -50 -50 -50 -50 -50 -50 -50 -50 -50 -50 -50 -50 -50 -50 -50 -50 -50 -50 -50 -50 -50 -50 -50 -50 -50 -50 -50 -50 -50 -50 -50 -50 -50 -50 -50 -50 -50 -50 -50 -50 -50 -50 -50 -50 -50 -50 -50 -50 -50 -50 -50 -50 -50 -50 -50 -50 -50 -50 -50 -50 -50 -50 -50 -50 -50 -50 -50 -50 -50 -50 -50 -50 -50 -41 -41 -41 -41 -41 -41 -41 -41 -41 -41 -41 -41 -41 -41 -41 -41 -42 -42 -42 -42 -42 -42 -42 -42 -42 -42 -42 -42 -43 -43 -43 -43 -43 -43 -43 -43 -43 -43 -43 -43 -43 -43 -43 -44 -44 -44 -44 -44 -44 -44 -44 -44 -44 -44 -44 -44 -44 -45 -45 -45 -45 -45 -45 -45 -45 -45 -45 -45 -45 -45 -45 -46 -46 -46 -46 -46 -46 -47 -47 -47 -47 -47 -47 -47 -47 -47 -47 -47 -47 -47 -47 -48 -48 -48 -48 -48 -48 -48 -48 -48 -48 -48 -48 -48 -48 -48 -48 -48 -49 -49 -49 -49 -49 -49 -49 -49 -49 -49 -49 -49 -49 -49 -49 -49 -49 -49 -49 -49 -49 -49 -49 -49 -49 -49 -49 -49 -49 -49 -49 -49 -49 -49 -49 -49 -49 -49 -49 -50 -50 -50 -50 -50 -50 -50 -50 -50 -50 -50 -50 -50 -50 -50 -50 -50 -50 -50 -50 -50 -50 -50 -50 -50 -50 -50 -50 -50 -50 -50 -50 -50 -50 -50 -50 -50 -50 -50 -50 -50 -50 -50 -50 -50 -50 -50 -50 -50 -50 -50 -50 -50 -50 -50 -50 -50 -50 -50 -50 -50 -50 -50 -50 -50 -50 -50 -50 -50 -50 -50 -50 -50 -50 -50 -50 -50 -50 -50 -50 -50 -50 -50 -50 -50 -50 -50 -50 -50 -50 -50 -40 -40 -41 -41 -41 -41 -41 -41 -41 -41 -41 -41 -41 -41 -41 -41 -41 -42 -42 -42 -42 -42 -42 -42 -42 -42 -42 -42 -42 -43 -43 -43 -43 -43 -43 -43 -43 -43 -43 -43 -43 -43 -43 -43 -44 -44 -44 -44 -44 -44 -44 -44 -44 -44 -44 -44 -44 -44 -45 -45 -45 -45 -45 -45 -45 -45 -45 -45 -45 -45 -45 -45 -46 -46 -46 -46 -46 -46 -47 -47 -47 -47 -47 -47 -47 -47 -47 -47 -47 -47 -47 -47 -48 -48 -48 -48 -48 -48 -48 -48 -48 -48 -48 -48 -48 -48 -48 -48 -48 -48 -49 -49 -49 -49 -49 -49 -49 -49 -49 -49 -49 -49 -49 -49 -49 -49 -49 -49 -49 -49 -49 -49 -49 -49 -49 -49 -49 -49 -49 -49 -49 -49 -49 -49 -49 -49 -49 -49 -49 -49 -49 -49 -49 -49 -49 -49 -49 -50 -50 -50 -50 -50 -50 -50 -50 -50 -50 -50 -50 -50 -50 -50 -50 -50 -50 -50 -50 -50 -50 -50 -50 -50 -50 -50 -50 -50 -50 -50 -50 -50 -50 -50 -50 -50 -50 -50 -50 -50 -50 -50 -50 -50 -50 -50 -50 -50 -50 -50 -50 -50 -50 -50 -50 -50 -50 -50 -50 -50 -50 -50 -50 -50 -50 -49 -49 -49 -49 -49 -49 -49 -49 -49 -49 -49 -49 -49 -49 -49 -40 -40 -41 -41 -41 -41 -41 -41 -41 -41 -41 -41 -41 -41 -41 -41 -41 -41 -41 -42 -42 -42 -42 -42 -42 -42 -42 -42 -42 -43 -43 -43 -43 -43 -43 -43 -43 -43 -43 -43 -43 -43 -43 -43 -44 -44 -44 -44 -44 -44 -44 -44 -44 -44 -44 -44 -44 -44 -45 -45 -45 -45 -45 -45 -45 -45 -45 -45 -45 -45 -45 -46 -46 -46 -46 -46 -46 -46 -47 -47 -47 -47 -47 -47 -47 -47 -47 -47 -47 -47 -47 -47 -48 -48 -48 -48 -48 -48 -48 -48 -48 -48 -48 -48 -48 -48 -48 -48 -48 -48 -48 -48 -49 -49 -49 -49 -49 -49 -49 -49 -49 -49 -49 -49 -49 -49 -49 -49 -49 -49 -49 -49 -49 -49 -49 -49 -49 -49 -49 -49 -49 -49 -49 -49 -49 -49 -49 -49 -49 -49 -49 -49 -49 -49 -49 -49 -49 -49 -49 -49 -49 -50 -50 -50 -50 -50 -50 -50 -50 -50 -50 -49 -49 -49 -49 -49 -49 -50 -50 -50 -50 -50 -50 -50 -50 -50 -50 -50 -50 -50 -50 -50 -50 -50 -50 -50 -50 -50 -50 -50 -50 -50 -50 -50 -50 -50 -50 -50 -50 -50 -50 -50 -50 -50 -50 -50 -50 -50 -50 -50 -50 -49 -49 -49 -49 -49 -49 -49 -49 -49 -49 -49 -49 -49 -49 -49 -49 -49 -40 -40 -41 -41 -41 -41 -41 -41 -41 -41 -41 -41 -41 -41 -41 -41 -41 -41 -41 -42 -42 -42 -42 -42 -42 -42 -42 -42 -42 -42 -43 -43 -43 -43 -43 -43 -43 -43 -43 -43 -43 -43 -43 -43 -43 -44 -44 -44 -44 -44 -44 -44 -44 -44 -44 -44 -44 -44 -44 -45 -45 -45 -45 -45 -45 -45 -45 -45 -45 -46 -46 -46 -46 -46 -46 -46 -46 -46 -47 -47 -47 -47 -47 -47 -47 -47 -47 -47 -47 -47 -47 -47 -48 -48 -48 -48 -48 -48 -48 -48 -48 -48 -48 -48 -48 -48 -48 -48 -48 -48 -48 -48 -48 -48 -49 -49 -49 -49 -49 -48 -49 -49 -49 -49 -49 -49 -49 -49 -49 -49 -49 -49 -49 -49 -49 -49 -49 -49 -49 -49 -49 -49 -49 -49 -49 -49 -49 -49 -49 -49 -49 -49 -49 -49 -49 -49 -49 -49 -49 -49 -49 -49 -49 -49 -49 -49 -49 -49 -49 -49 -49 -49 -49 -49 -49 -49 -49 -49 -49 -49 -49 -49 -49 -49 -49 -49 -49 -49 -49 -50 -50 -50 -50 -50 -50 -50 -50 -50 -50 -50 -50 -50 -50 -50 -50 -50 -50 -50 -50 -50 -50 -50 -50 -50 -50 -50 -50 -50 -50 -49 -49 -49 -49 -49 -49 -49 -49 -49 -49 -49 -49 -49 -49 -49 -49 -49 -49 -40 -40 -40 -41 -41 -41 -41 -41 -41 -41 -41 -41 -41 -41 -41 -41 -41 -41 -42 -42 -42 -42 -42 -42 -42 -42 -42 -42 -42 -42 -42 -43 -43 -43 -43 -43 -43 -43 -43 -43 -43 -43 -43 -43 -43 -43 -44 -44 -44 -44 -44 -44 -44 -44 -44 -44 -44 -44 -44 -44 -45 -45 -45 -45 -45 -45 -45 -45 -46 -46 -46 -46 -46 -46 -46 -46 -46 -46 -46 -47 -47 -47 -47 -47 -47 -47 -47 -47 -47 -47 -47 -47 -47 -48 -48 -48 -48 -48 -48 -48 -48 -48 -48 -48 -48 -48 -48 -48 -48 -48 -48 -48 -48 -48 -48 -48 -48 -48 -48 -48 -48 -48 -48 -48 -49 -49 -49 -49 -49 -49 -49 -49 -49 -49 -49 -49 -49 -49 -49 -49 -49 -49 -49 -49 -49 -49 -49 -49 -49 -49 -49 -49 -49 -49 -49 -49 -49 -49 -49 -49 -49 -49 -49 -49 -49 -49 -49 -49 -49 -49 -49 -49 -49 -49 -49 -49 -49 -49 -49 -49 -49 -49 -49 -49 -49 -49 -49 -49 -49 -49 -49 -49 -49 -49 -49 -49 -49 -50 -50 -49 -49 -50 -50 -50 -50 -49 -49 -49 -49 -49 -49 -49 -49 -49 -49 -49 -49 -49 -49 -49 -49 -49 -49 -49 -49 -49 -49 -49 -49 -49 -49 -49 -49 -49 -49 -49 -49 -41 -41 -41 -41 -41 -41 -41 -41 -41 -41 -42 -42 -42 -42 -42 -42 -42 -42 -42 -42 -42 -42 -42 -42 -42 -43 -43 -43 -43 -43 -43 -43 -43 -43 -43 -43 -43 -43 -43 -44 -44 -44 -44 -44 -44 -44 -44 -44 -44 -44 -44 -44 -44 -45 -45 -45 -45 -45 -45 -46 -46 -46 -46 -46 -46 -46 -46 -46 -46 -46 -46 -46 -46 -47 -47 -47 -47 -47 -47 -47 -47 -47 -47 -47 -47 -47 -47 -48 -48 -48 -48 -48 -48 -48 -48 -48 -48 -48 -48 -48 -48 -48 -48 -48 -48 -48 -48 -48 -48 -48 -48 -48 -48 -48 -48 -48 -48 -48 -48 -48 -48 -49 -49 -49 -49 -49 -49 -49 -49 -49 -49 -49 -49 -49 -49 -49 -49 -49 -49 -49 -49 -49 -49 -49 -49 -49 -49 -49 -49 -49 -49 -49 -49 -49 -49 -49 -49 -49 -49 -49 -49 -49 -49 -49 -49 -49 -49 -49 -49 -49 -49 -49 -49 -49 -49 -49 -49 -49 -49 -49 -49 -49 -49 -49 -49 -49 -49 -49 -49 -49 -49 -49 -49 -49 -49 -49 -49 -49 -49 -49 -49 -49 -49 -49 -49 -49 -49 -49 -49 -49 -49 -49 -49 -49 -49 -49 -49 -49 -49 -49 -49 -49 -49 -49 -49 -49 -49 -49 -49 -49 -40 -41 -41 -41 -41 -41 -41 -41 -41 -41 -41 -42 -42 -42 -42 -42 -42 -42 -42 -42 -42 -42 -42 -42 -42 -42 -43 -43 -43 -43 -43 -43 -43 -43 -43 -43 -43 -43 -43 -43 -44 -44 -44 -44 -44 -44 -44 -44 -44 -44 -44 -44 -44 -44 -45 -45 -45 -45 -45 -45 -46 -46 -46 -46 -46 -46 -46 -46 -46 -46 -46 -46 -46 -46 -47 -47 -47 -47 -47 -47 -47 -47 -47 -47 -47 -47 -47 -47 -48 -48 -48 -48 -48 -48 -48 -48 -48 -48 -48 -48 -48 -48 -48 -48 -48 -48 -48 -48 -48 -48 -48 -48 -48 -48 -48 -48 -48 -48 -48 -48 -48 -48 -48 -48 -48 -49 -49 -49 -49 -49 -49 -49 -49 -49 -49 -49 -49 -49 -49 -49 -49 -49 -49 -49 -49 -49 -49 -49 -49 -49 -49 -49 -49 -49 -49 -49 -49 -49 -49 -49 -49 -49 -49 -49 -49 -49 -49 -49 -49 -49 -49 -49 -49 -49 -49 -49 -49 -49 -49 -49 -49 -49 -49 -49 -49 -49 -49 -49 -49 -49 -49 -49 -49 -49 -49 -49 -49 -49 -49 -49 -49 -49 -49 -49 -49 -49 -49 -49 -49 -49 -49 -49 -49 -49 -49 -49 -49 -49 -49 -49 -49 -49 -49 -49 -49 -49 -49 -49 -49 -49 -49 -49 -40 -40 -40 -40 -41 -41 -41 -41 -41 -41 -41 -41 -41 -41 -42 -42 -42 -42 -42 -42 -42 -42 -42 -42 -42 -42 -42 -42 -43 -43 -43 -43 -43 -43 -43 -43 -43 -43 -43 -43 -43 -43 -44 -44 -44 -44 -44 -44 -44 -44 -44 -44 -44 -44 -44 -44 -45 -45 -45 -45 -45 -45 -46 -46 -46 -46 -46 -46 -46 -46 -46 -46 -46 -46 -46 -46 -47 -47 -47 -47 -47 -47 -47 -47 -47 -47 -47 -47 -47 -48 -48 -48 -48 -48 -48 -48 -48 -48 -48 -48 -48 -48 -48 -48 -48 -48 -48 -48 -48 -48 -48 -48 -48 -48 -48 -48 -48 -48 -48 -48 -48 -48 -48 -48 -48 -48 -48 -48 -48 -48 -48 -49 -49 -49 -49 -49 -49 -49 -49 -49 -49 -49 -49 -49 -49 -49 -49 -49 -49 -49 -49 -49 -49 -49 -49 -49 -49 -49 -49 -49 -49 -49 -49 -49 -49 -49 -49 -49 -49 -49 -49 -49 -49 -49 -49 -49 -49 -49 -49 -49 -49 -49 -49 -49 -49 -49 -49 -49 -49 -49 -49 -49 -49 -49 -49 -49 -49 -49 -49 -49 -49 -49 -49 -49 -49 -49 -49 -49 -49 -49 -49 -49 -49 -49 -49 -49 -49 -49 -49 -49 -49 -49 -49 -49 -49 -49 -49 -49 -48 -48 -48 -48 -48 -48 -48 -48 -48 -48 -40 -40 -40 -40 -40 -40 -40 -41 -41 -41 -41 -41 -41 -41 -41 -41 -42 -42 -42 -42 -42 -42 -42 -42 -42 -42 -42 -42 -42 -42 -42 -43 -43 -43 -43 -43 -43 -43 -43 -43 -43 -43 -43 -43 -43 -44 -44 -44 -44 -44 -44 -44 -44 -44 -44 -44 -44 -44 -45 -45 -45 -45 -45 -45 -45 -46 -46 -46 -46 -46 -46 -46 -46 -46 -46 -46 -46 -46 -47 -47 -47 -47 -47 -47 -47 -47 -47 -47 -47 -47 -47 -47 -47 -48 -48 -48 -48 -48 -48 -48 -48 -48 -48 -48 -48 -48 -48 -48 -48 -48 -48 -48 -48 -48 -48 -48 -48 -48 -48 -48 -48 -48 -48 -48 -48 -48 -48 -48 -48 -48 -48 -48 -48 -48 -48 -48 -48 -48 -48 -49 -49 -49 -49 -49 -49 -49 -49 -49 -49 -49 -49 -49 -49 -49 -49 -49 -49 -49 -49 -49 -49 -49 -49 -49 -49 -49 -49 -49 -49 -49 -49 -49 -49 -49 -49 -49 -49 -49 -49 -49 -49 -49 -49 -49 -49 -49 -49 -49 -49 -49 -49 -49 -49 -49 -49 -49 -49 -49 -49 -49 -49 -49 -49 -49 -49 -49 -49 -49 -48 -48 -48 -48 -48 -48 -48 -48 -48 -48 -48 -48 -48 -48 -48 -48 -48 -48 -48 -48 -48 -48 -48 -48 -48 -48 -48 -48 -48 -48 -48 -48 -48 -48 -40 -40 -40 -40 -40 -40 -40 -40 -41 -41 -41 -41 -41 -41 -41 -41 -41 -41 -42 -42 -42 -42 -42 -42 -42 -42 -42 -42 -42 -42 -42 -42 -42 -43 -43 -43 -43 -43 -43 -43 -43 -43 -43 -43 -43 -43 -43 -44 -44 -44 -44 -44 -44 -44 -44 -44 -44 -44 -45 -45 -45 -45 -45 -45 -45 -45 -45 -46 -46 -46 -46 -46 -46 -46 -46 -46 -46 -46 -46 -46 -46 -47 -47 -47 -47 -47 -47 -47 -47 -47 -47 -47 -47 -47 -47 -47 -47 -47 -48 -48 -48 -48 -48 -48 -48 -48 -48 -48 -48 -48 -48 -48 -48 -48 -48 -48 -48 -48 -48 -48 -48 -48 -48 -48 -48 -48 -48 -48 -48 -48 -48 -48 -48 -48 -48 -48 -48 -48 -48 -48 -48 -48 -48 -48 -48 -48 -48 -48 -48 -49 -49 -49 -49 -49 -49 -49 -49 -49 -49 -49 -49 -49 -49 -49 -49 -49 -49 -49 -49 -49 -49 -49 -49 -49 -49 -49 -49 -49 -49 -49 -49 -49 -49 -49 -49 -49 -49 -49 -49 -49 -49 -49 -49 -49 -49 -49 -49 -49 -49 -49 -49 -49 -49 -49 -49 -49 -49 -49 -48 -48 -48 -48 -48 -48 -48 -48 -48 -48 -48 -48 -48 -48 -48 -48 -48 -48 -48 -48 -48 -48 -48 -48 -48 -48 -48 -48 -48 -48 -48 -48 -48 -48 -48 -48 -48 -48 -40 -40 -40 -40 -40 -40 -40 -41 -41 -41 -41 -41 -41 -41 -41 -41 -41 -41 -41 -41 -42 -42 -42 -42 -42 -42 -42 -42 -42 -42 -42 -42 -42 -42 -43 -43 -43 -43 -43 -43 -43 -43 -43 -43 -43 -43 -43 -43 -44 -44 -44 -44 -44 -44 -44 -44 -44 -45 -45 -45 -45 -45 -45 -45 -45 -45 -45 -45 -46 -46 -46 -46 -46 -46 -46 -46 -46 -46 -46 -46 -46 -46 -47 -47 -47 -47 -47 -47 -47 -47 -47 -47 -47 -47 -47 -47 -47 -47 -47 -47 -47 -47 -48 -48 -48 -48 -48 -47 -47 -48 -48 -48 -48 -48 -48 -48 -48 -48 -48 -48 -48 -48 -48 -48 -48 -48 -48 -48 -48 -48 -48 -48 -48 -48 -48 -48 -48 -48 -48 -48 -48 -48 -48 -48 -48 -48 -48 -48 -48 -48 -48 -48 -48 -48 -49 -49 -49 -48 -48 -48 -48 -48 -48 -48 -48 -48 -48 -48 -48 -48 -48 -48 -48 -48 -48 -48 -48 -49 -49 -49 -49 -49 -49 -49 -49 -49 -49 -49 -49 -49 -49 -49 -49 -49 -49 -49 -49 -49 -49 -49 -49 -49 -49 -49 -49 -49 -49 -48 -48 -48 -48 -48 -48 -48 -48 -48 -48 -48 -48 -48 -48 -48 -48 -48 -48 -48 -48 -48 -48 -48 -48 -48 -48 -48 -48 -48 -48 -48 -48 -48 -48 -48 -48 -48 -48 -48 -48 -48 -48 -48 -40 -40 -40 -40 -40 -41 -41 -41 -41 -41 -41 -41 -41 -41 -41 -41 -41 -41 -41 -41 -41 -42 -42 -42 -42 -42 -42 -42 -42 -42 -42 -42 -42 -42 -42 -43 -43 -43 -43 -43 -43 -43 -43 -43 -43 -43 -43 -43 -44 -44 -44 -44 -44 -44 -44 -45 -45 -45 -45 -45 -45 -45 -45 -45 -45 -45 -45 -45 -46 -46 -46 -46 -46 -46 -46 -46 -46 -46 -46 -46 -46 -46 -46 -47 -47 -47 -47 -47 -47 -47 -47 -47 -47 -47 -47 -47 -47 -47 -47 -47 -47 -47 -47 -47 -47 -47 -47 -47 -47 -47 -47 -47 -47 -48 -48 -48 -48 -48 -48 -48 -48 -48 -48 -48 -48 -48 -48 -48 -48 -48 -48 -48 -48 -48 -48 -48 -48 -48 -48 -48 -48 -48 -48 -48 -48 -48 -48 -48 -48 -48 -48 -48 -48 -48 -48 -48 -48 -48 -48 -48 -48 -48 -48 -48 -48 -48 -48 -48 -48 -48 -48 -48 -48 -48 -48 -48 -48 -48 -48 -48 -49 -49 -49 -49 -49 -48 -48 -48 -48 -48 -48 -48 -48 -48 -48 -48 -48 -48 -48 -48 -48 -48 -48 -48 -48 -48 -48 -48 -48 -48 -48 -48 -48 -48 -48 -48 -48 -48 -48 -48 -48 -48 -48 -48 -48 -48 -48 -48 -48 -48 -48 -48 -48 -48 -48 -48 -48 -48 -48 -48 -48 -48 -48 -48 -48 -48 -48 -48 -40 -40 -40 -40 -41 -41 -41 -41 -41 -41 -41 -41 -41 -41 -41 -41 -41 -41 -41 -41 -42 -42 -42 -42 -42 -42 -42 -42 -42 -42 -42 -42 -42 -42 -43 -43 -43 -43 -43 -43 -43 -43 -43 -43 -43 -43 -43 -44 -44 -44 -44 -44 -44 -44 -45 -45 -45 -45 -45 -45 -45 -45 -45 -45 -45 -45 -45 -45 -46 -46 -46 -46 -46 -46 -46 -46 -46 -46 -46 -46 -46 -46 -47 -47 -47 -47 -47 -47 -47 -47 -47 -47 -47 -47 -47 -47 -47 -47 -47 -47 -47 -47 -47 -47 -47 -47 -47 -47 -47 -47 -47 -47 -47 -47 -48 -48 -48 -48 -48 -48 -48 -48 -48 -48 -48 -48 -48 -48 -48 -48 -48 -48 -48 -48 -48 -48 -48 -48 -48 -48 -48 -48 -48 -48 -48 -48 -48 -48 -48 -48 -48 -48 -48 -48 -48 -48 -48 -48 -48 -48 -48 -48 -48 -48 -48 -48 -48 -48 -48 -48 -48 -48 -48 -48 -48 -48 -48 -48 -48 -48 -48 -48 -48 -48 -48 -48 -48 -48 -48 -48 -48 -48 -48 -48 -48 -48 -48 -48 -48 -48 -48 -48 -48 -48 -48 -48 -48 -48 -48 -48 -48 -48 -48 -48 -48 -48 -48 -48 -48 -48 -48 -48 -48 -48 -48 -48 -48 -48 -48 -48 -48 -48 -48 -48 -48 -48 -48 -48 -48 -48 -48 -47 -47 -47 -47 -47 -40 -40 -40 -41 -41 -41 -41 -41 -41 -41 -41 -41 -41 -41 -41 -41 -41 -41 -41 -42 -42 -42 -42 -42 -42 -42 -42 -42 -42 -42 -42 -42 -42 -43 -43 -43 -43 -43 -43 -43 -43 -43 -43 -43 -43 -43 -44 -44 -44 -44 -44 -44 -44 -45 -45 -45 -45 -45 -45 -45 -45 -45 -45 -45 -45 -45 -45 -46 -46 -46 -46 -46 -46 -46 -46 -46 -46 -46 -46 -46 -46 -46 -47 -47 -47 -47 -47 -47 -47 -47 -47 -47 -47 -47 -47 -47 -47 -47 -47 -47 -47 -47 -47 -47 -47 -47 -47 -47 -47 -47 -47 -47 -47 -48 -48 -48 -48 -48 -48 -48 -47 -48 -48 -48 -48 -48 -48 -48 -48 -48 -48 -48 -48 -48 -48 -48 -48 -48 -48 -48 -48 -48 -48 -48 -48 -48 -48 -48 -48 -48 -48 -48 -48 -48 -48 -48 -48 -48 -48 -48 -48 -48 -48 -48 -48 -48 -48 -48 -48 -48 -48 -48 -48 -48 -48 -48 -48 -48 -48 -48 -48 -48 -48 -48 -48 -48 -48 -48 -48 -48 -48 -48 -48 -48 -48 -48 -48 -48 -48 -48 -48 -48 -48 -48 -48 -48 -48 -48 -48 -48 -48 -48 -48 -48 -48 -48 -48 -48 -48 -48 -48 -48 -48 -48 -48 -47 -47 -47 -47 -47 -47 -47 -47 -47 -47 -47 -47 -47 -47 -47 -47 -47 -47 -47 -40 -40 -40 -41 -41 -41 -41 -41 -41 -41 -41 -41 -41 -41 -41 -41 -41 -41 -42 -42 -42 -42 -42 -42 -42 -42 -42 -42 -42 -42 -42 -42 -42 -43 -43 -43 -43 -43 -43 -43 -43 -43 -43 -43 -43 -44 -44 -44 -44 -44 -44 -44 -45 -45 -45 -45 -45 -45 -45 -45 -45 -45 -45 -45 -45 -45 -46 -46 -46 -46 -46 -46 -46 -46 -46 -46 -46 -46 -46 -46 -46 -47 -47 -47 -47 -47 -47 -47 -47 -47 -47 -47 -47 -47 -47 -47 -47 -47 -47 -47 -47 -47 -47 -47 -47 -47 -47 -47 -47 -47 -47 -47 -47 -47 -47 -47 -47 -47 -47 -47 -47 -47 -47 -47 -47 -47 -48 -48 -48 -48 -48 -48 -48 -48 -48 -48 -48 -48 -48 -48 -48 -48 -48 -48 -48 -48 -48 -48 -48 -48 -48 -48 -48 -48 -48 -48 -48 -48 -48 -48 -48 -48 -48 -48 -48 -48 -48 -48 -48 -48 -48 -48 -48 -48 -48 -48 -48 -48 -48 -48 -48 -48 -48 -48 -48 -48 -48 -48 -48 -48 -48 -48 -48 -48 -48 -48 -48 -48 -48 -48 -47 -47 -47 -47 -47 -47 -47 -47 -47 -47 -47 -47 -47 -47 -47 -47 -47 -47 -47 -47 -47 -47 -47 -47 -47 -47 -47 -47 -47 -47 -47 -47 -47 -47 -47 -47 -47 -47 -47 -47 -47 -41 -41 -41 -41 -41 -41 -41 -41 -41 -41 -41 -41 -41 -41 -41 -41 -41 -41 -42 -42 -42 -42 -42 -42 -42 -42 -42 -42 -42 -42 -42 -43 -43 -43 -43 -43 -43 -43 -43 -43 -43 -43 -43 -44 -44 -44 -44 -44 -44 -44 -44 -44 -45 -45 -45 -45 -45 -45 -45 -45 -45 -45 -45 -45 -45 -45 -46 -46 -46 -46 -46 -46 -46 -46 -46 -46 -46 -46 -46 -46 -46 -46 -46 -47 -46 -47 -47 -47 -47 -47 -47 -47 -47 -47 -47 -47 -47 -47 -47 -47 -47 -47 -47 -47 -47 -47 -47 -47 -47 -47 -47 -47 -47 -47 -47 -47 -47 -47 -47 -47 -47 -47 -47 -47 -47 -48 -48 -48 -48 -48 -48 -48 -48 -48 -48 -48 -48 -48 -48 -48 -48 -48 -48 -48 -48 -48 -48 -48 -48 -48 -48 -48 -48 -48 -48 -48 -48 -48 -48 -48 -48 -48 -48 -48 -48 -48 -48 -48 -48 -48 -48 -48 -48 -48 -48 -48 -48 -48 -48 -48 -48 -48 -48 -48 -48 -48 -48 -48 -48 -48 -48 -48 -48 -47 -47 -47 -47 -47 -47 -47 -47 -47 -47 -47 -47 -47 -47 -47 -47 -47 -47 -47 -47 -47 -47 -47 -47 -47 -47 -47 -47 -47 -47 -47 -47 -47 -47 -47 -47 -47 -47 -47 -47 -47 -47 -47 -47 -47 -47 -41 -41 -41 -41 -41 -41 -41 -41 -41 -41 -41 -41 -41 -41 -41 -41 -42 -42 -42 -42 -42 -42 -42 -42 -42 -42 -42 -42 -42 -43 -43 -43 -43 -43 -43 -43 -43 -43 -43 -43 -44 -44 -44 -44 -44 -44 -44 -44 -44 -44 -44 -45 -45 -45 -45 -45 -45 -45 -45 -45 -45 -45 -45 -45 -45 -45 -46 -46 -46 -46 -46 -46 -46 -46 -46 -46 -46 -46 -46 -46 -46 -46 -46 -46 -46 -46 -47 -47 -47 -47 -47 -47 -47 -47 -47 -47 -47 -47 -47 -47 -47 -47 -47 -47 -47 -47 -47 -47 -47 -47 -47 -47 -47 -47 -47 -47 -47 -47 -47 -47 -47 -47 -47 -47 -48 -48 -48 -48 -48 -47 -48 -48 -48 -48 -48 -48 -48 -48 -48 -48 -48 -48 -48 -48 -48 -48 -48 -48 -48 -48 -48 -48 -48 -48 -48 -48 -48 -48 -48 -48 -48 -48 -48 -48 -48 -48 -48 -48 -48 -48 -48 -48 -48 -48 -48 -48 -48 -48 -48 -48 -48 -48 -48 -48 -48 -48 -48 -48 -48 -48 -47 -47 -47 -47 -47 -47 -47 -47 -47 -47 -47 -47 -47 -47 -47 -47 -47 -47 -47 -47 -47 -47 -47 -47 -47 -47 -47 -47 -47 -47 -47 -47 -47 -47 -47 -47 -47 -47 -47 -47 -47 -47 -47 -47 -47 -47 -47 -47 -47 -41 -41 -41 -41 -41 -41 -41 -41 -41 -41 -41 -41 -41 -42 -42 -42 -42 -42 -42 -42 -42 -42 -42 -42 -42 -43 -43 -43 -43 -43 -43 -43 -43 -43 -43 -43 -44 -44 -44 -44 -44 -44 -44 -44 -44 -44 -44 -44 -44 -45 -45 -45 -45 -45 -45 -45 -45 -45 -45 -45 -45 -45 -45 -45 -46 -46 -46 -46 -46 -46 -46 -46 -46 -46 -46 -46 -46 -46 -46 -46 -46 -46 -46 -46 -46 -47 -46 -46 -46 -46 -46 -46 -46 -47 -47 -47 -47 -47 -47 -47 -47 -47 -47 -47 -47 -47 -47 -47 -47 -47 -47 -47 -47 -47 -47 -47 -47 -47 -47 -47 -47 -47 -48 -48 -47 -47 -47 -47 -47 -47 -47 -47 -47 -47 -47 -47 -47 -47 -47 -47 -47 -47 -47 -47 -47 -47 -47 -48 -48 -48 -48 -48 -48 -48 -48 -48 -48 -48 -48 -48 -48 -48 -48 -48 -48 -48 -48 -48 -48 -48 -48 -48 -48 -48 -48 -48 -48 -48 -48 -48 -48 -48 -48 -48 -48 -48 -47 -47 -47 -47 -47 -47 -47 -47 -47 -47 -47 -47 -47 -47 -47 -47 -47 -47 -47 -47 -47 -47 -47 -47 -47 -47 -47 -47 -47 -47 -47 -47 -47 -47 -47 -47 -47 -47 -47 -47 -47 -47 -47 -47 -47 -47 -47 -47 -47 -47 -46 -46 -46 -46 -46 -46 -42 -42 -42 -42 -42 -42 -42 -42 -42 -42 -42 -43 -43 -43 -43 -43 -43 -43 -43 -43 -44 -44 -44 -44 -44 -44 -44 -44 -44 -44 -44 -44 -44 -44 -45 -45 -45 -45 -45 -45 -45 -45 -45 -45 -45 -45 -45 -46 -46 -46 -46 -46 -46 -46 -46 -46 -46 -46 -46 -46 -46 -46 -46 -46 -46 -46 -46 -46 -46 -46 -46 -46 -46 -46 -46 -46 -46 -46 -46 -46 -46 -47 -47 -47 -47 -47 -47 -47 -47 -47 -47 -47 -47 -47 -47 -47 -47 -47 -47 -47 -47 -47 -47 -47 -47 -47 -47 -47 -47 -47 -47 -47 -47 -47 -47 -47 -47 -47 -47 -47 -47 -47 -47 -47 -47 -47 -47 -47 -47 -47 -47 -47 -47 -47 -47 -47 -47 -47 -47 -47 -47 -47 -47 -47 -47 -47 -47 -47 -47 -47 -47 -48 -48 -48 -48 -48 -48 -48 -48 -48 -48 -47 -48 -48 -47 -47 -47 -47 -47 -47 -47 -47 -47 -47 -47 -47 -47 -47 -47 -47 -47 -47 -47 -47 -47 -47 -47 -47 -47 -47 -47 -47 -47 -47 -47 -47 -47 -47 -47 -47 -47 -47 -47 -47 -47 -47 -47 -47 -46 -46 -46 -46 -46 -46 -46 -46 -46 -46 -46 -46 -46 -46 -46 -46 -46 -46 -46 -46 -46 -46 -46 -41 -41 -42 -42 -42 -42 -42 -42 -42 -42 -42 -42 -42 -42 -43 -43 -43 -43 -43 -43 -44 -44 -44 -44 -44 -44 -44 -44 -44 -44 -44 -44 -44 -45 -44 -45 -45 -45 -45 -45 -45 -45 -45 -45 -45 -45 -46 -46 -46 -46 -46 -46 -46 -46 -46 -46 -46 -46 -46 -46 -46 -46 -46 -46 -46 -46 -46 -46 -46 -46 -46 -46 -46 -46 -46 -46 -46 -46 -46 -46 -46 -46 -46 -46 -46 -47 -47 -47 -47 -47 -47 -47 -47 -47 -47 -47 -47 -47 -47 -47 -47 -47 -47 -47 -47 -47 -47 -47 -47 -47 -47 -47 -47 -47 -47 -47 -47 -47 -47 -47 -47 -47 -47 -47 -47 -47 -47 -47 -47 -47 -47 -47 -47 -47 -47 -47 -47 -47 -47 -47 -47 -47 -47 -47 -47 -47 -47 -47 -47 -47 -47 -47 -47 -47 -47 -47 -47 -47 -47 -47 -47 -47 -47 -47 -47 -47 -47 -47 -47 -47 -47 -47 -47 -47 -47 -47 -47 -47 -47 -47 -47 -47 -47 -47 -47 -47 -47 -47 -47 -47 -47 -47 -47 -47 -47 -47 -46 -46 -46 -46 -46 -46 -46 -46 -46 -46 -46 -46 -46 -46 -46 -46 -46 -46 -46 -46 -46 -46 -46 -46 -46 -46 -46 -46 -46 -46 -46 -46 -46 -46 -46 -46 -46 -46 -46 -46 -41 -41 -42 -42 -42 -42 -42 -42 -42 -42 -42 -42 -42 -42 -42 -43 -43 -43 -44 -44 -44 -44 -44 -44 -44 -44 -44 -44 -44 -44 -45 -45 -45 -45 -45 -45 -45 -45 -45 -45 -45 -45 -45 -45 -45 -45 -45 -45 -46 -45 -45 -46 -46 -45 -46 -46 -46 -46 -46 -46 -46 -46 -46 -46 -46 -46 -46 -46 -46 -46 -46 -46 -46 -46 -46 -46 -46 -46 -46 -46 -46 -46 -46 -46 -46 -46 -46 -46 -46 -47 -47 -47 -47 -47 -47 -47 -47 -47 -47 -47 -47 -47 -47 -47 -47 -47 -47 -47 -47 -47 -47 -47 -47 -47 -47 -47 -47 -47 -47 -47 -47 -47 -47 -47 -47 -47 -47 -47 -47 -47 -47 -47 -47 -47 -47 -47 -47 -47 -47 -47 -47 -47 -47 -47 -47 -47 -47 -47 -47 -47 -47 -47 -47 -47 -47 -47 -47 -47 -47 -47 -47 -47 -47 -47 -47 -47 -47 -47 -47 -47 -47 -47 -47 -47 -47 -47 -47 -47 -46 -46 -46 -46 -46 -46 -46 -46 -46 -46 -46 -46 -46 -46 -46 -46 -46 -46 -46 -46 -46 -46 -46 -46 -46 -46 -46 -46 -46 -46 -46 -46 -46 -46 -46 -46 -46 -46 -46 -46 -46 -46 -46 -46 -46 -46 -46 -46 -46 -46 -46 -46 -46 -46 -46 -46 -46 -46 -46 -46 -46 -46 -40 -40 -40 -40 -41 -41 -42 -42 -42 -42 -42 -42 -42 -42 -42 -42 -42 -42 -42 -43 -43 -43 -43 -43 -44 -44 -44 -44 -44 -44 -44 -44 -44 -44 -44 -45 -45 -45 -45 -45 -45 -45 -45 -45 -45 -45 -45 -45 -45 -45 -45 -45 -45 -45 -45 -45 -45 -46 -45 -46 -46 -46 -46 -46 -46 -46 -46 -46 -46 -46 -46 -46 -46 -46 -46 -46 -46 -46 -46 -46 -46 -46 -46 -46 -46 -46 -46 -46 -46 -46 -46 -46 -46 -46 -46 -46 -47 -47 -47 -47 -47 -47 -47 -47 -47 -47 -47 -47 -47 -47 -47 -47 -47 -47 -47 -47 -47 -47 -47 -47 -47 -47 -47 -47 -47 -47 -47 -47 -47 -47 -47 -47 -47 -47 -47 -47 -47 -47 -47 -47 -47 -47 -47 -47 -47 -47 -47 -47 -47 -47 -47 -47 -47 -47 -47 -47 -47 -47 -47 -47 -47 -47 -47 -47 -47 -47 -47 -47 -47 -47 -47 -47 -46 -46 -46 -46 -46 -46 -46 -46 -46 -46 -46 -46 -46 -46 -46 -46 -46 -46 -46 -46 -46 -46 -46 -46 -46 -46 -46 -46 -46 -46 -46 -46 -46 -46 -46 -46 -46 -46 -46 -46 -46 -46 -46 -46 -46 -46 -46 -46 -46 -46 -46 -46 -46 -46 -46 -46 -46 -46 -46 -46 -46 -46 -45 -45 -45 -45 -46 -45 -45 -45 -45 -38 -38 -39 -39 -40 -40 -40 -40 -41 -41 -41 -41 -41 -42 -42 -42 -42 -42 -42 -42 -42 -42 -42 -43 -43 -43 -43 -43 -43 -43 -43 -44 -44 -44 -44 -44 -44 -44 -44 -44 -45 -44 -44 -45 -44 -44 -45 -44 -45 -45 -45 -45 -45 -45 -45 -45 -45 -45 -45 -45 -45 -45 -45 -46 -45 -46 -46 -46 -46 -46 -46 -46 -46 -46 -46 -46 -46 -46 -46 -46 -46 -46 -46 -46 -46 -46 -46 -46 -46 -46 -46 -46 -46 -46 -46 -46 -46 -46 -46 -46 -46 -46 -46 -46 -46 -47 -47 -47 -47 -47 -47 -47 -47 -47 -47 -47 -47 -47 -47 -47 -47 -47 -47 -47 -47 -47 -47 -47 -47 -47 -47 -47 -47 -47 -47 -47 -47 -47 -47 -47 -47 -47 -47 -47 -47 -47 -47 -47 -47 -47 -47 -47 -47 -47 -47 -47 -47 -47 -47 -47 -47 -47 -47 -47 -47 -47 -47 -47 -47 -47 -47 -47 -47 -47 -46 -46 -46 -46 -46 -46 -46 -46 -46 -46 -46 -46 -46 -46 -46 -46 -46 -46 -46 -46 -46 -46 -46 -46 -46 -46 -46 -46 -46 -46 -46 -46 -46 -46 -46 -46 -46 -46 -46 -46 -46 -46 -46 -46 -46 -46 -46 -46 -46 -46 -46 -45 -45 -46 -46 -46 -46 -45 -45 -45 -45 -45 -45 -45 -45 -45 -45 -45 -45 -45 -45 -45 -45 -45 -45 -45 -38 -38 -38 -38 -39 -39 -39 -40 -40 -40 -40 -41 -41 -41 -41 -41 -41 -41 -41 -41 -41 -41 -42 -42 -42 -42 -42 -42 -42 -42 -43 -43 -43 -43 -43 -43 -43 -43 -43 -43 -43 -44 -43 -44 -44 -44 -44 -44 -44 -44 -44 -44 -45 -44 -44 -45 -45 -45 -45 -45 -45 -45 -45 -45 -45 -45 -45 -45 -45 -45 -45 -45 -46 -46 -46 -46 -46 -46 -46 -46 -45 -45 -45 -45 -46 -46 -46 -46 -46 -46 -46 -46 -46 -46 -46 -46 -46 -46 -46 -46 -46 -46 -46 -46 -46 -46 -46 -46 -46 -46 -46 -46 -46 -46 -46 -46 -46 -46 -46 -46 -46 -46 -46 -46 -47 -47 -47 -47 -47 -47 -46 -46 -47 -47 -47 -47 -47 -47 -47 -47 -47 -47 -47 -47 -47 -47 -47 -47 -47 -47 -47 -47 -47 -47 -47 -47 -47 -47 -47 -47 -47 -47 -47 -47 -47 -47 -47 -47 -47 -47 -47 -47 -47 -47 -47 -47 -47 -47 -47 -47 -46 -46 -46 -46 -46 -46 -46 -46 -46 -46 -46 -46 -46 -46 -46 -46 -46 -46 -46 -46 -46 -46 -46 -46 -46 -46 -46 -46 -46 -46 -46 -46 -46 -46 -46 -46 -46 -46 -46 -46 -46 -46 -46 -46 -46 -46 -46 -46 -46 -45 -45 -45 -45 -45 -45 -45 -45 -45 -45 -45 -45 -45 -45 -45 -45 -45 -45 -45 -45 -45 -45 -45 -45 -45 -45 -45 -45 -45 -38 -38 -38 -39 -39 -39 -39 -39 -39 -39 -39 -40 -41 -41 -41 -41 -41 -41 -41 -41 -41 -41 -41 -41 -41 -42 -42 -42 -42 -42 -43 -43 -42 -43 -43 -43 -43 -43 -43 -43 -43 -43 -43 -43 -43 -44 -44 -44 -44 -44 -44 -44 -44 -44 -44 -44 -45 -44 -44 -44 -45 -45 -45 -45 -45 -45 -45 -45 -45 -45 -45 -45 -45 -45 -45 -46 -46 -46 -46 -46 -46 -46 -46 -46 -46 -46 -46 -46 -46 -46 -46 -46 -46 -46 -46 -46 -46 -46 -46 -46 -46 -46 -47 -47 -46 -46 -46 -46 -46 -46 -46 -46 -46 -46 -46 -46 -46 -46 -46 -46 -46 -46 -46 -46 -46 -46 -46 -46 -46 -46 -46 -46 -46 -46 -46 -46 -46 -47 -47 -47 -47 -46 -46 -47 -47 -47 -47 -47 -47 -47 -47 -47 -47 -47 -47 -47 -47 -47 -47 -47 -47 -47 -47 -47 -47 -47 -47 -47 -47 -46 -46 -47 -47 -47 -47 -47 -47 -47 -47 -47 -46 -46 -46 -46 -46 -46 -46 -46 -46 -46 -46 -46 -46 -46 -46 -46 -46 -46 -46 -46 -46 -46 -46 -46 -46 -46 -46 -46 -46 -46 -46 -46 -46 -46 -46 -46 -46 -45 -45 -45 -45 -45 -45 -45 -45 -45 -45 -45 -45 -45 -45 -45 -45 -45 -45 -45 -45 -45 -45 -45 -45 -45 -45 -45 -45 -45 -45 -45 -45 -45 -45 -45 -45 -45 -45 -45 -45 -45 -45 -38 -38 -38 -38 -38 -39 -39 -39 -39 -39 -39 -39 -39 -39 -39 -39 -39 -39 -39 -39 -40 -40 -40 -40 -40 -41 -41 -41 -41 -41 -41 -41 -41 -41 -41 -41 -41 -41 -42 -42 -42 -43 -42 -42 -42 -43 -43 -43 -43 -43 -43 -43 -43 -43 -43 -43 -43 -44 -44 -44 -44 -44 -44 -44 -44 -44 -44 -44 -44 -44 -44 -45 -45 -45 -45 -44 -45 -45 -45 -45 -45 -45 -45 -45 -45 -45 -45 -45 -45 -46 -46 -46 -46 -46 -46 -46 -46 -46 -46 -46 -46 -46 -46 -46 -46 -46 -46 -46 -46 -46 -46 -46 -46 -46 -46 -46 -46 -46 -46 -46 -46 -46 -46 -46 -46 -46 -46 -46 -46 -46 -46 -46 -46 -46 -46 -46 -46 -46 -46 -46 -46 -46 -46 -46 -46 -46 -46 -46 -46 -46 -46 -46 -46 -46 -46 -46 -46 -46 -46 -46 -46 -46 -46 -46 -46 -46 -47 -46 -46 -47 -46 -46 -46 -46 -46 -46 -46 -46 -46 -46 -46 -46 -46 -46 -46 -46 -46 -46 -46 -46 -46 -46 -46 -46 -46 -46 -46 -46 -46 -46 -46 -46 -46 -46 -46 -46 -46 -46 -46 -46 -46 -46 -46 -46 -46 -46 -45 -45 -45 -45 -45 -45 -45 -45 -45 -45 -45 -45 -45 -45 -45 -45 -45 -45 -45 -45 -45 -45 -45 -45 -45 -45 -45 -45 -45 -45 -45 -45 -45 -45 -45 -45 -45 -45 -45 -45 -45 -45 -45 -45 -45 -45 -45 -45 -45 -45 -45 -45 -45 -44 -45 -45 -44 -38 -38 -38 -38 -38 -38 -38 -39 -39 -39 -39 -39 -39 -39 -39 -39 -39 -39 -39 -39 -40 -40 -40 -40 -40 -40 -40 -40 -40 -40 -40 -41 -41 -41 -41 -41 -41 -41 -41 -41 -41 -41 -41 -41 -41 -41 -41 -42 -42 -42 -42 -43 -43 -43 -43 -43 -43 -43 -43 -43 -43 -43 -43 -43 -43 -43 -43 -43 -43 -43 -43 -43 -43 -43 -44 -44 -44 -44 -44 -44 -44 -44 -44 -44 -44 -44 -45 -45 -45 -45 -45 -45 -45 -45 -45 -45 -45 -45 -45 -45 -45 -45 -45 -45 -45 -45 -45 -45 -45 -45 -46 -46 -46 -46 -45 -45 -46 -46 -46 -46 -46 -46 -46 -46 -46 -46 -46 -46 -46 -46 -46 -46 -46 -46 -46 -46 -46 -46 -46 -46 -46 -46 -46 -46 -46 -46 -46 -46 -46 -46 -46 -46 -46 -46 -46 -46 -46 -46 -46 -46 -46 -46 -46 -46 -46 -46 -46 -46 -46 -46 -46 -46 -46 -46 -46 -46 -46 -46 -46 -46 -46 -46 -46 -46 -46 -46 -46 -46 -46 -46 -46 -46 -46 -46 -46 -46 -46 -46 -46 -46 -46 -46 -46 -46 -46 -46 -46 -46 -46 -46 -46 -46 -45 -45 -45 -45 -45 -45 -45 -45 -45 -45 -45 -45 -45 -45 -45 -45 -45 -45 -45 -45 -45 -45 -45 -45 -45 -45 -45 -45 -45 -45 -45 -45 -45 -45 -45 -45 -45 -45 -45 -45 -45 -45 -45 -45 -45 -45 -45 -45 -45 -45 -45 -45 -45 -45 -45 -45 -45 -45 -45 -45 -45 -45 -45 -45 -44 -44 -44 -44 -44 -38 -38 -38 -38 -38 -38 -38 -38 -38 -39 -39 -39 -39 -39 -39 -39 -39 -39 -39 -39 -39 -39 -39 -39 -39 -40 -40 -40 -40 -40 -40 -40 -40 -40 -40 -40 -40 -40 -40 -40 -41 -41 -41 -41 -41 -41 -41 -41 -41 -42 -42 -42 -42 -42 -42 -42 -42 -42 -43 -42 -43 -42 -42 -42 -42 -42 -43 -43 -43 -43 -43 -43 -43 -43 -43 -43 -43 -43 -43 -43 -43 -43 -44 -44 -44 -44 -44 -44 -44 -44 -45 -45 -44 -44 -44 -45 -45 -45 -45 -45 -45 -45 -45 -45 -45 -45 -45 -45 -45 -45 -45 -45 -45 -45 -45 -45 -45 -46 -46 -46 -46 -46 -46 -46 -46 -46 -46 -46 -46 -46 -46 -46 -46 -46 -46 -46 -46 -46 -46 -46 -46 -46 -46 -46 -46 -46 -46 -46 -46 -46 -46 -46 -46 -46 -46 -46 -46 -46 -46 -46 -46 -46 -46 -46 -46 -46 -46 -46 -46 -46 -46 -46 -46 -46 -46 -46 -46 -46 -46 -46 -46 -46 -46 -46 -46 -46 -46 -46 -46 -46 -46 -46 -46 -46 -46 -46 -46 -46 -46 -45 -45 -45 -45 -46 -46 -46 -46 -45 -45 -46 -45 -45 -45 -45 -45 -45 -45 -45 -45 -45 -45 -45 -45 -45 -45 -45 -45 -45 -45 -45 -45 -45 -45 -45 -45 -45 -45 -45 -45 -45 -45 -45 -45 -45 -45 -45 -45 -45 -45 -45 -45 -45 -45 -45 -45 -45 -45 -45 -45 -45 -45 -45 -45 -45 -45 -45 -45 -45 -45 -45 -45 -45 -45 -45 -45 -44 -44 -44 -44 -44 -44 -44 -37 -38 -38 -38 -38 -38 -38 -38 -38 -38 -38 -38 -39 -39 -39 -39 -39 -39 -39 -39 -39 -39 -39 -39 -39 -39 -39 -39 -40 -40 -40 -40 -40 -40 -40 -40 -40 -40 -40 -40 -40 -40 -40 -40 -40 -40 -40 -41 -41 -41 -41 -42 -42 -42 -42 -42 -42 -42 -42 -42 -42 -42 -42 -42 -42 -42 -42 -42 -43 -43 -43 -43 -43 -43 -44 -44 -44 -43 -44 -43 -43 -43 -44 -44 -44 -44 -44 -44 -44 -44 -44 -44 -44 -44 -44 -44 -44 -44 -45 -45 -45 -44 -45 -45 -45 -45 -45 -45 -45 -45 -45 -45 -45 -45 -45 -45 -45 -45 -45 -45 -45 -45 -45 -45 -46 -46 -46 -45 -45 -45 -46 -46 -46 -46 -46 -46 -46 -46 -46 -46 -46 -46 -46 -46 -46 -46 -46 -46 -46 -46 -46 -46 -46 -46 -46 -46 -46 -46 -46 -46 -46 -46 -46 -46 -46 -46 -46 -46 -46 -46 -46 -46 -46 -46 -46 -46 -46 -46 -46 -46 -46 -46 -46 -46 -46 -46 -46 -46 -46 -46 -46 -46 -46 -46 -46 -46 -46 -46 -46 -46 -46 -45 -45 -45 -45 -45 -45 -45 -45 -45 -45 -45 -45 -45 -45 -45 -45 -45 -45 -45 -45 -45 -45 -45 -45 -45 -45 -45 -45 -45 -45 -45 -45 -45 -45 -45 -45 -45 -45 -45 -45 -45 -45 -45 -45 -45 -45 -45 -45 -45 -45 -45 -45 -45 -45 -44 -45 -45 -45 -45 -45 -45 -45 -45 -45 -44 -45 -45 -45 -45 -45 -45 -45 -45 -45 -45 -44 -44 -44 -44 -44 -44 -44 -44 -36 -36 -36 -36 -37 -37 -37 -37 -38 -38 -38 -38 -38 -38 -38 -38 -38 -38 -38 -38 -38 -38 -38 -39 -39 -39 -39 -39 -39 -39 -39 -39 -39 -40 -40 -40 -40 -40 -40 -40 -40 -40 -40 -40 -40 -40 -40 -40 -40 -40 -40 -40 -41 -41 -41 -41 -41 -41 -41 -41 -41 -41 -42 -42 -42 -42 -42 -42 -42 -42 -42 -43 -42 -43 -43 -43 -43 -43 -43 -43 -44 -44 -43 -44 -43 -43 -44 -44 -44 -44 -44 -44 -44 -44 -44 -44 -44 -44 -44 -44 -44 -44 -44 -44 -44 -44 -44 -44 -44 -44 -45 -45 -45 -45 -45 -45 -45 -45 -45 -45 -45 -45 -45 -45 -45 -45 -45 -45 -45 -45 -45 -45 -45 -45 -45 -45 -45 -46 -46 -46 -46 -45 -45 -45 -45 -45 -45 -46 -46 -46 -46 -46 -46 -46 -46 -46 -46 -46 -46 -46 -46 -46 -46 -46 -46 -46 -46 -46 -46 -46 -46 -46 -46 -46 -46 -46 -46 -46 -46 -46 -46 -46 -46 -46 -46 -46 -46 -46 -46 -46 -46 -46 -46 -46 -46 -46 -46 -46 -46 -46 -46 -46 -46 -46 -46 -46 -45 -45 -45 -45 -45 -45 -45 -45 -45 -45 -45 -45 -45 -45 -45 -45 -45 -45 -45 -45 -45 -45 -45 -45 -45 -45 -45 -45 -45 -45 -45 -45 -45 -45 -45 -45 -45 -45 -45 -45 -45 -45 -45 -45 -44 -44 -45 -44 -44 -44 -44 -44 -44 -44 -44 -44 -44 -44 -45 -45 -45 -45 -44 -44 -44 -44 -44 -44 -44 -43 -43 -44 -44 -45 -44 -44 -44 -44 -44 -44 -44 -44 -44 -36 -36 -36 -36 -36 -36 -36 -36 -36 -36 -37 -37 -37 -37 -37 -38 -38 -38 -38 -38 -38 -38 -38 -38 -38 -38 -38 -38 -38 -39 -39 -39 -39 -39 -39 -39 -39 -39 -39 -39 -40 -40 -40 -40 -40 -40 -40 -40 -40 -40 -40 -40 -40 -40 -41 -40 -41 -40 -41 -41 -41 -41 -41 -42 -42 -42 -42 -42 -42 -42 -42 -42 -42 -42 -42 -43 -42 -42 -42 -43 -43 -43 -43 -43 -43 -43 -43 -43 -43 -43 -43 -43 -44 -44 -44 -44 -44 -44 -44 -44 -44 -44 -44 -44 -44 -44 -44 -44 -44 -44 -44 -44 -44 -44 -44 -44 -44 -44 -45 -45 -45 -45 -45 -45 -45 -45 -45 -45 -45 -45 -45 -45 -45 -45 -45 -45 -45 -45 -45 -45 -45 -45 -46 -46 -45 -45 -45 -45 -45 -45 -45 -45 -45 -45 -45 -45 -45 -46 -45 -45 -45 -45 -45 -45 -46 -46 -46 -46 -46 -46 -46 -46 -46 -46 -46 -46 -46 -46 -46 -46 -46 -46 -46 -46 -46 -46 -46 -46 -46 -46 -46 -46 -46 -46 -46 -46 -46 -46 -46 -46 -46 -46 -45 -45 -45 -45 -45 -45 -45 -45 -45 -45 -45 -45 -45 -45 -45 -45 -45 -45 -45 -45 -45 -45 -45 -45 -45 -45 -45 -45 -45 -45 -45 -45 -45 -45 -45 -45 -45 -45 -45 -45 -45 -45 -44 -44 -44 -44 -44 -44 -44 -44 -44 -44 -44 -44 -44 -44 -44 -44 -44 -44 -44 -44 -44 -44 -44 -45 -45 -44 -44 -44 -44 -44 -44 -44 -44 -44 -44 -43 -43 -44 -44 -44 -44 -44 -44 -44 -44 -43 -36 -36 -36 -36 -36 -36 -36 -36 -36 -36 -36 -37 -37 -37 -37 -37 -37 -37 -37 -38 -38 -38 -38 -38 -38 -38 -38 -38 -38 -38 -38 -39 -39 -39 -39 -39 -39 -39 -39 -39 -39 -39 -39 -39 -40 -40 -40 -40 -40 -40 -40 -40 -40 -40 -40 -40 -40 -40 -40 -41 -41 -41 -41 -42 -42 -42 -42 -42 -42 -42 -42 -42 -42 -42 -42 -42 -42 -43 -42 -42 -42 -43 -43 -43 -43 -43 -43 -43 -43 -43 -43 -43 -43 -43 -43 -43 -43 -43 -44 -44 -44 -44 -44 -44 -44 -44 -44 -44 -44 -44 -44 -44 -44 -44 -44 -44 -44 -44 -44 -44 -44 -44 -44 -44 -44 -44 -44 -44 -45 -45 -45 -45 -45 -45 -45 -45 -45 -45 -45 -45 -45 -45 -45 -45 -45 -45 -45 -45 -45 -45 -45 -45 -45 -45 -45 -45 -45 -45 -45 -45 -45 -45 -45 -45 -45 -45 -45 -45 -45 -45 -45 -45 -45 -45 -45 -45 -45 -45 -45 -45 -45 -45 -45 -45 -46 -46 -46 -46 -46 -46 -46 -46 -45 -45 -45 -45 -45 -45 -45 -45 -45 -45 -45 -45 -45 -45 -45 -45 -45 -45 -45 -45 -45 -45 -45 -45 -45 -45 -45 -45 -45 -45 -45 -45 -45 -45 -45 -45 -45 -45 -45 -45 -45 -44 -44 -44 -44 -44 -44 -44 -44 -44 -44 -44 -44 -44 -44 -44 -44 -44 -44 -44 -44 -44 -44 -44 -44 -44 -44 -44 -44 -44 -44 -44 -44 -44 -44 -44 -44 -44 -44 -44 -44 -44 -44 -44 -44 -44 -44 -44 -44 -44 -44 -44 -44 -44 -43 -43 -35 -35 -35 -36 -36 -36 -36 -36 -36 -36 -37 -37 -37 -37 -37 -37 -37 -37 -37 -38 -38 -38 -38 -38 -38 -38 -38 -38 -38 -38 -38 -38 -39 -39 -39 -39 -39 -39 -39 -39 -39 -39 -39 -39 -39 -39 -40 -40 -40 -40 -40 -40 -40 -40 -40 -40 -40 -40 -40 -41 -41 -41 -41 -41 -41 -42 -42 -42 -42 -42 -42 -42 -42 -42 -42 -42 -42 -42 -42 -42 -42 -43 -43 -42 -43 -43 -43 -43 -43 -43 -43 -43 -43 -43 -43 -43 -43 -43 -43 -43 -43 -43 -44 -44 -44 -44 -44 -44 -44 -44 -44 -44 -44 -44 -44 -44 -44 -44 -44 -44 -44 -44 -44 -44 -44 -44 -44 -44 -44 -44 -44 -44 -45 -45 -45 -45 -45 -45 -45 -45 -45 -45 -45 -45 -45 -45 -45 -45 -45 -45 -45 -45 -45 -45 -45 -45 -45 -45 -45 -45 -45 -45 -45 -45 -45 -45 -45 -45 -45 -45 -45 -45 -45 -45 -45 -45 -45 -45 -45 -45 -45 -45 -45 -45 -45 -45 -45 -45 -45 -45 -45 -45 -45 -45 -45 -45 -45 -45 -45 -45 -45 -45 -45 -45 -45 -45 -45 -45 -45 -45 -45 -44 -44 -44 -45 -44 -45 -45 -45 -45 -45 -45 -45 -45 -44 -44 -44 -44 -44 -44 -44 -44 -44 -44 -44 -44 -44 -44 -44 -44 -44 -44 -44 -44 -44 -44 -44 -44 -44 -44 -44 -44 -44 -44 -44 -44 -44 -44 -44 -44 -44 -44 -44 -44 -44 -44 -44 -44 -44 -44 -44 -44 -44 -44 -44 -44 -43 -44 -44 -44 -44 -44 -43 -43 -43 -43 -43 -35 -35 -35 -35 -35 -36 -36 -36 -36 -37 -37 -37 -37 -37 -37 -37 -37 -37 -37 -37 -37 -38 -38 -38 -38 -38 -38 -38 -38 -38 -38 -38 -38 -38 -39 -39 -39 -39 -39 -39 -39 -39 -39 -39 -39 -39 -39 -39 -40 -40 -40 -40 -40 -40 -40 -40 -40 -40 -40 -41 -41 -41 -41 -41 -41 -41 -41 -42 -42 -42 -42 -42 -42 -42 -42 -42 -42 -42 -42 -42 -42 -42 -42 -42 -43 -43 -42 -43 -43 -43 -43 -43 -43 -43 -43 -43 -43 -43 -43 -43 -43 -43 -43 -43 -43 -43 -44 -44 -44 -43 -44 -44 -44 -44 -44 -44 -44 -44 -44 -44 -44 -44 -44 -44 -44 -44 -44 -44 -44 -44 -44 -44 -44 -44 -45 -45 -45 -45 -45 -45 -45 -45 -45 -45 -45 -45 -45 -45 -45 -45 -45 -45 -45 -45 -45 -45 -45 -45 -45 -45 -45 -45 -45 -45 -45 -45 -45 -45 -45 -45 -45 -45 -45 -45 -45 -45 -45 -45 -45 -45 -45 -45 -45 -45 -45 -45 -45 -45 -45 -45 -45 -45 -45 -45 -45 -45 -45 -45 -45 -45 -45 -45 -45 -45 -45 -45 -45 -45 -45 -44 -44 -44 -44 -44 -44 -44 -44 -44 -44 -45 -45 -45 -45 -44 -44 -44 -44 -44 -44 -44 -44 -44 -44 -44 -44 -44 -44 -44 -44 -44 -44 -44 -44 -44 -44 -44 -44 -44 -44 -44 -44 -44 -44 -44 -44 -44 -44 -44 -44 -44 -44 -44 -44 -44 -44 -44 -44 -44 -44 -44 -44 -44 -44 -44 -44 -44 -43 -43 -43 -43 -43 -43 -43 -43 -43 -43 -35 -35 -35 -35 -35 -35 -35 -35 -36 -36 -36 -36 -37 -37 -37 -37 -37 -37 -37 -37 -37 -37 -37 -38 -38 -38 -38 -38 -38 -38 -38 -38 -38 -38 -38 -38 -38 -38 -39 -39 -39 -39 -39 -39 -39 -39 -39 -39 -39 -39 -39 -39 -40 -40 -40 -40 -40 -40 -40 -41 -41 -41 -41 -41 -41 -41 -41 -41 -41 -41 -41 -42 -42 -42 -42 -42 -42 -42 -42 -42 -42 -42 -42 -42 -42 -42 -42 -42 -43 -43 -43 -43 -43 -43 -43 -43 -43 -43 -43 -43 -43 -43 -43 -43 -43 -43 -43 -43 -43 -43 -43 -43 -43 -43 -43 -44 -44 -44 -44 -44 -44 -44 -44 -44 -44 -44 -44 -44 -44 -44 -44 -44 -44 -44 -44 -44 -44 -44 -44 -44 -44 -45 -45 -45 -45 -45 -45 -45 -45 -45 -45 -45 -45 -45 -45 -45 -45 -45 -45 -45 -45 -45 -45 -45 -45 -45 -45 -45 -45 -45 -45 -45 -45 -45 -45 -45 -45 -45 -45 -45 -45 -45 -45 -45 -45 -45 -45 -45 -45 -45 -45 -45 -45 -45 -45 -45 -45 -45 -45 -45 -45 -45 -45 -45 -45 -45 -45 -45 -45 -44 -44 -44 -44 -44 -44 -44 -44 -44 -44 -44 -44 -44 -44 -44 -44 -44 -44 -44 -44 -44 -44 -44 -44 -44 -44 -44 -44 -44 -44 -44 -44 -44 -44 -44 -44 -44 -44 -44 -44 -44 -44 -44 -44 -44 -44 -44 -44 -44 -44 -43 -43 -43 -43 -43 -43 -43 -43 -43 -43 -43 -43 -43 -43 -43 -43 -43 -43 -43 -43 -43 -43 -43 -43 -43 -43 -43 -43 -35 -35 -35 -35 -35 -35 -35 -35 -36 -36 -36 -36 -36 -36 -37 -37 -37 -37 -37 -37 -37 -37 -37 -37 -37 -37 -38 -38 -38 -38 -38 -38 -38 -38 -38 -38 -38 -38 -38 -38 -39 -39 -39 -39 -39 -39 -39 -39 -39 -39 -39 -39 -39 -39 -39 -40 -40 -40 -40 -40 -41 -41 -41 -41 -41 -41 -41 -41 -41 -41 -41 -41 -41 -42 -42 -42 -42 -42 -42 -42 -42 -42 -42 -42 -42 -42 -42 -42 -42 -42 -42 -42 -42 -43 -43 -43 -43 -43 -43 -43 -43 -43 -43 -43 -43 -43 -43 -43 -43 -43 -43 -43 -43 -43 -43 -43 -43 -43 -44 -44 -44 -44 -44 -44 -44 -44 -44 -44 -44 -44 -44 -44 -44 -44 -44 -44 -44 -44 -44 -44 -44 -44 -44 -44 -45 -45 -45 -45 -45 -45 -45 -45 -45 -45 -45 -45 -45 -45 -45 -45 -45 -45 -45 -45 -45 -45 -45 -45 -45 -45 -45 -45 -45 -45 -45 -45 -45 -45 -45 -45 -45 -45 -45 -45 -45 -45 -45 -45 -45 -45 -45 -45 -45 -45 -45 -45 -45 -45 -45 -45 -45 -45 -45 -45 -45 -45 -45 -45 -44 -44 -44 -44 -44 -44 -44 -44 -44 -44 -44 -44 -44 -44 -44 -44 -44 -44 -44 -44 -44 -44 -44 -44 -44 -44 -44 -44 -44 -44 -44 -44 -44 -44 -44 -44 -44 -44 -44 -43 -43 -43 -43 -43 -43 -43 -43 -43 -43 -43 -43 -43 -43 -43 -43 -43 -43 -43 -43 -43 -43 -43 -43 -43 -43 -43 -43 -43 -43 -43 -43 -43 -43 -43 -43 -43 -43 -35 -35 -35 -35 -35 -35 -35 -36 -36 -36 -36 -36 -36 -36 -36 -37 -37 -37 -37 -37 -37 -37 -37 -37 -37 -37 -37 -37 -38 -38 -38 -38 -38 -38 -38 -38 -38 -38 -38 -38 -38 -38 -38 -39 -39 -39 -39 -39 -39 -39 -39 -39 -39 -39 -39 -40 -40 -40 -40 -40 -40 -40 -41 -41 -41 -41 -41 -41 -41 -41 -41 -41 -41 -41 -41 -41 -41 -42 -42 -42 -42 -42 -42 -42 -42 -42 -42 -42 -42 -42 -42 -42 -42 -42 -43 -42 -43 -43 -43 -43 -43 -43 -43 -43 -43 -43 -43 -43 -43 -43 -43 -43 -43 -43 -43 -43 -43 -43 -43 -43 -43 -44 -44 -44 -44 -44 -44 -44 -44 -44 -44 -44 -44 -44 -44 -44 -44 -44 -44 -44 -44 -44 -44 -44 -44 -45 -45 -45 -44 -44 -44 -44 -45 -44 -45 -45 -45 -44 -45 -45 -45 -45 -45 -45 -45 -45 -45 -45 -45 -45 -45 -45 -45 -45 -45 -45 -45 -45 -45 -45 -45 -45 -45 -45 -45 -45 -45 -45 -45 -45 -45 -45 -45 -45 -45 -45 -45 -45 -45 -45 -45 -45 -45 -44 -44 -44 -44 -44 -44 -44 -44 -44 -44 -44 -44 -44 -44 -44 -44 -44 -44 -44 -44 -44 -44 -44 -44 -44 -44 -44 -44 -44 -44 -44 -44 -44 -44 -44 -44 -43 -43 -43 -43 -43 -43 -43 -43 -43 -43 -43 -43 -43 -43 -43 -43 -43 -43 -43 -43 -43 -43 -43 -43 -43 -43 -43 -43 -43 -43 -43 -43 -43 -43 -43 -43 -43 -43 -43 -43 -43 -43 -43 -43 -34 -35 -35 -35 -35 -35 -35 -35 -36 -36 -36 -36 -36 -36 -36 -36 -36 -36 -36 -36 -37 -37 -37 -37 -37 -37 -37 -37 -37 -37 -37 -37 -38 -38 -38 -38 -38 -38 -38 -38 -38 -38 -38 -38 -38 -38 -39 -39 -39 -39 -39 -39 -39 -39 -39 -39 -39 -39 -40 -40 -40 -40 -40 -40 -40 -40 -41 -41 -41 -41 -41 -41 -41 -41 -41 -41 -41 -41 -41 -41 -41 -41 -42 -42 -42 -42 -42 -42 -42 -42 -42 -42 -42 -42 -42 -42 -42 -42 -42 -43 -43 -43 -43 -43 -43 -43 -43 -43 -43 -43 -43 -43 -43 -43 -43 -43 -43 -43 -43 -43 -43 -43 -43 -43 -43 -43 -44 -44 -44 -44 -44 -44 -44 -44 -44 -44 -44 -44 -44 -44 -44 -44 -44 -44 -44 -44 -44 -44 -44 -44 -44 -44 -44 -44 -44 -44 -44 -44 -44 -44 -44 -44 -44 -44 -44 -44 -44 -44 -44 -44 -44 -45 -45 -45 -45 -45 -45 -45 -45 -45 -45 -45 -45 -45 -45 -45 -45 -45 -45 -45 -45 -45 -45 -45 -45 -45 -45 -45 -45 -44 -44 -44 -44 -44 -44 -44 -44 -44 -44 -44 -44 -44 -44 -44 -44 -44 -44 -44 -44 -44 -44 -44 -44 -44 -44 -44 -44 -44 -44 -44 -44 -44 -44 -43 -43 -43 -43 -43 -43 -43 -43 -43 -43 -43 -43 -43 -43 -43 -43 -43 -43 -43 -43 -43 -43 -43 -43 -43 -43 -43 -43 -43 -43 -43 -43 -43 -43 -43 -43 -43 -43 -43 -43 -43 -43 -43 -43 -42 -43 -43 -42 -43 -43 -34 -34 -34 -34 -35 -35 -35 -35 -36 -36 -36 -36 -36 -36 -36 -36 -36 -36 -36 -36 -36 -36 -37 -37 -37 -37 -37 -37 -37 -37 -37 -37 -37 -37 -37 -37 -38 -38 -38 -38 -38 -38 -38 -38 -38 -38 -38 -39 -39 -39 -39 -39 -39 -39 -39 -39 -39 -39 -40 -40 -40 -40 -40 -40 -40 -40 -40 -40 -40 -41 -41 -41 -41 -41 -41 -41 -41 -41 -41 -41 -41 -41 -41 -41 -41 -41 -42 -42 -42 -42 -42 -42 -42 -42 -42 -42 -42 -42 -42 -42 -42 -42 -42 -42 -43 -43 -43 -43 -43 -43 -43 -43 -43 -43 -43 -43 -43 -43 -43 -43 -43 -43 -43 -43 -43 -43 -43 -43 -43 -43 -43 -44 -44 -44 -44 -44 -44 -44 -44 -44 -44 -44 -44 -44 -44 -44 -44 -44 -44 -44 -44 -44 -44 -44 -44 -44 -44 -44 -44 -44 -44 -44 -44 -44 -44 -44 -44 -44 -44 -44 -44 -44 -44 -44 -44 -44 -44 -44 -44 -44 -44 -44 -44 -44 -44 -44 -44 -44 -44 -44 -44 -44 -45 -44 -44 -44 -44 -44 -44 -44 -44 -44 -44 -44 -44 -44 -44 -44 -44 -43 -43 -43 -43 -43 -43 -43 -43 -43 -43 -43 -43 -43 -44 -44 -44 -44 -44 -44 -44 -44 -44 -43 -43 -43 -43 -43 -43 -43 -43 -43 -43 -43 -43 -43 -43 -43 -43 -43 -43 -43 -43 -43 -43 -43 -43 -43 -43 -43 -43 -43 -43 -43 -43 -43 -43 -43 -42 -42 -42 -42 -42 -42 -42 -42 -42 -42 -42 -42 -42 -42 -42 -43 -43 -34 -34 -34 -34 -34 -34 -34 -35 -35 -35 -35 -36 -36 -36 -36 -36 -36 -36 -36 -36 -36 -36 -36 -36 -36 -37 -37 -37 -37 -37 -37 -37 -37 -37 -37 -37 -37 -37 -38 -38 -38 -38 -38 -38 -38 -38 -38 -38 -38 -38 -39 -39 -39 -39 -39 -39 -39 -39 -40 -40 -40 -40 -40 -40 -40 -40 -40 -40 -40 -40 -40 -40 -41 -41 -41 -41 -41 -41 -41 -41 -41 -41 -41 -41 -41 -41 -41 -41 -41 -41 -42 -42 -42 -42 -42 -42 -42 -42 -42 -42 -42 -42 -42 -42 -42 -42 -42 -42 -42 -42 -42 -42 -43 -43 -43 -43 -43 -43 -43 -43 -43 -43 -43 -43 -43 -43 -43 -43 -43 -43 -43 -43 -43 -43 -43 -43 -43 -44 -44 -44 -44 -44 -44 -44 -44 -44 -44 -44 -44 -44 -44 -44 -44 -44 -44 -44 -44 -44 -44 -44 -44 -44 -44 -44 -44 -44 -44 -44 -44 -44 -44 -44 -44 -44 -44 -44 -44 -44 -44 -44 -44 -44 -44 -44 -44 -44 -44 -44 -44 -44 -44 -44 -44 -44 -44 -44 -44 -44 -44 -44 -44 -44 -44 -44 -44 -44 -44 -44 -43 -43 -43 -43 -43 -43 -43 -43 -43 -43 -43 -43 -43 -43 -43 -43 -43 -43 -43 -43 -43 -43 -43 -43 -43 -43 -43 -43 -43 -43 -43 -43 -43 -43 -43 -43 -43 -43 -43 -43 -43 -43 -43 -43 -43 -43 -43 -43 -43 -43 -43 -43 -42 -42 -42 -42 -42 -42 -42 -42 -42 -42 -42 -42 -42 -42 -42 -42 -42 -42 -42 -42 -42 -42 -34 -34 -34 -34 -34 -34 -34 -34 -35 -35 -35 -35 -35 -35 -36 -36 -36 -36 -36 -36 -36 -36 -36 -36 -36 -36 -36 -36 -37 -37 -37 -37 -37 -37 -37 -37 -37 -37 -37 -37 -37 -38 -38 -38 -38 -38 -38 -38 -38 -38 -38 -38 -38 -39 -39 -39 -39 -39 -39 -39 -39 -40 -40 -40 -40 -40 -40 -40 -40 -40 -40 -40 -40 -40 -40 -40 -41 -41 -41 -41 -41 -41 -41 -41 -41 -41 -41 -41 -41 -41 -41 -41 -41 -42 -42 -42 -42 -42 -42 -42 -42 -42 -42 -42 -42 -42 -42 -42 -42 -42 -42 -42 -42 -42 -42 -42 -43 -43 -43 -43 -43 -43 -43 -43 -43 -43 -43 -43 -43 -43 -43 -43 -43 -43 -43 -43 -43 -43 -43 -43 -43 -43 -44 -44 -44 -44 -44 -44 -44 -44 -44 -44 -44 -44 -44 -44 -44 -44 -44 -44 -44 -44 -44 -44 -44 -44 -44 -44 -44 -44 -44 -44 -44 -44 -44 -44 -44 -44 -44 -44 -44 -44 -44 -44 -44 -44 -44 -44 -44 -44 -44 -44 -44 -44 -44 -44 -44 -44 -44 -44 -44 -44 -44 -44 -44 -44 -44 -44 -43 -43 -43 -43 -43 -43 -43 -43 -43 -43 -43 -43 -43 -43 -43 -43 -43 -43 -43 -43 -43 -43 -43 -43 -43 -43 -43 -43 -43 -43 -43 -43 -43 -43 -43 -43 -43 -43 -43 -43 -43 -43 -43 -43 -43 -43 -42 -42 -42 -42 -42 -42 -42 -42 -42 -42 -42 -42 -42 -42 -42 -42 -42 -42 -42 -42 -42 -42 -42 -42 -42 -42 -42 -42 -34 -34 -34 -34 -34 -34 -34 -34 -34 -35 -35 -35 -35 -35 -35 -35 -35 -36 -36 -36 -36 -36 -36 -36 -36 -36 -36 -36 -36 -36 -36 -37 -37 -37 -37 -37 -37 -37 -37 -37 -37 -37 -37 -37 -37 -38 -38 -38 -38 -38 -38 -38 -38 -38 -38 -38 -38 -39 -39 -39 -39 -39 -39 -39 -39 -40 -40 -40 -40 -40 -40 -40 -40 -40 -40 -40 -40 -40 -40 -40 -41 -41 -41 -41 -41 -41 -41 -41 -41 -41 -41 -41 -41 -41 -41 -41 -41 -42 -42 -42 -42 -42 -42 -42 -42 -42 -42 -42 -42 -42 -42 -42 -42 -42 -42 -42 -42 -42 -42 -42 -43 -43 -43 -43 -43 -43 -43 -43 -43 -43 -43 -43 -43 -43 -43 -43 -43 -43 -43 -43 -43 -43 -43 -43 -43 -43 -43 -43 -44 -44 -44 -44 -44 -44 -44 -44 -44 -44 -44 -44 -44 -44 -44 -44 -44 -44 -44 -44 -44 -44 -44 -44 -44 -44 -44 -44 -44 -44 -44 -44 -44 -44 -44 -44 -44 -44 -44 -44 -44 -44 -44 -44 -44 -44 -44 -44 -44 -44 -44 -44 -44 -44 -44 -44 -44 -44 -44 -44 -44 -43 -43 -43 -43 -43 -43 -43 -43 -43 -43 -43 -43 -43 -43 -43 -43 -43 -43 -43 -43 -43 -43 -43 -43 -43 -43 -43 -43 -43 -43 -43 -43 -43 -43 -43 -43 -43 -43 -43 -42 -42 -42 -42 -42 -42 -42 -42 -42 -42 -42 -42 -42 -42 -42 -42 -42 -42 -42 -42 -42 -42 -42 -42 -42 -42 -42 -42 -42 -42 -42 -42 -42 -42 -33 -33 -33 -34 -34 -34 -34 -34 -35 -35 -35 -35 -35 -35 -35 -35 -35 -35 -35 -35 -36 -36 -36 -36 -36 -36 -36 -36 -36 -36 -36 -36 -36 -37 -37 -37 -37 -37 -37 -37 -37 -37 -37 -37 -37 -37 -37 -38 -38 -38 -38 -38 -38 -38 -38 -38 -38 -38 -39 -39 -39 -39 -39 -39 -39 -39 -39 -39 -40 -40 -40 -40 -40 -40 -40 -40 -40 -40 -40 -40 -40 -40 -40 -41 -41 -41 -41 -41 -41 -41 -41 -41 -41 -41 -41 -41 -41 -41 -41 -42 -42 -42 -42 -42 -42 -42 -42 -42 -42 -42 -42 -42 -42 -42 -42 -42 -42 -42 -42 -42 -42 -42 -42 -43 -43 -43 -43 -43 -43 -43 -43 -43 -43 -43 -43 -43 -43 -43 -43 -43 -43 -43 -43 -43 -43 -43 -43 -43 -43 -43 -44 -44 -44 -44 -44 -44 -44 -44 -44 -44 -44 -44 -44 -44 -44 -44 -44 -44 -44 -44 -44 -44 -44 -44 -44 -44 -44 -44 -44 -44 -44 -44 -44 -44 -44 -44 -44 -44 -44 -44 -44 -44 -44 -44 -44 -44 -44 -44 -44 -44 -44 -44 -44 -44 -44 -44 -43 -43 -43 -43 -43 -43 -43 -43 -43 -43 -43 -43 -43 -43 -43 -43 -43 -43 -43 -43 -43 -43 -43 -43 -43 -43 -43 -43 -43 -43 -43 -43 -43 -43 -43 -42 -42 -42 -42 -42 -42 -42 -42 -42 -42 -42 -42 -42 -42 -42 -42 -42 -42 -42 -42 -42 -42 -42 -42 -42 -42 -42 -42 -42 -42 -42 -42 -42 -42 -42 -33 -33 -33 -33 -33 -33 -34 -34 -35 -35 -35 -35 -35 -35 -35 -35 -35 -35 -35 -35 -35 -36 -36 -36 -36 -36 -36 -36 -36 -36 -36 -36 -36 -36 -36 -36 -37 -37 -37 -37 -37 -37 -37 -37 -37 -37 -37 -37 -37 -38 -38 -38 -38 -38 -38 -38 -38 -38 -39 -39 -39 -39 -39 -39 -39 -39 -39 -39 -39 -39 -39 -40 -40 -40 -40 -40 -40 -40 -40 -40 -40 -40 -40 -40 -40 -40 -41 -41 -41 -41 -41 -41 -41 -41 -41 -41 -41 -41 -41 -41 -41 -41 -41 -41 -42 -42 -42 -42 -42 -42 -42 -42 -42 -42 -42 -42 -42 -42 -42 -42 -42 -42 -42 -42 -42 -42 -42 -42 -42 -43 -43 -43 -43 -43 -43 -43 -43 -43 -43 -43 -43 -43 -43 -43 -43 -43 -43 -43 -43 -43 -43 -43 -43 -43 -43 -43 -43 -43 -43 -43 -43 -44 -43 -43 -44 -44 -44 -44 -44 -44 -44 -44 -44 -44 -44 -44 -44 -44 -44 -44 -44 -44 -44 -44 -44 -44 -44 -44 -44 -44 -44 -44 -44 -44 -44 -44 -44 -44 -44 -44 -44 -44 -44 -44 -43 -43 -43 -43 -43 -43 -43 -43 -43 -43 -43 -43 -42 -42 -42 -42 -42 -42 -42 -42 -43 -43 -42 -42 -42 -42 -42 -42 -42 -42 -42 -42 -42 -42 -42 -42 -42 -42 -42 -42 -42 -42 -42 -42 -42 -42 -42 -42 -42 -42 -42 -42 -42 -42 -42 -42 -42 -42 -42 -42 -42 -42 -42 -42 -42 -42 -42 -33 -33 -33 -33 -33 -33 -33 -33 -34 -34 -34 -35 -35 -35 -35 -35 -35 -35 -35 -35 -35 -35 -35 -35 -35 -36 -36 -36 -36 -36 -36 -36 -36 -36 -36 -36 -36 -36 -36 -37 -37 -37 -37 -37 -37 -37 -37 -37 -37 -37 -37 -37 -37 -38 -38 -38 -38 -38 -38 -38 -39 -39 -39 -39 -39 -39 -39 -39 -39 -39 -39 -39 -39 -39 -40 -40 -40 -40 -40 -40 -40 -40 -40 -40 -40 -40 -40 -40 -40 -41 -41 -41 -41 -41 -41 -41 -41 -41 -41 -41 -41 -41 -41 -41 -41 -41 -41 -42 -41 -41 -41 -42 -42 -42 -42 -42 -42 -42 -42 -42 -42 -42 -42 -42 -42 -42 -42 -42 -42 -42 -42 -42 -42 -43 -43 -43 -43 -43 -43 -43 -43 -43 -43 -43 -43 -43 -43 -43 -43 -43 -43 -43 -43 -43 -43 -43 -43 -43 -43 -43 -43 -43 -43 -43 -43 -43 -43 -43 -43 -43 -43 -43 -43 -43 -43 -43 -43 -43 -43 -43 -43 -43 -43 -43 -43 -43 -43 -43 -43 -43 -43 -43 -43 -43 -43 -43 -43 -43 -43 -43 -43 -43 -43 -43 -43 -43 -43 -43 -42 -42 -42 -42 -42 -42 -42 -42 -42 -42 -42 -42 -42 -42 -42 -42 -42 -42 -42 -42 -42 -42 -42 -42 -42 -42 -42 -42 -42 -42 -42 -42 -42 -42 -42 -42 -42 -42 -42 -42 -42 -42 -42 -42 -42 -42 -42 -42 -42 -42 -42 -42 -42 -42 -42 -42 -42 -41 -41 -41 -41 -41 -42 -42 -33 -33 -33 -33 -33 -33 -33 -33 -34 -34 -34 -34 -34 -34 -35 -35 -35 -35 -35 -35 -35 -35 -35 -35 -35 -35 -35 -35 -36 -36 -36 -36 -36 -36 -36 -36 -36 -36 -36 -36 -36 -36 -37 -37 -37 -37 -37 -37 -37 -37 -37 -37 -37 -37 -37 -38 -38 -38 -38 -38 -38 -38 -38 -39 -39 -39 -39 -39 -39 -39 -39 -39 -39 -39 -39 -39 -39 -40 -40 -40 -40 -40 -40 -40 -40 -40 -40 -40 -40 -40 -40 -41 -41 -41 -41 -41 -41 -41 -41 -41 -41 -41 -41 -41 -41 -41 -41 -41 -41 -41 -41 -41 -41 -41 -42 -42 -42 -42 -42 -42 -42 -42 -42 -42 -42 -42 -42 -42 -42 -42 -42 -42 -42 -42 -42 -42 -42 -42 -42 -43 -43 -43 -43 -43 -43 -43 -43 -43 -43 -43 -43 -43 -43 -43 -43 -43 -43 -43 -43 -43 -43 -43 -43 -43 -43 -43 -43 -43 -43 -43 -43 -43 -43 -43 -43 -43 -43 -43 -43 -43 -43 -43 -43 -43 -43 -43 -43 -43 -43 -43 -43 -43 -43 -43 -43 -43 -43 -43 -43 -43 -43 -43 -43 -43 -43 -43 -43 -43 -42 -42 -42 -42 -42 -42 -42 -42 -42 -42 -42 -42 -42 -42 -42 -42 -42 -42 -42 -42 -42 -42 -42 -42 -42 -42 -42 -42 -42 -42 -42 -42 -42 -42 -42 -42 -42 -42 -42 -42 -42 -42 -42 -42 -42 -42 -42 -42 -42 -42 -41 -41 -41 -41 -41 -41 -41 -41 -41 -41 -41 -41 -41 -41 -41 -41 -34 -34 -34 -34 -34 -34 -34 -34 -34 -34 -34 -34 -35 -35 -35 -35 -35 -35 -35 -35 -35 -35 -35 -35 -35 -36 -36 -36 -36 -36 -36 -36 -36 -36 -36 -36 -36 -36 -36 -37 -37 -37 -37 -37 -37 -37 -37 -37 -37 -37 -37 -37 -38 -38 -38 -38 -38 -38 -38 -38 -38 -38 -39 -39 -39 -39 -39 -39 -39 -39 -39 -39 -39 -39 -39 -39 -40 -40 -40 -40 -40 -40 -40 -40 -40 -40 -40 -40 -40 -40 -41 -41 -41 -41 -41 -41 -41 -41 -41 -41 -41 -41 -41 -41 -41 -41 -41 -42 -42 -42 -42 -42 -42 -42 -42 -42 -42 -42 -42 -42 -42 -42 -42 -42 -42 -42 -42 -43 -43 -43 -43 -43 -43 -43 -43 -43 -43 -43 -43 -43 -43 -43 -43 -43 -43 -43 -43 -43 -43 -43 -43 -44 -44 -44 -44 -44 -44 -44 -44 -43 -43 -43 -43 -43 -43 -43 -43 -43 -43 -43 -43 -43 -43 -43 -43 -43 -43 -43 -43 -43 -43 -43 -43 -43 -43 -43 -43 -43 -43 -43 -43 -43 -43 -43 -43 -43 -43 -43 -43 -43 -43 -43 -43 -43 -43 -43 -43 -43 -43 -42 -42 -42 -42 -42 -42 -42 -42 -42 -42 -42 -42 -42 -42 -42 -42 -42 -42 -42 -42 -42 -42 -42 -42 -42 -42 -42 -42 -42 -42 -42 -42 -42 -42 -42 -42 -42 -42 -42 -42 -42 -42 -41 -41 -41 -41 -41 -41 -41 -41 -41 -41 -41 -41 -41 -41 -41 -41 -41 -41 -41 -41 -41 -41 -41 -41 -41 -41 -41 -33 -33 -33 -33 -34 -34 -34 -34 -34 -34 -34 -34 -34 -34 -34 -34 -34 -35 -35 -35 -35 -35 -35 -35 -35 -35 -35 -35 -35 -35 -36 -36 -36 -36 -36 -36 -36 -36 -36 -36 -36 -36 -36 -37 -37 -37 -37 -37 -37 -37 -37 -37 -37 -37 -37 -37 -37 -38 -38 -38 -38 -38 -38 -38 -38 -38 -38 -39 -39 -39 -39 -39 -39 -39 -39 -39 -39 -39 -39 -39 -39 -40 -40 -40 -40 -40 -40 -40 -40 -40 -40 -40 -40 -40 -40 -41 -41 -41 -41 -41 -41 -41 -41 -41 -41 -41 -41 -41 -41 -41 -41 -41 -41 -42 -42 -42 -42 -42 -42 -42 -42 -42 -42 -42 -42 -42 -42 -42 -42 -42 -42 -42 -42 -43 -43 -43 -43 -43 -43 -43 -43 -43 -43 -43 -43 -43 -43 -43 -43 -43 -43 -43 -43 -43 -43 -43 -43 -43 -43 -43 -44 -43 -43 -43 -43 -43 -43 -43 -43 -43 -43 -43 -43 -43 -43 -43 -43 -43 -43 -43 -43 -43 -43 -43 -43 -43 -43 -43 -43 -43 -43 -43 -43 -43 -43 -43 -43 -43 -43 -43 -43 -43 -43 -43 -43 -43 -43 -43 -43 -43 -43 -42 -42 -42 -42 -42 -42 -42 -42 -42 -42 -42 -42 -42 -42 -42 -42 -42 -42 -42 -42 -42 -41 -42 -41 -42 -41 -41 -41 -41 -41 -41 -42 -42 -42 -42 -42 -42 -41 -41 -41 -41 -41 -41 -41 -41 -41 -41 -41 -41 -41 -41 -41 -41 -41 -41 -41 -41 -41 -41 -41 -41 -41 -41 -41 -41 -41 -41 -41 -41 -33 -33 -33 -33 -33 -33 -33 -33 -33 -33 -34 -34 -34 -34 -34 -34 -34 -34 -34 -34 -34 -34 -35 -35 -35 -35 -35 -35 -35 -35 -35 -35 -35 -35 -35 -36 -36 -36 -36 -36 -36 -36 -36 -36 -36 -36 -36 -36 -37 -37 -37 -37 -37 -37 -37 -37 -37 -37 -37 -37 -37 -37 -38 -38 -38 -38 -38 -38 -38 -38 -38 -38 -39 -39 -39 -39 -39 -39 -39 -39 -39 -39 -39 -39 -39 -39 -39 -40 -40 -40 -40 -40 -40 -40 -40 -40 -40 -40 -40 -41 -41 -41 -41 -41 -41 -41 -41 -41 -41 -41 -41 -41 -41 -41 -41 -41 -41 -41 -41 -42 -42 -42 -42 -42 -42 -42 -42 -42 -42 -42 -42 -42 -42 -42 -42 -42 -42 -42 -42 -43 -43 -43 -43 -43 -43 -43 -43 -43 -43 -43 -43 -43 -43 -43 -43 -43 -43 -43 -43 -43 -43 -43 -43 -43 -43 -43 -43 -43 -43 -43 -43 -43 -43 -43 -43 -43 -43 -43 -43 -43 -43 -43 -43 -43 -43 -43 -43 -43 -43 -43 -43 -43 -43 -43 -43 -43 -43 -43 -43 -43 -43 -43 -43 -43 -43 -43 -43 -43 -43 -43 -43 -43 -43 -42 -42 -42 -42 -42 -42 -42 -42 -42 -42 -42 -42 -42 -42 -42 -42 -41 -41 -41 -41 -41 -41 -41 -41 -41 -41 -41 -41 -41 -41 -41 -41 -41 -41 -41 -41 -41 -41 -41 -41 -41 -41 -41 -41 -41 -41 -41 -41 -41 -41 -41 -41 -41 -41 -41 -41 -41 -41 -41 -41 -41 -41 -41 -41 -41 -41 -41 -41 -41 -33 -33 -34 -34 -34 -34 -34 -34 -34 -34 -34 -34 -34 -34 -34 -34 -35 -35 -35 -35 -35 -35 -35 -35 -35 -35 -35 -35 -35 -36 -36 -36 -36 -36 -36 -36 -36 -36 -36 -36 -36 -36 -37 -37 -37 -37 -37 -37 -37 -37 -37 -37 -37 -37 -38 -38 -38 -38 -38 -38 -38 -38 -38 -38 -38 -38 -39 -39 -39 -39 -39 -39 -39 -39 -39 -39 -39 -39 -39 -39 -39 -40 -40 -40 -40 -40 -40 -40 -40 -40 -40 -40 -40 -41 -41 -41 -41 -41 -41 -41 -41 -41 -41 -41 -41 -41 -41 -41 -41 -41 -41 -41 -41 -42 -42 -42 -42 -42 -42 -42 -42 -42 -42 -42 -42 -42 -42 -42 -42 -42 -42 -42 -42 -42 -43 -43 -43 -43 -43 -43 -43 -43 -43 -43 -43 -43 -43 -43 -43 -43 -43 -43 -43 -43 -42 -42 -42 -43 -43 -43 -43 -43 -43 -43 -43 -43 -43 -43 -43 -43 -43 -43 -43 -43 -43 -43 -43 -43 -43 -43 -43 -43 -43 -43 -43 -43 -43 -43 -43 -43 -43 -43 -43 -43 -43 -43 -42 -43 -42 -43 -42 -43 -43 -42 -42 -42 -42 -42 -42 -42 -41 -41 -41 -41 -41 -41 -41 -41 -41 -41 -41 -41 -41 -41 -41 -41 -41 -41 -41 -41 -41 -41 -41 -41 -41 -41 -41 -41 -41 -41 -41 -41 -41 -41 -41 -41 -41 -41 -41 -41 -41 -41 -41 -41 -41 -41 -41 -41 -41 -41 -41 -41 -41 -41 -41 -41 -41 -41 -40 -40 -40 -40 -40 -33 -33 -33 -33 -34 -34 -34 -34 -34 -34 -34 -34 -34 -34 -34 -34 -35 -35 -35 -35 -35 -35 -35 -35 -35 -35 -35 -35 -35 -35 -36 -36 -36 -36 -36 -36 -36 -36 -36 -36 -36 -36 -36 -36 -37 -37 -37 -37 -37 -37 -37 -37 -37 -38 -38 -38 -38 -38 -38 -38 -38 -38 -38 -38 -38 -38 -38 -39 -39 -39 -39 -39 -39 -39 -39 -39 -39 -39 -39 -39 -39 -39 -40 -40 -40 -40 -40 -40 -40 -40 -40 -40 -40 -40 -40 -40 -40 -40 -41 -41 -41 -41 -41 -41 -41 -41 -41 -41 -41 -41 -41 -41 -41 -41 -41 -41 -42 -42 -42 -42 -42 -42 -42 -42 -42 -42 -42 -42 -42 -42 -42 -42 -42 -42 -42 -42 -43 -43 -43 -43 -43 -43 -43 -43 -43 -43 -43 -43 -43 -43 -43 -43 -42 -42 -42 -42 -42 -42 -42 -42 -42 -42 -42 -43 -43 -43 -42 -42 -42 -42 -42 -42 -42 -42 -42 -42 -42 -42 -42 -42 -42 -42 -42 -42 -42 -42 -42 -42 -42 -42 -42 -42 -42 -42 -42 -42 -42 -42 -42 -42 -42 -42 -42 -42 -42 -42 -41 -41 -41 -41 -41 -41 -41 -41 -41 -41 -41 -41 -41 -41 -41 -41 -41 -41 -41 -41 -41 -41 -41 -41 -41 -41 -41 -41 -41 -41 -41 -41 -41 -41 -41 -41 -41 -41 -41 -41 -41 -41 -41 -41 -41 -41 -41 -41 -41 -41 -41 -41 -40 -40 -40 -40 -40 -40 -40 -40 -40 -40 -40 -40 -40 -40 -40 -40 -40 -40 -33 -33 -33 -33 -33 -33 -34 -34 -34 -34 -34 -34 -34 -34 -34 -34 -34 -34 -34 -35 -35 -35 -35 -35 -35 -35 -35 -35 -35 -35 -35 -35 -36 -36 -36 -36 -36 -36 -36 -36 -36 -36 -36 -36 -36 -36 -37 -37 -37 -37 -37 -37 -37 -37 -37 -38 -38 -38 -38 -38 -38 -38 -38 -38 -38 -38 -38 -38 -38 -38 -39 -39 -39 -39 -39 -39 -39 -39 -39 -39 -39 -39 -39 -39 -40 -40 -40 -40 -40 -40 -40 -40 -40 -40 -40 -40 -40 -40 -40 -40 -40 -41 -41 -41 -41 -41 -41 -41 -41 -41 -41 -41 -41 -41 -41 -41 -41 -41 -42 -42 -42 -42 -42 -42 -42 -42 -42 -42 -42 -42 -42 -42 -42 -42 -42 -42 -43 -43 -43 -43 -43 -43 -43 -43 -43 -43 -43 -43 -43 -43 -43 -42 -42 -42 -42 -42 -42 -42 -42 -42 -42 -42 -42 -42 -42 -42 -42 -42 -42 -42 -42 -42 -42 -42 -42 -42 -42 -42 -42 -42 -42 -42 -42 -42 -42 -42 -42 -42 -42 -42 -42 -42 -42 -42 -42 -42 -42 -42 -42 -42 -42 -41 -41 -41 -41 -41 -41 -41 -41 -41 -41 -41 -41 -41 -41 -41 -41 -41 -41 -41 -41 -41 -41 -41 -41 -41 -41 -41 -41 -41 -41 -41 -41 -41 -41 -41 -41 -41 -41 -41 -41 -41 -41 -41 -41 -41 -41 -41 -41 -41 -41 -41 -41 -41 -41 -40 -40 -40 -40 -40 -40 -40 -40 -40 -40 -40 -40 -40 -40 -40 -40 -40 -40 -40 -40 -40 -40 -40 -40 -40 -33 -33 -33 -33 -33 -33 -33 -33 -33 -33 -33 -34 -34 -34 -34 -34 -34 -34 -34 -34 -34 -34 -34 -34 -35 -35 -35 -35 -35 -35 -35 -35 -35 -35 -35 -35 -35 -36 -36 -36 -36 -36 -36 -36 -36 -36 -36 -36 -36 -36 -36 -37 -37 -37 -37 -37 -37 -37 -37 -37 -38 -38 -38 -38 -38 -38 -38 -38 -38 -38 -38 -38 -38 -38 -38 -39 -39 -39 -39 -39 -39 -39 -39 -39 -39 -39 -39 -39 -39 -39 -40 -40 -40 -40 -40 -40 -40 -40 -40 -40 -40 -40 -40 -40 -40 -40 -41 -41 -41 -41 -41 -41 -41 -41 -41 -41 -41 -41 -41 -41 -41 -41 -41 -41 -42 -42 -42 -42 -42 -42 -42 -42 -42 -42 -42 -42 -42 -42 -42 -42 -42 -42 -42 -42 -42 -42 -42 -42 -43 -43 -43 -43 -43 -42 -42 -42 -42 -42 -42 -42 -42 -42 -42 -42 -42 -42 -42 -42 -42 -42 -42 -42 -42 -42 -42 -42 -42 -42 -42 -42 -42 -42 -42 -42 -42 -42 -42 -42 -42 -42 -42 -42 -42 -42 -42 -42 -42 -42 -42 -42 -42 -42 -42 -41 -41 -41 -41 -41 -41 -41 -41 -41 -41 -41 -41 -41 -41 -41 -41 -41 -41 -41 -41 -41 -41 -41 -41 -41 -41 -41 -41 -41 -41 -41 -40 -40 -40 -40 -40 -40 -40 -40 -40 -40 -40 -40 -40 -40 -40 -40 -40 -40 -40 -40 -40 -40 -40 -40 -40 -40 -40 -40 -40 -40 -40 -40 -40 -40 -40 -40 -40 -40 -40 -40 -40 -40 -40 -39 -39 -39 -39 -39 -39 -39 -39 -32 -32 -33 -33 -33 -33 -33 -33 -33 -33 -33 -33 -33 -33 -33 -33 -34 -34 -34 -34 -34 -34 -34 -34 -34 -34 -34 -34 -34 -35 -35 -35 -35 -35 -35 -35 -35 -35 -35 -35 -35 -35 -36 -36 -36 -36 -36 -36 -36 -36 -36 -36 -36 -36 -36 -37 -37 -37 -37 -37 -37 -37 -37 -37 -37 -37 -38 -38 -38 -38 -38 -38 -38 -38 -38 -38 -38 -38 -38 -38 -39 -39 -39 -39 -39 -39 -39 -39 -39 -39 -39 -39 -39 -39 -39 -39 -40 -40 -40 -40 -40 -40 -40 -40 -40 -40 -40 -40 -40 -40 -40 -41 -41 -41 -41 -41 -41 -41 -41 -41 -41 -41 -41 -41 -41 -41 -41 -41 -41 -41 -42 -42 -42 -42 -42 -42 -42 -42 -42 -42 -42 -42 -42 -42 -42 -42 -42 -42 -42 -42 -42 -42 -42 -42 -43 -42 -42 -42 -42 -42 -42 -42 -42 -42 -42 -42 -42 -42 -42 -42 -42 -42 -42 -42 -42 -42 -42 -42 -42 -42 -42 -42 -42 -42 -42 -42 -42 -42 -42 -42 -42 -42 -42 -42 -42 -42 -42 -42 -42 -42 -42 -42 -42 -42 -42 -41 -41 -41 -41 -41 -41 -41 -41 -41 -41 -41 -41 -41 -41 -41 -41 -41 -41 -40 -40 -40 -40 -40 -40 -40 -40 -40 -40 -40 -40 -40 -40 -40 -40 -40 -40 -40 -40 -40 -40 -40 -40 -40 -40 -40 -40 -40 -40 -40 -40 -40 -40 -40 -40 -40 -40 -40 -40 -40 -40 -40 -40 -40 -40 -40 -40 -40 -39 -39 -39 -39 -39 -39 -39 -39 -39 -39 -39 -39 -39 -39 -39 -39 -39 -39 -32 -32 -32 -32 -32 -32 -32 -32 -33 -33 -33 -33 -33 -33 -33 -33 -33 -33 -33 -33 -33 -34 -34 -34 -34 -34 -34 -34 -34 -34 -34 -34 -34 -34 -34 -35 -35 -35 -35 -35 -35 -35 -35 -35 -35 -35 -35 -35 -36 -36 -36 -36 -36 -36 -36 -36 -36 -36 -37 -37 -37 -37 -37 -37 -37 -37 -37 -37 -37 -37 -37 -37 -38 -38 -38 -38 -38 -38 -38 -38 -38 -38 -38 -38 -38 -38 -39 -39 -39 -39 -39 -39 -39 -39 -39 -39 -39 -39 -39 -39 -39 -39 -40 -40 -40 -40 -40 -40 -40 -40 -40 -40 -40 -40 -40 -40 -40 -40 -41 -41 -41 -41 -41 -41 -41 -41 -41 -41 -41 -41 -41 -41 -41 -41 -41 -41 -41 -42 -42 -42 -42 -42 -42 -42 -42 -42 -42 -42 -42 -42 -42 -42 -42 -42 -42 -42 -42 -42 -42 -42 -42 -42 -42 -42 -42 -42 -42 -42 -42 -42 -42 -42 -42 -42 -42 -42 -42 -42 -42 -42 -42 -42 -42 -42 -42 -42 -42 -42 -42 -42 -42 -42 -42 -42 -42 -42 -42 -42 -42 -42 -42 -42 -42 -42 -42 -42 -42 -41 -41 -41 -41 -41 -41 -41 -41 -41 -41 -41 -41 -41 -40 -40 -40 -40 -40 -40 -40 -40 -40 -40 -40 -40 -40 -40 -40 -40 -40 -40 -40 -40 -40 -40 -40 -40 -40 -40 -40 -40 -40 -40 -40 -40 -40 -40 -40 -40 -40 -40 -40 -40 -40 -40 -40 -40 -40 -40 -40 -40 -40 -40 -39 -39 -39 -39 -39 -39 -39 -39 -39 -39 -39 -39 -39 -39 -39 -39 -39 -39 -39 -39 -39 -39 -39 -39 -31 -31 -32 -32 -32 -32 -32 -32 -32 -32 -32 -32 -32 -33 -33 -33 -33 -33 -33 -33 -33 -33 -33 -33 -33 -33 -34 -34 -34 -34 -34 -34 -34 -34 -34 -34 -34 -34 -34 -34 -35 -35 -35 -35 -35 -35 -35 -35 -35 -35 -35 -35 -35 -36 -36 -36 -36 -36 -36 -36 -36 -36 -36 -37 -37 -37 -37 -37 -37 -37 -37 -37 -37 -37 -37 -37 -37 -38 -38 -38 -38 -38 -38 -38 -38 -38 -38 -38 -38 -38 -38 -38 -39 -39 -39 -39 -39 -39 -39 -39 -39 -39 -39 -39 -39 -39 -39 -39 -40 -40 -40 -40 -40 -40 -40 -40 -40 -40 -40 -40 -40 -40 -40 -40 -41 -41 -41 -41 -41 -41 -41 -41 -41 -41 -41 -41 -41 -41 -41 -41 -41 -41 -42 -42 -42 -42 -42 -42 -42 -42 -42 -42 -42 -42 -42 -42 -42 -42 -42 -42 -41 -42 -42 -42 -42 -42 -42 -42 -42 -42 -42 -42 -42 -42 -42 -42 -42 -42 -42 -42 -42 -42 -42 -42 -42 -42 -42 -42 -42 -42 -42 -42 -42 -42 -42 -42 -41 -42 -42 -42 -42 -42 -41 -41 -41 -41 -41 -41 -41 -41 -41 -41 -41 -41 -41 -41 -41 -41 -41 -41 -40 -40 -40 -40 -40 -40 -40 -40 -40 -40 -40 -40 -40 -40 -40 -40 -40 -40 -40 -40 -40 -40 -40 -40 -40 -40 -40 -40 -40 -40 -40 -40 -40 -40 -40 -40 -40 -40 -40 -40 -40 -40 -40 -40 -40 -40 -40 -40 -40 -39 -39 -39 -39 -39 -39 -39 -39 -39 -39 -39 -39 -39 -39 -39 -39 -39 -39 -39 -39 -39 -39 -39 -39 -39 -39 -39 -39 -31 -31 -31 -31 -31 -31 -31 -31 -32 -32 -32 -32 -32 -32 -32 -32 -32 -33 -33 -33 -33 -33 -33 -33 -33 -33 -33 -33 -33 -34 -34 -34 -34 -34 -34 -34 -34 -34 -34 -34 -34 -34 -35 -35 -35 -35 -35 -35 -35 -35 -35 -35 -35 -35 -35 -36 -36 -36 -36 -36 -36 -36 -36 -36 -36 -37 -37 -37 -37 -37 -37 -37 -37 -37 -37 -37 -37 -37 -37 -38 -38 -38 -38 -38 -38 -38 -38 -38 -38 -38 -38 -38 -38 -38 -39 -39 -39 -39 -39 -39 -39 -39 -39 -39 -39 -39 -39 -39 -39 -39 -40 -40 -40 -40 -40 -40 -40 -40 -40 -40 -40 -40 -40 -40 -40 -40 -40 -41 -41 -41 -41 -41 -41 -41 -41 -41 -41 -41 -41 -41 -41 -41 -41 -41 -42 -42 -42 -42 -42 -42 -42 -42 -42 -42 -42 -42 -42 -42 -42 -41 -41 -41 -41 -41 -41 -41 -41 -41 -41 -41 -41 -41 -41 -41 -41 -41 -41 -41 -41 -41 -41 -41 -42 -41 -41 -41 -41 -41 -41 -41 -41 -41 -41 -41 -41 -41 -41 -41 -41 -41 -41 -41 -41 -41 -41 -41 -41 -41 -41 -40 -40 -40 -40 -40 -40 -40 -40 -40 -40 -40 -40 -40 -40 -40 -40 -40 -40 -40 -40 -40 -40 -40 -40 -40 -40 -40 -40 -40 -40 -40 -40 -40 -40 -40 -40 -40 -40 -40 -40 -40 -40 -40 -40 -40 -40 -40 -40 -40 -40 -40 -40 -39 -39 -39 -40 -39 -39 -39 -39 -39 -39 -39 -39 -39 -39 -39 -39 -39 -39 -39 -39 -39 -39 -39 -39 -39 -39 -39 -39 -39 -39 -38 -38 -39 -39 -39 -30 -30 -30 -30 -30 -31 -31 -31 -31 -31 -31 -31 -31 -31 -31 -32 -32 -32 -32 -32 -33 -33 -33 -33 -33 -34 -34 -34 -34 -34 -34 -34 -34 -34 -34 -34 -34 -34 -35 -35 -35 -35 -35 -35 -35 -35 -35 -35 -35 -35 -35 -35 -36 -36 -36 -36 -36 -36 -36 -36 -36 -37 -37 -37 -37 -37 -37 -37 -37 -37 -37 -37 -37 -37 -37 -37 -38 -38 -38 -38 -38 -38 -38 -38 -38 -38 -38 -38 -38 -38 -38 -39 -39 -39 -39 -39 -39 -39 -39 -39 -39 -39 -39 -39 -39 -39 -40 -40 -40 -40 -40 -40 -40 -40 -40 -40 -40 -40 -40 -40 -40 -40 -40 -41 -41 -41 -41 -41 -41 -41 -41 -41 -41 -41 -41 -41 -41 -41 -41 -41 -41 -41 -42 -42 -42 -42 -42 -42 -42 -42 -42 -42 -41 -41 -41 -41 -41 -41 -41 -41 -41 -41 -41 -41 -41 -41 -41 -41 -41 -41 -41 -41 -41 -41 -41 -41 -41 -41 -41 -41 -41 -41 -41 -41 -41 -41 -41 -41 -41 -41 -41 -41 -41 -41 -41 -41 -41 -41 -41 -41 -41 -41 -40 -40 -40 -40 -40 -40 -40 -40 -40 -40 -40 -40 -40 -40 -40 -40 -40 -40 -40 -40 -40 -40 -40 -40 -40 -40 -40 -40 -40 -39 -39 -39 -39 -39 -39 -39 -39 -39 -39 -39 -39 -39 -39 -39 -39 -40 -40 -40 -40 -40 -39 -39 -39 -39 -39 -39 -39 -39 -39 -39 -39 -39 -39 -39 -39 -39 -39 -39 -39 -39 -39 -39 -39 -39 -39 -39 -39 -39 -39 -39 -38 -38 -38 -38 -39 -39 -39 -30 -30 -30 -30 -30 -30 -30 -30 -31 -31 -31 -31 -31 -31 -31 -31 -33 -33 -33 -33 -33 -33 -34 -34 -34 -34 -34 -34 -34 -34 -34 -34 -34 -34 -34 -35 -35 -35 -35 -35 -35 -35 -35 -35 -35 -35 -36 -36 -36 -36 -36 -36 -36 -36 -36 -36 -36 -36 -36 -37 -37 -37 -37 -37 -37 -37 -37 -37 -37 -37 -37 -37 -38 -38 -38 -38 -38 -38 -38 -38 -38 -38 -38 -38 -38 -38 -38 -38 -39 -39 -39 -39 -39 -39 -39 -39 -39 -39 -39 -39 -39 -39 -39 -40 -40 -40 -40 -40 -40 -40 -40 -40 -40 -40 -40 -40 -40 -40 -40 -40 -40 -41 -41 -41 -41 -41 -41 -41 -41 -41 -41 -41 -41 -41 -41 -41 -41 -41 -42 -41 -41 -41 -42 -42 -42 -42 -41 -41 -41 -41 -41 -41 -41 -41 -41 -41 -41 -41 -41 -41 -41 -41 -41 -41 -41 -41 -41 -41 -41 -41 -41 -41 -41 -41 -41 -41 -41 -41 -41 -41 -41 -41 -41 -41 -41 -41 -41 -41 -41 -41 -41 -41 -41 -41 -41 -41 -40 -40 -40 -40 -40 -40 -40 -40 -40 -40 -40 -40 -40 -40 -40 -40 -40 -40 -40 -40 -40 -40 -40 -40 -39 -39 -39 -39 -39 -39 -39 -39 -39 -39 -39 -39 -39 -39 -39 -39 -39 -39 -39 -39 -39 -39 -40 -40 -39 -39 -39 -39 -39 -39 -39 -39 -39 -39 -39 -39 -39 -39 -39 -39 -39 -39 -39 -39 -39 -39 -39 -39 -39 -39 -39 -39 -39 -39 -39 -39 -38 -38 -38 -38 -38 -38 -38 -30 -30 -30 -30 -30 -30 -30 -30 -30 -31 -31 -31 -31 -31 -33 -33 -33 -33 -33 -33 -33 -34 -34 -34 -34 -34 -34 -34 -34 -34 -34 -34 -34 -34 -35 -35 -35 -35 -35 -35 -35 -35 -35 -35 -35 -36 -36 -36 -36 -36 -36 -36 -36 -36 -36 -36 -36 -36 -37 -37 -37 -37 -37 -37 -37 -37 -37 -37 -37 -37 -37 -37 -38 -38 -38 -38 -38 -38 -38 -38 -38 -38 -38 -38 -38 -38 -38 -39 -39 -39 -39 -39 -39 -39 -39 -39 -39 -39 -39 -39 -39 -39 -39 -39 -40 -40 -40 -40 -40 -40 -40 -40 -40 -40 -40 -40 -40 -40 -40 -40 -40 -41 -41 -41 -41 -41 -41 -41 -41 -41 -41 -41 -41 -41 -41 -41 -41 -41 -41 -41 -41 -41 -41 -41 -41 -41 -41 -41 -41 -41 -41 -41 -41 -41 -41 -41 -41 -41 -41 -41 -41 -41 -41 -41 -41 -41 -41 -41 -41 -41 -41 -41 -41 -41 -41 -41 -41 -41 -41 -41 -41 -41 -41 -41 -41 -41 -41 -41 -41 -41 -41 -41 -40 -40 -40 -40 -40 -40 -40 -40 -40 -40 -40 -40 -40 -40 -40 -40 -40 -40 -40 -40 -40 -40 -39 -39 -39 -39 -39 -39 -39 -39 -39 -39 -39 -39 -39 -39 -39 -39 -39 -39 -39 -39 -39 -39 -39 -39 -39 -39 -39 -39 -39 -39 -39 -39 -39 -39 -39 -39 -39 -39 -39 -39 -39 -39 -39 -39 -38 -38 -38 -38 -38 -38 -38 -38 -38 -38 -38 -38 -38 -38 -38 -38 -38 -38 -30 -30 -30 -30 -30 -30 -30 -30 -30 -30 -33 -33 -33 -33 -33 -33 -33 -33 -34 -34 -34 -34 -34 -34 -34 -34 -34 -34 -34 -34 -34 -34 -35 -35 -35 -35 -35 -35 -35 -35 -35 -35 -36 -36 -36 -36 -36 -36 -36 -36 -36 -36 -36 -36 -36 -37 -37 -37 -37 -37 -37 -37 -37 -37 -37 -37 -37 -37 -37 -37 -38 -38 -38 -38 -38 -38 -38 -38 -38 -38 -38 -38 -38 -38 -38 -39 -39 -39 -39 -39 -39 -39 -39 -39 -39 -39 -39 -39 -39 -39 -39 -40 -40 -40 -40 -40 -40 -40 -40 -40 -40 -40 -40 -40 -40 -40 -40 -40 -41 -41 -41 -41 -41 -41 -41 -41 -41 -41 -41 -41 -41 -41 -41 -41 -41 -41 -41 -41 -41 -41 -41 -41 -41 -41 -41 -41 -41 -41 -41 -41 -41 -41 -41 -41 -41 -41 -41 -41 -41 -41 -41 -41 -41 -41 -41 -41 -41 -41 -41 -41 -41 -41 -41 -41 -41 -41 -41 -41 -41 -41 -41 -41 -41 -41 -41 -41 -40 -40 -40 -40 -40 -40 -40 -40 -40 -40 -40 -40 -40 -40 -40 -39 -40 -39 -39 -39 -39 -39 -39 -39 -39 -39 -39 -39 -39 -39 -39 -39 -39 -39 -39 -39 -39 -39 -39 -39 -39 -39 -39 -39 -39 -39 -39 -39 -39 -39 -39 -39 -39 -39 -39 -39 -39 -39 -39 -39 -39 -39 -38 -38 -38 -38 -38 -38 -38 -38 -38 -38 -38 -38 -38 -38 -38 -38 -38 -38 -38 -30 -30 -30 -30 -30 -30 -30 -30 -33 -33 -33 -33 -33 -33 -33 -33 -33 -33 -33 -33 -34 -34 -34 -34 -34 -34 -34 -34 -34 -34 -34 -34 -34 -35 -35 -35 -35 -35 -35 -35 -35 -35 -35 -36 -36 -36 -36 -36 -36 -36 -36 -36 -36 -36 -36 -36 -37 -37 -37 -37 -37 -37 -37 -37 -37 -37 -37 -37 -37 -37 -37 -38 -38 -38 -38 -38 -38 -38 -38 -38 -38 -38 -38 -38 -38 -38 -39 -39 -39 -39 -39 -39 -39 -39 -39 -39 -39 -39 -39 -39 -39 -39 -39 -40 -40 -40 -40 -40 -40 -40 -40 -40 -40 -40 -40 -40 -40 -40 -40 -40 -41 -41 -41 -41 -41 -41 -41 -41 -41 -41 -41 -41 -41 -41 -40 -40 -41 -41 -41 -41 -41 -41 -41 -41 -41 -41 -41 -41 -41 -41 -41 -41 -41 -41 -41 -41 -41 -41 -41 -41 -41 -41 -41 -40 -40 -40 -40 -40 -40 -40 -40 -40 -40 -40 -40 -40 -40 -40 -40 -40 -40 -40 -40 -40 -40 -40 -40 -39 -39 -39 -39 -39 -39 -39 -39 -39 -39 -39 -39 -39 -39 -39 -39 -39 -39 -39 -39 -39 -39 -39 -39 -39 -39 -39 -39 -39 -39 -39 -39 -39 -39 -39 -39 -39 -39 -39 -39 -39 -39 -39 -39 -39 -39 -39 -39 -39 -39 -39 -39 -39 -39 -39 -39 -38 -38 -38 -38 -38 -38 -38 -38 -38 -38 -38 -38 -38 -38 -38 -29 -29 -29 -29 -30 -30 -32 -32 -33 -33 -33 -33 -33 -33 -33 -33 -33 -33 -33 -33 -33 -33 -34 -34 -34 -34 -34 -34 -34 -34 -34 -34 -34 -35 -35 -35 -35 -35 -35 -35 -35 -35 -35 -35 -36 -36 -36 -36 -36 -36 -36 -36 -36 -36 -36 -36 -36 -36 -36 -37 -37 -37 -37 -37 -37 -37 -37 -37 -37 -37 -37 -37 -37 -37 -38 -38 -38 -38 -38 -38 -38 -38 -38 -38 -38 -38 -38 -38 -39 -39 -39 -39 -39 -39 -39 -39 -39 -39 -39 -39 -39 -39 -39 -39 -39 -40 -40 -40 -40 -40 -40 -40 -40 -40 -40 -40 -40 -40 -40 -40 -40 -40 -40 -41 -41 -41 -41 -41 -41 -41 -41 -41 -41 -40 -40 -40 -40 -40 -40 -40 -40 -40 -40 -40 -40 -40 -40 -40 -40 -40 -40 -41 -41 -40 -40 -40 -40 -40 -40 -40 -40 -40 -40 -40 -40 -40 -40 -40 -40 -40 -40 -40 -40 -40 -40 -40 -40 -40 -40 -40 -40 -40 -40 -39 -39 -39 -39 -39 -39 -39 -39 -39 -39 -39 -39 -39 -39 -39 -39 -39 -39 -39 -39 -39 -39 -39 -39 -39 -39 -39 -39 -39 -39 -39 -39 -39 -39 -39 -39 -38 -38 -38 -38 -38 -38 -39 -39 -39 -39 -38 -38 -38 -38 -38 -38 -38 -38 -38 -38 -38 -38 -38 -38 -38 -38 -38 -38 -32 -32 -32 -32 -32 -32 -32 -33 -33 -33 -33 -33 -33 -33 -33 -33 -33 -33 -33 -33 -34 -34 -34 -34 -34 -34 -34 -34 -34 -34 -35 -35 -35 -35 -35 -35 -35 -35 -35 -35 -35 -35 -35 -36 -36 -36 -36 -36 -36 -36 -36 -36 -36 -36 -36 -36 -36 -37 -37 -37 -37 -37 -37 -37 -37 -37 -37 -37 -37 -37 -37 -37 -38 -38 -38 -38 -38 -38 -38 -38 -38 -38 -38 -38 -38 -38 -38 -38 -39 -39 -39 -39 -39 -39 -39 -39 -39 -39 -39 -39 -39 -39 -39 -40 -40 -40 -40 -40 -40 -40 -40 -40 -40 -40 -40 -40 -40 -40 -40 -40 -40 -40 -41 -41 -41 -41 -41 -41 -40 -40 -40 -40 -40 -40 -40 -40 -40 -40 -40 -40 -40 -40 -40 -40 -40 -40 -40 -41 -40 -40 -40 -40 -40 -40 -40 -40 -40 -40 -40 -40 -40 -40 -40 -40 -40 -40 -40 -40 -40 -40 -40 -40 -40 -40 -40 -40 -40 -40 -39 -39 -39 -39 -39 -39 -39 -39 -39 -39 -39 -39 -39 -39 -39 -39 -39 -39 -39 -39 -39 -39 -39 -39 -39 -39 -39 -39 -39 -39 -38 -38 -38 -38 -38 -38 -38 -38 -38 -38 -38 -38 -38 -38 -38 -38 -38 -38 -38 -38 -38 -38 -38 -38 -38 -38 -38 -38 -38 -38 -38 -38 -38 -32 -32 -32 -32 -32 -32 -32 -32 -32 -32 -33 -33 -33 -33 -33 -33 -33 -33 -33 -33 -33 -33 -33 -34 -34 -34 -34 -34 -34 -34 -34 -34 -34 -35 -35 -35 -35 -35 -35 -35 -35 -35 -35 -35 -35 -35 -36 -36 -36 -36 -36 -36 -36 -36 -36 -36 -36 -36 -36 -36 -36 -37 -37 -37 -37 -37 -37 -37 -37 -37 -37 -37 -37 -37 -37 -38 -38 -38 -38 -38 -38 -38 -38 -38 -38 -38 -38 -38 -38 -38 -38 -39 -39 -39 -39 -39 -39 -39 -39 -39 -39 -39 -39 -39 -39 -39 -40 -40 -40 -40 -40 -40 -40 -40 -40 -40 -40 -40 -40 -40 -40 -40 -40 -40 -40 -40 -41 -41 -40 -40 -40 -40 -40 -40 -40 -40 -40 -40 -40 -40 -40 -40 -40 -40 -40 -40 -41 -41 -40 -40 -40 -40 -40 -40 -40 -40 -40 -40 -40 -40 -40 -40 -40 -40 -40 -40 -40 -40 -40 -40 -40 -40 -40 -40 -40 -40 -40 -40 -39 -39 -39 -39 -39 -39 -39 -39 -39 -39 -39 -39 -39 -39 -39 -39 -39 -39 -39 -39 -39 -39 -39 -39 -39 -39 -38 -38 -38 -38 -38 -38 -38 -38 -38 -38 -38 -38 -38 -38 -38 -38 -38 -38 -38 -38 -38 -38 -38 -38 -38 -38 -38 -38 -38 -38 -38 -38 -38 -38 -38 -38 -38 -32 -32 -32 -32 -32 -32 -32 -32 -32 -32 -32 -32 -32 -33 -33 -33 -33 -33 -33 -33 -33 -33 -33 -33 -33 -33 -34 -34 -34 -34 -34 -34 -34 -34 -34 -34 -35 -35 -35 -35 -35 -35 -35 -35 -35 -35 -35 -35 -35 -36 -36 -36 -36 -36 -36 -36 -36 -36 -36 -36 -36 -36 -36 -36 -37 -37 -37 -37 -37 -37 -37 -37 -37 -37 -37 -37 -37 -37 -37 -38 -38 -38 -38 -38 -38 -38 -38 -38 -38 -38 -38 -38 -38 -38 -39 -39 -39 -39 -39 -39 -39 -39 -39 -39 -39 -39 -39 -39 -39 -39 -40 -40 -40 -40 -40 -40 -40 -40 -40 -40 -40 -40 -40 -40 -40 -40 -40 -41 -40 -40 -40 -40 -40 -40 -40 -40 -40 -40 -40 -40 -40 -40 -40 -40 -40 -40 -40 -40 -40 -40 -40 -40 -40 -40 -40 -40 -40 -40 -40 -40 -40 -40 -40 -40 -40 -40 -40 -40 -40 -39 -39 -39 -39 -39 -39 -39 -39 -39 -39 -39 -39 -39 -39 -39 -39 -39 -39 -38 -38 -38 -38 -38 -38 -38 -38 -38 -38 -38 -38 -38 -38 -38 -38 -38 -38 -38 -38 -38 -38 -38 -38 -38 -38 -38 -38 -38 -38 -38 -38 -38 -38 -38 -38 -38 -38 -38 -38 -38 -38 -38 -38 -38 -38 -38 -38 -38 -37 -37 -37 -37 -37 -31 -31 -31 -32 -32 -32 -32 -32 -32 -32 -32 -32 -32 -32 -32 -32 -33 -33 -33 -33 -33 -33 -33 -33 -33 -33 -33 -33 -34 -34 -34 -34 -34 -34 -34 -34 -34 -34 -34 -35 -35 -35 -35 -35 -35 -35 -35 -35 -35 -35 -35 -35 -35 -36 -36 -36 -36 -36 -36 -36 -36 -36 -36 -36 -36 -36 -36 -36 -37 -37 -37 -37 -37 -37 -37 -37 -37 -37 -37 -37 -37 -37 -38 -38 -38 -38 -38 -38 -38 -38 -38 -38 -38 -38 -38 -38 -38 -38 -39 -39 -39 -39 -39 -39 -39 -39 -39 -39 -39 -39 -39 -39 -39 -39 -40 -40 -40 -40 -40 -40 -40 -40 -40 -40 -40 -40 -40 -40 -40 -40 -40 -40 -40 -40 -40 -40 -40 -40 -40 -40 -40 -40 -40 -40 -40 -40 -40 -40 -40 -40 -40 -40 -40 -40 -40 -40 -40 -40 -40 -40 -39 -39 -39 -39 -39 -39 -39 -39 -39 -39 -39 -39 -39 -39 -39 -39 -39 -39 -38 -38 -38 -38 -38 -38 -38 -38 -38 -38 -38 -38 -38 -38 -38 -38 -38 -38 -38 -38 -38 -38 -38 -38 -38 -38 -38 -38 -38 -38 -38 -38 -38 -38 -38 -38 -38 -38 -38 -38 -38 -38 -38 -38 -38 -38 -38 -38 -38 -38 -38 -37 -37 -37 -37 -37 -37 -37 -37 -37 -37 -37 -37 -31 -31 -31 -31 -31 -31 -31 -31 -31 -31 -32 -32 -32 -32 -32 -32 -32 -32 -32 -32 -32 -32 -32 -32 -33 -33 -33 -33 -33 -33 -33 -33 -33 -34 -34 -34 -34 -34 -34 -34 -34 -34 -34 -34 -34 -34 -35 -35 -35 -35 -35 -35 -35 -35 -35 -35 -35 -35 -35 -35 -35 -36 -36 -36 -36 -36 -36 -36 -36 -36 -36 -36 -36 -36 -36 -37 -37 -37 -37 -37 -37 -37 -37 -37 -37 -37 -37 -37 -37 -38 -38 -38 -38 -38 -38 -38 -38 -38 -38 -38 -38 -38 -38 -38 -38 -39 -39 -39 -39 -39 -39 -39 -39 -39 -39 -39 -39 -39 -39 -39 -39 -39 -39 -40 -40 -40 -40 -40 -40 -40 -40 -40 -39 -39 -40 -40 -40 -40 -40 -40 -40 -40 -40 -40 -40 -40 -40 -40 -40 -40 -40 -40 -40 -40 -40 -40 -40 -39 -39 -39 -39 -39 -39 -39 -39 -39 -39 -39 -39 -39 -39 -39 -39 -39 -39 -39 -39 -39 -39 -39 -39 -39 -38 -38 -38 -38 -38 -38 -38 -38 -38 -38 -38 -38 -38 -38 -38 -38 -38 -38 -38 -38 -38 -38 -38 -38 -38 -38 -38 -38 -38 -38 -38 -38 -38 -38 -38 -38 -38 -38 -38 -38 -38 -38 -37 -37 -37 -37 -37 -37 -37 -37 -37 -37 -37 -37 -37 -37 -37 -37 -37 -37 -37 -37 -37 -38 -31 -31 -31 -31 -31 -31 -31 -31 -31 -31 -31 -31 -31 -32 -32 -32 -32 -32 -32 -32 -32 -32 -32 -32 -32 -32 -33 -33 -33 -33 -33 -33 -33 -33 -33 -33 -34 -34 -34 -34 -34 -34 -34 -34 -34 -34 -34 -34 -34 -35 -35 -35 -35 -35 -35 -35 -35 -35 -35 -35 -35 -35 -36 -36 -36 -36 -36 -36 -36 -36 -36 -36 -36 -36 -36 -36 -36 -36 -37 -37 -37 -37 -37 -37 -37 -37 -37 -37 -37 -37 -37 -37 -38 -38 -38 -38 -38 -38 -38 -38 -38 -38 -38 -38 -38 -38 -38 -39 -39 -39 -39 -39 -39 -39 -39 -39 -39 -39 -39 -39 -39 -39 -39 -39 -39 -40 -40 -40 -40 -40 -40 -39 -39 -39 -40 -40 -40 -40 -40 -40 -40 -40 -40 -40 -40 -40 -40 -39 -39 -40 -40 -40 -40 -40 -40 -39 -39 -39 -39 -39 -39 -39 -39 -39 -39 -39 -39 -39 -39 -39 -39 -39 -39 -39 -39 -39 -39 -39 -39 -39 -39 -38 -38 -38 -38 -38 -38 -38 -38 -38 -38 -38 -38 -38 -38 -38 -38 -38 -38 -38 -38 -38 -38 -38 -38 -38 -38 -38 -38 -38 -38 -38 -38 -38 -38 -38 -38 -38 -37 -37 -37 -37 -37 -37 -37 -37 -37 -37 -37 -37 -37 -37 -37 -37 -37 -37 -37 -37 -37 -37 -37 -37 -37 -37 -37 -37 -38 -30 -30 -30 -30 -30 -31 -31 -31 -31 -31 -31 -31 -31 -31 -31 -31 -31 -31 -32 -32 -32 -32 -32 -32 -32 -32 -32 -32 -32 -32 -32 -33 -33 -33 -33 -33 -33 -33 -33 -33 -34 -34 -34 -34 -34 -34 -34 -34 -34 -34 -34 -34 -34 -35 -35 -35 -35 -35 -35 -35 -35 -35 -35 -35 -35 -35 -35 -36 -36 -36 -36 -36 -36 -36 -36 -36 -36 -36 -36 -36 -36 -36 -36 -37 -37 -37 -37 -37 -37 -37 -37 -37 -37 -37 -37 -37 -37 -37 -38 -38 -38 -38 -38 -38 -38 -38 -38 -38 -38 -38 -38 -38 -38 -39 -39 -39 -39 -39 -39 -39 -39 -39 -39 -39 -39 -39 -39 -39 -39 -40 -40 -40 -40 -39 -39 -39 -39 -40 -39 -39 -39 -39 -39 -39 -39 -40 -40 -39 -39 -39 -39 -39 -39 -40 -39 -40 -40 -39 -39 -39 -39 -39 -39 -39 -39 -39 -39 -39 -39 -39 -39 -39 -39 -39 -39 -39 -39 -39 -39 -39 -39 -39 -39 -38 -38 -38 -38 -38 -38 -38 -38 -38 -38 -38 -38 -38 -38 -38 -38 -38 -38 -37 -37 -37 -37 -37 -37 -37 -37 -37 -37 -37 -37 -37 -37 -37 -37 -37 -37 -37 -37 -37 -37 -37 -37 -37 -37 -37 -37 -37 -37 -37 -37 -37 -37 -37 -37 -37 -37 -37 -37 -37 -37 -37 -37 -37 -37 -37 -37 -30 -30 -30 -30 -30 -30 -30 -31 -31 -31 -31 -31 -31 -31 -31 -31 -31 -31 -31 -31 -32 -32 -32 -32 -32 -32 -32 -32 -32 -32 -32 -32 -33 -33 -33 -33 -33 -33 -33 -33 -33 -33 -34 -34 -34 -34 -34 -34 -34 -34 -34 -34 -34 -34 -34 -35 -35 -35 -35 -35 -35 -35 -35 -35 -35 -35 -35 -35 -35 -35 -36 -36 -36 -36 -36 -36 -36 -36 -36 -36 -36 -36 -36 -36 -36 -37 -37 -37 -37 -37 -37 -37 -37 -37 -37 -37 -37 -37 -37 -37 -38 -38 -38 -38 -38 -38 -38 -38 -38 -38 -38 -38 -38 -38 -38 -39 -39 -39 -39 -39 -39 -39 -39 -39 -39 -39 -39 -39 -39 -39 -39 -39 -39 -39 -39 -39 -39 -39 -39 -39 -39 -39 -39 -39 -39 -39 -39 -39 -39 -39 -39 -39 -39 -39 -39 -39 -39 -39 -39 -39 -39 -39 -39 -39 -39 -39 -39 -39 -39 -39 -39 -39 -39 -39 -38 -38 -38 -38 -38 -38 -38 -38 -38 -38 -38 -38 -38 -38 -38 -38 -37 -37 -37 -37 -37 -37 -37 -37 -37 -37 -37 -37 -37 -37 -37 -37 -37 -37 -37 -37 -37 -37 -37 -37 -37 -37 -37 -37 -37 -37 -37 -37 -37 -37 -37 -37 -37 -37 -37 -37 -37 -37 -37 -37 -37 -37 -37 -36 -37 -37 -37 -37 -37 -37 -37 -37 -37 -37 -37 -30 -30 -30 -30 -30 -30 -30 -30 -30 -30 -30 -30 -31 -31 -31 -31 -31 -31 -31 -31 -31 -31 -31 -31 -31 -32 -32 -32 -32 -32 -32 -32 -32 -32 -32 -33 -33 -33 -33 -33 -33 -33 -33 -33 -33 -33 -33 -34 -34 -34 -34 -34 -34 -34 -34 -34 -34 -34 -34 -34 -34 -34 -35 -35 -35 -35 -35 -35 -35 -35 -35 -35 -35 -35 -35 -35 -36 -36 -36 -36 -36 -36 -36 -36 -36 -36 -36 -36 -36 -36 -37 -37 -37 -37 -37 -37 -37 -37 -37 -37 -37 -37 -37 -37 -37 -37 -38 -38 -38 -38 -38 -38 -38 -38 -38 -38 -38 -38 -38 -38 -39 -39 -39 -39 -39 -39 -39 -39 -39 -39 -39 -39 -39 -39 -39 -39 -39 -39 -39 -39 -39 -39 -39 -39 -39 -39 -39 -39 -39 -39 -39 -39 -39 -39 -39 -39 -39 -39 -39 -39 -39 -39 -39 -38 -38 -38 -38 -38 -38 -38 -38 -38 -38 -38 -38 -38 -38 -38 -38 -38 -38 -38 -38 -38 -37 -37 -37 -37 -37 -37 -37 -37 -37 -37 -37 -37 -37 -37 -37 -37 -37 -37 -37 -37 -37 -37 -37 -37 -37 -37 -37 -37 -37 -37 -37 -37 -37 -37 -37 -37 -37 -37 -37 -37 -37 -37 -37 -37 -37 -37 -37 -37 -37 -37 -36 -36 -36 -36 -36 -36 -36 -36 -37 -37 -37 -37 -37 -37 -37 -37 -37 -30 -30 -30 -30 -30 -30 -30 -30 -30 -30 -30 -30 -31 -31 -31 -31 -31 -31 -31 -31 -31 -31 -31 -31 -31 -31 -32 -32 -32 -32 -32 -32 -32 -32 -32 -33 -33 -33 -33 -33 -33 -33 -33 -33 -33 -33 -33 -34 -34 -34 -34 -34 -34 -34 -34 -34 -34 -34 -34 -34 -34 -34 -35 -35 -35 -35 -35 -35 -35 -35 -35 -35 -35 -35 -35 -35 -35 -36 -36 -36 -36 -36 -36 -36 -36 -36 -36 -36 -36 -36 -36 -37 -37 -37 -37 -37 -37 -37 -37 -37 -37 -37 -37 -37 -37 -37 -37 -38 -38 -38 -38 -38 -38 -38 -38 -38 -38 -38 -38 -38 -38 -38 -38 -39 -39 -39 -39 -39 -39 -39 -39 -39 -39 -39 -39 -39 -39 -39 -39 -39 -39 -39 -39 -39 -38 -38 -38 -38 -39 -39 -39 -38 -39 -39 -39 -39 -39 -38 -38 -38 -38 -38 -38 -38 -38 -38 -38 -38 -38 -38 -38 -38 -38 -38 -38 -38 -38 -38 -38 -38 -38 -37 -37 -37 -37 -37 -37 -37 -37 -37 -37 -37 -37 -37 -37 -37 -37 -37 -37 -37 -37 -37 -37 -37 -37 -37 -37 -37 -37 -37 -37 -37 -37 -37 -37 -37 -37 -37 -37 -37 -37 -36 -36 -36 -36 -36 -36 -36 -36 -36 -36 -36 -36 -36 -36 -36 -36 -36 -37 -37 -36 -36 -36 -36 -37 -37 -37 -37 -37 -29 -29 -29 -29 -29 -29 -30 -30 -30 -30 -30 -30 -30 -30 -30 -30 -30 -30 -30 -31 -31 -31 -31 -31 -31 -31 -31 -31 -31 -31 -31 -31 -32 -32 -32 -32 -32 -32 -32 -32 -32 -33 -33 -33 -33 -33 -33 -33 -33 -33 -33 -33 -33 -33 -34 -34 -34 -34 -34 -34 -34 -34 -34 -34 -34 -34 -34 -34 -35 -35 -35 -35 -35 -35 -35 -35 -35 -35 -35 -35 -35 -35 -35 -36 -36 -36 -36 -36 -36 -36 -36 -36 -36 -36 -36 -36 -36 -37 -37 -37 -37 -37 -37 -37 -37 -37 -37 -37 -37 -37 -37 -37 -37 -38 -38 -38 -38 -38 -38 -38 -38 -38 -38 -38 -38 -38 -38 -38 -38 -38 -39 -39 -39 -39 -38 -38 -39 -39 -38 -38 -38 -38 -39 -39 -39 -39 -39 -38 -38 -38 -38 -38 -38 -38 -38 -38 -38 -39 -39 -39 -38 -38 -38 -38 -38 -38 -38 -38 -38 -38 -38 -38 -38 -38 -38 -38 -38 -38 -38 -38 -38 -38 -38 -38 -37 -37 -37 -37 -37 -37 -37 -37 -37 -37 -37 -37 -37 -37 -37 -37 -37 -37 -37 -37 -37 -37 -37 -37 -37 -37 -37 -37 -37 -36 -36 -36 -36 -36 -36 -36 -36 -36 -36 -36 -36 -36 -36 -36 -36 -36 -36 -36 -36 -36 -36 -36 -36 -36 -36 -36 -36 -36 -36 -36 -36 -36 -36 -36 -36 -36 -36 -36 -36 -36 -36 -36 -36 -36 -36 -36 -36 -36 -36 -36 -36 -36 -36 -36 -36 -36 -29 -29 -29 -29 -29 -29 -30 -30 -30 -30 -30 -30 -30 -30 -30 -30 -30 -30 -30 -31 -31 -31 -31 -31 -31 -31 -31 -31 -31 -31 -31 -32 -32 -32 -32 -32 -32 -32 -32 -32 -32 -33 -33 -33 -33 -33 -33 -33 -33 -33 -33 -33 -33 -33 -34 -34 -34 -34 -34 -34 -34 -34 -34 -34 -34 -34 -34 -34 -34 -35 -35 -35 -35 -35 -35 -35 -35 -35 -35 -35 -35 -35 -36 -36 -36 -36 -36 -36 -36 -36 -36 -36 -36 -36 -36 -36 -36 -36 -37 -37 -37 -37 -37 -37 -37 -37 -37 -37 -37 -37 -37 -37 -37 -37 -38 -38 -38 -38 -38 -38 -38 -38 -38 -38 -38 -38 -38 -38 -39 -39 -39 -38 -38 -38 -38 -38 -38 -38 -38 -38 -38 -38 -38 -38 -38 -38 -38 -38 -38 -38 -38 -38 -38 -38 -38 -38 -38 -38 -38 -38 -38 -38 -38 -38 -38 -38 -38 -38 -38 -38 -38 -38 -38 -38 -38 -38 -38 -38 -38 -38 -38 -37 -37 -37 -37 -37 -37 -37 -37 -37 -37 -37 -37 -37 -37 -37 -37 -37 -36 -37 -37 -37 -36 -36 -36 -36 -36 -36 -36 -36 -36 -36 -36 -36 -36 -36 -36 -36 -36 -36 -36 -36 -36 -36 -36 -36 -36 -36 -36 -36 -36 -36 -36 -36 -36 -36 -36 -36 -36 -36 -36 -36 -36 -36 -36 -36 -36 -36 -36 -36 -36 -36 -36 -36 -36 -36 -36 -36 -36 -35 -35 -35 -35 -35 -35 -35 -35 -35 -35 -35 -29 -29 -29 -29 -29 -29 -29 -29 -29 -29 -30 -30 -30 -30 -30 -30 -30 -30 -30 -30 -30 -30 -30 -31 -31 -31 -31 -31 -31 -31 -31 -31 -31 -32 -32 -32 -32 -32 -32 -32 -32 -32 -32 -32 -32 -33 -33 -33 -33 -33 -33 -33 -33 -33 -33 -33 -33 -33 -33 -34 -34 -34 -34 -34 -34 -34 -34 -34 -34 -34 -34 -34 -34 -35 -35 -35 -35 -35 -35 -35 -35 -35 -35 -35 -35 -35 -35 -36 -36 -36 -36 -36 -36 -36 -36 -36 -36 -36 -36 -36 -36 -36 -36 -37 -37 -37 -37 -37 -37 -37 -37 -37 -37 -37 -37 -37 -37 -37 -37 -37 -38 -38 -38 -38 -38 -38 -38 -38 -38 -38 -39 -39 -38 -38 -38 -38 -38 -38 -38 -38 -38 -38 -38 -38 -38 -38 -38 -38 -38 -38 -38 -38 -38 -38 -38 -38 -38 -38 -38 -38 -38 -38 -38 -38 -38 -38 -38 -38 -38 -38 -38 -38 -37 -37 -37 -37 -37 -37 -37 -37 -37 -37 -37 -37 -37 -37 -37 -36 -37 -37 -37 -37 -36 -36 -36 -36 -36 -36 -36 -36 -36 -36 -36 -36 -36 -36 -36 -36 -36 -36 -36 -36 -36 -36 -36 -36 -36 -36 -36 -36 -36 -36 -36 -36 -36 -36 -36 -36 -36 -36 -36 -36 -36 -36 -36 -36 -36 -36 -36 -36 -36 -35 -35 -35 -36 -36 -36 -36 -36 -36 -36 -36 -36 -35 -35 -35 -35 -35 -35 -35 -35 -35 -35 -35 -35 -35 -35 -35 -35 -35 -35 -35 -35 -29 -29 -29 -29 -29 -29 -29 -29 -29 -29 -29 -29 -29 -30 -30 -30 -30 -30 -30 -30 -30 -30 -30 -30 -30 -30 -31 -31 -31 -31 -31 -31 -31 -31 -31 -32 -32 -32 -32 -32 -32 -32 -32 -32 -32 -32 -32 -33 -33 -33 -33 -33 -33 -33 -33 -33 -33 -33 -33 -33 -33 -33 -34 -34 -34 -34 -34 -34 -34 -34 -34 -34 -34 -34 -34 -35 -35 -35 -35 -35 -35 -35 -35 -35 -35 -35 -35 -35 -35 -35 -36 -36 -36 -36 -36 -36 -36 -36 -36 -36 -36 -36 -36 -36 -36 -36 -37 -37 -37 -37 -37 -37 -37 -37 -37 -37 -37 -37 -37 -37 -37 -38 -38 -38 -38 -38 -38 -38 -38 -38 -38 -37 -37 -38 -38 -38 -38 -38 -38 -38 -38 -38 -38 -38 -38 -38 -38 -38 -38 -38 -38 -38 -38 -38 -38 -38 -38 -38 -38 -38 -38 -38 -38 -37 -37 -37 -37 -37 -37 -37 -37 -37 -37 -37 -37 -37 -37 -37 -37 -37 -37 -36 -36 -36 -36 -36 -36 -36 -36 -36 -36 -36 -36 -36 -36 -36 -36 -36 -36 -36 -36 -36 -36 -36 -36 -36 -36 -36 -36 -36 -36 -36 -36 -36 -36 -36 -36 -36 -36 -36 -36 -36 -36 -36 -36 -36 -36 -36 -36 -36 -36 -36 -36 -36 -36 -36 -36 -36 -35 -35 -35 -35 -35 -35 -35 -36 -36 -36 -36 -36 -36 -35 -35 -35 -35 -35 -35 -35 -35 -35 -35 -35 -35 -35 -35 -35 -35 -35 -35 -35 -35 -35 -35 -28 -28 -28 -28 -28 -29 -29 -29 -29 -29 -29 -29 -29 -29 -29 -29 -29 -29 -30 -30 -30 -30 -30 -30 -30 -30 -30 -30 -30 -30 -30 -31 -31 -31 -31 -31 -31 -31 -31 -32 -32 -32 -32 -32 -32 -32 -32 -32 -32 -32 -32 -32 -33 -33 -33 -33 -33 -33 -33 -33 -33 -33 -33 -33 -33 -33 -33 -34 -34 -34 -34 -34 -34 -34 -34 -34 -34 -34 -34 -34 -34 -34 -35 -35 -35 -35 -35 -35 -35 -35 -35 -35 -35 -35 -35 -35 -36 -36 -36 -36 -36 -36 -36 -36 -36 -36 -36 -36 -36 -36 -36 -36 -37 -37 -37 -37 -37 -37 -37 -37 -37 -37 -37 -37 -37 -38 -38 -38 -38 -38 -38 -38 -38 -37 -37 -38 -37 -37 -37 -37 -38 -38 -37 -37 -37 -37 -38 -38 -38 -38 -38 -38 -38 -38 -38 -38 -38 -38 -37 -37 -38 -38 -38 -38 -38 -37 -37 -37 -37 -37 -37 -37 -37 -37 -37 -37 -37 -37 -37 -37 -37 -37 -37 -36 -36 -36 -36 -36 -36 -36 -36 -36 -36 -36 -36 -36 -36 -36 -36 -36 -36 -36 -36 -36 -36 -36 -36 -36 -36 -36 -36 -36 -36 -36 -36 -36 -36 -36 -36 -36 -36 -36 -36 -36 -36 -36 -36 -36 -35 -35 -35 -35 -35 -35 -35 -35 -35 -35 -35 -35 -35 -35 -35 -35 -35 -35 -35 -35 -36 -36 -36 -35 -35 -35 -35 -35 -35 -35 -35 -35 -35 -35 -35 -35 -35 -35 -35 -35 -35 -35 -35 -35 -35 -35 -35 -35 -28 -28 -28 -28 -28 -28 -28 -28 -28 -29 -29 -29 -29 -29 -29 -29 -29 -29 -29 -29 -29 -29 -30 -30 -30 -30 -30 -30 -30 -30 -30 -30 -30 -30 -31 -31 -31 -31 -31 -31 -31 -31 -31 -32 -32 -32 -32 -32 -32 -32 -32 -32 -32 -32 -32 -32 -33 -33 -33 -33 -33 -33 -33 -33 -33 -33 -33 -33 -33 -33 -33 -33 -34 -34 -34 -34 -34 -34 -34 -34 -34 -34 -34 -34 -34 -35 -35 -35 -35 -35 -35 -35 -35 -35 -35 -35 -35 -35 -35 -35 -36 -36 -36 -36 -36 -36 -36 -36 -36 -36 -36 -36 -36 -36 -36 -36 -36 -37 -37 -37 -37 -37 -37 -37 -37 -37 -37 -37 -37 -37 -38 -38 -37 -37 -37 -37 -37 -37 -37 -37 -37 -37 -37 -37 -37 -37 -37 -38 -38 -37 -37 -37 -38 -38 -38 -38 -38 -38 -38 -37 -37 -37 -37 -37 -38 -38 -37 -37 -37 -37 -37 -37 -37 -37 -37 -37 -37 -37 -37 -37 -37 -37 -37 -37 -36 -36 -36 -36 -36 -36 -36 -36 -36 -36 -36 -36 -36 -36 -36 -36 -36 -36 -36 -36 -36 -36 -36 -36 -36 -36 -36 -36 -36 -35 -35 -35 -35 -35 -35 -35 -35 -35 -35 -35 -35 -35 -35 -35 -35 -35 -35 -35 -35 -35 -35 -35 -35 -35 -35 -35 -35 -35 -35 -35 -35 -35 -35 -35 -35 -35 -36 -36 -35 -35 -35 -35 -35 -35 -35 -35 -35 -35 -35 -35 -35 -35 -35 -35 -34 -34 -34 -34 -34 -34 -34 -34 -34 -28 -28 -28 -28 -28 -28 -28 -28 -28 -28 -28 -29 -29 -29 -29 -29 -29 -29 -29 -29 -29 -29 -29 -30 -30 -30 -30 -30 -30 -30 -30 -30 -31 -31 -31 -31 -31 -31 -31 -31 -31 -31 -31 -31 -31 -32 -32 -32 -32 -32 -32 -32 -32 -32 -32 -32 -32 -33 -33 -33 -33 -33 -33 -33 -33 -33 -33 -33 -33 -33 -33 -33 -33 -34 -34 -34 -34 -34 -34 -34 -34 -34 -34 -34 -34 -34 -34 -35 -35 -35 -35 -35 -35 -35 -35 -35 -35 -35 -35 -35 -35 -36 -36 -36 -36 -36 -36 -36 -36 -36 -36 -36 -36 -36 -36 -36 -36 -37 -37 -37 -37 -37 -37 -37 -37 -37 -37 -37 -37 -37 -37 -37 -37 -37 -37 -37 -37 -37 -37 -37 -37 -37 -37 -37 -37 -37 -38 -37 -37 -37 -37 -37 -37 -37 -37 -37 -37 -37 -37 -37 -37 -37 -37 -37 -37 -37 -37 -37 -37 -37 -37 -37 -37 -37 -37 -37 -37 -37 -37 -37 -37 -37 -36 -36 -36 -36 -36 -36 -36 -36 -36 -36 -36 -36 -36 -36 -36 -36 -36 -35 -35 -35 -35 -35 -35 -35 -35 -35 -35 -35 -35 -35 -35 -35 -35 -35 -35 -35 -35 -35 -35 -35 -35 -35 -35 -35 -35 -35 -35 -35 -35 -35 -35 -35 -35 -35 -35 -35 -35 -35 -35 -35 -35 -35 -35 -35 -35 -35 -35 -35 -35 -35 -35 -35 -35 -35 -35 -35 -35 -35 -34 -35 -35 -35 -35 -34 -34 -34 -34 -34 -34 -34 -34 -34 -34 -27 -27 -28 -28 -28 -28 -28 -28 -28 -28 -28 -28 -28 -28 -28 -28 -29 -29 -29 -29 -29 -29 -29 -29 -29 -29 -29 -29 -29 -30 -30 -30 -30 -30 -30 -30 -30 -31 -31 -31 -31 -31 -31 -31 -31 -31 -31 -31 -31 -31 -32 -32 -32 -32 -32 -32 -32 -32 -32 -32 -32 -32 -33 -33 -33 -33 -33 -33 -33 -33 -33 -33 -33 -33 -33 -33 -33 -33 -33 -34 -34 -34 -34 -34 -34 -34 -34 -34 -34 -34 -34 -34 -34 -35 -35 -35 -35 -35 -35 -35 -35 -35 -35 -35 -35 -35 -35 -35 -36 -36 -36 -36 -36 -36 -36 -36 -36 -36 -36 -36 -36 -37 -36 -37 -37 -37 -37 -37 -37 -37 -37 -37 -37 -37 -36 -37 -37 -37 -37 -37 -37 -37 -37 -37 -37 -37 -37 -37 -37 -37 -37 -37 -37 -37 -37 -37 -37 -37 -37 -37 -37 -37 -37 -37 -37 -37 -37 -37 -37 -37 -36 -36 -36 -36 -36 -36 -36 -36 -36 -36 -36 -36 -36 -36 -36 -36 -35 -35 -36 -35 -35 -35 -35 -35 -35 -35 -35 -35 -35 -35 -35 -35 -35 -35 -35 -35 -35 -35 -35 -35 -35 -35 -35 -35 -35 -35 -35 -35 -35 -35 -35 -35 -35 -35 -35 -35 -35 -35 -35 -35 -35 -35 -35 -35 -35 -35 -35 -35 -34 -34 -35 -35 -35 -34 -34 -34 -35 -35 -35 -35 -35 -35 -35 -34 -35 -35 -35 -35 -35 -34 -34 -34 -34 -34 -34 -35 -35 -34 -34 -34 -34 -34 -34 -34 -34 -34 -34 -34 -30 -30 -30 -30 -27 -27 -27 -27 -27 -28 -28 -28 -28 -28 -28 -28 -28 -28 -28 -28 -28 -28 -29 -29 -29 -29 -29 -29 -29 -29 -29 -29 -29 -29 -30 -30 -30 -30 -30 -30 -30 -30 -31 -31 -31 -31 -31 -31 -31 -31 -31 -31 -31 -31 -31 -31 -31 -32 -32 -32 -32 -32 -32 -32 -32 -32 -32 -33 -33 -33 -33 -33 -33 -33 -33 -33 -33 -33 -33 -33 -33 -33 -33 -33 -33 -33 -34 -34 -34 -34 -34 -34 -34 -34 -34 -34 -34 -34 -34 -35 -35 -35 -35 -35 -35 -35 -35 -35 -35 -35 -35 -35 -35 -35 -35 -35 -36 -36 -36 -36 -36 -36 -36 -36 -36 -36 -36 -36 -36 -36 -36 -37 -37 -37 -37 -37 -37 -36 -36 -36 -37 -37 -37 -37 -37 -37 -37 -37 -37 -37 -37 -37 -37 -37 -37 -37 -37 -37 -36 -37 -36 -36 -36 -36 -36 -36 -36 -37 -37 -37 -37 -37 -37 -36 -36 -36 -36 -36 -36 -36 -36 -36 -36 -36 -36 -36 -36 -35 -35 -35 -35 -35 -35 -35 -35 -35 -35 -35 -35 -35 -35 -35 -35 -35 -35 -35 -35 -35 -35 -35 -35 -35 -35 -35 -35 -35 -35 -35 -35 -35 -35 -35 -35 -35 -35 -35 -35 -35 -35 -35 -35 -35 -35 -35 -35 -35 -35 -35 -34 -34 -34 -34 -34 -34 -34 -34 -34 -34 -34 -34 -34 -34 -34 -34 -34 -34 -34 -34 -34 -34 -34 -34 -34 -34 -34 -34 -34 -34 -34 -34 -34 -34 -34 -34 -34 -34 -34 -34 -34 -34 -34 -29 -29 -29 -29 -28 -29 -29 -29 -27 -27 -27 -27 -27 -27 -27 -27 -27 -28 -28 -28 -28 -28 -28 -28 -28 -28 -28 -28 -28 -29 -29 -29 -29 -29 -29 -29 -29 -29 -29 -29 -30 -30 -30 -30 -30 -30 -30 -30 -30 -30 -30 -30 -30 -31 -31 -31 -31 -31 -31 -31 -31 -31 -31 -31 -32 -32 -32 -32 -32 -32 -32 -32 -32 -32 -32 -33 -33 -33 -33 -33 -33 -33 -33 -33 -33 -33 -33 -33 -33 -33 -33 -33 -33 -34 -34 -34 -34 -34 -34 -34 -34 -34 -34 -34 -34 -34 -34 -35 -35 -35 -35 -35 -35 -35 -35 -35 -35 -35 -35 -35 -35 -35 -35 -35 -35 -36 -36 -36 -36 -36 -36 -36 -36 -36 -36 -36 -36 -36 -36 -36 -36 -36 -36 -36 -36 -36 -36 -36 -36 -36 -36 -36 -36 -36 -36 -36 -37 -37 -36 -37 -37 -37 -37 -36 -36 -36 -36 -36 -36 -36 -36 -36 -36 -36 -36 -37 -37 -36 -36 -36 -36 -36 -36 -36 -36 -36 -36 -36 -36 -36 -36 -36 -35 -35 -35 -35 -35 -35 -35 -35 -35 -35 -35 -35 -35 -35 -35 -35 -35 -35 -35 -35 -35 -35 -35 -35 -35 -35 -35 -35 -35 -35 -35 -35 -35 -35 -35 -34 -34 -34 -34 -34 -35 -35 -35 -34 -34 -35 -35 -35 -34 -34 -34 -34 -34 -34 -34 -34 -34 -34 -34 -34 -34 -34 -34 -34 -34 -34 -34 -34 -34 -34 -34 -34 -34 -34 -34 -34 -33 -34 -34 -34 -34 -34 -34 -34 -34 -34 -34 -34 -34 -34 -34 -34 -34 -29 -29 -29 -28 -28 -28 -28 -28 -28 -29 -26 -26 -27 -27 -27 -27 -27 -27 -27 -27 -27 -27 -27 -27 -28 -28 -28 -28 -28 -28 -28 -28 -28 -28 -28 -29 -29 -29 -29 -29 -29 -29 -29 -29 -29 -29 -30 -30 -30 -30 -30 -30 -30 -30 -30 -30 -30 -30 -30 -31 -31 -31 -31 -31 -31 -31 -31 -31 -31 -31 -32 -32 -32 -32 -32 -32 -32 -32 -32 -32 -32 -32 -32 -32 -32 -33 -33 -33 -33 -33 -33 -33 -33 -33 -33 -33 -33 -33 -33 -33 -33 -34 -34 -34 -34 -34 -34 -34 -34 -34 -34 -34 -34 -34 -34 -34 -35 -35 -35 -35 -35 -35 -35 -35 -35 -35 -35 -35 -35 -35 -35 -36 -36 -36 -36 -36 -36 -36 -36 -36 -36 -36 -36 -36 -36 -36 -35 -36 -36 -36 -36 -36 -36 -36 -36 -36 -36 -36 -36 -36 -36 -36 -36 -36 -36 -36 -36 -36 -36 -36 -36 -36 -36 -36 -36 -36 -36 -36 -36 -36 -36 -36 -36 -36 -36 -36 -36 -36 -36 -36 -36 -36 -36 -36 -36 -36 -35 -35 -35 -35 -35 -35 -35 -35 -35 -35 -35 -35 -35 -35 -35 -35 -35 -35 -35 -35 -35 -35 -34 -35 -35 -34 -34 -34 -34 -34 -34 -34 -34 -34 -34 -34 -34 -34 -34 -34 -34 -34 -34 -35 -34 -34 -34 -34 -34 -34 -34 -34 -34 -34 -34 -34 -34 -34 -34 -34 -34 -34 -34 -34 -34 -34 -34 -34 -34 -34 -34 -34 -34 -34 -34 -34 -34 -34 -34 -34 -34 -34 -34 -34 -34 -34 -34 -34 -34 -34 -34 -34 -34 -29 -29 -29 -29 -28 -28 -28 -28 -28 -28 -28 -29 -29 -26 -26 -26 -26 -26 -27 -27 -27 -27 -27 -27 -27 -27 -27 -27 -27 -28 -28 -28 -28 -28 -28 -28 -28 -28 -28 -28 -28 -29 -29 -29 -29 -29 -29 -29 -29 -29 -29 -30 -30 -30 -30 -30 -30 -30 -30 -30 -30 -30 -30 -30 -30 -30 -31 -31 -31 -31 -31 -31 -31 -31 -31 -31 -31 -31 -31 -32 -32 -32 -32 -32 -32 -32 -32 -32 -32 -32 -32 -32 -32 -32 -33 -33 -33 -33 -33 -33 -33 -33 -33 -33 -33 -33 -33 -34 -34 -34 -34 -34 -34 -34 -34 -34 -34 -34 -34 -34 -34 -34 -34 -35 -35 -35 -35 -35 -35 -35 -35 -35 -35 -35 -35 -36 -36 -36 -36 -36 -35 -35 -36 -36 -36 -36 -36 -36 -36 -35 -35 -35 -36 -36 -36 -36 -36 -36 -36 -36 -36 -36 -36 -36 -36 -36 -36 -36 -36 -36 -36 -36 -36 -36 -36 -36 -36 -36 -36 -36 -36 -36 -36 -36 -36 -36 -36 -36 -36 -36 -36 -36 -36 -35 -35 -35 -35 -35 -35 -35 -35 -35 -35 -35 -35 -35 -35 -35 -35 -35 -35 -35 -35 -34 -34 -34 -34 -34 -34 -34 -34 -34 -34 -34 -34 -34 -34 -34 -34 -34 -34 -34 -34 -34 -34 -34 -34 -34 -34 -34 -34 -34 -34 -34 -34 -34 -34 -34 -34 -34 -34 -34 -34 -34 -34 -34 -34 -34 -34 -34 -34 -34 -34 -34 -34 -34 -34 -34 -34 -33 -33 -33 -34 -33 -33 -33 -34 -34 -34 -34 -34 -34 -34 -33 -33 -33 -33 -33 -33 -33 -34 -34 -33 -29 -29 -28 -28 -27 -27 -27 -27 -28 -28 -28 -27 -28 -29 -29 -26 -26 -26 -26 -26 -26 -26 -27 -27 -27 -27 -27 -27 -27 -27 -27 -27 -27 -28 -28 -28 -28 -28 -28 -28 -28 -28 -28 -28 -28 -28 -28 -28 -29 -29 -29 -29 -29 -29 -29 -29 -29 -29 -30 -30 -30 -30 -30 -30 -30 -30 -30 -30 -30 -30 -30 -31 -31 -31 -31 -31 -31 -31 -31 -31 -31 -31 -31 -31 -31 -32 -32 -32 -32 -32 -32 -32 -32 -32 -32 -32 -32 -32 -32 -32 -32 -33 -33 -33 -33 -33 -33 -33 -33 -33 -33 -33 -33 -33 -34 -34 -34 -34 -34 -34 -34 -34 -34 -34 -34 -34 -34 -34 -34 -34 -34 -35 -35 -35 -35 -35 -35 -35 -35 -35 -35 -35 -35 -35 -35 -35 -35 -35 -35 -35 -36 -36 -35 -35 -35 -35 -35 -35 -35 -35 -36 -36 -36 -36 -36 -36 -36 -36 -36 -36 -36 -36 -36 -36 -36 -36 -36 -35 -35 -36 -36 -36 -36 -36 -36 -36 -36 -36 -36 -36 -36 -36 -36 -36 -36 -35 -35 -35 -35 -35 -35 -35 -35 -35 -35 -35 -35 -35 -35 -35 -35 -35 -35 -35 -35 -34 -34 -34 -34 -34 -34 -34 -34 -34 -34 -34 -34 -34 -34 -34 -34 -34 -34 -34 -34 -34 -34 -34 -34 -34 -34 -34 -34 -34 -34 -34 -34 -34 -34 -34 -34 -34 -34 -34 -33 -33 -33 -33 -33 -34 -34 -33 -33 -33 -33 -33 -33 -33 -33 -34 -33 -33 -33 -33 -33 -33 -33 -33 -33 -33 -34 -34 -34 -34 -34 -33 -33 -33 -33 -33 -33 -33 -33 -33 -33 -33 -33 -29 -29 -29 -29 -29 -29 -29 -28 -29 -28 -28 -27 -27 -27 -27 -27 -27 -27 -27 -28 -28 -28 -28 -26 -26 -26 -26 -26 -26 -27 -27 -27 -27 -27 -27 -27 -27 -27 -27 -27 -27 -28 -28 -28 -28 -28 -28 -28 -28 -28 -28 -28 -28 -28 -28 -28 -28 -28 -28 -29 -29 -29 -29 -29 -29 -29 -29 -29 -29 -30 -30 -30 -30 -30 -30 -30 -30 -30 -30 -30 -30 -30 -31 -31 -31 -31 -31 -31 -31 -31 -31 -31 -31 -31 -31 -32 -32 -32 -32 -32 -32 -32 -32 -32 -32 -32 -32 -32 -32 -32 -33 -33 -33 -33 -33 -33 -33 -33 -33 -33 -33 -33 -33 -33 -33 -33 -34 -34 -34 -34 -34 -34 -34 -34 -34 -34 -34 -34 -34 -35 -35 -35 -35 -35 -35 -35 -35 -35 -35 -35 -35 -35 -35 -35 -35 -35 -35 -35 -35 -35 -35 -35 -35 -35 -35 -35 -35 -35 -35 -35 -36 -36 -35 -35 -35 -35 -36 -36 -36 -35 -35 -35 -36 -35 -35 -35 -35 -35 -35 -35 -36 -35 -35 -36 -35 -35 -36 -36 -36 -36 -36 -36 -35 -35 -35 -35 -35 -35 -35 -35 -35 -35 -35 -35 -35 -35 -35 -34 -34 -34 -34 -35 -34 -34 -34 -34 -34 -34 -34 -34 -34 -34 -34 -34 -34 -34 -34 -34 -34 -34 -34 -34 -34 -34 -34 -34 -34 -34 -34 -34 -34 -34 -34 -34 -34 -34 -34 -33 -33 -33 -33 -33 -33 -33 -33 -33 -33 -33 -33 -33 -33 -33 -33 -33 -33 -33 -33 -33 -33 -33 -33 -33 -33 -33 -33 -33 -33 -33 -33 -33 -33 -33 -33 -33 -33 -33 -33 -33 -33 -33 -33 -33 -33 -33 -33 -33 -33 -33 -33 -33 -34 -33 -29 -29 -29 -28 -29 -28 -28 -28 -28 -28 -28 -27 -28 -28 -27 -27 -27 -27 -26 -26 -26 -27 -27 -28 -27 -28 -28 -28 -25 -25 -25 -25 -25 -26 -26 -26 -26 -26 -26 -26 -26 -26 -27 -27 -27 -27 -27 -27 -27 -27 -28 -27 -28 -28 -27 -28 -28 -28 -28 -28 -28 -28 -28 -28 -28 -28 -28 -29 -29 -29 -29 -29 -29 -29 -29 -29 -29 -29 -29 -29 -30 -30 -30 -30 -30 -30 -30 -30 -30 -30 -30 -31 -31 -31 -31 -31 -31 -31 -31 -31 -31 -31 -31 -31 -31 -32 -32 -32 -32 -32 -32 -32 -32 -32 -32 -32 -32 -32 -32 -32 -32 -32 -32 -33 -33 -33 -33 -33 -33 -33 -33 -33 -33 -33 -33 -33 -33 -33 -34 -34 -34 -34 -34 -34 -34 -34 -34 -34 -35 -35 -34 -35 -35 -35 -34 -35 -35 -35 -35 -35 -35 -35 -35 -35 -35 -35 -35 -34 -34 -34 -34 -35 -35 -35 -35 -35 -35 -35 -35 -35 -35 -35 -35 -35 -35 -35 -35 -35 -35 -35 -35 -35 -35 -35 -35 -35 -35 -35 -35 -35 -35 -35 -35 -35 -35 -35 -35 -35 -35 -35 -35 -35 -35 -35 -35 -35 -35 -34 -34 -34 -34 -34 -34 -34 -34 -34 -34 -34 -34 -34 -34 -34 -34 -34 -34 -34 -34 -34 -34 -34 -34 -34 -34 -34 -34 -34 -33 -33 -33 -33 -33 -33 -33 -33 -33 -33 -33 -33 -33 -34 -33 -33 -34 -33 -33 -33 -33 -33 -33 -33 -33 -33 -33 -33 -33 -33 -33 -33 -33 -33 -33 -33 -33 -33 -33 -33 -33 -33 -33 -33 -33 -33 -33 -33 -33 -33 -33 -33 -33 -33 -33 -33 -33 -33 -33 -33 -33 -33 -33 -32 -33 -33 -33 -33 -33 -33 -33 -33 -33 -33 -33 -33 -33 -33 -33 -33 -33 -33 -33 -33 -33 -33 -33 -32 -32 -32 -29 -28 -28 -28 -28 -28 -28 -28 -27 -27 -28 -27 -27 -27 -27 -26 -26 -26 -26 -26 -26 -26 -27 -27 -27 -27 -27 -27 -27 -25 -25 -25 -25 -25 -26 -26 -26 -26 -26 -26 -26 -26 -26 -27 -27 -27 -27 -27 -27 -27 -27 -27 -27 -27 -27 -28 -27 -27 -27 -27 -27 -27 -27 -28 -28 -28 -28 -28 -28 -28 -29 -29 -29 -29 -29 -29 -29 -29 -29 -29 -29 -30 -30 -29 -30 -30 -30 -30 -30 -30 -30 -30 -30 -30 -30 -30 -30 -30 -30 -31 -31 -31 -31 -31 -31 -31 -31 -31 -31 -31 -31 -31 -31 -32 -32 -32 -32 -32 -32 -32 -32 -32 -32 -32 -32 -32 -33 -33 -33 -33 -33 -33 -33 -33 -33 -33 -33 -33 -33 -33 -33 -34 -34 -34 -34 -34 -34 -34 -34 -34 -34 -34 -34 -34 -34 -35 -35 -35 -35 -35 -35 -35 -35 -35 -35 -35 -35 -34 -34 -34 -34 -34 -34 -35 -35 -35 -35 -35 -35 -35 -35 -35 -35 -35 -35 -35 -35 -35 -35 -35 -35 -35 -35 -35 -35 -35 -35 -35 -35 -35 -35 -35 -35 -35 -35 -35 -35 -35 -35 -35 -35 -35 -35 -35 -35 -35 -35 -34 -34 -34 -34 -34 -34 -34 -34 -34 -34 -34 -34 -34 -34 -34 -34 -34 -34 -34 -33 -33 -33 -33 -33 -33 -33 -33 -33 -33 -33 -33 -33 -33 -33 -33 -33 -33 -33 -33 -33 -33 -33 -33 -33 -33 -33 -33 -33 -33 -33 -33 -33 -33 -33 -33 -33 -33 -33 -33 -33 -33 -33 -33 -32 -33 -33 -32 -32 -32 -32 -33 -32 -32 -32 -33 -33 -33 -33 -33 -33 -33 -33 -33 -33 -33 -33 -32 -32 -32 -32 -32 -33 -32 -32 -32 -33 -33 -32 -32 -33 -33 -32 -32 -32 -32 -32 -32 -32 -32 -32 -32 -33 -32 -32 -32 -32 -32 -33 -32 -32 -32 -32 -32 -32 -32 -32 -32 -32 -29 -28 -28 -28 -28 -27 -27 -27 -27 -27 -27 -26 -27 -26 -26 -26 -26 -26 -26 -26 -26 -26 -26 -26 -26 -26 -27 -27 -27 -27 -26 -25 -25 -25 -25 -25 -25 -25 -25 -25 -25 -26 -26 -26 -26 -26 -26 -26 -27 -27 -27 -26 -26 -27 -27 -27 -27 -27 -27 -27 -27 -27 -27 -27 -27 -27 -27 -27 -28 -28 -28 -28 -28 -28 -28 -28 -29 -29 -29 -29 -29 -29 -29 -29 -29 -29 -29 -29 -30 -30 -30 -30 -30 -30 -30 -30 -30 -30 -30 -30 -30 -30 -30 -30 -30 -31 -31 -31 -31 -31 -31 -31 -31 -31 -31 -31 -31 -31 -31 -31 -32 -32 -32 -32 -32 -32 -32 -32 -32 -32 -32 -32 -32 -33 -33 -33 -33 -33 -33 -33 -33 -33 -33 -33 -33 -34 -34 -34 -34 -34 -34 -34 -34 -34 -34 -34 -34 -34 -34 -34 -34 -34 -34 -34 -34 -34 -34 -34 -34 -34 -34 -34 -34 -34 -34 -34 -34 -34 -34 -35 -34 -35 -34 -35 -34 -34 -34 -35 -35 -35 -35 -35 -34 -34 -35 -35 -34 -34 -35 -35 -34 -35 -35 -35 -35 -35 -35 -34 -35 -34 -34 -34 -34 -35 -35 -35 -35 -34 -35 -35 -34 -34 -33 -33 -33 -33 -34 -34 -34 -33 -33 -34 -34 -34 -34 -34 -34 -33 -33 -33 -33 -33 -33 -33 -33 -33 -33 -33 -33 -33 -33 -33 -33 -33 -33 -33 -33 -33 -33 -33 -33 -33 -33 -33 -33 -33 -33 -33 -33 -33 -33 -33 -33 -33 -33 -33 -33 -33 -33 -33 -33 -33 -32 -32 -32 -32 -32 -32 -32 -32 -32 -32 -32 -32 -32 -32 -33 -33 -33 -33 -33 -33 -33 -32 -32 -32 -32 -32 -32 -32 -32 -32 -32 -32 -32 -32 -32 -32 -32 -32 -32 -32 -32 -32 -32 -32 -32 -32 -32 -33 -33 -32 -32 -32 -32 -31 -31 -32 -31 -32 -32 -32 -31 -32 -31 -32 -31 -31 -32 -31 -31 -31 -32 -32 -29 -28 -27 -27 -27 -27 -27 -27 -27 -26 -26 -26 -26 -26 -26 -26 -26 -26 -25 -26 -26 -26 -26 -26 -26 -26 -27 -27 -26 -26 -26 -26 -26 -24 -24 -24 -24 -24 -25 -25 -25 -25 -25 -25 -25 -25 -25 -25 -26 -26 -26 -26 -26 -26 -26 -26 -26 -27 -27 -27 -26 -27 -27 -27 -27 -27 -27 -27 -27 -27 -27 -27 -27 -27 -28 -28 -28 -28 -28 -28 -28 -29 -29 -28 -29 -29 -29 -29 -29 -29 -29 -29 -29 -29 -29 -29 -30 -30 -30 -30 -30 -30 -30 -30 -30 -30 -30 -30 -30 -30 -30 -30 -31 -31 -31 -31 -31 -31 -31 -31 -31 -31 -31 -31 -31 -31 -32 -32 -32 -32 -32 -32 -32 -32 -32 -32 -32 -32 -32 -32 -32 -33 -33 -33 -33 -33 -33 -33 -33 -33 -33 -33 -33 -33 -33 -34 -34 -34 -34 -34 -34 -34 -34 -34 -34 -34 -34 -34 -34 -34 -34 -34 -34 -34 -34 -34 -34 -34 -34 -34 -34 -34 -34 -34 -34 -34 -34 -34 -34 -34 -34 -34 -34 -34 -34 -34 -34 -34 -34 -34 -34 -34 -34 -35 -35 -34 -35 -35 -35 -35 -34 -34 -34 -34 -34 -34 -34 -34 -34 -34 -34 -34 -34 -34 -33 -33 -33 -33 -33 -33 -33 -33 -33 -33 -33 -33 -33 -33 -33 -34 -33 -33 -33 -33 -33 -33 -33 -33 -33 -33 -33 -33 -33 -33 -33 -33 -33 -33 -33 -33 -33 -33 -33 -33 -33 -33 -33 -33 -33 -33 -33 -33 -33 -33 -33 -32 -32 -32 -32 -32 -32 -32 -32 -32 -32 -32 -32 -32 -32 -32 -32 -32 -32 -32 -32 -32 -32 -32 -32 -32 -32 -32 -32 -32 -32 -32 -32 -32 -32 -32 -32 -32 -32 -32 -32 -32 -32 -32 -32 -32 -32 -32 -32 -32 -31 -31 -31 -31 -31 -32 -32 -32 -32 -32 -32 -32 -32 -32 -32 -32 -31 -31 -31 -32 -32 -31 -31 -31 -31 -31 -31 -31 -31 -31 -31 -31 -31 -31 -31 -31 -31 -31 -31 -32 -29 -28 -27 -27 -27 -27 -27 -27 -27 -26 -26 -26 -26 -26 -26 -26 -26 -26 -26 -26 -25 -26 -25 -25 -26 -26 -26 -26 -26 -26 -26 -26 -26 -26 -26 -26 -25 -24 -24 -24 -24 -24 -24 -24 -24 -24 -25 -25 -25 -25 -25 -25 -25 -25 -25 -25 -25 -25 -25 -25 -25 -25 -25 -26 -26 -26 -26 -26 -27 -27 -27 -27 -27 -27 -27 -27 -27 -27 -27 -27 -27 -28 -28 -28 -28 -28 -28 -28 -28 -28 -28 -28 -28 -28 -29 -29 -29 -29 -29 -29 -29 -29 -29 -29 -30 -30 -30 -30 -30 -30 -30 -30 -30 -30 -30 -30 -30 -30 -30 -30 -30 -31 -31 -31 -31 -31 -31 -31 -31 -31 -31 -31 -31 -31 -31 -31 -32 -32 -32 -32 -32 -32 -32 -32 -32 -32 -32 -32 -32 -32 -32 -32 -33 -33 -33 -33 -33 -33 -33 -33 -33 -33 -33 -33 -33 -33 -33 -34 -34 -34 -34 -34 -34 -34 -34 -34 -34 -34 -34 -34 -34 -34 -34 -34 -34 -34 -33 -33 -34 -34 -34 -34 -34 -34 -34 -34 -34 -34 -34 -34 -34 -34 -34 -34 -34 -34 -34 -34 -34 -34 -34 -34 -34 -34 -34 -34 -34 -34 -34 -34 -34 -34 -34 -34 -34 -34 -34 -34 -34 -34 -33 -33 -33 -33 -33 -33 -33 -33 -33 -33 -33 -33 -33 -33 -33 -33 -33 -33 -33 -33 -33 -33 -33 -33 -33 -33 -33 -33 -33 -33 -33 -33 -33 -33 -33 -33 -33 -32 -33 -32 -33 -33 -33 -33 -33 -33 -33 -33 -33 -32 -32 -32 -32 -32 -32 -32 -32 -32 -32 -32 -32 -32 -32 -32 -32 -32 -32 -32 -32 -32 -32 -32 -32 -32 -32 -32 -32 -32 -32 -32 -32 -32 -32 -32 -32 -32 -32 -32 -32 -32 -32 -32 -32 -32 -32 -32 -32 -32 -32 -31 -31 -31 -31 -31 -31 -32 -31 -31 -30 -31 -31 -31 -31 -31 -31 -31 -31 -31 -32 -32 -31 -31 -31 -31 -30 -30 -31 -31 -31 -30 -30 -30 -31 -30 -31 -31 -31 -30 -30 -31 -28 -28 -28 -28 -27 -27 -27 -27 -26 -26 -26 -26 -26 -26 -26 -26 -26 -26 -26 -25 -25 -25 -25 -25 -25 -26 -26 -26 -26 -26 -26 -26 -26 -25 -25 -25 -25 -25 -25 -25 -24 -24 -24 -24 -24 -24 -24 -24 -24 -24 -24 -25 -25 -25 -25 -25 -25 -25 -25 -25 -25 -25 -25 -25 -25 -25 -26 -26 -26 -25 -26 -26 -26 -26 -27 -27 -27 -27 -27 -26 -27 -27 -27 -27 -27 -27 -27 -27 -28 -28 -28 -28 -28 -28 -28 -28 -28 -28 -28 -29 -29 -29 -29 -29 -29 -29 -29 -29 -29 -29 -29 -29 -30 -30 -30 -30 -30 -30 -30 -30 -30 -30 -30 -30 -30 -30 -31 -31 -31 -31 -31 -31 -31 -31 -31 -31 -31 -31 -31 -31 -31 -32 -32 -32 -32 -32 -32 -32 -32 -32 -32 -32 -32 -32 -32 -32 -33 -33 -33 -33 -33 -33 -33 -33 -33 -33 -33 -33 -33 -33 -33 -34 -34 -34 -34 -34 -33 -34 -34 -34 -34 -34 -34 -33 -34 -34 -33 -33 -33 -33 -33 -33 -33 -33 -34 -34 -34 -34 -34 -34 -34 -34 -34 -34 -34 -34 -34 -34 -34 -34 -34 -34 -34 -34 -34 -34 -34 -34 -34 -34 -34 -34 -34 -34 -34 -34 -34 -34 -34 -34 -34 -34 -34 -33 -33 -33 -33 -33 -33 -33 -33 -33 -33 -33 -33 -33 -33 -33 -33 -33 -33 -33 -33 -33 -33 -33 -33 -33 -33 -33 -32 -32 -32 -32 -32 -32 -32 -32 -32 -32 -32 -32 -32 -32 -32 -33 -33 -32 -32 -33 -33 -33 -32 -32 -32 -32 -32 -32 -32 -32 -32 -32 -32 -32 -32 -32 -32 -32 -32 -32 -32 -32 -32 -32 -32 -32 -32 -32 -32 -32 -32 -32 -32 -32 -32 -32 -32 -32 -32 -32 -32 -32 -32 -32 -32 -32 -32 -32 -32 -32 -32 -31 -31 -31 -31 -31 -32 -32 -31 -32 -31 -31 -30 -30 -30 -30 -30 -30 -30 -30 -31 -31 -31 -31 -30 -30 -30 -30 -30 -31 -31 -31 -31 -30 -30 -30 -30 -30 -31 -30 -30 -30 -31 -28 -28 -28 -27 -27 -27 -27 -27 -26 -26 -26 -26 -26 -26 -26 -26 -26 -26 -26 -26 -25 -25 -25 -25 -25 -25 -26 -26 -26 -26 -25 -25 -25 -25 -25 -25 -25 -25 -25 -25 -24 -24 -24 -24 -24 -24 -24 -24 -24 -23 -23 -23 -23 -23 -24 -24 -24 -24 -24 -24 -24 -25 -25 -25 -25 -25 -25 -25 -25 -25 -25 -26 -25 -25 -25 -26 -26 -26 -26 -26 -25 -25 -26 -26 -27 -27 -27 -26 -26 -26 -26 -27 -27 -27 -27 -27 -27 -27 -28 -28 -28 -28 -28 -28 -28 -28 -28 -28 -28 -28 -28 -28 -29 -29 -29 -29 -29 -29 -29 -29 -29 -29 -29 -29 -29 -29 -29 -30 -30 -30 -30 -30 -30 -30 -30 -30 -30 -30 -30 -30 -30 -31 -31 -31 -31 -31 -31 -31 -31 -31 -31 -31 -32 -32 -32 -32 -32 -32 -32 -32 -32 -32 -32 -32 -32 -32 -32 -33 -32 -33 -33 -33 -33 -33 -33 -33 -33 -33 -33 -33 -33 -33 -33 -33 -33 -33 -33 -34 -34 -34 -34 -34 -33 -33 -33 -33 -33 -33 -33 -33 -33 -33 -33 -33 -33 -34 -34 -34 -33 -33 -34 -34 -34 -34 -33 -34 -33 -34 -34 -34 -33 -33 -34 -34 -34 -34 -34 -33 -34 -33 -33 -34 -34 -34 -34 -34 -34 -34 -34 -34 -34 -34 -33 -33 -33 -33 -33 -33 -33 -33 -33 -33 -33 -33 -33 -33 -33 -33 -33 -33 -32 -32 -32 -32 -32 -32 -32 -32 -32 -32 -32 -32 -32 -32 -32 -32 -32 -32 -32 -32 -32 -32 -32 -32 -32 -32 -32 -32 -32 -32 -32 -32 -32 -32 -32 -32 -32 -32 -32 -32 -32 -32 -32 -32 -32 -32 -31 -31 -31 -31 -31 -31 -32 -32 -32 -32 -32 -32 -32 -32 -32 -32 -32 -32 -32 -32 -32 -32 -31 -32 -32 -31 -31 -31 -31 -31 -31 -32 -32 -31 -31 -31 -31 -31 -31 -31 -30 -30 -30 -31 -31 -30 -30 -30 -30 -30 -30 -30 -30 -30 -31 -31 -30 -30 -30 -31 -31 -31 -31 -30 -31 -31 -30 -30 -30 -29 -30 -31 -30 -30 -29 -29 -31 -29 -28 -28 -27 -27 -26 -26 -27 -27 -26 -26 -26 -26 -26 -26 -26 -26 -25 -25 -25 -25 -25 -25 -25 -25 -25 -25 -25 -26 -26 -25 -25 -25 -25 -25 -25 -25 -25 -25 -25 -25 -24 -24 -24 -24 -24 -24 -24 -24 -24 -24 -24 -23 -23 -23 -23 -23 -23 -23 -23 -24 -24 -24 -24 -24 -24 -24 -24 -24 -24 -25 -25 -25 -25 -25 -25 -25 -25 -25 -25 -26 -26 -26 -26 -26 -26 -25 -25 -26 -26 -26 -26 -26 -26 -26 -26 -27 -27 -27 -27 -27 -27 -27 -27 -28 -28 -28 -28 -28 -28 -28 -28 -28 -28 -28 -28 -28 -28 -28 -28 -29 -29 -29 -29 -29 -29 -29 -29 -29 -29 -29 -29 -29 -29 -29 -29 -29 -30 -30 -30 -30 -30 -30 -30 -30 -30 -31 -31 -31 -31 -31 -31 -31 -31 -31 -31 -31 -31 -31 -31 -31 -31 -32 -32 -32 -32 -32 -32 -32 -32 -32 -32 -32 -32 -32 -32 -32 -32 -33 -33 -33 -33 -33 -33 -33 -33 -33 -33 -33 -33 -33 -33 -33 -33 -33 -33 -33 -33 -33 -33 -33 -33 -33 -33 -33 -33 -33 -33 -33 -33 -33 -33 -33 -33 -33 -33 -33 -34 -33 -33 -33 -33 -34 -33 -33 -33 -33 -34 -33 -34 -34 -33 -34 -34 -33 -34 -34 -34 -34 -34 -34 -34 -34 -34 -34 -34 -33 -33 -33 -33 -33 -33 -33 -33 -33 -33 -33 -33 -33 -33 -33 -33 -32 -32 -32 -32 -32 -32 -32 -32 -32 -32 -32 -32 -32 -32 -32 -32 -32 -32 -32 -32 -32 -32 -32 -32 -32 -32 -32 -32 -32 -32 -32 -32 -32 -32 -32 -32 -32 -32 -32 -32 -31 -31 -31 -31 -32 -32 -32 -31 -31 -31 -31 -31 -31 -31 -31 -31 -31 -31 -31 -31 -31 -31 -31 -32 -32 -32 -32 -32 -32 -31 -31 -31 -31 -31 -31 -31 -31 -31 -31 -32 -32 -31 -31 -31 -31 -31 -31 -30 -30 -30 -30 -31 -30 -30 -30 -30 -30 -30 -30 -30 -30 -30 -30 -30 -30 -30 -30 -30 -30 -30 -30 -30 -30 -30 -30 -29 -29 -29 -30 -30 -30 -30 -29 -29 -30 -31 -29 -27 -27 -27 -26 -26 -26 -27 -26 -26 -26 -26 -26 -26 -26 -26 -26 -26 -25 -25 -25 -25 -25 -25 -25 -25 -25 -25 -26 -25 -25 -25 -25 -25 -24 -24 -24 -24 -24 -24 -24 -24 -24 -24 -24 -24 -24 -24 -24 -24 -24 -24 -24 -24 -23 -23 -23 -23 -23 -23 -23 -23 -23 -23 -23 -24 -24 -24 -24 -24 -24 -24 -24 -24 -25 -25 -25 -25 -25 -25 -25 -25 -25 -25 -26 -25 -25 -26 -26 -25 -25 -25 -25 -26 -26 -26 -26 -26 -26 -26 -27 -27 -27 -27 -27 -27 -27 -27 -27 -27 -27 -27 -28 -28 -28 -28 -28 -28 -28 -28 -28 -28 -28 -28 -28 -28 -29 -29 -29 -29 -29 -29 -29 -29 -29 -29 -29 -29 -29 -29 -29 -29 -29 -30 -30 -30 -30 -30 -30 -30 -30 -30 -30 -30 -31 -31 -31 -31 -31 -31 -31 -31 -31 -31 -31 -31 -31 -31 -31 -31 -31 -31 -32 -32 -32 -32 -32 -32 -32 -32 -32 -32 -32 -32 -32 -32 -32 -32 -32 -32 -32 -33 -33 -33 -33 -33 -33 -33 -33 -33 -33 -33 -33 -33 -33 -32 -33 -32 -32 -33 -33 -33 -33 -33 -33 -33 -33 -33 -33 -33 -33 -33 -33 -33 -33 -33 -33 -33 -33 -33 -33 -33 -33 -33 -33 -33 -34 -33 -33 -34 -33 -33 -33 -33 -33 -34 -34 -34 -34 -33 -33 -33 -33 -33 -32 -32 -32 -32 -32 -32 -32 -32 -32 -32 -32 -32 -32 -32 -32 -32 -32 -32 -32 -32 -32 -32 -32 -32 -32 -32 -32 -32 -32 -32 -32 -32 -32 -32 -32 -32 -32 -32 -32 -32 -32 -32 -32 -32 -32 -32 -32 -31 -31 -31 -31 -31 -31 -31 -31 -31 -31 -31 -31 -31 -31 -31 -31 -31 -31 -31 -31 -31 -31 -31 -31 -31 -31 -31 -31 -31 -31 -31 -31 -31 -31 -31 -31 -31 -31 -31 -31 -31 -31 -31 -31 -31 -31 -31 -31 -31 -30 -31 -30 -30 -30 -31 -31 -30 -30 -30 -30 -30 -30 -30 -30 -29 -30 -30 -29 -29 -30 -30 -29 -30 -30 -29 -29 -30 -30 -30 -29 -29 -29 -29 -30 -30 -29 -29 -29 -29 -29 -30 -28 -27 -27 -26 -26 -27 -27 -26 -26 -26 -26 -25 -25 -25 -26 -26 -26 -26 -26 -25 -25 -25 -25 -25 -25 -25 -25 -25 -25 -25 -25 -25 -25 -25 -24 -24 -24 -24 -24 -24 -24 -24 -24 -24 -24 -24 -24 -24 -23 -23 -23 -23 -23 -23 -23 -24 -22 -22 -22 -22 -22 -23 -23 -23 -23 -23 -23 -23 -23 -24 -24 -24 -24 -24 -24 -24 -24 -25 -25 -25 -25 -25 -25 -25 -25 -25 -25 -25 -25 -25 -26 -26 -26 -25 -25 -26 -26 -26 -26 -26 -26 -26 -27 -27 -27 -27 -27 -27 -27 -27 -27 -27 -27 -27 -27 -28 -27 -28 -28 -28 -28 -28 -28 -28 -28 -28 -28 -28 -29 -29 -29 -29 -29 -29 -29 -29 -29 -29 -29 -29 -29 -29 -29 -29 -29 -30 -30 -30 -30 -30 -30 -30 -30 -30 -31 -31 -31 -31 -31 -31 -31 -31 -31 -31 -31 -31 -31 -31 -32 -32 -32 -32 -32 -32 -32 -32 -32 -32 -32 -32 -32 -32 -32 -32 -33 -33 -33 -33 -33 -33 -33 -33 -33 -33 -33 -33 -33 -33 -34 -33 -34 -33 -33 -33 -33 -33 -33 -33 -33 -33 -33 -33 -33 -33 -33 -33 -34 -34 -34 -34 -34 -34 -34 -34 -34 -33 -33 -34 -34 -33 -34 -34 -34 -34 -34 -34 -34 -34 -34 -34 -34 -34 -34 -34 -34 -34 -34 -34 -34 -34 -34 -33 -33 -33 -33 -33 -33 -33 -33 -33 -33 -33 -33 -33 -33 -33 -33 -33 -33 -33 -33 -33 -33 -33 -33 -33 -32 -32 -32 -32 -32 -32 -32 -32 -32 -32 -32 -32 -32 -32 -32 -32 -32 -32 -32 -33 -33 -32 -32 -32 -32 -32 -32 -31 -31 -31 -31 -31 -31 -31 -31 -31 -31 -31 -31 -31 -31 -31 -31 -31 -31 -31 -31 -31 -31 -31 -31 -31 -31 -31 -31 -31 -31 -31 -31 -31 -31 -31 -31 -31 -31 -31 -31 -31 -31 -31 -30 -31 -31 -30 -31 -31 -30 -30 -30 -30 -30 -30 -30 -30 -30 -30 -30 -30 -30 -30 -29 -29 -29 -29 -29 -29 -29 -29 -29 -29 -29 -29 -29 -30 -30 -29 -29 -29 -28 -29 -29 -29 -29 -29 -28 -29 -29 -30 -27 -27 -27 -26 -26 -26 -26 -26 -26 -25 -25 -25 -25 -25 -25 -25 -25 -25 -25 -25 -25 -25 -24 -24 -24 -24 -24 -24 -24 -24 -25 -25 -24 -24 -24 -24 -24 -24 -23 -23 -23 -23 -23 -23 -23 -23 -23 -23 -23 -23 -23 -23 -23 -23 -23 -23 -23 -23 -23 -22 -22 -22 -22 -22 -22 -22 -22 -22 -22 -23 -23 -23 -23 -23 -23 -23 -23 -23 -23 -24 -24 -24 -24 -24 -24 -24 -24 -24 -24 -24 -25 -25 -25 -25 -25 -25 -25 -25 -25 -25 -25 -25 -26 -26 -26 -26 -26 -26 -26 -27 -27 -27 -27 -27 -27 -27 -27 -27 -27 -27 -27 -27 -27 -27 -27 -27 -28 -28 -28 -28 -28 -28 -28 -28 -28 -28 -28 -28 -28 -28 -29 -29 -29 -29 -29 -29 -29 -29 -29 -29 -29 -29 -29 -30 -30 -30 -30 -30 -30 -30 -30 -30 -30 -30 -30 -31 -31 -31 -31 -31 -31 -31 -31 -31 -31 -31 -31 -31 -31 -31 -32 -32 -32 -32 -32 -32 -32 -32 -32 -32 -32 -33 -32 -32 -32 -32 -32 -33 -33 -33 -33 -33 -33 -33 -33 -33 -33 -33 -32 -32 -32 -33 -33 -33 -33 -32 -32 -32 -33 -33 -33 -33 -33 -33 -33 -33 -33 -33 -33 -33 -33 -34 -33 -33 -34 -33 -34 -34 -34 -34 -34 -34 -34 -34 -34 -34 -34 -34 -34 -33 -34 -34 -34 -34 -34 -33 -33 -32 -33 -33 -33 -33 -33 -33 -33 -33 -33 -33 -33 -33 -33 -32 -32 -33 -33 -33 -33 -32 -32 -32 -32 -32 -32 -32 -32 -32 -32 -32 -32 -32 -32 -32 -32 -32 -32 -32 -32 -32 -32 -32 -32 -32 -32 -32 -32 -32 -32 -32 -31 -31 -31 -31 -31 -31 -31 -31 -31 -31 -31 -31 -31 -31 -31 -31 -31 -31 -31 -31 -30 -31 -31 -31 -31 -31 -30 -31 -31 -31 -31 -31 -31 -31 -31 -31 -31 -31 -31 -31 -31 -31 -30 -30 -30 -30 -30 -30 -30 -31 -31 -31 -31 -30 -30 -30 -30 -30 -30 -30 -29 -29 -29 -29 -29 -30 -29 -29 -29 -29 -29 -29 -28 -29 -29 -29 -29 -29 -29 -30 -29 -29 -28 -28 -29 -29 -29 -29 -28 -29 -29 -30 -28 -27 -27 -27 -26 -26 -26 -26 -26 -25 -25 -25 -25 -25 -25 -25 -25 -25 -25 -25 -25 -25 -25 -25 -25 -24 -24 -24 -24 -24 -24 -25 -24 -24 -24 -24 -24 -24 -24 -23 -23 -23 -23 -23 -23 -23 -23 -23 -23 -23 -23 -23 -23 -23 -23 -23 -23 -23 -23 -23 -23 -22 -22 -22 -22 -22 -22 -22 -22 -22 -22 -22 -22 -22 -23 -23 -23 -23 -23 -23 -23 -23 -23 -23 -23 -24 -24 -24 -24 -24 -24 -24 -24 -24 -24 -24 -24 -25 -25 -25 -25 -25 -25 -25 -25 -25 -25 -26 -25 -26 -26 -26 -26 -26 -26 -26 -26 -26 -27 -26 -27 -27 -27 -27 -27 -27 -27 -27 -27 -27 -27 -27 -28 -28 -28 -28 -28 -28 -28 -28 -28 -28 -28 -28 -29 -29 -29 -29 -29 -29 -29 -29 -29 -29 -29 -29 -29 -29 -29 -30 -30 -30 -30 -30 -30 -30 -30 -30 -30 -30 -31 -31 -31 -31 -31 -31 -31 -31 -31 -31 -31 -31 -31 -31 -31 -32 -32 -32 -32 -32 -32 -32 -32 -32 -32 -32 -32 -32 -32 -33 -33 -33 -32 -33 -33 -33 -33 -33 -33 -32 -32 -32 -32 -32 -32 -32 -32 -32 -32 -32 -32 -33 -33 -33 -33 -33 -33 -33 -33 -33 -33 -33 -33 -33 -33 -33 -33 -33 -33 -33 -33 -33 -33 -33 -33 -34 -33 -33 -33 -33 -33 -33 -33 -33 -33 -33 -33 -33 -33 -32 -33 -33 -32 -32 -32 -33 -32 -32 -32 -32 -32 -32 -32 -32 -32 -32 -32 -32 -32 -32 -32 -32 -32 -32 -32 -32 -32 -32 -32 -32 -32 -32 -32 -32 -32 -32 -32 -32 -32 -32 -32 -32 -32 -32 -32 -32 -32 -32 -32 -31 -31 -31 -31 -31 -31 -31 -31 -31 -31 -31 -31 -31 -31 -31 -31 -31 -31 -31 -31 -30 -30 -30 -30 -30 -30 -30 -30 -31 -31 -31 -31 -31 -31 -31 -31 -31 -31 -31 -31 -31 -31 -31 -30 -30 -30 -30 -30 -30 -31 -31 -31 -31 -30 -30 -30 -29 -30 -30 -30 -30 -29 -29 -29 -29 -30 -29 -29 -28 -29 -29 -29 -29 -28 -28 -29 -28 -29 -28 -28 -29 -29 -28 -28 -28 -28 -28 -29 -29 -29 -29 -29 -29 -30 -28 -27 -27 -27 -26 -26 -25 -25 -25 -25 -25 -25 -25 -25 -24 -24 -24 -24 -24 -25 -25 -24 -24 -25 -25 -25 -25 -24 -24 -24 -24 -24 -24 -24 -24 -24 -24 -24 -24 -24 -23 -23 -23 -23 -23 -23 -23 -23 -23 -23 -23 -23 -23 -23 -23 -23 -22 -22 -22 -22 -22 -22 -22 -21 -21 -21 -21 -22 -22 -22 -22 -22 -22 -22 -22 -22 -23 -23 -23 -23 -23 -23 -23 -23 -23 -23 -23 -24 -24 -24 -24 -24 -24 -24 -24 -24 -24 -24 -24 -25 -25 -25 -25 -25 -25 -25 -25 -25 -25 -25 -26 -26 -26 -26 -26 -26 -26 -26 -26 -26 -26 -26 -26 -27 -27 -27 -27 -27 -27 -27 -27 -27 -27 -27 -28 -27 -28 -27 -27 -28 -28 -28 -28 -28 -28 -28 -28 -28 -28 -29 -29 -29 -29 -29 -29 -29 -29 -29 -29 -29 -30 -30 -30 -30 -30 -30 -30 -30 -30 -30 -30 -30 -30 -30 -31 -31 -31 -31 -31 -31 -31 -31 -31 -31 -31 -31 -31 -31 -32 -32 -32 -32 -32 -32 -32 -32 -32 -32 -32 -32 -32 -32 -32 -32 -32 -33 -33 -33 -33 -32 -32 -32 -32 -32 -32 -32 -32 -32 -32 -32 -32 -32 -32 -32 -32 -32 -33 -33 -33 -33 -33 -33 -33 -33 -33 -33 -33 -33 -33 -33 -33 -33 -33 -33 -33 -33 -33 -33 -33 -33 -33 -33 -33 -33 -33 -33 -33 -33 -33 -33 -32 -32 -32 -32 -32 -32 -32 -32 -32 -32 -32 -32 -32 -32 -32 -32 -32 -32 -32 -32 -32 -32 -32 -32 -32 -32 -32 -32 -32 -32 -32 -32 -32 -32 -32 -32 -32 -32 -32 -32 -32 -32 -32 -32 -32 -32 -32 -32 -32 -32 -31 -31 -31 -31 -31 -31 -31 -31 -31 -31 -30 -30 -30 -30 -31 -31 -30 -30 -30 -30 -30 -30 -30 -30 -30 -30 -30 -30 -30 -30 -30 -30 -30 -30 -31 -31 -31 -31 -31 -31 -31 -31 -30 -30 -30 -30 -30 -30 -31 -31 -31 -31 -30 -30 -29 -29 -29 -29 -29 -29 -29 -29 -30 -30 -30 -29 -29 -29 -28 -28 -29 -29 -29 -29 -29 -29 -28 -28 -28 -28 -28 -29 -29 -28 -28 -28 -28 -28 -29 -29 -29 -29 -29 -29 -28 -27 -27 -26 -26 -26 -26 -25 -25 -25 -25 -25 -25 -25 -25 -25 -24 -24 -24 -24 -24 -24 -24 -24 -24 -24 -24 -24 -25 -24 -24 -24 -24 -24 -24 -24 -24 -24 -24 -24 -24 -24 -24 -24 -23 -23 -23 -23 -23 -23 -23 -23 -23 -23 -23 -23 -22 -22 -22 -22 -22 -22 -22 -22 -21 -21 -21 -21 -21 -22 -22 -22 -22 -22 -22 -22 -22 -22 -22 -23 -23 -23 -23 -23 -23 -23 -23 -23 -23 -23 -23 -23 -24 -24 -24 -24 -24 -24 -24 -24 -24 -24 -24 -24 -24 -24 -24 -25 -25 -25 -25 -25 -25 -25 -25 -26 -26 -26 -26 -26 -26 -26 -26 -26 -26 -26 -26 -27 -27 -27 -27 -27 -27 -27 -27 -27 -27 -27 -27 -27 -27 -28 -28 -28 -28 -28 -28 -28 -28 -28 -28 -28 -28 -28 -28 -28 -29 -29 -29 -29 -29 -29 -29 -29 -29 -30 -30 -30 -30 -30 -30 -30 -30 -30 -30 -30 -30 -31 -31 -31 -31 -31 -31 -31 -31 -31 -31 -31 -31 -31 -31 -32 -31 -31 -32 -32 -32 -32 -32 -32 -32 -32 -32 -32 -32 -32 -32 -32 -32 -32 -32 -32 -32 -32 -32 -32 -32 -32 -32 -32 -32 -32 -32 -32 -32 -32 -32 -32 -32 -32 -33 -33 -33 -33 -32 -32 -32 -32 -32 -33 -33 -33 -33 -33 -33 -33 -33 -33 -33 -33 -33 -33 -33 -33 -32 -32 -32 -33 -33 -33 -32 -32 -32 -32 -32 -32 -32 -32 -32 -32 -32 -32 -32 -32 -32 -32 -32 -32 -32 -32 -32 -32 -32 -32 -32 -32 -32 -32 -32 -32 -32 -32 -32 -32 -32 -31 -31 -31 -31 -31 -31 -31 -31 -32 -32 -32 -32 -31 -31 -31 -31 -31 -31 -31 -31 -31 -30 -30 -30 -30 -30 -30 -30 -30 -30 -30 -30 -30 -30 -30 -30 -30 -30 -30 -30 -30 -30 -30 -30 -30 -30 -30 -30 -30 -30 -30 -30 -30 -30 -31 -31 -30 -30 -30 -30 -30 -30 -30 -30 -30 -30 -31 -31 -30 -30 -29 -29 -29 -29 -29 -29 -29 -29 -30 -29 -29 -29 -29 -29 -28 -29 -28 -29 -29 -29 -28 -29 -28 -28 -28 -28 -27 -28 -28 -28 -27 -27 -27 -28 -28 -29 -29 -29 -29 -29 -29 -27 -26 -26 -26 -26 -26 -25 -25 -25 -25 -25 -24 -24 -25 -25 -25 -24 -24 -24 -24 -24 -24 -24 -24 -24 -24 -24 -24 -24 -24 -24 -24 -24 -24 -24 -24 -24 -24 -23 -24 -23 -23 -23 -23 -23 -23 -22 -22 -22 -22 -22 -22 -22 -22 -22 -22 -22 -21 -21 -21 -21 -21 -21 -21 -21 -21 -22 -22 -22 -22 -22 -22 -22 -22 -22 -22 -23 -23 -23 -23 -23 -23 -23 -23 -23 -23 -23 -23 -23 -23 -23 -24 -24 -24 -24 -24 -24 -24 -24 -24 -24 -24 -24 -25 -25 -25 -25 -25 -25 -25 -25 -25 -25 -25 -26 -26 -26 -26 -26 -26 -26 -26 -26 -26 -27 -26 -26 -27 -27 -27 -27 -27 -27 -27 -27 -27 -27 -27 -28 -28 -28 -28 -28 -28 -28 -28 -28 -28 -28 -28 -28 -28 -28 -28 -28 -29 -29 -29 -29 -29 -29 -29 -29 -29 -30 -30 -30 -30 -30 -30 -30 -30 -30 -30 -30 -30 -30 -30 -31 -31 -31 -31 -31 -31 -31 -31 -31 -31 -31 -31 -31 -31 -31 -31 -32 -32 -32 -32 -32 -32 -32 -32 -32 -32 -32 -32 -31 -31 -31 -31 -32 -31 -32 -32 -32 -32 -31 -32 -32 -31 -32 -32 -32 -32 -32 -32 -32 -32 -32 -32 -32 -32 -32 -32 -32 -32 -32 -32 -32 -33 -33 -33 -32 -33 -33 -32 -32 -32 -32 -32 -32 -32 -32 -32 -32 -32 -32 -32 -32 -32 -32 -32 -32 -32 -32 -32 -32 -32 -32 -32 -32 -32 -32 -32 -32 -32 -32 -32 -31 -31 -31 -31 -31 -31 -31 -31 -31 -31 -31 -31 -31 -31 -31 -31 -31 -31 -31 -31 -31 -32 -31 -31 -31 -31 -31 -31 -30 -30 -31 -31 -30 -30 -30 -30 -30 -30 -30 -30 -30 -30 -30 -30 -30 -30 -30 -30 -30 -30 -30 -30 -30 -30 -30 -30 -29 -29 -30 -30 -30 -30 -30 -30 -30 -30 -30 -30 -30 -30 -30 -30 -30 -30 -30 -30 -30 -30 -30 -30 -30 -29 -29 -29 -29 -29 -29 -29 -29 -29 -29 -29 -29 -29 -29 -28 -28 -28 -28 -28 -29 -28 -28 -28 -28 -28 -28 -28 -28 -27 -27 -28 -28 -28 -27 -27 -28 -28 -28 -28 -29 -29 -28 -29 -27 -27 -26 -26 -26 -25 -25 -25 -25 -24 -24 -24 -24 -24 -24 -25 -24 -24 -24 -25 -24 -24 -24 -24 -24 -24 -24 -24 -24 -24 -24 -24 -24 -24 -24 -24 -24 -24 -23 -23 -23 -23 -23 -22 -22 -22 -22 -22 -22 -22 -22 -22 -22 -22 -22 -21 -21 -21 -21 -21 -21 -21 -21 -21 -21 -21 -21 -21 -21 -21 -22 -22 -22 -22 -22 -22 -22 -22 -22 -23 -23 -23 -23 -23 -23 -23 -23 -23 -23 -23 -24 -23 -23 -24 -24 -24 -24 -24 -24 -24 -24 -24 -24 -24 -25 -25 -25 -25 -25 -25 -25 -25 -25 -25 -26 -25 -26 -26 -26 -26 -26 -26 -26 -26 -26 -26 -26 -26 -26 -27 -27 -27 -27 -27 -27 -27 -27 -27 -27 -27 -27 -27 -28 -28 -28 -28 -28 -28 -28 -28 -28 -28 -28 -28 -29 -29 -29 -29 -29 -29 -29 -29 -29 -29 -29 -30 -30 -30 -30 -30 -30 -30 -30 -30 -30 -30 -30 -30 -30 -30 -30 -31 -31 -31 -31 -31 -31 -31 -31 -31 -31 -31 -31 -31 -31 -32 -32 -32 -32 -32 -32 -32 -32 -32 -31 -31 -31 -31 -31 -31 -31 -31 -31 -31 -31 -31 -31 -31 -31 -31 -32 -32 -32 -32 -32 -32 -32 -32 -32 -32 -32 -32 -32 -32 -32 -32 -32 -32 -32 -32 -32 -33 -32 -32 -32 -32 -32 -32 -32 -32 -32 -32 -32 -32 -32 -32 -32 -32 -32 -32 -32 -32 -32 -32 -31 -31 -31 -31 -31 -32 -32 -32 -32 -32 -31 -31 -31 -31 -31 -31 -31 -31 -31 -31 -31 -31 -31 -31 -31 -31 -31 -31 -31 -31 -31 -31 -31 -31 -31 -31 -31 -31 -31 -31 -30 -30 -30 -30 -30 -30 -30 -30 -30 -30 -30 -30 -30 -30 -30 -30 -30 -30 -30 -30 -30 -30 -30 -30 -30 -29 -29 -29 -29 -29 -29 -29 -30 -30 -30 -30 -30 -30 -30 -30 -30 -30 -30 -30 -30 -30 -30 -30 -30 -30 -30 -30 -29 -29 -29 -29 -29 -30 -29 -29 -29 -29 -29 -29 -29 -29 -28 -28 -28 -28 -28 -28 -29 -28 -28 -28 -28 -28 -28 -28 -28 -27 -27 -27 -28 -28 -28 -28 -27 -27 -28 -28 -28 -28 -28 -27 -28 -28 -27 -26 -26 -25 -25 -25 -25 -25 -25 -24 -24 -24 -24 -24 -24 -24 -24 -24 -24 -24 -24 -24 -24 -24 -24 -24 -24 -24 -24 -24 -24 -24 -24 -23 -24 -24 -23 -23 -23 -23 -23 -23 -22 -22 -22 -22 -22 -22 -22 -22 -22 -20 -20 -20 -20 -20 -21 -21 -21 -21 -21 -21 -21 -21 -21 -21 -21 -21 -21 -21 -21 -21 -21 -21 -21 -22 -22 -22 -22 -22 -22 -22 -22 -22 -22 -23 -23 -23 -23 -23 -23 -23 -23 -23 -23 -23 -23 -24 -24 -24 -24 -24 -24 -24 -24 -24 -25 -25 -24 -24 -24 -25 -25 -25 -25 -25 -25 -25 -25 -25 -25 -25 -25 -26 -26 -26 -26 -26 -26 -26 -26 -26 -26 -26 -27 -27 -27 -27 -27 -27 -27 -27 -27 -27 -27 -27 -28 -28 -28 -28 -28 -28 -28 -28 -28 -28 -29 -29 -29 -29 -29 -29 -29 -29 -29 -29 -29 -29 -29 -30 -30 -30 -30 -30 -30 -30 -30 -30 -30 -30 -30 -30 -30 -30 -30 -30 -31 -31 -31 -31 -31 -31 -31 -31 -31 -31 -31 -31 -31 -31 -32 -32 -32 -32 -31 -32 -31 -31 -31 -31 -31 -31 -31 -31 -31 -31 -31 -31 -31 -31 -31 -31 -32 -32 -32 -32 -32 -32 -32 -32 -32 -32 -32 -32 -32 -32 -32 -32 -32 -32 -32 -32 -32 -32 -32 -32 -32 -32 -32 -32 -32 -32 -32 -32 -32 -32 -31 -31 -31 -31 -31 -31 -31 -31 -31 -31 -31 -31 -31 -31 -31 -31 -31 -31 -31 -31 -31 -31 -31 -31 -31 -31 -31 -31 -31 -31 -31 -31 -31 -31 -31 -31 -31 -31 -31 -31 -31 -31 -31 -31 -31 -31 -31 -31 -31 -31 -30 -30 -30 -30 -30 -30 -30 -30 -30 -30 -30 -30 -30 -30 -30 -30 -30 -30 -30 -30 -30 -30 -30 -30 -29 -29 -29 -29 -29 -29 -29 -29 -29 -29 -29 -29 -29 -30 -30 -30 -30 -30 -30 -30 -30 -30 -30 -30 -30 -30 -30 -30 -29 -29 -29 -29 -29 -29 -29 -29 -28 -29 -29 -28 -29 -28 -28 -28 -28 -28 -28 -28 -28 -28 -28 -27 -28 -28 -28 -28 -28 -27 -27 -27 -27 -28 -28 -28 -28 -28 -27 -28 -28 -28 -28 -28 -28 -28 -28 -27 -26 -26 -26 -25 -25 -25 -24 -24 -24 -24 -24 -24 -24 -24 -24 -24 -24 -25 -24 -24 -24 -24 -24 -24 -24 -24 -24 -24 -24 -24 -24 -24 -24 -23 -24 -23 -23 -23 -23 -23 -23 -22 -22 -22 -22 -20 -20 -20 -20 -20 -21 -20 -20 -21 -21 -20 -20 -20 -21 -21 -21 -21 -21 -21 -21 -21 -21 -21 -21 -21 -21 -22 -22 -22 -22 -22 -22 -22 -22 -22 -22 -22 -23 -23 -23 -23 -23 -23 -23 -23 -23 -23 -23 -24 -24 -24 -24 -24 -23 -24 -24 -24 -24 -24 -24 -24 -24 -25 -25 -25 -25 -25 -25 -25 -25 -25 -25 -25 -25 -26 -26 -26 -26 -26 -26 -26 -26 -26 -26 -27 -27 -27 -27 -27 -27 -27 -27 -27 -27 -27 -27 -27 -27 -27 -27 -28 -28 -28 -28 -28 -28 -28 -28 -28 -29 -29 -29 -29 -29 -29 -29 -29 -29 -29 -29 -29 -29 -30 -30 -30 -30 -30 -30 -30 -30 -30 -30 -30 -30 -30 -30 -30 -30 -31 -31 -31 -31 -31 -31 -31 -31 -31 -31 -31 -31 -31 -31 -31 -31 -31 -31 -31 -31 -31 -31 -31 -31 -31 -31 -31 -31 -31 -31 -31 -31 -31 -31 -31 -31 -31 -32 -32 -32 -32 -32 -32 -32 -32 -32 -32 -32 -32 -32 -32 -31 -32 -32 -32 -32 -32 -32 -31 -32 -32 -32 -32 -32 -32 -32 -32 -31 -31 -31 -31 -31 -31 -31 -31 -31 -31 -31 -31 -31 -31 -31 -31 -31 -31 -31 -31 -31 -31 -31 -31 -31 -31 -31 -31 -31 -31 -31 -31 -31 -31 -31 -31 -31 -31 -31 -31 -31 -31 -31 -31 -31 -31 -31 -31 -31 -31 -30 -30 -30 -30 -30 -30 -30 -30 -30 -30 -30 -30 -30 -30 -30 -30 -30 -30 -30 -30 -30 -30 -30 -29 -29 -29 -29 -29 -29 -29 -29 -29 -29 -29 -29 -29 -29 -29 -29 -29 -30 -30 -29 -30 -29 -30 -30 -30 -29 -29 -29 -29 -29 -29 -29 -29 -29 -29 -29 -28 -28 -28 -28 -28 -28 -28 -28 -28 -28 -28 -28 -28 -28 -28 -27 -28 -28 -27 -27 -27 -27 -27 -27 -27 -27 -28 -28 -28 -28 -28 -28 -28 -27 -27 -28 -27 -28 -28 -28 -27 -26 -26 -26 -26 -25 -25 -24 -24 -24 -24 -24 -24 -24 -24 -24 -24 -24 -24 -25 -25 -24 -24 -24 -24 -24 -24 -24 -24 -24 -24 -24 -24 -24 -23 -23 -23 -23 -23 -23 -23 -23 -23 -20 -20 -20 -20 -20 -20 -20 -21 -21 -20 -20 -20 -20 -20 -20 -21 -21 -21 -21 -21 -21 -21 -21 -21 -21 -21 -21 -22 -22 -22 -22 -22 -22 -22 -22 -22 -22 -22 -22 -22 -23 -23 -23 -23 -23 -23 -23 -23 -23 -23 -23 -23 -23 -23 -24 -24 -24 -24 -24 -24 -24 -24 -24 -24 -24 -25 -25 -25 -25 -25 -25 -25 -25 -25 -25 -26 -26 -26 -26 -26 -26 -26 -26 -26 -26 -26 -26 -27 -27 -27 -27 -27 -27 -27 -27 -27 -27 -27 -27 -27 -27 -27 -27 -27 -28 -28 -28 -28 -28 -28 -28 -28 -29 -29 -29 -29 -29 -29 -29 -29 -29 -29 -29 -29 -29 -29 -29 -30 -30 -30 -30 -30 -30 -30 -30 -30 -30 -30 -30 -30 -30 -30 -30 -31 -31 -31 -31 -31 -31 -31 -31 -31 -31 -31 -31 -30 -30 -30 -30 -30 -31 -31 -31 -31 -31 -31 -31 -31 -31 -31 -31 -31 -31 -31 -31 -31 -31 -32 -32 -32 -32 -32 -32 -32 -32 -32 -32 -32 -32 -31 -31 -31 -31 -31 -31 -31 -31 -31 -31 -31 -31 -31 -31 -31 -31 -31 -31 -31 -31 -31 -31 -31 -31 -31 -31 -31 -31 -31 -31 -31 -31 -31 -31 -31 -31 -31 -31 -31 -31 -31 -31 -31 -31 -31 -31 -31 -30 -30 -30 -30 -30 -30 -30 -30 -30 -30 -30 -30 -30 -31 -31 -31 -31 -30 -30 -29 -29 -30 -30 -30 -30 -30 -29 -29 -29 -29 -29 -30 -30 -29 -29 -29 -29 -29 -30 -30 -30 -30 -29 -29 -29 -29 -29 -29 -29 -29 -29 -29 -29 -29 -29 -29 -29 -29 -29 -29 -29 -29 -29 -30 -30 -30 -29 -29 -28 -29 -29 -29 -29 -29 -28 -28 -29 -28 -28 -28 -28 -28 -28 -28 -28 -28 -28 -28 -28 -28 -27 -27 -27 -27 -27 -27 -27 -27 -27 -27 -27 -27 -27 -28 -28 -27 -27 -27 -27 -27 -27 -26 -27 -27 -27 -28 -28 -28 -27 -26 -26 -25 -25 -24 -24 -24 -24 -24 -24 -24 -24 -24 -24 -24 -24 -24 -24 -24 -24 -24 -24 -24 -24 -24 -24 -24 -24 -24 -24 -24 -24 -23 -23 -23 -23 -23 -23 -23 -23 -23 -23 -20 -20 -19 -19 -19 -20 -20 -20 -20 -20 -20 -20 -20 -20 -20 -20 -20 -20 -20 -20 -20 -21 -21 -21 -21 -21 -21 -21 -21 -21 -21 -21 -22 -22 -22 -22 -22 -22 -22 -22 -22 -22 -22 -23 -23 -23 -23 -23 -23 -23 -23 -23 -23 -23 -23 -24 -24 -24 -24 -24 -24 -24 -24 -24 -24 -24 -24 -25 -25 -25 -25 -25 -25 -25 -25 -25 -25 -25 -26 -26 -26 -26 -26 -26 -26 -26 -26 -26 -26 -27 -27 -27 -27 -27 -27 -27 -27 -27 -27 -27 -27 -27 -27 -27 -27 -28 -28 -28 -28 -28 -28 -28 -28 -28 -28 -28 -29 -29 -29 -29 -29 -29 -29 -29 -29 -29 -29 -29 -29 -30 -30 -30 -30 -30 -30 -30 -30 -30 -30 -30 -30 -30 -30 -30 -30 -30 -30 -30 -30 -30 -31 -31 -31 -31 -31 -30 -30 -30 -30 -30 -30 -30 -30 -31 -31 -31 -31 -31 -31 -31 -31 -31 -31 -31 -31 -31 -31 -31 -31 -32 -32 -32 -32 -32 -31 -31 -32 -32 -32 -31 -31 -31 -31 -31 -31 -31 -31 -31 -31 -31 -31 -31 -31 -31 -31 -30 -30 -31 -31 -31 -31 -31 -31 -31 -31 -31 -31 -31 -31 -31 -31 -31 -31 -31 -31 -31 -31 -31 -31 -31 -30 -30 -30 -30 -30 -30 -30 -30 -30 -30 -30 -30 -30 -30 -30 -30 -30 -30 -30 -30 -31 -30 -30 -30 -30 -29 -29 -29 -29 -30 -30 -29 -29 -29 -29 -29 -29 -29 -29 -29 -29 -29 -29 -29 -29 -29 -29 -29 -30 -29 -29 -29 -29 -29 -29 -29 -29 -29 -29 -29 -28 -28 -28 -28 -29 -29 -29 -29 -29 -30 -30 -29 -28 -29 -29 -29 -29 -29 -29 -28 -28 -28 -28 -28 -28 -28 -28 -28 -28 -28 -28 -28 -28 -28 -28 -27 -27 -27 -27 -27 -27 -27 -27 -27 -27 -26 -26 -27 -27 -27 -27 -27 -27 -27 -27 -27 -27 -27 -27 -27 -26 -27 -28 -28 -28 -27 -27 -26 -26 -26 -26 -25 -24 -24 -24 -24 -24 -24 -24 -24 -24 -23 -23 -24 -24 -24 -24 -24 -24 -24 -24 -24 -24 -24 -24 -23 -23 -24 -24 -23 -23 -23 -23 -23 -23 -23 -23 -23 -23 -23 -20 -19 -19 -18 -18 -18 -19 -19 -20 -20 -20 -20 -20 -20 -20 -20 -20 -20 -20 -20 -20 -20 -20 -21 -21 -21 -21 -21 -21 -21 -21 -21 -22 -22 -22 -22 -22 -22 -22 -22 -22 -22 -22 -22 -22 -23 -22 -22 -22 -23 -23 -23 -23 -23 -24 -24 -24 -24 -24 -24 -24 -24 -24 -24 -24 -24 -24 -25 -25 -25 -25 -25 -25 -25 -25 -25 -25 -25 -25 -25 -26 -26 -26 -26 -26 -26 -26 -26 -26 -26 -26 -27 -27 -27 -27 -27 -27 -27 -27 -27 -27 -27 -27 -27 -27 -28 -28 -28 -28 -28 -28 -28 -28 -28 -28 -28 -28 -29 -29 -29 -29 -29 -29 -29 -29 -29 -29 -29 -29 -29 -29 -29 -29 -29 -30 -30 -30 -30 -30 -30 -30 -30 -30 -30 -30 -30 -30 -30 -30 -30 -30 -30 -30 -31 -30 -30 -30 -30 -30 -30 -30 -30 -30 -30 -30 -30 -30 -30 -30 -30 -31 -31 -31 -31 -31 -31 -31 -31 -31 -31 -31 -31 -31 -31 -31 -31 -31 -31 -31 -31 -31 -31 -31 -31 -31 -31 -31 -31 -31 -31 -31 -31 -31 -31 -30 -30 -30 -30 -30 -30 -30 -30 -30 -30 -30 -30 -30 -30 -30 -30 -30 -30 -30 -30 -30 -30 -30 -31 -31 -30 -30 -30 -30 -30 -30 -30 -30 -30 -30 -30 -30 -30 -30 -30 -30 -30 -30 -30 -30 -30 -30 -30 -30 -30 -29 -29 -29 -29 -29 -29 -29 -29 -29 -29 -29 -29 -29 -29 -29 -29 -29 -29 -29 -29 -29 -29 -29 -29 -29 -29 -29 -29 -29 -29 -29 -29 -29 -29 -29 -28 -28 -28 -28 -28 -28 -29 -29 -29 -29 -29 -29 -29 -29 -29 -29 -29 -29 -28 -28 -28 -28 -28 -28 -28 -28 -28 -28 -28 -28 -28 -28 -28 -28 -28 -27 -28 -27 -27 -27 -27 -27 -27 -27 -27 -26 -26 -27 -27 -27 -27 -26 -26 -27 -27 -27 -27 -27 -26 -26 -26 -26 -26 -27 -27 -27 -27 -27 -27 -27 -26 -25 -25 -25 -25 -24 -24 -24 -24 -24 -23 -24 -24 -23 -23 -23 -23 -23 -23 -23 -23 -23 -24 -23 -23 -24 -24 -24 -23 -23 -23 -23 -23 -23 -23 -23 -23 -23 -23 -23 -23 -23 -19 -19 -19 -19 -19 -19 -18 -18 -19 -19 -20 -20 -20 -20 -20 -20 -20 -20 -20 -20 -20 -20 -20 -20 -20 -20 -21 -21 -21 -21 -21 -21 -21 -21 -22 -22 -22 -22 -22 -22 -22 -22 -22 -22 -22 -22 -22 -22 -22 -22 -22 -22 -23 -23 -24 -24 -24 -24 -24 -24 -24 -24 -24 -24 -24 -24 -25 -25 -25 -25 -25 -25 -25 -25 -25 -25 -25 -25 -25 -25 -25 -25 -26 -26 -26 -26 -26 -26 -26 -26 -26 -26 -26 -26 -26 -26 -26 -27 -27 -27 -27 -27 -27 -27 -27 -27 -27 -27 -28 -28 -28 -28 -28 -28 -28 -28 -28 -28 -28 -28 -28 -28 -28 -28 -29 -29 -29 -29 -29 -29 -29 -29 -29 -29 -29 -29 -29 -29 -29 -30 -30 -30 -30 -30 -30 -30 -30 -30 -30 -30 -30 -30 -30 -30 -30 -30 -30 -30 -30 -30 -30 -30 -30 -30 -30 -30 -30 -30 -30 -30 -30 -30 -30 -30 -31 -31 -31 -31 -31 -31 -31 -31 -31 -31 -31 -31 -31 -31 -31 -31 -31 -31 -31 -31 -31 -31 -31 -31 -31 -31 -31 -31 -31 -31 -30 -30 -30 -30 -30 -30 -30 -30 -30 -30 -30 -30 -30 -30 -30 -30 -30 -30 -30 -30 -30 -30 -30 -30 -30 -30 -30 -30 -30 -30 -30 -30 -30 -30 -30 -30 -30 -30 -30 -30 -30 -30 -30 -30 -30 -30 -30 -30 -30 -30 -29 -29 -29 -29 -29 -29 -29 -29 -29 -29 -29 -29 -29 -29 -29 -29 -29 -29 -29 -29 -28 -29 -29 -29 -29 -29 -29 -28 -28 -29 -29 -29 -28 -28 -28 -28 -28 -28 -28 -28 -28 -28 -29 -29 -28 -29 -28 -28 -29 -29 -29 -29 -28 -28 -28 -28 -28 -28 -28 -28 -28 -28 -28 -28 -28 -28 -28 -28 -28 -28 -28 -27 -27 -27 -27 -27 -27 -27 -27 -26 -26 -26 -26 -26 -26 -26 -26 -26 -26 -27 -27 -26 -27 -26 -26 -26 -26 -26 -26 -27 -27 -27 -27 -27 -26 -26 -26 -26 -25 -25 -24 -24 -24 -24 -23 -23 -23 -23 -23 -23 -23 -23 -23 -23 -23 -23 -23 -23 -23 -23 -23 -23 -23 -23 -23 -23 -23 -23 -23 -23 -23 -23 -23 -23 -23 -23 -19 -19 -19 -19 -19 -19 -18 -18 -18 -19 -19 -20 -19 -19 -19 -19 -20 -20 -20 -20 -20 -20 -20 -20 -20 -20 -21 -21 -21 -21 -21 -21 -21 -21 -21 -22 -22 -22 -22 -22 -22 -22 -22 -22 -22 -22 -22 -22 -22 -22 -22 -22 -22 -23 -23 -23 -23 -23 -24 -23 -23 -23 -24 -24 -24 -24 -24 -24 -25 -25 -25 -25 -25 -25 -25 -25 -25 -25 -25 -25 -25 -25 -26 -26 -26 -26 -25 -25 -26 -26 -26 -26 -26 -26 -26 -26 -26 -26 -26 -26 -26 -27 -27 -27 -27 -27 -27 -27 -27 -27 -27 -28 -28 -28 -28 -28 -28 -28 -28 -28 -28 -28 -28 -28 -29 -29 -29 -29 -29 -29 -29 -29 -29 -29 -29 -29 -29 -29 -29 -29 -30 -30 -30 -30 -30 -30 -30 -30 -30 -30 -30 -30 -30 -29 -29 -29 -29 -29 -29 -30 -29 -29 -29 -30 -29 -30 -30 -30 -30 -30 -30 -30 -30 -30 -30 -31 -31 -31 -31 -31 -31 -31 -31 -31 -31 -31 -31 -31 -31 -31 -31 -31 -31 -31 -31 -31 -31 -31 -31 -31 -31 -31 -31 -30 -30 -30 -30 -30 -30 -30 -30 -30 -30 -30 -30 -30 -30 -30 -30 -30 -30 -30 -30 -30 -30 -30 -30 -30 -30 -30 -30 -30 -30 -30 -30 -30 -30 -30 -30 -30 -30 -30 -30 -30 -30 -30 -30 -30 -30 -30 -30 -30 -30 -29 -29 -29 -29 -29 -29 -29 -29 -29 -29 -29 -29 -29 -29 -29 -28 -28 -28 -28 -28 -28 -28 -28 -29 -29 -29 -28 -28 -28 -28 -28 -28 -28 -28 -28 -28 -28 -28 -28 -28 -28 -28 -29 -29 -29 -28 -28 -28 -28 -28 -28 -28 -28 -28 -28 -28 -28 -28 -28 -28 -28 -28 -28 -28 -28 -27 -27 -27 -27 -28 -28 -27 -27 -27 -27 -27 -27 -27 -26 -26 -26 -26 -26 -26 -26 -26 -26 -25 -26 -26 -26 -26 -26 -26 -26 -26 -26 -26 -27 -26 -26 -26 -26 -26 -26 -27 -26 -26 -26 -26 -26 -26 -26 -25 -25 -25 -24 -24 -24 -24 -24 -24 -23 -23 -23 -23 -23 -23 -23 -23 -23 -23 -23 -23 -23 -23 -23 -23 -23 -23 -23 -23 -23 -23 -23 -19 -19 -19 -19 -19 -19 -19 -18 -18 -19 -19 -19 -19 -18 -19 -19 -20 -20 -20 -20 -20 -20 -19 -19 -20 -20 -20 -20 -20 -20 -20 -20 -20 -21 -21 -21 -21 -21 -22 -22 -21 -21 -22 -22 -22 -22 -22 -22 -22 -22 -22 -22 -22 -23 -23 -23 -23 -23 -23 -23 -23 -23 -23 -23 -24 -24 -24 -24 -24 -24 -24 -25 -25 -25 -25 -25 -25 -25 -25 -25 -25 -25 -25 -25 -25 -25 -25 -25 -25 -25 -25 -25 -25 -26 -26 -26 -26 -26 -26 -26 -26 -26 -26 -27 -27 -27 -27 -27 -27 -27 -27 -27 -28 -28 -28 -28 -28 -28 -28 -28 -28 -28 -28 -28 -28 -28 -28 -28 -28 -29 -29 -29 -29 -29 -29 -29 -29 -29 -29 -29 -29 -29 -29 -30 -30 -30 -30 -30 -30 -30 -30 -30 -30 -29 -29 -29 -29 -29 -29 -29 -29 -29 -29 -29 -29 -30 -30 -30 -30 -30 -29 -30 -30 -30 -30 -30 -30 -30 -30 -30 -30 -30 -31 -31 -30 -31 -31 -30 -30 -30 -30 -30 -30 -30 -30 -30 -30 -30 -30 -30 -30 -30 -30 -30 -30 -29 -30 -30 -30 -30 -30 -30 -30 -30 -30 -30 -30 -30 -30 -30 -30 -30 -30 -30 -30 -30 -30 -30 -30 -30 -30 -30 -29 -29 -29 -29 -29 -29 -29 -29 -29 -29 -29 -29 -29 -29 -29 -30 -30 -30 -30 -29 -29 -29 -29 -29 -29 -29 -29 -29 -29 -29 -29 -29 -29 -28 -28 -28 -28 -28 -28 -28 -28 -28 -28 -28 -28 -28 -28 -29 -28 -28 -28 -28 -28 -28 -28 -28 -28 -28 -28 -27 -28 -28 -28 -28 -28 -28 -28 -28 -28 -28 -28 -28 -28 -28 -28 -28 -28 -27 -28 -28 -28 -28 -28 -28 -27 -27 -27 -27 -27 -27 -27 -28 -27 -27 -27 -26 -26 -26 -26 -26 -26 -26 -26 -26 -26 -26 -26 -25 -25 -25 -25 -25 -25 -26 -26 -26 -26 -26 -26 -26 -26 -26 -26 -26 -26 -26 -26 -26 -26 -26 -25 -26 -26 -25 -26 -25 -25 -24 -24 -24 -24 -24 -24 -23 -23 -23 -23 -23 -23 -23 -23 -23 -23 -23 -23 -23 -23 -23 -23 -23 -23 -23 -23 -23 -23 -23 -18 -18 -18 -19 -19 -19 -19 -19 -19 -18 -18 -19 -19 -18 -18 -18 -19 -19 -19 -19 -19 -20 -19 -19 -19 -19 -19 -20 -20 -20 -20 -20 -20 -20 -21 -21 -21 -21 -21 -21 -21 -21 -21 -21 -21 -21 -22 -22 -22 -22 -22 -22 -22 -22 -22 -23 -23 -23 -23 -23 -23 -23 -23 -23 -23 -23 -23 -23 -24 -24 -24 -24 -24 -25 -25 -24 -25 -25 -25 -25 -25 -25 -25 -25 -25 -25 -25 -25 -25 -25 -25 -25 -25 -25 -25 -25 -25 -26 -26 -26 -26 -26 -26 -26 -27 -27 -27 -27 -27 -27 -27 -27 -27 -27 -27 -27 -27 -27 -27 -28 -28 -28 -28 -28 -28 -28 -28 -28 -28 -28 -28 -29 -29 -29 -29 -29 -29 -29 -29 -29 -29 -29 -29 -29 -29 -29 -29 -30 -29 -29 -29 -29 -29 -29 -29 -29 -29 -29 -29 -29 -29 -29 -29 -29 -29 -29 -30 -30 -30 -30 -30 -30 -30 -30 -30 -30 -30 -30 -30 -30 -30 -30 -30 -30 -30 -30 -30 -30 -30 -30 -30 -30 -30 -30 -30 -30 -30 -30 -30 -30 -30 -30 -30 -29 -29 -29 -29 -29 -29 -29 -29 -29 -29 -29 -29 -30 -30 -29 -29 -29 -29 -29 -29 -29 -29 -29 -30 -30 -30 -30 -29 -29 -29 -29 -29 -29 -29 -29 -29 -29 -29 -29 -29 -29 -29 -29 -29 -29 -30 -30 -29 -29 -29 -28 -28 -28 -28 -28 -29 -29 -29 -28 -28 -28 -28 -28 -28 -28 -28 -28 -28 -28 -28 -28 -28 -28 -28 -28 -28 -28 -28 -28 -28 -28 -28 -28 -28 -28 -28 -28 -28 -27 -28 -28 -28 -28 -28 -28 -28 -28 -28 -28 -28 -28 -28 -28 -28 -28 -28 -28 -28 -28 -28 -28 -28 -27 -27 -27 -27 -27 -27 -26 -26 -27 -28 -28 -27 -26 -26 -26 -26 -26 -26 -26 -25 -26 -26 -26 -25 -25 -25 -25 -25 -25 -25 -25 -25 -26 -26 -26 -26 -26 -26 -26 -26 -26 -26 -26 -26 -26 -26 -25 -25 -26 -26 -25 -25 -25 -25 -24 -24 -24 -24 -24 -24 -24 -23 -23 -23 -23 -23 -23 -23 -23 -23 -23 -23 -23 -23 -23 -23 -23 -23 -23 -23 -23 -23 -23 -23 -18 -18 -18 -18 -18 -19 -19 -19 -19 -18 -18 -18 -18 -19 -18 -18 -18 -18 -19 -19 -19 -19 -19 -19 -19 -19 -19 -19 -20 -19 -20 -20 -20 -20 -20 -20 -21 -21 -21 -21 -21 -21 -21 -21 -21 -21 -21 -22 -22 -22 -22 -22 -22 -22 -22 -22 -22 -23 -23 -23 -23 -23 -23 -23 -23 -23 -23 -23 -23 -23 -23 -24 -23 -24 -24 -24 -24 -24 -24 -24 -24 -24 -24 -24 -24 -24 -24 -25 -25 -25 -25 -25 -25 -25 -25 -25 -25 -25 -25 -25 -25 -26 -26 -26 -26 -26 -26 -27 -27 -27 -27 -27 -27 -27 -27 -27 -27 -27 -27 -27 -27 -28 -28 -28 -28 -28 -28 -28 -28 -28 -28 -28 -28 -28 -28 -28 -29 -29 -29 -29 -29 -29 -29 -29 -29 -29 -29 -29 -29 -29 -29 -29 -29 -29 -29 -29 -29 -29 -29 -29 -29 -29 -29 -29 -29 -29 -29 -29 -29 -29 -29 -30 -30 -30 -30 -30 -30 -30 -30 -30 -30 -30 -30 -30 -30 -30 -30 -30 -30 -30 -30 -30 -30 -30 -30 -30 -30 -30 -30 -30 -30 -30 -30 -29 -29 -29 -29 -29 -29 -29 -29 -29 -29 -29 -29 -29 -29 -29 -29 -29 -29 -29 -29 -29 -29 -29 -29 -29 -30 -30 -29 -29 -29 -29 -29 -29 -29 -29 -29 -29 -29 -29 -29 -29 -29 -29 -29 -29 -29 -29 -29 -29 -29 -28 -28 -28 -28 -28 -28 -28 -28 -28 -28 -28 -28 -28 -28 -28 -28 -28 -28 -28 -28 -28 -28 -28 -28 -28 -28 -28 -28 -28 -28 -28 -28 -28 -28 -28 -28 -28 -28 -27 -27 -27 -27 -27 -28 -28 -28 -28 -28 -28 -28 -28 -28 -28 -28 -28 -28 -28 -28 -28 -27 -27 -27 -28 -27 -27 -27 -26 -26 -26 -26 -27 -28 -27 -27 -27 -26 -26 -26 -26 -25 -25 -25 -25 -26 -26 -25 -25 -25 -25 -25 -25 -25 -25 -25 -26 -26 -26 -26 -26 -26 -25 -25 -25 -26 -26 -26 -25 -25 -25 -25 -26 -25 -25 -25 -25 -24 -24 -23 -23 -23 -23 -23 -24 -23 -23 -23 -23 -23 -23 -22 -22 -22 -23 -23 -23 -22 -22 -22 -23 -23 -23 -23 -23 -23 -23 -23 -18 -18 -18 -18 -18 -18 -18 -18 -18 -18 -18 -18 -18 -18 -18 -18 -18 -18 -18 -18 -19 -19 -18 -19 -19 -19 -19 -19 -19 -19 -19 -20 -20 -20 -20 -20 -21 -21 -21 -21 -21 -21 -21 -21 -21 -21 -21 -21 -21 -21 -22 -21 -22 -22 -22 -22 -22 -22 -23 -23 -23 -23 -23 -23 -23 -23 -23 -23 -23 -23 -23 -23 -23 -23 -23 -23 -23 -24 -24 -24 -24 -24 -24 -24 -24 -24 -24 -24 -24 -25 -25 -25 -25 -25 -25 -25 -25 -25 -25 -25 -25 -25 -26 -26 -26 -26 -26 -26 -26 -26 -26 -26 -27 -27 -27 -27 -27 -27 -27 -27 -27 -27 -27 -27 -27 -27 -28 -28 -28 -28 -28 -28 -28 -28 -28 -28 -28 -28 -28 -29 -29 -29 -29 -29 -29 -29 -29 -29 -29 -29 -29 -29 -28 -28 -28 -29 -28 -28 -29 -29 -29 -29 -29 -29 -29 -29 -29 -29 -29 -29 -29 -29 -29 -30 -30 -30 -30 -29 -29 -29 -29 -30 -30 -30 -30 -30 -30 -30 -30 -30 -30 -30 -30 -30 -30 -30 -30 -30 -30 -30 -30 -30 -29 -29 -29 -29 -29 -29 -29 -29 -29 -29 -29 -29 -29 -29 -29 -29 -29 -29 -29 -29 -29 -29 -29 -29 -29 -29 -29 -29 -29 -29 -29 -29 -29 -29 -29 -29 -29 -29 -29 -29 -29 -29 -29 -29 -29 -29 -29 -29 -29 -29 -28 -28 -28 -28 -28 -28 -28 -28 -28 -28 -28 -28 -28 -28 -28 -28 -28 -28 -27 -27 -27 -27 -27 -27 -28 -28 -28 -28 -28 -28 -28 -28 -28 -28 -28 -28 -28 -27 -27 -27 -27 -27 -27 -27 -27 -28 -27 -27 -27 -27 -27 -27 -27 -28 -27 -27 -28 -28 -27 -27 -27 -27 -27 -27 -27 -27 -27 -27 -26 -26 -26 -27 -27 -27 -26 -26 -26 -26 -25 -25 -25 -25 -25 -26 -25 -25 -25 -25 -25 -25 -25 -25 -25 -25 -25 -25 -25 -26 -26 -25 -25 -25 -25 -25 -25 -25 -25 -25 -25 -25 -25 -25 -25 -24 -24 -24 -23 -23 -23 -23 -23 -23 -23 -23 -23 -23 -23 -23 -23 -22 -23 -22 -22 -23 -23 -22 -22 -22 -22 -23 -22 -22 -23 -23 -23 -23 -22 -17 -17 -18 -18 -18 -18 -18 -18 -18 -18 -18 -18 -18 -17 -17 -17 -17 -17 -18 -18 -19 -18 -18 -18 -18 -19 -19 -19 -19 -19 -19 -19 -20 -20 -20 -20 -20 -20 -20 -20 -20 -20 -21 -20 -21 -21 -21 -21 -21 -21 -21 -21 -21 -21 -21 -22 -22 -22 -22 -22 -23 -22 -22 -22 -23 -22 -22 -22 -22 -23 -23 -23 -23 -23 -23 -23 -23 -23 -23 -23 -24 -24 -24 -24 -24 -24 -24 -24 -24 -24 -25 -25 -25 -25 -25 -25 -25 -25 -25 -25 -25 -25 -26 -26 -26 -26 -26 -26 -26 -26 -26 -26 -26 -26 -27 -27 -27 -27 -27 -27 -27 -27 -27 -27 -27 -27 -27 -27 -27 -28 -28 -28 -28 -28 -28 -28 -28 -28 -28 -29 -29 -29 -29 -29 -29 -29 -29 -29 -29 -29 -29 -29 -28 -28 -28 -28 -28 -28 -28 -28 -28 -28 -29 -29 -29 -29 -29 -29 -29 -29 -29 -29 -29 -29 -29 -29 -29 -29 -29 -29 -29 -29 -29 -29 -30 -30 -30 -30 -29 -29 -29 -30 -29 -29 -29 -29 -29 -29 -29 -29 -30 -30 -29 -29 -29 -29 -29 -29 -29 -29 -29 -29 -29 -29 -29 -29 -29 -29 -29 -29 -29 -29 -29 -29 -29 -29 -29 -29 -29 -29 -29 -29 -29 -29 -29 -29 -29 -29 -29 -29 -29 -29 -29 -29 -29 -29 -29 -29 -29 -29 -29 -28 -28 -28 -28 -28 -28 -28 -28 -28 -28 -28 -28 -28 -28 -28 -28 -28 -28 -28 -28 -28 -27 -27 -27 -27 -28 -28 -28 -28 -27 -27 -27 -27 -28 -28 -28 -28 -27 -27 -27 -27 -27 -27 -26 -27 -27 -27 -27 -27 -27 -27 -27 -27 -27 -27 -27 -27 -27 -27 -27 -27 -26 -27 -27 -27 -27 -26 -27 -27 -26 -26 -26 -26 -27 -27 -26 -26 -26 -26 -26 -25 -26 -26 -26 -26 -25 -24 -25 -25 -25 -25 -25 -25 -24 -24 -24 -25 -25 -25 -25 -25 -25 -25 -25 -25 -25 -25 -25 -25 -25 -25 -25 -25 -25 -24 -24 -24 -23 -23 -23 -23 -23 -23 -23 -23 -23 -23 -23 -23 -23 -22 -22 -23 -22 -23 -23 -23 -23 -22 -22 -22 -22 -22 -22 -22 -22 -22 -22 -22 -17 -17 -17 -17 -17 -17 -17 -17 -17 -18 -17 -18 -18 -18 -17 -17 -18 -17 -17 -18 -19 -18 -18 -18 -18 -19 -19 -19 -19 -19 -19 -19 -19 -20 -20 -20 -20 -20 -20 -20 -20 -20 -20 -20 -20 -20 -21 -21 -21 -21 -21 -21 -21 -21 -21 -21 -21 -22 -22 -22 -22 -22 -22 -22 -22 -22 -22 -22 -22 -22 -22 -23 -23 -23 -23 -23 -23 -23 -23 -23 -23 -24 -24 -24 -24 -24 -24 -24 -24 -24 -24 -24 -24 -24 -25 -25 -25 -25 -25 -25 -25 -25 -26 -26 -26 -26 -26 -26 -26 -26 -26 -26 -26 -26 -26 -26 -26 -27 -27 -27 -27 -27 -27 -27 -27 -27 -27 -27 -27 -27 -27 -27 -27 -27 -28 -28 -28 -28 -28 -28 -28 -29 -29 -29 -28 -28 -28 -28 -29 -29 -29 -29 -28 -28 -28 -28 -28 -28 -28 -28 -28 -28 -28 -29 -29 -29 -29 -29 -29 -29 -29 -29 -29 -29 -29 -29 -29 -29 -29 -29 -29 -29 -29 -29 -29 -29 -29 -29 -29 -29 -29 -29 -29 -29 -29 -29 -29 -29 -29 -29 -29 -29 -29 -29 -29 -29 -29 -29 -29 -28 -29 -29 -29 -29 -29 -29 -29 -29 -28 -29 -28 -28 -28 -29 -28 -28 -29 -29 -29 -29 -29 -29 -28 -28 -28 -28 -28 -28 -28 -28 -28 -28 -28 -28 -28 -29 -29 -29 -29 -28 -28 -28 -28 -28 -28 -28 -28 -28 -28 -28 -28 -28 -28 -28 -28 -28 -28 -28 -28 -27 -28 -27 -27 -27 -27 -27 -27 -27 -28 -27 -27 -27 -27 -27 -27 -27 -27 -27 -27 -27 -27 -27 -27 -27 -26 -26 -27 -27 -27 -27 -26 -26 -27 -27 -27 -27 -27 -27 -27 -27 -27 -27 -26 -26 -26 -27 -27 -26 -26 -26 -26 -26 -26 -26 -27 -27 -27 -26 -26 -26 -25 -25 -25 -26 -26 -25 -25 -25 -25 -25 -25 -25 -25 -25 -24 -24 -24 -24 -24 -25 -25 -24 -24 -24 -24 -24 -24 -25 -25 -25 -25 -25 -25 -25 -24 -24 -24 -23 -23 -23 -23 -23 -23 -23 -23 -23 -23 -23 -23 -23 -23 -23 -22 -23 -22 -22 -22 -23 -23 -22 -22 -22 -22 -22 -22 -22 -22 -22 -22 -22 -22 -17 -17 -17 -17 -17 -17 -17 -17 -17 -17 -17 -17 -17 -17 -18 -17 -17 -17 -18 -18 -18 -18 -18 -17 -18 -18 -18 -18 -18 -18 -18 -19 -19 -19 -19 -19 -20 -20 -19 -20 -20 -20 -20 -20 -20 -20 -20 -20 -21 -20 -21 -21 -21 -21 -21 -21 -21 -21 -21 -22 -22 -22 -22 -22 -22 -22 -22 -22 -22 -22 -22 -22 -22 -22 -22 -23 -22 -23 -23 -23 -23 -23 -23 -23 -24 -24 -24 -24 -24 -24 -24 -24 -24 -24 -24 -24 -24 -24 -25 -25 -25 -25 -25 -25 -25 -25 -25 -25 -25 -26 -26 -26 -26 -26 -26 -26 -26 -26 -26 -26 -26 -26 -26 -26 -27 -27 -27 -27 -27 -27 -27 -27 -27 -27 -27 -27 -27 -28 -28 -28 -28 -28 -28 -28 -28 -28 -28 -28 -28 -28 -28 -29 -29 -28 -28 -28 -28 -28 -28 -28 -28 -28 -28 -28 -28 -28 -28 -28 -28 -28 -28 -29 -29 -29 -29 -29 -29 -29 -29 -29 -29 -29 -29 -29 -29 -29 -29 -29 -29 -29 -29 -29 -29 -29 -29 -29 -29 -29 -29 -29 -29 -29 -29 -29 -29 -29 -28 -28 -28 -28 -28 -28 -28 -28 -28 -28 -29 -29 -28 -28 -28 -28 -28 -28 -28 -28 -28 -29 -29 -29 -29 -29 -28 -28 -28 -28 -28 -28 -28 -28 -28 -28 -28 -28 -28 -28 -28 -29 -29 -29 -28 -28 -28 -28 -28 -28 -28 -28 -28 -28 -27 -27 -27 -28 -28 -28 -27 -27 -28 -27 -27 -27 -27 -27 -27 -27 -27 -27 -27 -27 -27 -27 -27 -27 -27 -27 -27 -27 -27 -27 -27 -27 -27 -26 -26 -26 -26 -27 -26 -27 -27 -26 -26 -26 -26 -27 -27 -27 -26 -27 -27 -26 -27 -26 -26 -26 -26 -26 -26 -26 -26 -26 -26 -26 -26 -27 -27 -27 -26 -26 -25 -25 -25 -26 -26 -26 -25 -25 -25 -25 -25 -25 -25 -25 -24 -24 -24 -24 -24 -24 -24 -24 -24 -24 -25 -24 -24 -24 -24 -24 -24 -25 -25 -25 -24 -24 -24 -24 -24 -23 -23 -23 -23 -23 -23 -23 -23 -23 -23 -23 -23 -23 -23 -23 -22 -23 -22 -23 -23 -22 -22 -22 -22 -22 -22 -22 -22 -22 -22 -22 -21 -22 -22 -17 -17 -17 -17 -17 -17 -17 -17 -17 -17 -17 -17 -17 -17 -17 -17 -17 -17 -17 -17 -17 -17 -17 -18 -17 -17 -17 -17 -18 -18 -18 -18 -18 -19 -19 -19 -19 -19 -19 -19 -19 -19 -20 -20 -19 -20 -20 -20 -20 -20 -20 -20 -20 -20 -20 -21 -21 -21 -21 -21 -21 -21 -21 -21 -21 -21 -21 -21 -21 -22 -22 -22 -22 -22 -22 -22 -22 -22 -22 -22 -22 -23 -22 -23 -23 -23 -23 -23 -24 -24 -24 -24 -24 -24 -24 -24 -24 -24 -24 -24 -24 -24 -24 -25 -25 -25 -25 -25 -25 -25 -25 -25 -25 -25 -26 -26 -26 -26 -26 -26 -26 -26 -26 -26 -26 -26 -26 -26 -26 -27 -27 -27 -27 -27 -27 -27 -27 -27 -27 -27 -27 -28 -28 -28 -28 -28 -28 -28 -28 -28 -28 -28 -28 -28 -28 -28 -28 -28 -28 -28 -28 -28 -28 -28 -28 -28 -28 -28 -28 -28 -28 -28 -28 -28 -28 -28 -28 -28 -28 -28 -29 -29 -29 -29 -29 -29 -29 -29 -29 -29 -29 -29 -29 -29 -29 -29 -29 -29 -29 -29 -29 -29 -29 -29 -29 -28 -28 -28 -28 -28 -28 -28 -28 -28 -28 -28 -28 -28 -28 -28 -28 -28 -28 -28 -28 -28 -28 -28 -28 -28 -28 -28 -29 -28 -28 -28 -28 -28 -28 -28 -28 -28 -28 -28 -28 -28 -28 -28 -28 -28 -28 -28 -28 -28 -28 -27 -28 -28 -27 -28 -27 -27 -27 -27 -27 -27 -27 -27 -27 -27 -27 -27 -27 -27 -27 -27 -27 -27 -27 -27 -27 -27 -27 -27 -27 -27 -27 -27 -27 -27 -27 -27 -27 -27 -27 -26 -26 -26 -26 -26 -26 -26 -27 -27 -26 -27 -27 -27 -27 -27 -26 -26 -27 -27 -26 -26 -26 -26 -26 -26 -26 -26 -26 -26 -25 -25 -25 -26 -26 -26 -26 -26 -25 -25 -25 -26 -26 -25 -24 -25 -25 -25 -25 -25 -25 -24 -24 -24 -24 -24 -24 -24 -24 -24 -24 -24 -24 -24 -25 -24 -24 -24 -24 -24 -24 -25 -24 -24 -24 -24 -23 -23 -23 -22 -22 -22 -22 -22 -22 -22 -22 -22 -22 -22 -22 -22 -22 -22 -22 -23 -22 -22 -22 -22 -22 -22 -22 -22 -22 -22 -22 -22 -21 -21 -22 -16 -16 -16 -17 -17 -17 -17 -17 -17 -17 -16 -17 -17 -17 -17 -17 -17 -17 -16 -16 -16 -16 -16 -16 -17 -17 -17 -17 -17 -17 -17 -18 -18 -18 -18 -18 -19 -19 -18 -19 -19 -19 -19 -19 -19 -19 -19 -19 -19 -20 -20 -20 -20 -20 -20 -20 -20 -20 -21 -21 -21 -21 -21 -21 -21 -21 -21 -21 -21 -21 -21 -21 -21 -21 -22 -22 -22 -22 -22 -22 -22 -22 -22 -22 -22 -23 -23 -23 -23 -23 -23 -23 -23 -24 -23 -24 -23 -24 -24 -24 -24 -24 -24 -24 -24 -24 -24 -25 -25 -25 -25 -25 -25 -25 -25 -25 -25 -25 -25 -25 -25 -25 -26 -26 -26 -26 -26 -26 -26 -26 -26 -26 -26 -26 -26 -26 -27 -27 -27 -27 -27 -27 -27 -27 -27 -27 -27 -28 -28 -28 -28 -28 -28 -28 -28 -28 -28 -27 -27 -27 -27 -27 -28 -28 -28 -28 -28 -28 -28 -28 -28 -28 -28 -28 -28 -28 -28 -28 -28 -28 -28 -28 -28 -28 -28 -28 -28 -28 -28 -28 -28 -28 -28 -29 -29 -29 -29 -29 -29 -29 -29 -29 -29 -29 -29 -29 -29 -28 -28 -28 -28 -28 -28 -28 -28 -28 -28 -28 -28 -28 -28 -28 -28 -28 -28 -28 -28 -28 -28 -28 -28 -28 -28 -28 -28 -28 -28 -28 -28 -28 -28 -28 -28 -28 -28 -28 -28 -28 -28 -28 -28 -28 -28 -28 -28 -28 -28 -27 -27 -27 -27 -27 -27 -27 -27 -27 -27 -27 -27 -27 -27 -27 -27 -27 -27 -27 -27 -27 -27 -27 -27 -27 -27 -27 -27 -27 -27 -27 -27 -27 -27 -27 -27 -27 -27 -26 -26 -26 -26 -26 -26 -26 -26 -26 -26 -26 -26 -26 -26 -26 -27 -26 -26 -26 -26 -26 -27 -27 -26 -26 -26 -26 -26 -26 -26 -25 -25 -25 -25 -26 -26 -26 -26 -26 -25 -25 -25 -25 -24 -24 -25 -25 -25 -25 -25 -24 -25 -24 -24 -24 -24 -24 -24 -24 -24 -24 -24 -24 -24 -24 -24 -24 -24 -24 -24 -24 -24 -25 -24 -24 -24 -23 -23 -23 -22 -22 -22 -22 -22 -22 -22 -22 -22 -22 -22 -22 -22 -22 -22 -22 -22 -22 -22 -22 -22 -22 -22 -22 -22 -22 -22 -22 -22 -22 -21 -21 -21 -16 -16 -16 -16 -16 -16 -16 -16 -17 -17 -16 -16 -16 -16 -16 -16 -16 -16 -16 -16 -16 -16 -17 -16 -17 -17 -17 -17 -17 -17 -17 -17 -17 -17 -18 -18 -18 -18 -19 -19 -18 -19 -19 -19 -19 -19 -19 -19 -19 -19 -19 -19 -20 -20 -20 -20 -20 -20 -20 -21 -20 -21 -20 -20 -21 -21 -21 -21 -21 -21 -21 -21 -21 -21 -21 -21 -21 -22 -22 -22 -22 -22 -22 -22 -22 -22 -22 -22 -23 -23 -23 -23 -23 -23 -23 -23 -23 -23 -24 -24 -24 -24 -24 -24 -24 -24 -24 -25 -25 -25 -25 -25 -25 -25 -25 -25 -25 -25 -25 -25 -25 -25 -25 -25 -25 -25 -26 -26 -26 -26 -26 -26 -26 -26 -26 -26 -27 -27 -27 -27 -27 -27 -27 -27 -27 -27 -27 -27 -27 -27 -27 -27 -28 -28 -28 -28 -28 -27 -27 -27 -27 -27 -27 -27 -27 -28 -28 -28 -27 -27 -28 -28 -28 -28 -28 -28 -28 -28 -28 -28 -28 -28 -28 -28 -28 -28 -28 -28 -28 -28 -28 -28 -28 -28 -28 -28 -28 -29 -28 -28 -28 -28 -28 -28 -29 -28 -29 -28 -28 -28 -28 -28 -28 -28 -28 -28 -28 -28 -28 -28 -28 -28 -28 -28 -28 -28 -28 -28 -28 -28 -28 -28 -28 -28 -28 -28 -28 -28 -28 -28 -28 -28 -28 -28 -28 -28 -28 -28 -28 -28 -28 -28 -28 -28 -28 -28 -28 -27 -27 -27 -27 -27 -27 -27 -27 -27 -27 -27 -27 -27 -27 -27 -27 -27 -27 -27 -27 -27 -27 -27 -27 -27 -27 -27 -27 -27 -27 -27 -27 -27 -27 -27 -26 -26 -26 -26 -26 -26 -26 -26 -26 -26 -26 -26 -26 -26 -26 -26 -26 -26 -27 -26 -26 -26 -26 -26 -26 -26 -26 -26 -26 -26 -25 -25 -26 -25 -25 -25 -25 -25 -25 -25 -26 -26 -25 -25 -25 -24 -24 -24 -24 -24 -24 -25 -25 -25 -24 -24 -24 -24 -24 -24 -24 -24 -24 -24 -24 -23 -24 -24 -24 -24 -24 -24 -24 -24 -24 -25 -24 -24 -23 -23 -23 -23 -22 -22 -22 -22 -22 -22 -22 -22 -22 -22 -22 -22 -22 -22 -22 -22 -22 -22 -22 -22 -22 -22 -22 -21 -21 -21 -21 -21 -22 -21 -21 -21 -21 -21 -15 -15 -15 -15 -16 -16 -16 -16 -16 -16 -16 -16 -16 -16 -16 -16 -16 -15 -15 -16 -16 -16 -17 -17 -17 -17 -17 -17 -17 -17 -17 -17 -17 -17 -17 -17 -18 -18 -18 -18 -18 -18 -18 -18 -18 -19 -19 -19 -19 -19 -19 -19 -19 -20 -20 -20 -20 -20 -20 -20 -20 -20 -20 -20 -20 -20 -20 -20 -21 -20 -21 -20 -20 -21 -21 -21 -21 -21 -21 -21 -21 -22 -22 -21 -22 -22 -22 -22 -22 -22 -22 -23 -23 -23 -23 -23 -23 -23 -23 -23 -23 -23 -23 -24 -24 -24 -24 -24 -24 -24 -24 -24 -25 -25 -25 -25 -25 -25 -25 -25 -25 -25 -25 -25 -25 -25 -25 -26 -26 -26 -26 -26 -26 -26 -26 -26 -26 -26 -26 -26 -26 -26 -27 -27 -27 -27 -27 -27 -27 -27 -27 -27 -27 -27 -28 -28 -28 -27 -27 -27 -27 -27 -27 -27 -27 -27 -27 -27 -27 -27 -27 -27 -27 -27 -27 -27 -27 -27 -28 -28 -28 -28 -28 -28 -28 -28 -28 -28 -28 -28 -28 -28 -28 -28 -28 -28 -28 -28 -28 -28 -28 -28 -28 -28 -28 -28 -28 -28 -28 -28 -28 -28 -27 -27 -27 -28 -27 -28 -28 -28 -28 -28 -28 -28 -28 -27 -27 -28 -28 -28 -27 -27 -28 -28 -28 -28 -28 -28 -27 -27 -27 -27 -27 -27 -27 -27 -27 -27 -27 -27 -27 -28 -28 -28 -28 -28 -28 -27 -27 -27 -27 -27 -27 -27 -27 -27 -27 -27 -27 -27 -27 -27 -27 -27 -27 -27 -27 -27 -27 -26 -26 -26 -26 -26 -26 -26 -26 -26 -26 -26 -27 -27 -26 -26 -26 -26 -26 -26 -26 -26 -26 -26 -26 -26 -26 -26 -26 -26 -26 -26 -26 -27 -26 -26 -25 -25 -25 -26 -26 -26 -25 -25 -25 -25 -25 -25 -25 -25 -25 -25 -24 -24 -25 -25 -26 -25 -25 -24 -24 -24 -24 -24 -24 -24 -25 -25 -24 -24 -24 -24 -24 -24 -24 -24 -24 -24 -24 -23 -23 -23 -24 -24 -24 -24 -24 -24 -24 -24 -24 -24 -23 -24 -23 -23 -23 -22 -22 -22 -22 -22 -22 -22 -22 -22 -22 -22 -22 -22 -22 -22 -22 -22 -22 -22 -22 -22 -21 -21 -21 -21 -21 -21 -21 -21 -21 -21 -21 -21 -16 -16 -16 -15 -15 -15 -15 -15 -15 -16 -16 -15 -15 -16 -16 -16 -15 -15 -15 -15 -15 -16 -16 -17 -17 -17 -17 -17 -17 -17 -17 -17 -17 -17 -17 -17 -17 -18 -17 -18 -18 -18 -18 -18 -18 -18 -18 -19 -19 -18 -19 -19 -19 -19 -19 -19 -19 -19 -20 -20 -20 -20 -20 -20 -20 -20 -20 -20 -20 -20 -20 -20 -20 -20 -20 -20 -21 -21 -21 -21 -21 -21 -21 -21 -21 -21 -21 -21 -22 -22 -22 -22 -22 -22 -22 -22 -22 -22 -22 -22 -23 -23 -23 -23 -23 -23 -23 -23 -24 -24 -24 -24 -24 -24 -24 -24 -25 -25 -25 -25 -25 -25 -25 -25 -25 -25 -25 -25 -25 -25 -25 -26 -26 -26 -26 -26 -26 -26 -26 -26 -26 -26 -26 -26 -26 -26 -26 -26 -26 -27 -27 -27 -27 -27 -27 -27 -27 -27 -27 -27 -27 -27 -26 -26 -27 -27 -27 -27 -27 -27 -27 -27 -27 -27 -27 -27 -27 -27 -27 -27 -27 -27 -28 -27 -28 -28 -28 -28 -28 -28 -28 -28 -28 -28 -28 -28 -28 -28 -28 -28 -28 -28 -28 -28 -28 -28 -28 -28 -27 -27 -27 -27 -27 -27 -27 -27 -27 -27 -27 -27 -27 -27 -27 -28 -28 -27 -27 -27 -27 -27 -28 -27 -27 -27 -28 -28 -28 -27 -27 -27 -27 -27 -27 -27 -27 -27 -27 -27 -27 -27 -27 -27 -27 -28 -28 -27 -27 -27 -27 -26 -27 -27 -27 -27 -27 -27 -27 -27 -27 -26 -26 -26 -26 -27 -27 -27 -26 -26 -26 -26 -26 -26 -26 -26 -26 -26 -26 -26 -26 -26 -26 -26 -26 -26 -26 -26 -26 -26 -26 -25 -26 -26 -26 -25 -26 -26 -26 -26 -26 -26 -26 -26 -26 -26 -25 -25 -25 -26 -26 -26 -26 -25 -25 -25 -25 -25 -25 -24 -25 -25 -25 -25 -25 -24 -25 -25 -25 -25 -24 -24 -24 -24 -24 -24 -24 -24 -24 -24 -24 -24 -24 -24 -24 -24 -24 -24 -23 -23 -23 -23 -23 -23 -23 -23 -23 -23 -23 -24 -24 -24 -24 -24 -24 -23 -23 -22 -22 -22 -22 -22 -22 -22 -22 -22 -22 -22 -22 -22 -21 -21 -22 -22 -22 -22 -22 -22 -21 -21 -21 -21 -21 -21 -21 -21 -21 -21 -21 -21 -21 -16 -15 -15 -15 -15 -14 -15 -15 -15 -15 -15 -15 -15 -15 -15 -15 -15 -15 -15 -15 -15 -16 -16 -16 -17 -17 -17 -17 -17 -17 -17 -17 -17 -17 -17 -17 -17 -17 -17 -17 -18 -18 -18 -18 -18 -18 -18 -18 -18 -18 -19 -19 -19 -19 -19 -19 -19 -19 -20 -20 -20 -20 -20 -20 -20 -20 -20 -20 -20 -20 -20 -20 -20 -20 -20 -20 -20 -21 -21 -21 -21 -21 -21 -21 -21 -21 -21 -22 -22 -22 -22 -22 -22 -22 -22 -22 -22 -22 -22 -23 -23 -22 -23 -23 -23 -23 -23 -23 -23 -24 -23 -24 -24 -24 -24 -25 -25 -25 -25 -25 -25 -25 -25 -25 -25 -25 -25 -25 -25 -25 -25 -25 -25 -26 -26 -26 -26 -26 -26 -26 -26 -26 -26 -26 -26 -26 -26 -26 -27 -27 -27 -27 -27 -27 -27 -27 -26 -26 -26 -26 -26 -26 -26 -26 -26 -26 -26 -26 -27 -27 -27 -27 -27 -27 -27 -27 -27 -27 -27 -27 -27 -27 -27 -27 -27 -27 -27 -27 -27 -27 -27 -27 -27 -27 -27 -27 -27 -28 -28 -28 -28 -28 -28 -28 -28 -28 -27 -27 -27 -27 -27 -27 -27 -27 -27 -27 -27 -27 -27 -27 -27 -27 -27 -27 -27 -27 -27 -27 -27 -27 -27 -27 -27 -27 -27 -27 -27 -27 -27 -27 -27 -27 -27 -27 -27 -27 -27 -27 -27 -27 -27 -27 -27 -27 -27 -27 -26 -26 -27 -26 -26 -26 -27 -26 -26 -26 -26 -26 -26 -26 -26 -26 -26 -26 -26 -26 -26 -26 -26 -26 -26 -26 -26 -26 -26 -26 -26 -26 -26 -26 -26 -25 -25 -26 -26 -26 -26 -26 -25 -25 -25 -25 -25 -26 -26 -26 -26 -25 -25 -26 -26 -26 -25 -25 -26 -26 -26 -26 -26 -25 -25 -25 -24 -24 -24 -24 -25 -25 -25 -25 -25 -25 -25 -25 -25 -25 -24 -24 -25 -24 -24 -24 -24 -24 -24 -24 -24 -24 -24 -24 -24 -24 -23 -24 -23 -23 -23 -23 -23 -23 -23 -23 -23 -23 -23 -24 -24 -24 -23 -23 -23 -23 -23 -22 -22 -22 -22 -22 -22 -22 -22 -22 -22 -22 -22 -21 -21 -21 -21 -21 -21 -21 -21 -21 -21 -21 -21 -21 -21 -21 -21 -21 -21 -21 -21 -21 -21 -21 -15 -15 -15 -15 -15 -15 -14 -15 -14 -15 -15 -15 -15 -15 -15 -15 -15 -15 -15 -15 -15 -15 -15 -16 -16 -17 -16 -16 -16 -17 -17 -17 -17 -16 -17 -17 -16 -16 -17 -17 -17 -17 -17 -18 -17 -17 -18 -18 -18 -18 -18 -18 -18 -19 -19 -19 -19 -19 -19 -19 -19 -20 -20 -20 -20 -20 -20 -20 -20 -20 -20 -20 -20 -20 -20 -20 -20 -20 -21 -20 -20 -21 -21 -21 -21 -21 -21 -21 -21 -21 -21 -21 -22 -22 -22 -22 -22 -22 -22 -22 -22 -22 -22 -22 -22 -23 -23 -23 -23 -23 -23 -23 -24 -23 -24 -24 -24 -24 -24 -24 -24 -24 -24 -24 -25 -25 -25 -25 -25 -25 -25 -25 -25 -25 -25 -25 -25 -25 -25 -26 -26 -26 -26 -26 -26 -26 -26 -26 -26 -26 -26 -26 -27 -27 -27 -27 -27 -26 -26 -26 -26 -26 -26 -26 -26 -26 -26 -26 -26 -26 -26 -27 -27 -27 -27 -27 -27 -27 -27 -27 -27 -27 -27 -27 -27 -27 -27 -27 -27 -27 -27 -27 -27 -27 -27 -27 -27 -27 -27 -27 -27 -28 -28 -28 -28 -28 -28 -27 -27 -27 -27 -27 -27 -27 -27 -27 -27 -27 -27 -27 -27 -27 -27 -27 -27 -27 -27 -27 -27 -27 -27 -27 -27 -27 -27 -27 -27 -27 -27 -27 -27 -27 -27 -27 -27 -27 -27 -27 -27 -27 -27 -27 -27 -27 -27 -27 -27 -26 -26 -26 -26 -26 -26 -26 -26 -26 -26 -26 -26 -26 -26 -26 -26 -26 -26 -26 -26 -26 -26 -26 -26 -26 -26 -26 -26 -26 -26 -26 -26 -26 -26 -26 -26 -25 -25 -25 -25 -26 -26 -25 -25 -25 -25 -25 -25 -26 -26 -25 -25 -25 -25 -25 -25 -25 -25 -25 -25 -25 -25 -25 -25 -25 -25 -25 -25 -24 -24 -25 -25 -25 -25 -25 -24 -24 -24 -24 -24 -24 -24 -24 -24 -24 -24 -23 -23 -24 -24 -24 -24 -24 -24 -24 -24 -24 -24 -24 -23 -23 -23 -23 -23 -22 -23 -23 -23 -23 -23 -24 -24 -23 -23 -23 -23 -23 -22 -22 -21 -22 -22 -22 -21 -21 -22 -22 -22 -21 -21 -21 -21 -21 -21 -21 -21 -21 -21 -21 -21 -21 -21 -21 -21 -21 -21 -21 -21 -21 -21 -21 -21 -15 -15 -15 -15 -14 -14 -15 -15 -15 -15 -15 -15 -15 -15 -15 -15 -15 -15 -15 -15 -14 -15 -15 -16 -16 -16 -15 -16 -16 -16 -17 -17 -17 -16 -16 -16 -16 -16 -16 -17 -17 -17 -17 -17 -17 -17 -17 -18 -18 -18 -18 -18 -18 -18 -19 -19 -19 -19 -19 -19 -19 -19 -20 -19 -19 -19 -19 -20 -20 -20 -20 -20 -20 -20 -20 -20 -20 -20 -20 -20 -21 -21 -21 -20 -21 -20 -21 -21 -21 -21 -21 -21 -21 -21 -22 -22 -22 -22 -22 -22 -22 -22 -22 -22 -22 -22 -23 -23 -23 -23 -23 -23 -23 -24 -24 -24 -24 -24 -24 -24 -24 -24 -24 -24 -24 -25 -25 -25 -25 -25 -25 -25 -25 -25 -25 -25 -25 -25 -25 -25 -25 -25 -25 -25 -25 -25 -25 -26 -26 -26 -26 -26 -26 -27 -27 -27 -26 -26 -26 -26 -26 -26 -26 -26 -26 -26 -26 -26 -26 -26 -26 -26 -27 -27 -27 -27 -27 -27 -27 -27 -27 -27 -27 -27 -27 -27 -27 -27 -27 -27 -27 -27 -27 -27 -27 -27 -27 -27 -27 -27 -28 -27 -27 -27 -27 -27 -27 -27 -27 -27 -27 -27 -27 -27 -27 -27 -27 -27 -27 -27 -27 -27 -27 -27 -27 -27 -27 -27 -27 -27 -27 -27 -27 -27 -27 -27 -27 -27 -27 -27 -27 -27 -27 -27 -27 -27 -27 -27 -27 -27 -27 -27 -27 -27 -27 -27 -26 -26 -26 -26 -26 -26 -26 -26 -26 -26 -26 -26 -26 -26 -26 -26 -26 -26 -26 -26 -26 -26 -26 -26 -26 -26 -26 -26 -26 -26 -26 -26 -26 -26 -25 -25 -26 -25 -25 -25 -25 -26 -25 -26 -25 -25 -25 -25 -25 -25 -25 -24 -24 -24 -24 -24 -24 -25 -25 -25 -25 -25 -25 -25 -25 -25 -25 -25 -24 -24 -25 -25 -25 -24 -24 -24 -24 -24 -24 -24 -24 -24 -24 -24 -23 -23 -23 -23 -24 -23 -23 -24 -24 -24 -24 -24 -24 -24 -24 -23 -23 -23 -23 -23 -23 -22 -23 -23 -23 -23 -23 -24 -23 -23 -23 -23 -22 -22 -22 -21 -22 -22 -22 -21 -21 -21 -21 -21 -21 -21 -21 -21 -21 -21 -21 -21 -21 -21 -21 -21 -21 -20 -20 -20 -21 -21 -21 -21 -21 -20 -21 -21 -21 -15 -14 -14 -15 -15 -15 -15 -14 -14 -14 -14 -14 -15 -15 -14 -14 -15 -15 -15 -14 -15 -15 -15 -15 -15 -15 -15 -15 -16 -16 -16 -16 -16 -16 -16 -16 -16 -17 -17 -17 -17 -17 -17 -17 -17 -18 -18 -18 -18 -18 -18 -18 -18 -18 -19 -19 -19 -19 -19 -19 -19 -19 -19 -19 -19 -19 -19 -19 -19 -19 -19 -19 -19 -20 -20 -20 -20 -20 -20 -21 -21 -20 -20 -20 -20 -21 -21 -21 -21 -21 -21 -21 -21 -21 -21 -21 -21 -22 -22 -22 -22 -22 -22 -22 -23 -23 -23 -23 -23 -23 -23 -23 -24 -24 -24 -24 -24 -24 -24 -24 -24 -24 -24 -24 -24 -24 -24 -25 -25 -25 -25 -25 -25 -25 -25 -25 -25 -25 -25 -25 -25 -25 -25 -25 -25 -25 -25 -25 -26 -26 -26 -26 -26 -26 -26 -26 -26 -26 -26 -26 -26 -26 -26 -26 -26 -26 -26 -26 -26 -26 -26 -26 -26 -26 -27 -26 -26 -27 -27 -27 -27 -27 -27 -27 -27 -27 -27 -27 -27 -27 -27 -27 -27 -27 -27 -27 -27 -27 -27 -27 -27 -27 -27 -27 -26 -26 -26 -26 -26 -26 -26 -26 -27 -27 -27 -27 -27 -27 -27 -27 -27 -27 -27 -27 -27 -27 -27 -27 -27 -27 -27 -27 -27 -27 -27 -26 -26 -26 -26 -26 -26 -26 -26 -26 -26 -26 -26 -26 -27 -27 -27 -27 -27 -27 -26 -26 -26 -26 -26 -26 -26 -26 -26 -26 -26 -26 -26 -25 -25 -26 -26 -26 -26 -26 -26 -26 -26 -26 -26 -25 -25 -25 -26 -26 -26 -26 -26 -25 -25 -25 -25 -25 -25 -24 -25 -25 -25 -25 -25 -25 -25 -25 -25 -24 -24 -24 -24 -24 -24 -24 -24 -24 -24 -24 -24 -24 -25 -25 -25 -24 -25 -24 -24 -24 -24 -24 -24 -24 -24 -24 -24 -24 -24 -23 -24 -24 -24 -23 -23 -23 -23 -23 -23 -23 -23 -23 -23 -24 -24 -24 -24 -24 -24 -24 -23 -23 -22 -23 -23 -22 -23 -23 -23 -23 -23 -23 -23 -23 -23 -22 -22 -22 -21 -21 -21 -21 -22 -21 -21 -21 -21 -21 -21 -21 -21 -21 -21 -21 -21 -21 -21 -21 -21 -21 -21 -20 -20 -20 -20 -20 -21 -21 -20 -20 -20 -21 -21 -21 -14 -14 -14 -15 -15 -15 -15 -15 -15 -14 -14 -13 -14 -15 -14 -15 -15 -15 -14 -14 -14 -14 -14 -15 -15 -15 -15 -15 -15 -15 -15 -16 -16 -16 -16 -16 -16 -16 -16 -16 -17 -17 -17 -17 -17 -17 -18 -18 -18 -17 -17 -17 -18 -18 -18 -18 -19 -19 -19 -19 -19 -19 -19 -19 -19 -19 -19 -19 -19 -19 -19 -19 -19 -19 -19 -20 -20 -20 -20 -20 -20 -20 -20 -20 -20 -20 -21 -21 -21 -21 -21 -21 -21 -21 -21 -21 -21 -21 -22 -22 -22 -22 -22 -22 -23 -22 -23 -23 -23 -23 -23 -23 -23 -23 -23 -23 -23 -23 -23 -24 -24 -24 -24 -24 -24 -24 -24 -24 -25 -25 -25 -25 -25 -25 -24 -24 -25 -25 -25 -25 -25 -25 -25 -25 -25 -25 -25 -25 -25 -25 -25 -25 -26 -26 -25 -26 -26 -26 -26 -26 -26 -26 -26 -26 -26 -26 -26 -26 -26 -26 -26 -26 -26 -26 -26 -26 -26 -26 -26 -26 -26 -26 -26 -26 -26 -26 -26 -26 -26 -27 -27 -27 -27 -27 -27 -27 -27 -27 -27 -27 -27 -27 -27 -27 -26 -26 -26 -26 -26 -26 -26 -26 -26 -27 -27 -26 -26 -26 -26 -26 -26 -26 -26 -27 -27 -27 -26 -27 -27 -26 -26 -26 -27 -27 -27 -26 -26 -26 -26 -26 -26 -26 -26 -26 -26 -26 -26 -26 -26 -27 -27 -27 -26 -26 -26 -26 -26 -26 -26 -26 -26 -26 -26 -26 -25 -26 -26 -25 -25 -25 -26 -26 -26 -25 -25 -26 -25 -25 -25 -25 -25 -25 -25 -26 -26 -25 -26 -26 -25 -25 -25 -25 -25 -25 -25 -25 -24 -24 -24 -25 -25 -25 -24 -24 -24 -24 -24 -24 -24 -24 -24 -24 -24 -24 -24 -24 -24 -24 -24 -24 -24 -24 -23 -23 -24 -24 -24 -23 -23 -24 -24 -24 -23 -23 -23 -23 -24 -23 -23 -22 -22 -22 -22 -22 -22 -23 -23 -24 -24 -24 -24 -24 -23 -24 -24 -23 -23 -22 -23 -23 -23 -23 -23 -23 -23 -23 -23 -23 -23 -22 -22 -21 -21 -21 -21 -21 -21 -21 -21 -21 -21 -21 -21 -21 -21 -21 -21 -21 -21 -21 -21 -21 -21 -21 -20 -20 -20 -20 -20 -20 -21 -21 -20 -20 -20 -20 -20 -20 -20 -14 -14 -14 -14 -14 -14 -14 -14 -14 -14 -14 -13 -14 -14 -15 -15 -15 -14 -14 -14 -14 -14 -14 -15 -15 -15 -15 -14 -14 -14 -14 -15 -16 -16 -15 -15 -16 -16 -16 -16 -17 -16 -17 -17 -17 -17 -17 -17 -17 -17 -17 -17 -17 -18 -18 -18 -18 -18 -18 -18 -18 -19 -19 -19 -19 -19 -19 -19 -19 -19 -19 -19 -19 -19 -19 -19 -19 -20 -20 -20 -20 -20 -20 -20 -20 -20 -20 -20 -20 -20 -20 -21 -21 -21 -21 -21 -21 -21 -21 -22 -22 -22 -22 -22 -22 -22 -22 -23 -23 -23 -23 -23 -23 -23 -23 -23 -23 -23 -23 -23 -23 -23 -24 -24 -23 -24 -24 -24 -24 -24 -24 -24 -24 -24 -24 -24 -25 -24 -25 -25 -25 -25 -25 -25 -25 -25 -25 -25 -25 -25 -25 -25 -25 -25 -25 -25 -25 -25 -25 -25 -25 -25 -25 -25 -26 -26 -26 -26 -26 -26 -26 -26 -26 -26 -26 -26 -26 -26 -26 -26 -26 -26 -26 -26 -26 -26 -26 -26 -26 -27 -27 -27 -27 -27 -27 -27 -27 -26 -26 -26 -26 -27 -27 -27 -26 -26 -26 -26 -26 -26 -26 -26 -26 -26 -26 -26 -26 -26 -26 -26 -26 -26 -26 -26 -26 -26 -26 -26 -26 -26 -26 -26 -26 -26 -26 -26 -26 -26 -26 -26 -26 -26 -26 -26 -26 -26 -26 -26 -26 -26 -27 -27 -26 -26 -25 -25 -25 -25 -25 -26 -26 -26 -26 -26 -25 -25 -25 -25 -25 -25 -26 -25 -25 -25 -25 -25 -25 -25 -25 -25 -25 -25 -25 -25 -25 -25 -25 -25 -25 -25 -24 -24 -24 -25 -25 -25 -25 -25 -25 -25 -25 -25 -24 -24 -24 -24 -24 -24 -24 -24 -24 -24 -24 -24 -24 -23 -23 -23 -23 -23 -24 -23 -23 -23 -24 -23 -23 -23 -23 -23 -24 -24 -23 -23 -23 -23 -24 -23 -23 -23 -22 -22 -22 -22 -22 -22 -23 -23 -23 -23 -23 -23 -23 -23 -23 -23 -23 -23 -22 -22 -22 -23 -22 -23 -23 -22 -22 -22 -22 -22 -21 -21 -21 -21 -21 -21 -21 -21 -21 -21 -21 -21 -21 -21 -21 -21 -21 -21 -21 -20 -21 -20 -20 -20 -20 -20 -20 -20 -20 -20 -20 -20 -20 -20 -20 -20 -20 -20 -20 -20 -14 -13 -13 -13 -13 -13 -13 -14 -14 -13 -13 -14 -14 -15 -14 -14 -14 -14 -14 -15 -15 -14 -14 -15 -15 -15 -15 -14 -14 -14 -14 -14 -15 -15 -15 -15 -16 -16 -16 -16 -16 -16 -16 -16 -17 -17 -17 -17 -17 -17 -17 -17 -17 -18 -18 -18 -18 -18 -18 -18 -18 -18 -18 -18 -19 -18 -18 -19 -19 -19 -19 -19 -19 -19 -19 -19 -19 -19 -20 -20 -20 -20 -20 -20 -20 -20 -20 -20 -20 -20 -20 -21 -21 -21 -21 -21 -21 -21 -21 -21 -22 -21 -21 -22 -22 -22 -22 -22 -23 -23 -23 -23 -23 -23 -23 -23 -23 -23 -23 -23 -23 -23 -23 -23 -23 -23 -23 -24 -24 -24 -24 -24 -24 -24 -24 -24 -24 -24 -24 -24 -24 -25 -25 -25 -25 -25 -25 -25 -25 -25 -25 -25 -25 -24 -24 -24 -25 -25 -25 -25 -25 -25 -25 -25 -25 -26 -26 -26 -26 -26 -26 -26 -26 -26 -26 -26 -26 -26 -26 -26 -26 -26 -26 -26 -26 -26 -26 -26 -26 -26 -26 -26 -26 -26 -26 -26 -26 -26 -26 -26 -26 -26 -26 -26 -26 -26 -26 -26 -26 -26 -26 -26 -26 -26 -26 -26 -26 -26 -26 -26 -26 -26 -26 -26 -26 -26 -26 -26 -26 -26 -26 -26 -26 -26 -26 -26 -26 -26 -26 -26 -26 -26 -26 -26 -26 -26 -26 -26 -26 -26 -26 -26 -26 -25 -25 -25 -25 -25 -25 -25 -25 -25 -25 -25 -25 -25 -25 -25 -25 -25 -25 -25 -25 -25 -25 -25 -25 -25 -25 -25 -25 -25 -25 -25 -25 -25 -25 -25 -25 -25 -24 -25 -25 -25 -25 -25 -25 -25 -24 -24 -24 -25 -24 -25 -24 -24 -24 -24 -24 -24 -24 -24 -24 -23 -23 -23 -23 -23 -23 -23 -23 -23 -23 -23 -24 -24 -23 -23 -23 -23 -23 -23 -23 -23 -23 -23 -23 -23 -23 -23 -22 -22 -22 -22 -22 -23 -23 -23 -23 -23 -23 -23 -23 -23 -23 -23 -23 -23 -22 -22 -23 -22 -22 -22 -22 -22 -21 -22 -22 -21 -21 -21 -21 -21 -21 -21 -21 -21 -21 -21 -21 -21 -21 -21 -21 -21 -20 -21 -20 -20 -20 -20 -20 -20 -20 -20 -20 -20 -20 -20 -20 -20 -20 -20 -20 -20 -20 -20 -20 -20 -13 -13 -13 -14 -13 -13 -14 -13 -13 -14 -14 -14 -14 -14 -14 -14 -14 -14 -15 -15 -14 -14 -15 -15 -15 -14 -14 -14 -14 -14 -14 -14 -14 -15 -15 -15 -16 -16 -16 -16 -16 -16 -16 -17 -17 -17 -16 -16 -16 -16 -17 -17 -18 -18 -18 -18 -18 -18 -18 -18 -18 -18 -18 -18 -18 -18 -18 -19 -19 -19 -19 -19 -19 -19 -19 -19 -19 -20 -20 -20 -19 -20 -20 -20 -20 -20 -20 -20 -20 -20 -20 -20 -21 -21 -21 -21 -21 -21 -21 -21 -21 -22 -22 -22 -22 -22 -22 -22 -22 -23 -22 -22 -23 -23 -23 -23 -23 -23 -23 -23 -23 -23 -23 -23 -23 -23 -24 -24 -24 -24 -24 -24 -24 -24 -24 -24 -24 -24 -24 -24 -24 -24 -25 -25 -25 -25 -25 -25 -25 -25 -25 -24 -24 -24 -24 -24 -24 -25 -25 -25 -25 -25 -25 -25 -25 -25 -26 -26 -26 -26 -26 -26 -26 -26 -26 -25 -25 -25 -26 -26 -26 -26 -26 -26 -26 -26 -26 -26 -26 -26 -26 -26 -26 -26 -26 -26 -26 -26 -26 -26 -26 -25 -25 -26 -26 -26 -26 -26 -26 -26 -26 -26 -26 -25 -25 -26 -26 -26 -26 -26 -26 -26 -26 -26 -26 -26 -26 -26 -26 -26 -26 -26 -26 -26 -26 -26 -26 -26 -26 -26 -26 -26 -26 -26 -26 -26 -26 -26 -26 -26 -26 -25 -25 -25 -25 -25 -25 -25 -25 -25 -25 -25 -25 -25 -25 -25 -25 -25 -25 -25 -25 -25 -25 -25 -25 -25 -25 -25 -25 -25 -25 -25 -25 -25 -25 -24 -25 -25 -25 -25 -25 -25 -25 -25 -25 -24 -24 -24 -24 -24 -25 -24 -24 -24 -24 -24 -24 -24 -24 -23 -23 -23 -23 -23 -23 -23 -23 -23 -23 -23 -23 -23 -23 -23 -24 -23 -24 -23 -23 -23 -23 -22 -22 -23 -23 -23 -22 -22 -22 -22 -22 -21 -21 -22 -23 -23 -23 -24 -24 -23 -23 -22 -22 -22 -23 -23 -23 -23 -22 -22 -22 -22 -22 -22 -21 -21 -22 -21 -21 -21 -21 -21 -21 -21 -21 -21 -21 -21 -21 -21 -21 -21 -21 -21 -20 -20 -20 -21 -20 -20 -20 -20 -20 -20 -20 -20 -20 -20 -20 -20 -20 -20 -20 -20 -20 -20 -20 -20 -20 -14 -14 -14 -14 -14 -14 -14 -14 -13 -14 -14 -14 -14 -13 -13 -14 -14 -14 -15 -14 -14 -14 -15 -15 -14 -14 -14 -14 -14 -14 -14 -14 -14 -14 -15 -15 -15 -16 -16 -16 -16 -16 -16 -16 -16 -17 -16 -16 -16 -16 -16 -17 -17 -17 -18 -18 -17 -17 -17 -17 -17 -17 -17 -17 -18 -18 -18 -18 -18 -18 -18 -19 -19 -19 -19 -19 -19 -19 -19 -19 -19 -19 -19 -20 -20 -20 -20 -20 -20 -20 -20 -20 -20 -21 -21 -21 -21 -21 -21 -21 -21 -22 -22 -22 -22 -22 -22 -22 -22 -22 -22 -22 -22 -22 -22 -22 -22 -22 -22 -22 -23 -23 -23 -23 -23 -23 -23 -23 -23 -24 -24 -24 -24 -24 -24 -24 -24 -24 -24 -24 -24 -24 -24 -24 -24 -24 -24 -24 -24 -24 -24 -24 -24 -24 -24 -24 -24 -24 -24 -25 -25 -25 -25 -24 -24 -25 -25 -26 -26 -25 -25 -25 -26 -26 -25 -25 -25 -25 -25 -25 -25 -25 -25 -26 -26 -26 -26 -26 -26 -26 -26 -26 -26 -26 -26 -26 -26 -26 -26 -26 -26 -25 -25 -25 -25 -25 -26 -26 -26 -25 -25 -25 -25 -25 -25 -25 -25 -25 -25 -25 -25 -26 -26 -26 -25 -25 -25 -25 -26 -26 -26 -26 -26 -26 -25 -25 -25 -25 -25 -25 -25 -25 -25 -25 -25 -26 -26 -26 -26 -26 -26 -25 -25 -25 -25 -25 -25 -25 -25 -25 -25 -25 -25 -25 -25 -25 -25 -25 -25 -25 -25 -25 -25 -25 -25 -25 -25 -25 -25 -25 -25 -25 -25 -25 -24 -24 -25 -25 -25 -25 -25 -25 -25 -25 -25 -24 -24 -24 -24 -24 -24 -24 -24 -24 -24 -24 -24 -24 -24 -24 -23 -23 -23 -23 -23 -23 -23 -23 -23 -23 -23 -22 -22 -23 -23 -23 -23 -23 -23 -22 -22 -22 -22 -22 -22 -23 -22 -22 -22 -22 -22 -22 -21 -22 -22 -22 -22 -23 -24 -23 -23 -22 -22 -22 -22 -22 -22 -22 -22 -22 -22 -22 -22 -21 -21 -21 -21 -22 -21 -21 -21 -21 -21 -21 -21 -21 -21 -21 -21 -21 -21 -21 -21 -21 -21 -20 -20 -20 -20 -20 -20 -20 -20 -20 -20 -20 -20 -20 -20 -20 -20 -20 -20 -20 -20 -20 -20 -20 -19 -19 -19 -19 -19 -14 -14 -14 -14 -14 -14 -14 -14 -13 -13 -13 -14 -14 -14 -14 -14 -14 -13 -14 -14 -15 -14 -14 -14 -14 -14 -14 -14 -14 -14 -14 -14 -14 -14 -14 -15 -15 -16 -16 -16 -16 -16 -16 -16 -16 -16 -16 -16 -16 -16 -17 -17 -17 -17 -17 -17 -17 -17 -17 -17 -17 -17 -17 -18 -18 -18 -18 -18 -18 -19 -19 -19 -19 -19 -19 -19 -19 -19 -19 -19 -19 -19 -20 -20 -20 -20 -20 -20 -20 -20 -20 -20 -20 -20 -20 -21 -21 -21 -21 -21 -22 -22 -22 -22 -22 -22 -22 -22 -22 -22 -22 -22 -22 -22 -22 -22 -22 -22 -22 -22 -22 -23 -23 -23 -23 -23 -23 -23 -23 -23 -23 -23 -23 -23 -24 -24 -24 -24 -24 -24 -24 -24 -24 -24 -24 -24 -24 -24 -23 -23 -24 -24 -24 -24 -24 -24 -24 -24 -24 -24 -24 -24 -24 -25 -25 -25 -25 -25 -25 -25 -25 -25 -25 -25 -25 -25 -25 -25 -25 -25 -25 -26 -26 -26 -25 -25 -25 -25 -25 -25 -25 -26 -26 -26 -26 -26 -26 -26 -25 -25 -25 -25 -25 -25 -25 -25 -25 -25 -25 -25 -25 -25 -25 -25 -25 -25 -25 -25 -25 -25 -25 -25 -25 -25 -25 -25 -25 -26 -26 -25 -25 -25 -25 -25 -25 -25 -25 -25 -25 -25 -25 -25 -25 -25 -26 -26 -26 -26 -25 -25 -25 -25 -25 -25 -25 -25 -25 -25 -24 -24 -25 -24 -25 -25 -25 -25 -25 -25 -24 -24 -24 -25 -25 -25 -25 -24 -25 -25 -25 -25 -25 -24 -24 -25 -25 -25 -25 -25 -24 -24 -25 -24 -24 -24 -24 -23 -24 -24 -24 -24 -24 -24 -24 -24 -24 -23 -24 -23 -23 -23 -23 -23 -23 -23 -23 -23 -23 -23 -23 -22 -22 -23 -22 -22 -22 -22 -22 -22 -22 -22 -22 -22 -22 -22 -22 -22 -22 -22 -21 -21 -21 -21 -21 -22 -23 -23 -23 -22 -22 -22 -22 -22 -22 -22 -22 -22 -22 -22 -22 -22 -21 -21 -21 -21 -21 -21 -21 -21 -21 -21 -21 -20 -20 -20 -20 -20 -20 -20 -20 -21 -20 -20 -20 -20 -20 -20 -20 -20 -20 -20 -20 -20 -19 -20 -20 -20 -20 -20 -20 -20 -20 -20 -20 -19 -19 -19 -19 -19 -19 -19 -19 -19 -19 -19 -19 -18 -18 -18 -14 -14 -13 -14 -13 -13 -13 -14 -14 -14 -14 -14 -14 -14 -14 -14 -14 -13 -13 -14 -14 -14 -14 -14 -14 -14 -14 -14 -14 -14 -14 -14 -15 -15 -15 -15 -16 -16 -15 -16 -16 -16 -16 -16 -16 -16 -16 -16 -17 -17 -17 -17 -17 -17 -17 -17 -17 -17 -17 -18 -18 -18 -18 -18 -18 -18 -18 -18 -18 -19 -19 -19 -19 -19 -19 -19 -19 -19 -19 -19 -20 -20 -20 -20 -20 -20 -20 -20 -20 -20 -20 -20 -20 -20 -21 -21 -21 -21 -21 -21 -21 -22 -22 -22 -22 -22 -22 -22 -22 -22 -22 -22 -22 -22 -22 -22 -22 -22 -22 -23 -23 -23 -23 -23 -23 -23 -23 -23 -23 -23 -23 -23 -23 -24 -24 -24 -24 -24 -24 -24 -24 -24 -24 -24 -23 -23 -24 -24 -24 -24 -24 -24 -24 -24 -24 -24 -24 -24 -24 -24 -24 -24 -25 -25 -25 -25 -25 -25 -25 -25 -25 -25 -25 -25 -25 -25 -25 -25 -25 -25 -25 -25 -25 -25 -25 -25 -25 -25 -25 -25 -25 -25 -25 -25 -25 -25 -25 -25 -25 -25 -25 -25 -25 -25 -25 -25 -25 -25 -25 -25 -25 -25 -25 -25 -25 -25 -25 -25 -25 -25 -25 -25 -25 -25 -25 -25 -25 -25 -25 -25 -25 -25 -25 -25 -25 -25 -25 -25 -25 -25 -25 -25 -25 -25 -25 -25 -25 -25 -25 -25 -25 -25 -25 -24 -24 -24 -24 -24 -25 -25 -25 -24 -24 -24 -24 -24 -24 -24 -24 -24 -24 -24 -25 -25 -25 -25 -25 -25 -25 -25 -25 -25 -25 -24 -24 -25 -25 -25 -24 -24 -24 -24 -24 -24 -24 -24 -24 -23 -24 -24 -24 -23 -23 -24 -23 -23 -23 -23 -23 -23 -23 -23 -23 -23 -23 -22 -22 -22 -22 -22 -22 -22 -22 -22 -23 -22 -22 -22 -22 -22 -22 -22 -22 -22 -21 -21 -21 -21 -21 -22 -23 -23 -23 -22 -22 -22 -22 -22 -22 -22 -22 -22 -22 -21 -21 -21 -21 -21 -20 -21 -21 -21 -21 -21 -21 -21 -21 -20 -20 -20 -20 -20 -20 -20 -20 -20 -20 -20 -20 -20 -20 -19 -19 -20 -20 -20 -20 -20 -20 -20 -20 -20 -20 -20 -20 -20 -20 -19 -19 -19 -19 -19 -19 -19 -19 -19 -19 -19 -19 -18 -18 -18 -18 -18 -18 -14 -13 -13 -13 -14 -14 -14 -14 -14 -14 -14 -14 -14 -13 -14 -14 -13 -14 -14 -14 -15 -14 -14 -14 -14 -14 -13 -14 -14 -14 -15 -15 -15 -15 -16 -16 -15 -16 -16 -16 -16 -16 -16 -16 -16 -16 -17 -17 -17 -17 -17 -17 -17 -17 -17 -17 -17 -17 -18 -18 -18 -18 -18 -18 -18 -18 -19 -19 -19 -19 -19 -19 -19 -19 -19 -19 -19 -19 -20 -20 -20 -20 -20 -20 -20 -20 -20 -20 -20 -20 -21 -21 -21 -21 -21 -21 -21 -21 -21 -21 -21 -21 -22 -22 -22 -22 -22 -22 -22 -22 -22 -22 -22 -22 -22 -23 -23 -23 -23 -23 -23 -23 -23 -23 -23 -23 -23 -23 -23 -23 -23 -23 -23 -23 -24 -24 -24 -24 -24 -23 -23 -23 -24 -24 -24 -24 -24 -24 -23 -23 -24 -23 -23 -24 -24 -24 -24 -24 -24 -24 -24 -25 -25 -25 -25 -25 -25 -25 -25 -25 -25 -25 -25 -25 -25 -25 -25 -25 -25 -25 -25 -25 -25 -25 -25 -25 -25 -25 -25 -25 -25 -25 -25 -25 -25 -25 -25 -25 -25 -25 -25 -25 -25 -25 -25 -25 -25 -25 -25 -25 -25 -25 -25 -25 -25 -25 -25 -25 -25 -25 -25 -25 -25 -25 -25 -25 -25 -25 -25 -25 -25 -25 -25 -25 -25 -25 -25 -25 -25 -24 -24 -24 -24 -24 -24 -24 -25 -25 -24 -24 -24 -24 -24 -24 -24 -24 -24 -24 -24 -24 -24 -24 -24 -24 -24 -24 -24 -25 -25 -25 -24 -24 -25 -25 -25 -25 -25 -25 -24 -24 -24 -25 -24 -24 -24 -24 -24 -24 -24 -24 -24 -23 -23 -23 -24 -23 -23 -23 -23 -23 -23 -23 -23 -23 -23 -23 -23 -23 -23 -23 -22 -22 -22 -22 -22 -22 -22 -22 -22 -22 -22 -22 -22 -22 -22 -22 -22 -22 -22 -22 -21 -21 -21 -21 -22 -23 -23 -22 -22 -21 -22 -22 -22 -21 -22 -21 -21 -22 -21 -21 -21 -21 -21 -21 -21 -21 -21 -21 -21 -21 -21 -20 -20 -20 -20 -20 -20 -20 -20 -20 -20 -20 -20 -20 -20 -19 -19 -19 -20 -20 -20 -20 -20 -20 -20 -20 -20 -20 -20 -20 -20 -20 -19 -19 -19 -19 -19 -19 -19 -19 -19 -19 -18 -18 -18 -18 -18 -18 -18 -18 -18 -14 -14 -14 -14 -14 -14 -13 -13 -14 -14 -13 -14 -14 -14 -14 -14 -14 -13 -13 -14 -14 -14 -14 -14 -14 -14 -14 -14 -14 -15 -15 -15 -15 -16 -16 -16 -16 -15 -16 -16 -16 -17 -16 -16 -17 -17 -17 -17 -17 -17 -17 -17 -17 -17 -17 -17 -17 -17 -17 -18 -18 -19 -19 -18 -19 -19 -19 -19 -19 -19 -19 -19 -19 -19 -19 -19 -19 -20 -20 -20 -20 -20 -20 -20 -20 -21 -21 -21 -21 -21 -21 -21 -21 -21 -21 -21 -21 -21 -22 -22 -22 -22 -22 -22 -22 -22 -22 -22 -22 -22 -22 -22 -22 -23 -23 -23 -23 -23 -23 -23 -23 -23 -23 -23 -23 -23 -23 -23 -23 -24 -24 -24 -24 -23 -23 -23 -23 -23 -23 -23 -23 -23 -23 -23 -23 -23 -23 -23 -23 -23 -24 -23 -23 -23 -23 -24 -25 -25 -24 -24 -24 -25 -25 -25 -25 -25 -25 -25 -25 -25 -25 -25 -25 -25 -25 -25 -25 -25 -25 -25 -25 -25 -25 -24 -24 -25 -25 -25 -24 -24 -24 -24 -24 -24 -24 -25 -25 -25 -25 -24 -24 -24 -25 -25 -25 -25 -25 -25 -25 -25 -25 -25 -25 -25 -25 -25 -25 -25 -25 -25 -25 -25 -25 -25 -25 -25 -25 -25 -25 -25 -25 -25 -25 -24 -24 -24 -24 -24 -24 -24 -24 -24 -24 -24 -24 -24 -24 -24 -24 -24 -24 -24 -24 -24 -24 -24 -24 -24 -24 -25 -25 -25 -24 -24 -24 -23 -24 -25 -25 -25 -25 -25 -24 -24 -24 -25 -24 -24 -24 -24 -23 -23 -23 -24 -23 -23 -23 -23 -23 -23 -23 -23 -23 -23 -23 -23 -23 -23 -23 -22 -22 -23 -22 -22 -22 -22 -22 -22 -22 -22 -22 -21 -22 -22 -22 -22 -22 -22 -22 -22 -21 -22 -22 -22 -21 -21 -21 -21 -22 -22 -22 -22 -22 -22 -22 -22 -21 -21 -21 -21 -21 -21 -21 -21 -21 -20 -20 -21 -21 -21 -21 -21 -21 -21 -20 -20 -20 -20 -20 -20 -20 -20 -20 -20 -20 -20 -20 -19 -19 -19 -19 -19 -19 -20 -20 -20 -20 -20 -20 -19 -19 -19 -19 -20 -20 -20 -19 -19 -19 -19 -19 -19 -19 -19 -19 -18 -18 -18 -18 -18 -18 -18 -18 -18 -18 -14 -14 -14 -14 -13 -13 -13 -14 -14 -14 -14 -13 -13 -13 -13 -13 -14 -15 -14 -14 -14 -15 -15 -14 -14 -13 -13 -13 -13 -14 -15 -16 -16 -15 -15 -15 -15 -16 -16 -16 -16 -16 -16 -17 -17 -16 -16 -16 -16 -16 -17 -17 -17 -18 -18 -17 -18 -18 -18 -18 -18 -18 -19 -19 -19 -19 -19 -19 -19 -19 -19 -19 -19 -19 -19 -19 -19 -19 -19 -19 -20 -20 -20 -20 -20 -20 -20 -21 -21 -21 -21 -21 -21 -21 -21 -21 -21 -21 -21 -21 -21 -21 -21 -21 -22 -22 -22 -22 -22 -22 -22 -22 -22 -22 -23 -23 -23 -23 -23 -23 -23 -23 -23 -23 -23 -23 -23 -23 -23 -23 -23 -23 -23 -23 -23 -23 -23 -23 -23 -23 -23 -23 -23 -23 -23 -23 -23 -23 -23 -23 -23 -23 -23 -24 -24 -24 -24 -24 -24 -24 -24 -25 -24 -24 -25 -25 -25 -25 -25 -25 -25 -25 -25 -25 -25 -25 -25 -25 -25 -25 -25 -24 -24 -24 -24 -24 -24 -24 -24 -24 -24 -24 -24 -24 -24 -24 -24 -24 -24 -24 -24 -24 -24 -24 -24 -24 -25 -25 -25 -25 -25 -25 -25 -24 -24 -24 -24 -24 -24 -24 -24 -24 -24 -24 -25 -25 -25 -25 -25 -25 -25 -24 -24 -24 -24 -24 -24 -24 -24 -24 -24 -24 -24 -24 -24 -24 -24 -24 -24 -24 -24 -24 -24 -24 -24 -24 -24 -24 -24 -24 -24 -24 -23 -24 -24 -24 -25 -25 -25 -24 -24 -24 -24 -25 -24 -24 -24 -24 -23 -23 -23 -23 -23 -23 -23 -23 -23 -23 -23 -23 -23 -23 -23 -23 -23 -23 -23 -22 -23 -22 -22 -22 -22 -22 -22 -22 -22 -22 -22 -21 -21 -21 -21 -22 -22 -22 -22 -21 -21 -21 -21 -22 -21 -21 -21 -21 -22 -22 -22 -22 -22 -22 -21 -21 -21 -21 -21 -21 -21 -21 -21 -21 -21 -21 -20 -19 -20 -21 -21 -21 -21 -21 -20 -20 -20 -20 -20 -20 -20 -20 -20 -20 -20 -20 -20 -19 -19 -19 -19 -19 -19 -19 -20 -20 -20 -20 -19 -19 -19 -19 -19 -20 -20 -19 -19 -19 -19 -19 -19 -19 -19 -18 -18 -18 -18 -18 -18 -18 -18 -18 -18 -18 -18 -14 -13 -12 -13 -13 -13 -14 -13 -13 -13 -13 -13 -12 -13 -13 -14 -15 -14 -14 -14 -14 -15 -14 -14 -14 -14 -13 -13 -13 -14 -15 -15 -15 -15 -14 -15 -16 -16 -16 -16 -16 -16 -16 -16 -16 -16 -16 -16 -16 -17 -17 -17 -17 -17 -17 -17 -17 -17 -17 -18 -18 -18 -18 -18 -18 -19 -18 -18 -18 -19 -19 -19 -19 -19 -19 -19 -19 -19 -19 -20 -20 -20 -20 -20 -20 -21 -21 -21 -21 -21 -21 -21 -21 -21 -21 -21 -21 -21 -21 -21 -21 -21 -21 -21 -21 -21 -22 -22 -22 -22 -22 -22 -22 -22 -22 -22 -22 -22 -22 -23 -23 -23 -23 -23 -23 -23 -23 -23 -23 -23 -23 -23 -23 -23 -23 -23 -23 -23 -23 -23 -23 -23 -23 -23 -23 -23 -23 -23 -23 -23 -23 -24 -24 -24 -24 -23 -24 -24 -24 -24 -24 -24 -24 -24 -24 -24 -25 -25 -25 -25 -25 -25 -25 -25 -25 -25 -25 -25 -25 -24 -24 -24 -24 -24 -24 -24 -24 -24 -24 -25 -25 -24 -24 -24 -24 -24 -24 -24 -24 -24 -24 -24 -24 -24 -24 -24 -24 -24 -24 -24 -24 -24 -24 -24 -24 -24 -24 -24 -24 -24 -24 -24 -24 -24 -25 -25 -25 -25 -24 -24 -24 -23 -24 -24 -24 -24 -24 -24 -24 -24 -24 -24 -24 -24 -24 -24 -24 -24 -24 -24 -24 -24 -24 -24 -24 -24 -24 -23 -24 -24 -24 -24 -24 -24 -24 -24 -24 -24 -24 -24 -24 -24 -24 -24 -24 -24 -23 -23 -23 -23 -23 -23 -23 -23 -23 -23 -23 -23 -23 -23 -23 -23 -23 -23 -23 -23 -23 -22 -22 -22 -22 -21 -22 -22 -22 -21 -21 -21 -21 -21 -21 -21 -21 -22 -22 -21 -21 -21 -21 -21 -21 -21 -21 -21 -22 -22 -22 -22 -22 -21 -21 -21 -21 -21 -21 -21 -21 -21 -21 -21 -21 -21 -20 -20 -19 -20 -21 -21 -21 -21 -20 -20 -20 -20 -20 -20 -20 -20 -20 -20 -20 -19 -19 -19 -19 -19 -19 -19 -19 -19 -19 -19 -19 -19 -19 -19 -19 -19 -19 -20 -20 -19 -19 -19 -19 -19 -19 -19 -18 -18 -18 -18 -18 -18 -18 -18 -18 -18 -18 -18 -18 -13 -13 -13 -13 -13 -13 -13 -13 -13 -13 -13 -13 -13 -13 -14 -14 -13 -13 -13 -13 -13 -14 -14 -14 -14 -14 -14 -13 -13 -14 -14 -14 -14 -14 -14 -15 -15 -16 -16 -16 -16 -15 -15 -15 -16 -16 -16 -17 -17 -16 -16 -16 -16 -17 -17 -17 -17 -17 -17 -17 -17 -18 -18 -18 -18 -18 -18 -18 -18 -18 -18 -18 -18 -18 -19 -19 -19 -19 -20 -20 -20 -20 -20 -20 -20 -20 -20 -20 -21 -21 -21 -21 -21 -21 -21 -21 -21 -21 -21 -21 -21 -21 -21 -21 -21 -21 -22 -22 -22 -22 -22 -22 -22 -22 -22 -22 -22 -22 -22 -22 -23 -23 -23 -23 -23 -23 -23 -23 -22 -22 -22 -22 -23 -23 -23 -23 -23 -23 -23 -23 -23 -23 -23 -23 -23 -23 -23 -23 -23 -23 -23 -23 -23 -23 -23 -24 -24 -24 -24 -24 -24 -24 -24 -24 -24 -24 -24 -24 -24 -24 -24 -25 -24 -24 -24 -24 -25 -25 -24 -24 -24 -24 -24 -24 -24 -24 -24 -24 -24 -24 -24 -24 -24 -24 -24 -24 -24 -24 -24 -24 -24 -24 -24 -24 -24 -24 -24 -24 -24 -24 -24 -24 -24 -24 -24 -24 -24 -24 -24 -24 -24 -24 -24 -24 -24 -24 -24 -24 -24 -24 -23 -24 -24 -24 -24 -24 -23 -23 -23 -23 -23 -24 -23 -23 -24 -24 -24 -24 -24 -24 -24 -23 -23 -24 -24 -23 -23 -23 -23 -24 -24 -24 -24 -24 -23 -24 -24 -24 -24 -24 -24 -24 -24 -23 -23 -23 -23 -23 -23 -23 -23 -23 -23 -23 -23 -23 -23 -23 -23 -23 -23 -23 -22 -22 -23 -22 -22 -22 -22 -22 -22 -22 -22 -22 -22 -21 -21 -21 -21 -21 -21 -22 -21 -21 -21 -21 -21 -21 -21 -21 -21 -21 -21 -21 -22 -22 -22 -22 -21 -21 -21 -21 -20 -20 -20 -21 -21 -21 -20 -21 -21 -21 -20 -20 -20 -20 -20 -20 -20 -21 -20 -20 -20 -20 -20 -19 -19 -19 -19 -19 -19 -19 -19 -19 -19 -19 -19 -19 -19 -19 -19 -19 -19 -19 -19 -19 -19 -19 -20 -20 -19 -19 -19 -19 -19 -18 -18 -18 -18 -18 -18 -18 -18 -18 -18 -18 -18 -18 -18 -13 -12 -12 -12 -12 -12 -13 -13 -13 -13 -13 -13 -13 -13 -13 -13 -13 -13 -13 -13 -12 -12 -13 -13 -14 -14 -14 -13 -13 -13 -13 -13 -13 -14 -14 -14 -15 -15 -15 -15 -15 -15 -15 -16 -16 -16 -16 -16 -16 -16 -16 -16 -16 -16 -16 -16 -16 -17 -17 -17 -17 -18 -18 -18 -18 -18 -18 -18 -18 -18 -18 -18 -18 -18 -18 -19 -19 -19 -19 -19 -19 -20 -20 -20 -20 -20 -20 -20 -20 -20 -20 -20 -20 -21 -21 -21 -21 -21 -21 -21 -21 -21 -21 -21 -21 -21 -22 -22 -22 -22 -21 -22 -22 -22 -22 -22 -22 -22 -22 -22 -22 -22 -22 -22 -23 -23 -23 -22 -22 -22 -22 -22 -22 -22 -22 -23 -23 -23 -22 -23 -23 -23 -23 -22 -22 -23 -23 -23 -23 -23 -23 -23 -23 -23 -23 -23 -23 -24 -24 -24 -24 -24 -24 -24 -24 -24 -24 -24 -24 -24 -24 -24 -24 -24 -24 -24 -24 -24 -24 -23 -23 -24 -24 -24 -24 -24 -24 -24 -24 -24 -24 -24 -24 -24 -24 -24 -24 -24 -24 -24 -24 -24 -24 -24 -24 -24 -24 -24 -24 -24 -24 -24 -24 -24 -24 -24 -24 -24 -24 -24 -24 -24 -24 -24 -24 -24 -24 -24 -24 -24 -23 -24 -23 -24 -23 -23 -23 -23 -23 -23 -23 -23 -23 -23 -23 -23 -23 -24 -24 -23 -23 -23 -23 -23 -23 -23 -23 -23 -23 -23 -23 -24 -24 -24 -23 -24 -24 -24 -24 -24 -24 -24 -24 -23 -23 -23 -23 -23 -23 -23 -23 -23 -23 -23 -23 -23 -23 -23 -23 -23 -22 -22 -22 -22 -22 -22 -22 -22 -22 -22 -22 -21 -21 -21 -21 -21 -21 -21 -21 -21 -21 -21 -21 -21 -21 -21 -21 -21 -21 -21 -21 -21 -20 -21 -22 -22 -22 -21 -21 -21 -20 -20 -20 -21 -21 -21 -20 -20 -20 -20 -20 -20 -20 -20 -19 -19 -20 -20 -20 -20 -20 -20 -20 -20 -19 -19 -19 -19 -19 -19 -19 -19 -19 -19 -19 -19 -19 -19 -19 -19 -19 -19 -19 -19 -19 -19 -19 -19 -20 -20 -19 -19 -19 -19 -18 -18 -18 -18 -18 -18 -18 -18 -18 -18 -18 -18 -18 -18 -18 -13 -12 -12 -12 -11 -12 -12 -13 -13 -13 -13 -13 -13 -13 -13 -13 -12 -12 -12 -13 -12 -12 -12 -12 -12 -13 -13 -14 -14 -14 -13 -14 -13 -14 -14 -14 -14 -14 -15 -15 -14 -15 -15 -15 -16 -16 -16 -16 -16 -16 -15 -15 -15 -16 -16 -16 -16 -16 -16 -17 -17 -17 -17 -17 -17 -17 -17 -18 -18 -18 -18 -18 -18 -18 -18 -18 -18 -18 -18 -19 -19 -19 -19 -19 -19 -19 -19 -20 -20 -20 -20 -20 -20 -20 -20 -20 -21 -21 -21 -21 -21 -21 -21 -21 -21 -21 -21 -21 -21 -21 -22 -22 -22 -22 -22 -22 -22 -22 -22 -22 -22 -22 -22 -22 -22 -22 -22 -23 -22 -21 -22 -22 -22 -22 -22 -22 -22 -22 -22 -22 -22 -22 -22 -22 -22 -22 -22 -22 -22 -22 -23 -22 -22 -22 -23 -23 -23 -23 -23 -23 -24 -24 -24 -24 -24 -24 -23 -23 -24 -24 -24 -24 -24 -24 -24 -24 -24 -24 -24 -23 -23 -23 -23 -23 -23 -24 -24 -23 -24 -24 -24 -24 -24 -24 -24 -24 -24 -24 -24 -24 -24 -24 -24 -24 -24 -24 -24 -24 -24 -24 -24 -24 -24 -24 -24 -24 -24 -24 -24 -24 -24 -24 -24 -24 -24 -24 -24 -24 -24 -23 -23 -23 -23 -23 -23 -23 -23 -23 -23 -23 -23 -23 -23 -23 -23 -23 -23 -23 -23 -23 -23 -23 -23 -23 -23 -23 -22 -22 -23 -23 -23 -23 -23 -23 -23 -24 -23 -24 -24 -24 -24 -24 -24 -24 -23 -23 -23 -23 -23 -23 -23 -23 -23 -23 -23 -23 -23 -23 -23 -22 -22 -22 -22 -22 -22 -22 -22 -22 -22 -22 -22 -22 -21 -21 -21 -21 -21 -20 -21 -21 -21 -21 -21 -21 -21 -20 -20 -21 -21 -21 -21 -21 -21 -20 -21 -22 -22 -22 -21 -21 -20 -20 -20 -20 -21 -21 -21 -21 -20 -20 -20 -20 -20 -20 -19 -19 -19 -20 -20 -20 -20 -20 -20 -20 -20 -19 -19 -19 -19 -19 -19 -19 -19 -19 -19 -19 -19 -19 -19 -19 -19 -19 -19 -19 -19 -19 -19 -19 -19 -20 -19 -19 -19 -19 -18 -18 -18 -18 -18 -18 -18 -18 -18 -18 -18 -18 -18 -18 -17 -17 -12 -11 -12 -12 -12 -13 -12 -13 -12 -12 -12 -12 -12 -12 -13 -13 -13 -13 -13 -13 -13 -12 -12 -12 -13 -13 -13 -14 -14 -14 -14 -14 -13 -12 -13 -14 -14 -14 -14 -14 -15 -15 -15 -16 -15 -15 -15 -15 -16 -15 -15 -15 -15 -16 -16 -16 -16 -16 -17 -17 -17 -17 -17 -17 -17 -17 -18 -17 -17 -17 -17 -18 -18 -17 -18 -18 -18 -19 -19 -19 -19 -19 -19 -19 -19 -19 -19 -19 -20 -19 -19 -20 -20 -20 -20 -20 -20 -20 -21 -20 -21 -21 -21 -21 -21 -21 -21 -21 -21 -21 -21 -21 -21 -21 -22 -22 -22 -22 -22 -22 -22 -22 -22 -22 -22 -22 -22 -22 -21 -21 -22 -22 -22 -22 -22 -22 -22 -22 -22 -22 -22 -22 -22 -22 -22 -22 -22 -22 -22 -22 -22 -22 -23 -23 -23 -23 -23 -23 -23 -24 -23 -23 -23 -23 -23 -23 -23 -23 -23 -23 -24 -24 -24 -24 -24 -24 -24 -23 -23 -23 -23 -23 -23 -23 -24 -23 -23 -23 -23 -24 -23 -23 -24 -24 -24 -24 -24 -24 -24 -24 -24 -24 -24 -24 -24 -24 -24 -24 -24 -24 -24 -23 -23 -23 -23 -23 -24 -24 -24 -24 -24 -24 -24 -24 -24 -24 -24 -23 -23 -23 -23 -23 -23 -23 -23 -23 -23 -23 -23 -23 -23 -23 -23 -23 -23 -23 -23 -23 -23 -23 -23 -23 -23 -22 -22 -22 -22 -22 -23 -23 -23 -23 -23 -23 -23 -23 -23 -24 -24 -24 -24 -24 -23 -23 -23 -23 -23 -22 -22 -23 -23 -23 -23 -23 -23 -23 -23 -22 -22 -22 -22 -22 -22 -22 -22 -22 -22 -22 -22 -21 -21 -21 -21 -21 -21 -21 -20 -20 -21 -21 -21 -21 -21 -20 -20 -20 -20 -21 -20 -21 -20 -20 -20 -21 -22 -22 -22 -21 -21 -20 -20 -20 -21 -21 -21 -21 -20 -20 -20 -20 -20 -20 -19 -19 -20 -20 -20 -20 -20 -20 -20 -20 -20 -19 -19 -19 -19 -19 -19 -19 -19 -19 -19 -19 -19 -19 -19 -18 -18 -19 -19 -18 -18 -18 -19 -19 -19 -19 -19 -19 -19 -19 -18 -18 -18 -18 -18 -18 -18 -18 -18 -18 -18 -18 -18 -17 -17 -12 -11 -12 -12 -12 -12 -12 -12 -12 -11 -12 -12 -12 -12 -12 -12 -12 -12 -13 -13 -13 -13 -12 -11 -12 -12 -12 -13 -13 -13 -13 -13 -13 -12 -12 -13 -14 -14 -14 -14 -14 -15 -15 -15 -15 -15 -15 -15 -15 -15 -15 -15 -15 -15 -15 -16 -16 -16 -16 -17 -17 -16 -16 -17 -17 -17 -17 -17 -17 -17 -17 -17 -17 -17 -17 -17 -17 -18 -18 -18 -18 -18 -18 -19 -19 -19 -19 -19 -19 -19 -19 -20 -20 -20 -20 -20 -20 -20 -20 -20 -20 -20 -20 -21 -21 -21 -21 -21 -21 -21 -21 -21 -21 -21 -21 -21 -21 -21 -22 -21 -21 -22 -22 -21 -21 -22 -22 -21 -21 -21 -21 -21 -21 -22 -22 -21 -21 -21 -22 -22 -22 -21 -21 -22 -22 -22 -22 -22 -22 -22 -22 -22 -22 -23 -23 -23 -23 -23 -23 -23 -23 -23 -23 -23 -23 -23 -23 -23 -23 -23 -24 -23 -23 -24 -23 -24 -23 -23 -23 -23 -23 -23 -23 -23 -23 -23 -23 -23 -23 -23 -23 -23 -23 -23 -23 -23 -23 -23 -24 -24 -23 -23 -23 -23 -23 -23 -23 -24 -24 -24 -23 -23 -23 -23 -23 -23 -23 -24 -24 -24 -24 -24 -24 -24 -24 -24 -24 -23 -23 -23 -23 -23 -23 -23 -23 -23 -23 -23 -23 -23 -23 -23 -23 -23 -23 -23 -23 -23 -23 -23 -23 -23 -22 -22 -22 -22 -22 -22 -22 -22 -22 -22 -23 -23 -23 -23 -23 -24 -24 -24 -24 -24 -23 -22 -22 -22 -22 -22 -22 -22 -22 -22 -22 -23 -23 -23 -23 -23 -23 -22 -22 -22 -22 -22 -22 -22 -22 -22 -21 -21 -21 -21 -21 -21 -21 -21 -21 -20 -21 -21 -20 -21 -21 -20 -20 -20 -20 -20 -20 -20 -20 -20 -19 -21 -21 -22 -22 -21 -21 -20 -20 -20 -21 -21 -21 -21 -21 -20 -20 -20 -20 -20 -20 -19 -19 -19 -19 -20 -20 -20 -20 -20 -19 -19 -19 -19 -19 -19 -19 -19 -19 -19 -19 -19 -19 -19 -18 -18 -18 -18 -18 -18 -19 -19 -19 -19 -19 -19 -19 -19 -19 -19 -18 -18 -18 -18 -18 -18 -18 -18 -18 -18 -18 -18 -17 -11 -11 -11 -11 -11 -11 -11 -12 -12 -11 -11 -11 -11 -11 -11 -11 -11 -11 -12 -13 -13 -12 -12 -10 -10 -11 -11 -13 -13 -13 -12 -12 -12 -12 -12 -13 -14 -14 -14 -14 -14 -14 -14 -14 -14 -14 -14 -15 -14 -14 -15 -15 -15 -15 -15 -15 -15 -16 -16 -17 -16 -16 -16 -16 -16 -16 -16 -17 -17 -17 -17 -17 -17 -17 -17 -17 -17 -18 -18 -18 -18 -18 -18 -18 -18 -18 -18 -19 -19 -19 -19 -19 -19 -20 -20 -20 -19 -19 -19 -19 -20 -20 -20 -21 -21 -20 -20 -21 -21 -21 -21 -21 -21 -21 -21 -21 -21 -21 -21 -21 -21 -21 -21 -21 -21 -21 -21 -21 -21 -21 -21 -21 -21 -21 -22 -21 -21 -21 -21 -21 -21 -21 -22 -22 -22 -22 -22 -22 -22 -22 -22 -22 -22 -22 -22 -23 -23 -23 -23 -23 -23 -23 -23 -23 -23 -23 -23 -23 -23 -23 -23 -23 -23 -23 -23 -23 -23 -23 -23 -23 -23 -23 -23 -23 -23 -23 -23 -23 -23 -23 -23 -23 -23 -23 -23 -23 -23 -23 -23 -23 -23 -23 -23 -23 -23 -23 -23 -23 -23 -23 -23 -23 -23 -23 -23 -23 -23 -23 -23 -24 -24 -24 -24 -24 -24 -24 -24 -23 -23 -23 -23 -23 -23 -23 -23 -23 -23 -23 -23 -23 -23 -23 -23 -23 -22 -23 -23 -23 -23 -23 -23 -22 -22 -22 -22 -22 -22 -22 -22 -22 -22 -22 -23 -23 -22 -23 -23 -23 -24 -24 -23 -23 -22 -22 -22 -22 -22 -22 -22 -22 -22 -22 -22 -22 -22 -22 -22 -23 -23 -23 -23 -23 -23 -22 -22 -22 -22 -22 -21 -21 -21 -21 -21 -21 -21 -21 -21 -21 -21 -21 -20 -20 -20 -20 -20 -21 -20 -20 -20 -20 -20 -20 -20 -19 -20 -21 -21 -21 -21 -21 -20 -20 -20 -20 -20 -21 -20 -20 -20 -20 -20 -20 -20 -19 -19 -18 -19 -19 -19 -19 -19 -19 -19 -19 -19 -19 -19 -19 -19 -19 -19 -19 -19 -19 -19 -19 -19 -19 -19 -19 -19 -19 -19 -19 -19 -19 -19 -19 -19 -19 -19 -19 -19 -18 -18 -18 -18 -18 -18 -18 -18 -18 -17 -17 -11 -11 -11 -11 -11 -11 -11 -11 -11 -10 -11 -11 -11 -12 -12 -12 -12 -11 -11 -12 -12 -12 -11 -11 -11 -10 -10 -11 -13 -13 -13 -12 -12 -12 -12 -13 -13 -13 -13 -14 -14 -14 -13 -14 -13 -14 -14 -14 -14 -14 -14 -15 -14 -14 -15 -15 -15 -16 -16 -16 -16 -16 -16 -16 -16 -16 -16 -16 -17 -17 -17 -17 -17 -17 -17 -17 -17 -18 -18 -18 -18 -18 -18 -18 -18 -18 -19 -19 -19 -19 -19 -19 -19 -19 -19 -19 -19 -19 -19 -19 -20 -20 -21 -21 -20 -20 -20 -20 -20 -20 -21 -21 -21 -21 -21 -21 -21 -21 -21 -21 -21 -21 -21 -21 -21 -21 -21 -20 -20 -20 -21 -21 -21 -21 -21 -21 -21 -21 -21 -21 -21 -22 -22 -22 -22 -22 -22 -22 -22 -22 -22 -22 -22 -22 -22 -22 -22 -22 -22 -23 -23 -23 -23 -23 -23 -23 -23 -23 -23 -23 -23 -23 -23 -23 -23 -23 -23 -22 -22 -22 -23 -22 -22 -23 -23 -22 -22 -23 -23 -23 -23 -23 -23 -23 -23 -23 -23 -23 -23 -23 -23 -23 -23 -23 -23 -23 -23 -23 -23 -23 -23 -23 -23 -23 -23 -23 -23 -23 -23 -23 -23 -23 -23 -23 -23 -23 -23 -23 -23 -23 -23 -23 -23 -23 -23 -23 -23 -23 -23 -23 -23 -23 -23 -22 -22 -22 -23 -23 -22 -23 -22 -22 -22 -22 -22 -22 -22 -22 -22 -22 -22 -23 -23 -23 -22 -22 -23 -23 -23 -24 -24 -23 -22 -22 -21 -21 -21 -22 -22 -22 -22 -22 -22 -22 -22 -22 -22 -22 -22 -22 -22 -22 -22 -22 -22 -22 -22 -22 -22 -21 -21 -20 -21 -21 -21 -21 -21 -21 -21 -20 -20 -20 -20 -20 -20 -21 -21 -20 -20 -20 -20 -20 -20 -20 -19 -20 -21 -21 -21 -21 -20 -20 -19 -19 -20 -20 -20 -20 -20 -20 -20 -20 -20 -19 -19 -19 -19 -19 -19 -19 -19 -19 -19 -19 -19 -19 -19 -19 -19 -19 -19 -19 -18 -18 -18 -19 -19 -19 -19 -19 -19 -19 -19 -19 -19 -18 -18 -19 -19 -19 -19 -19 -19 -18 -18 -18 -18 -18 -18 -18 -18 -17 -17 -17 -11 -11 -11 -11 -11 -11 -10 -11 -11 -11 -12 -12 -11 -11 -10 -10 -10 -10 -11 -11 -11 -11 -11 -10 -10 -11 -12 -12 -12 -12 -12 -11 -11 -11 -11 -12 -13 -13 -14 -13 -13 -13 -13 -13 -14 -14 -14 -14 -14 -14 -14 -15 -15 -15 -15 -16 -16 -16 -16 -16 -16 -15 -15 -16 -16 -16 -16 -16 -17 -17 -17 -17 -16 -17 -17 -17 -17 -17 -17 -17 -18 -18 -18 -18 -18 -18 -18 -18 -18 -18 -18 -18 -19 -19 -20 -20 -20 -20 -20 -20 -20 -20 -20 -20 -20 -20 -20 -20 -20 -21 -21 -20 -20 -21 -21 -20 -21 -21 -21 -21 -21 -21 -21 -21 -20 -21 -20 -20 -20 -21 -21 -21 -20 -20 -21 -21 -21 -22 -22 -22 -22 -22 -22 -21 -22 -22 -22 -22 -22 -22 -22 -22 -22 -22 -22 -22 -22 -22 -23 -22 -22 -22 -22 -23 -23 -23 -23 -23 -22 -22 -22 -23 -23 -23 -22 -22 -22 -22 -22 -22 -22 -22 -22 -22 -22 -22 -22 -23 -23 -23 -23 -23 -23 -23 -23 -22 -23 -23 -23 -23 -23 -23 -23 -23 -23 -23 -23 -23 -23 -23 -23 -23 -23 -23 -23 -23 -23 -23 -23 -23 -23 -23 -23 -23 -22 -22 -22 -22 -22 -22 -22 -22 -23 -23 -22 -22 -23 -23 -22 -22 -22 -22 -22 -23 -22 -23 -23 -22 -22 -22 -22 -22 -22 -22 -22 -22 -22 -22 -22 -22 -22 -22 -23 -23 -23 -23 -24 -23 -22 -22 -22 -21 -21 -21 -22 -22 -22 -22 -22 -22 -22 -22 -22 -22 -22 -22 -21 -22 -22 -22 -22 -22 -21 -21 -21 -21 -21 -21 -20 -20 -21 -21 -21 -21 -20 -20 -20 -20 -20 -20 -20 -21 -20 -20 -21 -20 -20 -20 -20 -20 -20 -20 -19 -19 -20 -20 -20 -19 -19 -19 -19 -20 -20 -20 -20 -20 -20 -20 -20 -19 -19 -19 -19 -19 -18 -19 -19 -19 -19 -19 -19 -19 -18 -18 -18 -18 -18 -18 -18 -18 -18 -18 -18 -18 -18 -18 -18 -18 -18 -18 -18 -18 -18 -18 -18 -18 -19 -19 -18 -18 -18 -18 -18 -18 -18 -18 -18 -17 -17 -17 -11 -11 -11 -11 -11 -11 -11 -11 -11 -11 -11 -11 -10 -10 -10 -10 -10 -11 -11 -11 -10 -10 -10 -11 -10 -11 -11 -12 -11 -11 -11 -11 -11 -12 -13 -13 -13 -13 -12 -13 -13 -13 -13 -14 -14 -14 -14 -14 -14 -14 -14 -14 -15 -15 -15 -16 -16 -16 -15 -15 -15 -15 -15 -15 -15 -15 -16 -16 -16 -16 -16 -16 -17 -17 -17 -17 -18 -18 -18 -18 -18 -18 -18 -18 -18 -18 -18 -18 -19 -19 -19 -20 -19 -19 -20 -20 -19 -19 -20 -20 -20 -20 -20 -20 -20 -20 -20 -20 -21 -20 -20 -20 -20 -20 -20 -20 -21 -21 -21 -21 -21 -21 -21 -21 -21 -20 -20 -20 -20 -20 -20 -20 -21 -21 -21 -21 -21 -21 -21 -21 -21 -21 -21 -22 -22 -22 -22 -22 -22 -22 -22 -22 -22 -22 -22 -22 -23 -22 -22 -22 -22 -22 -22 -22 -22 -22 -22 -22 -22 -23 -22 -23 -22 -22 -22 -22 -22 -22 -22 -22 -22 -22 -22 -22 -22 -22 -22 -22 -22 -22 -22 -22 -22 -22 -22 -23 -23 -23 -23 -22 -23 -23 -23 -23 -23 -23 -23 -23 -23 -23 -23 -23 -23 -23 -23 -23 -23 -23 -23 -23 -23 -23 -22 -22 -22 -22 -22 -22 -22 -22 -22 -22 -22 -22 -22 -22 -22 -22 -22 -22 -22 -22 -22 -22 -22 -22 -22 -22 -22 -22 -22 -22 -22 -22 -22 -22 -22 -22 -22 -22 -23 -23 -23 -23 -23 -23 -22 -21 -21 -21 -21 -22 -22 -22 -21 -21 -22 -22 -22 -22 -22 -22 -22 -22 -22 -21 -21 -21 -21 -21 -21 -21 -20 -20 -21 -20 -20 -20 -21 -20 -21 -20 -20 -20 -20 -20 -20 -20 -20 -20 -21 -20 -20 -21 -20 -20 -20 -20 -20 -20 -20 -19 -19 -19 -20 -20 -19 -19 -19 -20 -20 -20 -20 -20 -20 -20 -19 -19 -19 -19 -19 -19 -18 -18 -19 -19 -19 -19 -19 -19 -19 -18 -18 -18 -18 -18 -18 -18 -18 -18 -18 -18 -18 -18 -18 -18 -18 -18 -18 -18 -18 -18 -18 -18 -18 -18 -18 -18 -18 -18 -18 -18 -18 -18 -17 -17 -11 -11 -11 -11 -10 -11 -11 -10 -11 -11 -11 -10 -10 -10 -10 -11 -10 -10 -9 -9 -9 -10 -10 -10 -10 -10 -10 -10 -10 -10 -10 -11 -12 -12 -12 -12 -13 -13 -13 -12 -12 -13 -13 -13 -14 -13 -13 -13 -13 -13 -14 -14 -14 -14 -15 -15 -16 -15 -15 -15 -15 -14 -15 -15 -15 -15 -16 -16 -17 -17 -17 -17 -18 -18 -17 -18 -17 -18 -18 -18 -18 -17 -18 -17 -17 -18 -18 -19 -19 -19 -19 -19 -19 -19 -20 -20 -19 -19 -20 -20 -20 -20 -20 -20 -20 -20 -20 -21 -21 -20 -20 -20 -20 -20 -20 -20 -20 -21 -21 -21 -21 -20 -21 -21 -20 -20 -20 -20 -20 -20 -20 -20 -21 -21 -21 -21 -21 -21 -21 -21 -21 -21 -22 -22 -22 -22 -22 -22 -22 -22 -22 -22 -22 -23 -23 -23 -23 -23 -22 -22 -22 -22 -22 -22 -22 -22 -23 -23 -23 -23 -23 -22 -23 -23 -23 -22 -22 -22 -23 -23 -23 -23 -23 -23 -23 -23 -23 -23 -23 -23 -23 -23 -23 -23 -23 -23 -23 -23 -23 -23 -23 -23 -23 -23 -23 -23 -23 -23 -24 -23 -23 -23 -24 -23 -23 -24 -24 -24 -23 -23 -24 -23 -23 -23 -23 -23 -23 -23 -23 -23 -23 -23 -23 -23 -23 -23 -23 -23 -23 -23 -23 -23 -23 -23 -23 -23 -22 -22 -22 -22 -23 -23 -23 -23 -23 -23 -22 -22 -23 -24 -23 -24 -24 -24 -23 -23 -22 -22 -22 -22 -22 -22 -22 -22 -22 -22 -21 -21 -22 -22 -22 -22 -22 -22 -22 -22 -21 -20 -20 -20 -20 -20 -20 -21 -20 -20 -20 -21 -20 -20 -21 -20 -20 -20 -20 -20 -20 -21 -21 -21 -21 -21 -21 -21 -21 -21 -20 -20 -20 -21 -20 -20 -19 -20 -20 -20 -20 -20 -20 -20 -20 -20 -20 -20 -20 -20 -19 -19 -19 -19 -19 -19 -18 -19 -19 -19 -19 -19 -19 -19 -19 -19 -19 -19 -18 -18 -18 -18 -18 -18 -18 -18 -18 -18 -18 -18 -18 -18 -18 -18 -18 -18 -18 -18 -18 -18 -18 -18 -18 -18 -18 -18 -18 -17 -17 -11 -11 -10 -10 -10 -10 -11 -11 -11 -11 -10 -9 -9 -9 -10 -10 -10 -9 -9 -9 -10 -10 -10 -10 -10 -10 -10 -10 -10 -10 -10 -11 -11 -11 -12 -12 -12 -12 -12 -12 -12 -13 -13 -13 -13 -13 -13 -13 -13 -13 -13 -14 -14 -14 -15 -15 -15 -15 -15 -15 -14 -14 -15 -15 -15 -16 -16 -16 -16 -16 -17 -17 -17 -17 -17 -17 -17 -18 -18 -18 -18 -18 -17 -17 -18 -18 -18 -18 -19 -19 -19 -19 -20 -20 -20 -20 -20 -20 -20 -20 -20 -20 -19 -19 -19 -20 -20 -20 -20 -21 -20 -20 -20 -20 -20 -20 -21 -21 -21 -21 -20 -20 -20 -21 -21 -20 -21 -20 -20 -20 -21 -21 -20 -20 -20 -21 -21 -20 -20 -21 -21 -22 -22 -22 -22 -22 -22 -22 -22 -22 -22 -22 -22 -22 -22 -23 -22 -22 -22 -22 -22 -22 -22 -22 -22 -22 -22 -22 -22 -22 -22 -22 -22 -22 -22 -22 -22 -22 -22 -22 -22 -22 -23 -23 -23 -23 -23 -23 -23 -23 -23 -23 -23 -23 -23 -23 -23 -23 -23 -23 -23 -23 -23 -23 -23 -23 -23 -23 -23 -23 -23 -23 -23 -23 -23 -23 -23 -23 -23 -23 -23 -23 -23 -23 -23 -23 -23 -23 -23 -23 -23 -23 -23 -23 -23 -23 -23 -23 -23 -23 -23 -23 -23 -22 -23 -22 -22 -22 -22 -23 -23 -23 -23 -23 -23 -23 -22 -23 -23 -23 -24 -23 -23 -23 -23 -22 -22 -22 -21 -21 -21 -21 -21 -21 -21 -21 -21 -21 -21 -22 -21 -21 -21 -21 -21 -21 -21 -20 -20 -20 -20 -21 -21 -20 -20 -20 -20 -20 -20 -20 -20 -20 -20 -20 -20 -20 -21 -21 -21 -20 -20 -20 -21 -21 -21 -21 -20 -20 -20 -20 -20 -20 -20 -20 -20 -20 -19 -19 -20 -20 -20 -20 -20 -20 -20 -19 -19 -19 -19 -19 -19 -19 -18 -19 -19 -19 -19 -19 -19 -19 -19 -19 -19 -18 -18 -18 -18 -18 -18 -18 -18 -18 -18 -18 -18 -18 -18 -18 -18 -18 -18 -18 -18 -18 -18 -18 -18 -18 -18 -18 -18 -18 -17 -17 -17 -10 -10 -10 -10 -10 -11 -10 -10 -10 -10 -10 -10 -11 -10 -10 -9 -9 -10 -10 -9 -10 -9 -10 -10 -10 -10 -10 -10 -10 -11 -11 -11 -11 -11 -11 -11 -12 -12 -12 -12 -12 -12 -12 -12 -12 -13 -13 -13 -13 -14 -14 -15 -15 -14 -14 -15 -15 -15 -15 -15 -15 -15 -15 -16 -15 -15 -15 -15 -16 -16 -17 -16 -17 -17 -17 -17 -17 -17 -18 -17 -17 -18 -18 -18 -18 -18 -18 -18 -18 -18 -18 -18 -18 -18 -19 -19 -19 -19 -19 -19 -19 -19 -19 -19 -19 -20 -20 -20 -20 -20 -20 -20 -20 -20 -20 -20 -20 -20 -20 -20 -20 -20 -20 -20 -20 -20 -20 -20 -20 -20 -20 -20 -20 -20 -20 -20 -21 -21 -21 -21 -21 -21 -22 -22 -22 -22 -22 -22 -22 -21 -22 -22 -22 -22 -22 -22 -22 -22 -22 -22 -22 -22 -22 -22 -22 -22 -22 -22 -22 -22 -22 -22 -22 -22 -22 -22 -22 -22 -22 -22 -22 -23 -23 -23 -23 -23 -23 -23 -23 -23 -23 -23 -23 -23 -23 -23 -23 -23 -23 -23 -23 -23 -23 -23 -23 -23 -23 -23 -23 -23 -23 -23 -23 -23 -23 -23 -23 -22 -22 -23 -22 -22 -22 -22 -23 -23 -23 -23 -23 -23 -23 -23 -23 -23 -23 -23 -23 -23 -23 -23 -23 -23 -22 -22 -22 -22 -23 -22 -23 -22 -22 -22 -23 -22 -22 -23 -23 -23 -23 -23 -23 -22 -22 -21 -21 -21 -21 -20 -20 -20 -20 -20 -21 -21 -20 -21 -21 -21 -21 -21 -21 -20 -20 -21 -20 -20 -21 -21 -21 -21 -20 -20 -20 -20 -20 -20 -20 -20 -20 -20 -20 -20 -20 -20 -21 -20 -20 -20 -20 -20 -20 -21 -21 -21 -21 -20 -20 -21 -21 -20 -20 -20 -20 -20 -19 -19 -19 -20 -20 -20 -20 -19 -19 -19 -19 -19 -19 -19 -19 -19 -19 -19 -19 -19 -19 -19 -19 -18 -19 -18 -18 -18 -18 -18 -18 -18 -18 -18 -18 -18 -18 -18 -18 -18 -18 -18 -18 -18 -18 -18 -17 -17 -17 -17 -18 -18 -17 -17 -17 -17 -17 -10 -10 -10 -10 -10 -10 -11 -11 -10 -10 -10 -10 -10 -10 -10 -10 -10 -10 -9 -10 -10 -10 -10 -10 -10 -10 -10 -10 -10 -10 -10 -10 -10 -10 -11 -12 -12 -12 -12 -12 -12 -12 -13 -13 -13 -13 -14 -14 -14 -14 -13 -14 -15 -14 -14 -15 -15 -14 -14 -14 -14 -15 -15 -15 -15 -15 -16 -16 -16 -16 -17 -17 -17 -17 -17 -17 -18 -17 -17 -17 -17 -17 -17 -17 -17 -17 -17 -17 -17 -17 -17 -17 -18 -18 -18 -18 -18 -19 -19 -19 -19 -19 -19 -20 -20 -20 -20 -20 -20 -20 -20 -20 -20 -20 -20 -19 -20 -19 -20 -20 -20 -20 -19 -19 -19 -19 -20 -20 -19 -20 -19 -19 -20 -20 -20 -20 -21 -21 -21 -21 -21 -21 -22 -22 -22 -22 -21 -21 -21 -21 -21 -22 -21 -21 -21 -21 -22 -21 -21 -21 -21 -22 -22 -22 -21 -22 -21 -21 -22 -22 -22 -22 -22 -22 -22 -22 -22 -22 -22 -23 -23 -23 -22 -22 -23 -23 -23 -23 -23 -22 -23 -23 -23 -23 -23 -23 -23 -23 -23 -23 -23 -23 -23 -23 -23 -23 -23 -23 -23 -23 -23 -23 -23 -23 -22 -22 -22 -22 -22 -22 -22 -22 -22 -22 -22 -22 -22 -22 -22 -22 -22 -22 -22 -23 -23 -23 -23 -22 -22 -22 -22 -22 -22 -22 -23 -23 -22 -22 -22 -23 -22 -22 -22 -22 -22 -22 -22 -22 -22 -22 -21 -21 -21 -20 -20 -20 -20 -20 -20 -20 -20 -20 -20 -20 -20 -20 -20 -20 -20 -21 -21 -20 -20 -20 -20 -20 -20 -20 -20 -20 -20 -20 -20 -20 -20 -20 -20 -20 -19 -19 -20 -20 -20 -20 -20 -20 -20 -20 -20 -21 -20 -20 -20 -20 -20 -21 -20 -20 -20 -20 -20 -20 -19 -19 -19 -20 -20 -20 -19 -19 -19 -19 -18 -19 -19 -19 -19 -19 -19 -19 -19 -19 -19 -19 -18 -18 -18 -18 -18 -18 -18 -18 -18 -18 -18 -18 -18 -18 -18 -18 -18 -18 -18 -18 -18 -18 -18 -18 -17 -17 -17 -17 -17 -17 -17 -17 -17 -17 -10 -10 -9 -10 -10 -10 -10 -9 -8 -8 -9 -9 -8 -9 -9 -9 -9 -9 -9 -9 -9 -9 -10 -10 -10 -10 -10 -10 -10 -10 -10 -10 -10 -10 -11 -12 -12 -12 -12 -12 -12 -12 -13 -13 -13 -14 -14 -13 -13 -13 -14 -14 -14 -14 -14 -15 -14 -14 -14 -14 -14 -14 -14 -14 -14 -15 -15 -15 -15 -16 -16 -16 -17 -17 -17 -17 -17 -17 -17 -17 -17 -17 -17 -16 -16 -16 -17 -17 -17 -17 -17 -17 -18 -18 -18 -18 -19 -19 -19 -19 -19 -19 -19 -20 -20 -20 -20 -19 -20 -20 -19 -20 -20 -19 -20 -20 -19 -19 -19 -19 -19 -19 -19 -19 -19 -18 -18 -19 -19 -19 -20 -20 -21 -21 -20 -21 -21 -21 -21 -21 -21 -21 -21 -22 -21 -21 -21 -21 -21 -21 -21 -21 -21 -21 -21 -21 -22 -21 -21 -21 -21 -21 -21 -21 -21 -21 -21 -21 -22 -22 -22 -22 -22 -22 -22 -22 -22 -22 -22 -23 -22 -22 -22 -23 -23 -23 -23 -22 -22 -22 -23 -23 -23 -23 -23 -23 -23 -23 -23 -23 -23 -23 -23 -23 -23 -23 -23 -23 -23 -23 -23 -23 -23 -22 -22 -22 -22 -22 -22 -22 -22 -22 -22 -22 -22 -22 -22 -22 -22 -22 -22 -22 -22 -22 -23 -22 -22 -22 -22 -22 -22 -22 -22 -23 -22 -22 -23 -22 -22 -22 -22 -22 -22 -22 -22 -22 -22 -21 -21 -21 -20 -20 -20 -20 -20 -20 -20 -20 -20 -20 -20 -20 -20 -20 -20 -19 -20 -20 -21 -20 -20 -20 -20 -20 -20 -20 -20 -20 -20 -20 -20 -20 -20 -20 -20 -19 -19 -19 -19 -20 -20 -20 -21 -20 -20 -20 -20 -20 -21 -20 -20 -20 -20 -20 -21 -21 -21 -20 -20 -20 -19 -20 -19 -19 -19 -19 -19 -20 -19 -19 -19 -18 -18 -19 -19 -19 -19 -19 -19 -19 -19 -19 -19 -18 -18 -18 -18 -18 -18 -18 -18 -18 -18 -18 -18 -18 -18 -18 -18 -18 -18 -18 -18 -18 -18 -18 -18 -17 -18 -18 -17 -17 -17 -17 -17 -17 -17 -10 -10 -9 -9 -10 -9 -9 -10 -9 -9 -8 -8 -8 -8 -8 -9 -9 -9 -9 -9 -9 -9 -9 -9 -10 -10 -10 -10 -11 -10 -10 -10 -10 -10 -10 -11 -11 -11 -11 -12 -12 -12 -13 -13 -13 -13 -13 -13 -13 -13 -13 -12 -13 -13 -13 -14 -14 -14 -14 -13 -13 -13 -13 -13 -14 -14 -14 -14 -14 -15 -15 -15 -15 -16 -16 -16 -17 -17 -17 -16 -16 -16 -16 -16 -16 -16 -16 -17 -17 -17 -17 -17 -17 -17 -18 -18 -18 -18 -18 -18 -19 -19 -18 -18 -19 -19 -19 -19 -19 -19 -19 -19 -19 -20 -19 -19 -19 -19 -19 -19 -19 -19 -19 -19 -19 -19 -19 -19 -19 -19 -18 -19 -20 -20 -20 -21 -21 -20 -20 -20 -20 -21 -21 -21 -21 -21 -21 -20 -20 -20 -20 -20 -21 -21 -21 -21 -21 -21 -21 -21 -21 -21 -21 -21 -21 -21 -21 -21 -21 -21 -21 -21 -21 -22 -22 -22 -22 -22 -22 -22 -22 -22 -22 -22 -22 -22 -23 -22 -22 -22 -22 -22 -22 -22 -22 -22 -22 -22 -22 -23 -23 -23 -23 -23 -23 -23 -23 -23 -23 -23 -22 -23 -23 -23 -22 -22 -22 -22 -22 -22 -22 -22 -22 -22 -22 -22 -22 -22 -22 -22 -22 -22 -22 -22 -22 -22 -22 -22 -22 -22 -22 -22 -22 -22 -22 -22 -22 -22 -22 -22 -22 -22 -22 -22 -22 -22 -21 -21 -21 -21 -20 -20 -20 -20 -19 -19 -19 -19 -19 -19 -19 -19 -19 -19 -20 -20 -20 -20 -20 -20 -20 -20 -20 -20 -20 -20 -20 -20 -20 -20 -20 -20 -20 -20 -20 -19 -19 -19 -20 -20 -20 -20 -20 -21 -21 -20 -20 -20 -20 -20 -20 -20 -20 -20 -20 -20 -20 -21 -21 -20 -20 -19 -19 -19 -19 -18 -19 -19 -19 -19 -19 -19 -19 -18 -18 -19 -19 -19 -19 -19 -19 -19 -19 -19 -18 -18 -18 -18 -18 -18 -18 -18 -18 -18 -18 -18 -18 -18 -18 -18 -18 -18 -18 -18 -18 -18 -18 -17 -18 -18 -18 -18 -18 -17 -17 -17 -17 -17 -10 -9 -9 -8 -9 -9 -9 -9 -9 -9 -9 -8 -8 -8 -8 -9 -9 -9 -9 -9 -9 -9 -10 -11 -10 -11 -11 -10 -10 -10 -10 -10 -11 -10 -10 -10 -10 -11 -12 -12 -12 -12 -12 -12 -13 -12 -12 -12 -12 -12 -12 -13 -13 -13 -13 -13 -14 -13 -13 -13 -13 -13 -13 -13 -14 -14 -14 -15 -14 -14 -15 -15 -15 -16 -16 -16 -16 -16 -15 -16 -16 -16 -16 -16 -16 -17 -17 -17 -17 -17 -17 -17 -18 -17 -17 -18 -18 -18 -18 -18 -18 -18 -18 -19 -19 -19 -19 -19 -19 -19 -19 -19 -19 -19 -18 -18 -18 -18 -18 -19 -19 -19 -19 -19 -19 -19 -18 -18 -19 -19 -19 -20 -20 -20 -20 -19 -20 -20 -20 -20 -20 -20 -21 -21 -20 -20 -20 -20 -20 -20 -21 -21 -21 -21 -21 -21 -21 -21 -21 -21 -21 -21 -21 -21 -21 -21 -21 -21 -21 -21 -21 -21 -22 -22 -22 -22 -22 -22 -22 -22 -22 -22 -22 -22 -22 -22 -22 -22 -22 -22 -22 -22 -22 -22 -22 -22 -22 -23 -23 -23 -22 -22 -23 -23 -23 -23 -22 -22 -22 -23 -23 -22 -22 -22 -22 -22 -22 -22 -22 -22 -22 -22 -22 -22 -22 -22 -22 -22 -22 -22 -22 -22 -22 -22 -22 -22 -22 -22 -22 -22 -22 -22 -22 -22 -22 -22 -22 -22 -22 -22 -22 -22 -22 -22 -22 -22 -21 -21 -21 -21 -20 -20 -20 -19 -19 -19 -19 -19 -19 -19 -19 -20 -20 -20 -20 -20 -19 -19 -20 -20 -19 -19 -19 -19 -19 -19 -20 -20 -20 -20 -20 -20 -20 -20 -20 -20 -20 -20 -20 -20 -20 -20 -20 -20 -20 -20 -20 -20 -20 -20 -20 -19 -20 -20 -20 -20 -20 -20 -19 -19 -19 -19 -19 -19 -19 -19 -19 -19 -19 -19 -18 -18 -19 -19 -19 -19 -19 -19 -19 -19 -19 -18 -18 -18 -18 -18 -18 -18 -18 -18 -18 -18 -18 -18 -19 -19 -19 -18 -18 -18 -18 -18 -18 -18 -17 -17 -17 -17 -17 -18 -17 -17 -17 -17 -9 -9 -9 -9 -8 -9 -10 -10 -10 -9 -9 -10 -9 -8 -8 -8 -8 -8 -8 -9 -9 -9 -9 -10 -10 -11 -10 -10 -10 -10 -10 -10 -10 -10 -10 -10 -10 -10 -11 -11 -11 -11 -12 -12 -12 -12 -12 -12 -12 -12 -13 -13 -13 -13 -13 -13 -13 -13 -13 -13 -13 -13 -13 -14 -14 -14 -14 -14 -14 -14 -14 -14 -15 -15 -15 -15 -15 -15 -15 -15 -15 -16 -16 -16 -16 -16 -16 -17 -17 -17 -17 -17 -18 -17 -17 -17 -18 -18 -18 -18 -18 -18 -18 -18 -19 -18 -19 -19 -19 -19 -19 -18 -18 -18 -18 -18 -18 -18 -18 -18 -18 -18 -19 -19 -18 -19 -18 -18 -19 -19 -19 -19 -19 -19 -19 -19 -19 -20 -20 -20 -19 -20 -20 -20 -20 -20 -20 -20 -20 -20 -20 -20 -21 -21 -21 -21 -21 -21 -21 -21 -21 -21 -21 -21 -21 -21 -21 -21 -21 -21 -21 -21 -21 -21 -21 -22 -22 -22 -22 -22 -22 -22 -22 -22 -22 -22 -22 -22 -22 -22 -22 -22 -22 -22 -22 -22 -22 -22 -22 -22 -22 -22 -22 -22 -22 -22 -22 -22 -22 -22 -22 -22 -22 -22 -22 -22 -22 -21 -22 -22 -22 -22 -22 -22 -22 -22 -22 -22 -22 -22 -22 -22 -22 -22 -22 -22 -22 -22 -21 -22 -22 -22 -22 -22 -22 -22 -22 -22 -22 -22 -22 -22 -22 -22 -23 -22 -22 -22 -22 -22 -22 -21 -21 -20 -20 -20 -19 -20 -20 -20 -19 -20 -20 -19 -19 -19 -19 -19 -19 -19 -19 -19 -19 -19 -19 -19 -19 -19 -19 -19 -20 -20 -21 -21 -21 -20 -20 -20 -20 -20 -20 -20 -20 -20 -20 -20 -20 -20 -20 -20 -20 -20 -20 -20 -20 -20 -20 -20 -20 -20 -19 -19 -19 -19 -19 -19 -19 -19 -19 -18 -18 -18 -18 -19 -19 -19 -19 -19 -19 -19 -19 -19 -18 -18 -18 -18 -18 -18 -18 -18 -18 -18 -18 -18 -18 -18 -19 -18 -18 -18 -18 -18 -18 -18 -17 -17 -17 -17 -17 -17 -17 -17 -17 -17 -9 -9 -9 -9 -9 -9 -9 -8 -8 -9 -10 -10 -9 -10 -10 -9 -9 -8 -8 -9 -9 -10 -10 -10 -9 -9 -9 -9 -9 -9 -10 -10 -10 -10 -10 -11 -11 -11 -11 -11 -11 -11 -11 -12 -12 -12 -12 -12 -12 -13 -13 -13 -12 -12 -12 -12 -12 -13 -12 -12 -13 -13 -14 -14 -14 -14 -14 -14 -14 -14 -14 -14 -14 -14 -15 -15 -15 -15 -15 -15 -15 -16 -15 -15 -16 -16 -16 -16 -16 -16 -17 -17 -17 -17 -17 -17 -17 -18 -18 -17 -18 -18 -18 -18 -18 -18 -18 -18 -18 -18 -17 -18 -18 -18 -17 -18 -18 -18 -18 -18 -18 -18 -18 -18 -18 -18 -19 -19 -19 -19 -19 -19 -19 -19 -19 -19 -19 -19 -19 -19 -20 -20 -20 -20 -20 -20 -20 -20 -20 -20 -20 -21 -21 -21 -21 -21 -21 -21 -21 -21 -21 -21 -21 -20 -20 -21 -21 -21 -21 -21 -21 -21 -21 -21 -21 -21 -21 -22 -22 -22 -22 -22 -22 -22 -21 -21 -22 -22 -22 -22 -22 -22 -22 -22 -22 -22 -22 -22 -22 -22 -22 -22 -22 -22 -22 -22 -22 -22 -22 -22 -21 -21 -22 -22 -22 -21 -21 -22 -22 -22 -22 -21 -21 -21 -22 -22 -22 -22 -22 -22 -22 -22 -22 -22 -22 -22 -22 -21 -21 -22 -22 -22 -22 -22 -22 -22 -22 -22 -22 -22 -22 -21 -21 -22 -22 -22 -22 -22 -22 -21 -21 -21 -20 -20 -20 -20 -20 -20 -19 -19 -19 -19 -20 -19 -19 -19 -19 -18 -18 -18 -18 -18 -18 -18 -18 -19 -19 -19 -19 -19 -20 -21 -21 -21 -20 -20 -20 -20 -20 -20 -20 -20 -20 -20 -19 -19 -19 -19 -20 -20 -20 -20 -20 -20 -20 -20 -20 -20 -20 -19 -19 -19 -19 -19 -19 -19 -19 -19 -18 -18 -18 -18 -18 -18 -18 -18 -19 -19 -19 -19 -18 -18 -18 -18 -18 -18 -18 -18 -18 -18 -18 -18 -18 -18 -18 -18 -18 -18 -18 -18 -18 -18 -18 -18 -17 -17 -17 -17 -17 -17 -17 -17 -17 -17 -9 -9 -9 -8 -8 -9 -9 -8 -9 -10 -10 -9 -10 -10 -10 -10 -10 -10 -9 -9 -9 -10 -10 -10 -10 -10 -10 -10 -9 -10 -9 -9 -9 -10 -10 -11 -11 -11 -11 -11 -11 -11 -11 -12 -12 -12 -12 -12 -12 -12 -12 -12 -12 -13 -13 -13 -13 -12 -12 -13 -13 -13 -14 -14 -14 -14 -13 -14 -14 -14 -14 -14 -14 -15 -15 -15 -15 -15 -15 -15 -15 -15 -15 -15 -16 -16 -15 -15 -16 -16 -17 -17 -17 -17 -17 -17 -17 -17 -17 -17 -17 -17 -17 -18 -18 -17 -18 -18 -18 -17 -17 -17 -17 -17 -17 -17 -18 -18 -18 -18 -18 -18 -18 -18 -18 -18 -19 -19 -18 -18 -19 -19 -19 -19 -19 -19 -19 -19 -20 -20 -20 -20 -20 -20 -20 -20 -20 -20 -20 -20 -20 -21 -21 -21 -21 -21 -21 -21 -20 -20 -20 -20 -20 -20 -20 -21 -21 -21 -21 -21 -21 -21 -21 -21 -21 -21 -21 -21 -22 -22 -22 -21 -21 -21 -21 -21 -22 -22 -21 -21 -22 -22 -22 -22 -22 -22 -22 -22 -22 -22 -22 -22 -22 -22 -22 -22 -22 -22 -22 -21 -21 -21 -21 -21 -21 -21 -22 -22 -22 -22 -21 -21 -21 -21 -21 -21 -21 -21 -21 -22 -21 -21 -22 -22 -22 -21 -21 -21 -22 -22 -22 -22 -22 -22 -22 -22 -22 -21 -22 -22 -22 -21 -21 -20 -21 -22 -22 -22 -22 -21 -21 -20 -20 -20 -20 -20 -20 -20 -19 -19 -19 -20 -19 -19 -20 -20 -19 -18 -18 -18 -18 -18 -18 -18 -18 -18 -18 -18 -19 -20 -20 -21 -21 -21 -20 -20 -20 -20 -20 -20 -20 -20 -20 -20 -19 -19 -19 -19 -19 -20 -20 -20 -19 -19 -19 -20 -19 -19 -19 -19 -19 -19 -19 -19 -19 -19 -19 -18 -18 -18 -18 -18 -18 -18 -18 -18 -18 -19 -19 -18 -18 -18 -18 -18 -18 -18 -18 -18 -18 -18 -18 -18 -19 -18 -18 -18 -18 -18 -18 -18 -18 -18 -18 -17 -17 -18 -18 -17 -17 -17 -17 -17 -17 -9 -9 -9 -9 -9 -9 -8 -9 -10 -10 -10 -9 -10 -10 -10 -10 -10 -9 -8 -9 -9 -10 -10 -10 -10 -10 -10 -9 -9 -9 -9 -9 -9 -10 -10 -11 -11 -11 -11 -11 -11 -11 -11 -11 -12 -12 -12 -12 -12 -12 -12 -12 -12 -13 -13 -12 -12 -12 -13 -13 -13 -13 -13 -13 -13 -13 -13 -13 -13 -14 -14 -14 -14 -15 -15 -15 -15 -15 -15 -15 -15 -15 -15 -15 -15 -15 -15 -15 -15 -16 -17 -17 -17 -17 -17 -17 -17 -17 -17 -17 -17 -17 -17 -17 -17 -17 -17 -17 -17 -17 -17 -17 -17 -17 -17 -17 -18 -18 -18 -18 -18 -18 -18 -17 -18 -18 -19 -18 -18 -18 -18 -18 -19 -19 -19 -19 -19 -19 -19 -19 -19 -19 -19 -19 -20 -20 -20 -20 -20 -20 -20 -20 -20 -20 -20 -21 -21 -21 -20 -20 -20 -20 -20 -20 -20 -20 -20 -21 -21 -21 -21 -21 -21 -21 -21 -21 -21 -21 -22 -21 -21 -21 -21 -21 -21 -21 -21 -21 -21 -21 -21 -21 -21 -21 -21 -21 -22 -22 -22 -22 -22 -22 -22 -22 -22 -22 -22 -22 -21 -21 -21 -21 -21 -21 -21 -22 -21 -21 -21 -21 -21 -21 -21 -21 -21 -21 -21 -21 -21 -21 -21 -21 -21 -21 -21 -21 -21 -21 -21 -21 -22 -22 -22 -22 -22 -21 -21 -21 -22 -22 -21 -21 -21 -21 -21 -21 -20 -20 -20 -21 -20 -21 -20 -20 -20 -20 -20 -20 -20 -20 -20 -20 -20 -19 -19 -19 -18 -18 -18 -18 -19 -18 -18 -18 -18 -18 -18 -18 -19 -19 -20 -21 -20 -20 -20 -19 -19 -19 -20 -20 -20 -20 -20 -19 -19 -19 -19 -19 -19 -20 -20 -20 -19 -19 -19 -19 -19 -20 -20 -19 -19 -19 -19 -19 -19 -18 -18 -18 -18 -18 -18 -18 -18 -18 -18 -18 -19 -18 -18 -18 -18 -18 -18 -18 -18 -18 -18 -18 -18 -18 -19 -19 -18 -18 -18 -18 -18 -18 -18 -18 -18 -18 -18 -17 -18 -18 -17 -17 -17 -17 -16 -16 -9 -8 -9 -10 -9 -10 -10 -9 -9 -9 -9 -8 -8 -9 -9 -10 -10 -9 -9 -9 -9 -9 -9 -9 -9 -10 -10 -10 -10 -10 -10 -11 -11 -11 -11 -11 -11 -11 -12 -11 -11 -12 -12 -12 -12 -12 -12 -12 -12 -12 -12 -13 -13 -13 -13 -13 -13 -13 -13 -13 -13 -13 -13 -14 -14 -14 -14 -14 -15 -15 -15 -15 -15 -15 -15 -15 -15 -15 -15 -15 -15 -15 -15 -16 -16 -16 -17 -17 -17 -17 -17 -17 -17 -17 -17 -17 -17 -17 -17 -17 -17 -16 -16 -17 -17 -17 -17 -17 -17 -17 -18 -18 -18 -18 -18 -18 -18 -18 -18 -18 -18 -18 -18 -18 -18 -18 -19 -19 -19 -19 -19 -19 -19 -19 -19 -19 -19 -19 -19 -19 -20 -20 -20 -20 -20 -20 -20 -20 -20 -21 -21 -20 -20 -20 -20 -20 -20 -20 -20 -20 -20 -20 -20 -20 -20 -21 -21 -21 -21 -21 -21 -21 -21 -21 -21 -21 -21 -21 -21 -21 -21 -21 -21 -21 -21 -21 -21 -21 -22 -22 -22 -22 -22 -22 -22 -22 -22 -22 -22 -22 -22 -21 -21 -21 -21 -21 -21 -21 -21 -21 -21 -21 -21 -21 -21 -21 -21 -21 -21 -21 -21 -21 -21 -21 -21 -21 -21 -21 -21 -21 -21 -21 -21 -22 -21 -21 -21 -22 -21 -21 -21 -21 -21 -21 -21 -22 -22 -21 -21 -21 -20 -20 -19 -20 -20 -20 -20 -20 -20 -20 -20 -20 -20 -19 -19 -19 -19 -19 -19 -18 -18 -18 -18 -18 -18 -18 -18 -18 -18 -18 -18 -18 -19 -20 -21 -20 -20 -20 -19 -19 -19 -19 -20 -20 -20 -20 -19 -19 -20 -19 -19 -19 -19 -19 -19 -19 -19 -19 -19 -19 -19 -19 -19 -19 -19 -19 -19 -19 -18 -18 -18 -18 -18 -18 -18 -18 -18 -18 -18 -18 -18 -18 -18 -18 -18 -18 -18 -18 -17 -18 -18 -18 -18 -18 -18 -18 -18 -18 -18 -18 -18 -18 -18 -18 -18 -18 -18 -18 -17 -17 -17 -16 -16 -16 -16 -16 -8 -9 -10 -10 -9 -9 -8 -8 -9 -9 -8 -8 -8 -9 -9 -10 -9 -9 -8 -9 -9 -9 -9 -9 -9 -9 -10 -9 -10 -10 -10 -10 -10 -10 -10 -10 -11 -11 -11 -11 -11 -11 -11 -11 -12 -12 -12 -12 -12 -12 -12 -13 -13 -13 -13 -13 -13 -13 -13 -13 -13 -13 -13 -13 -13 -14 -14 -15 -15 -15 -15 -15 -15 -15 -15 -15 -15 -15 -15 -15 -15 -15 -15 -15 -16 -16 -16 -17 -17 -17 -17 -17 -17 -17 -17 -17 -17 -17 -17 -17 -16 -16 -17 -17 -17 -17 -17 -17 -17 -17 -17 -17 -17 -17 -17 -18 -18 -18 -18 -18 -18 -18 -18 -19 -18 -18 -19 -19 -19 -19 -19 -19 -19 -19 -19 -19 -19 -19 -19 -19 -19 -19 -19 -19 -19 -20 -20 -20 -20 -20 -20 -20 -20 -20 -20 -20 -20 -20 -20 -20 -20 -20 -20 -20 -20 -20 -20 -21 -21 -21 -21 -21 -21 -21 -21 -21 -21 -21 -21 -21 -21 -21 -21 -21 -22 -22 -22 -22 -21 -21 -22 -22 -21 -21 -22 -22 -22 -22 -22 -22 -21 -21 -21 -21 -21 -21 -21 -21 -21 -21 -21 -21 -21 -21 -21 -21 -21 -21 -21 -21 -21 -21 -21 -21 -21 -21 -21 -21 -21 -21 -21 -21 -21 -21 -21 -21 -21 -21 -21 -21 -21 -20 -21 -21 -21 -21 -21 -21 -21 -20 -20 -20 -20 -19 -19 -20 -19 -19 -19 -19 -19 -19 -20 -19 -18 -18 -18 -19 -19 -18 -18 -18 -18 -18 -18 -18 -18 -18 -18 -18 -18 -19 -20 -21 -20 -20 -20 -20 -19 -19 -19 -19 -19 -19 -20 -20 -20 -20 -19 -19 -19 -19 -19 -19 -19 -19 -19 -19 -19 -19 -19 -19 -19 -19 -19 -19 -19 -18 -18 -18 -18 -19 -18 -18 -18 -18 -18 -19 -18 -18 -18 -18 -18 -18 -18 -18 -18 -18 -18 -18 -18 -18 -18 -18 -18 -18 -18 -18 -18 -18 -18 -17 -17 -17 -17 -17 -17 -17 -17 -16 -16 -16 -16 -9 -9 -9 -9 -10 -9 -9 -9 -9 -9 -8 -8 -8 -8 -9 -9 -9 -9 -8 -8 -8 -9 -9 -9 -9 -9 -9 -9 -9 -9 -10 -10 -10 -10 -10 -10 -10 -10 -11 -11 -11 -11 -11 -11 -11 -11 -12 -12 -12 -11 -12 -12 -12 -12 -13 -13 -13 -13 -13 -13 -13 -13 -13 -13 -13 -13 -14 -14 -14 -14 -14 -14 -15 -15 -15 -15 -15 -15 -15 -15 -15 -15 -15 -15 -15 -16 -16 -16 -17 -17 -17 -17 -17 -17 -17 -17 -17 -17 -17 -17 -16 -16 -16 -17 -17 -17 -17 -17 -17 -17 -17 -17 -17 -17 -17 -17 -17 -18 -18 -18 -18 -18 -18 -18 -18 -18 -19 -18 -18 -18 -18 -18 -18 -18 -19 -19 -19 -19 -19 -19 -19 -19 -19 -19 -19 -19 -19 -19 -20 -20 -20 -20 -20 -20 -20 -20 -20 -20 -20 -20 -20 -20 -20 -20 -20 -20 -20 -20 -21 -21 -20 -20 -21 -20 -20 -20 -21 -21 -21 -21 -21 -21 -21 -21 -21 -21 -21 -21 -21 -21 -22 -22 -21 -21 -22 -22 -22 -22 -22 -22 -21 -21 -21 -21 -21 -21 -21 -21 -21 -21 -21 -21 -21 -21 -21 -21 -21 -21 -21 -21 -21 -21 -21 -21 -21 -21 -21 -21 -21 -21 -21 -21 -21 -21 -21 -20 -21 -21 -21 -21 -20 -20 -20 -20 -20 -20 -20 -20 -20 -20 -19 -19 -20 -20 -19 -19 -19 -19 -19 -18 -18 -19 -19 -19 -19 -18 -18 -18 -18 -18 -18 -18 -18 -18 -18 -18 -18 -18 -18 -18 -18 -19 -20 -21 -21 -20 -20 -19 -19 -19 -19 -19 -19 -19 -19 -19 -19 -19 -19 -19 -19 -19 -19 -19 -19 -19 -19 -19 -19 -19 -19 -19 -19 -19 -19 -19 -19 -18 -18 -18 -18 -18 -19 -18 -18 -18 -19 -19 -19 -18 -18 -18 -18 -18 -18 -17 -17 -18 -18 -18 -18 -18 -18 -18 -17 -17 -17 -17 -17 -18 -18 -17 -17 -17 -17 -17 -16 -9 -9 -9 -9 -8 -8 -9 -8 -7 -8 -9 -9 -9 -9 -8 -8 -8 -9 -9 -9 -9 -9 -9 -9 -9 -10 -10 -10 -10 -10 -10 -10 -10 -10 -11 -10 -10 -11 -11 -11 -11 -11 -12 -12 -11 -11 -12 -12 -12 -12 -12 -12 -13 -13 -12 -12 -13 -13 -13 -13 -13 -13 -14 -14 -14 -14 -14 -14 -14 -14 -14 -15 -15 -14 -14 -15 -14 -15 -15 -15 -15 -15 -16 -16 -16 -16 -16 -16 -16 -17 -17 -17 -17 -17 -16 -16 -16 -16 -16 -16 -16 -16 -17 -17 -17 -17 -17 -17 -17 -17 -17 -17 -17 -18 -18 -18 -18 -18 -18 -18 -18 -18 -18 -18 -18 -18 -18 -18 -18 -18 -19 -19 -19 -19 -19 -19 -19 -19 -19 -19 -19 -19 -19 -19 -20 -20 -20 -19 -19 -19 -19 -20 -20 -20 -20 -20 -20 -20 -20 -20 -20 -20 -20 -20 -21 -20 -20 -20 -20 -20 -20 -21 -21 -20 -21 -21 -21 -21 -21 -21 -21 -21 -21 -21 -21 -21 -21 -21 -21 -21 -21 -21 -22 -22 -22 -21 -21 -21 -21 -21 -21 -21 -21 -21 -21 -21 -21 -21 -21 -21 -21 -21 -21 -21 -21 -21 -21 -21 -21 -21 -21 -21 -21 -21 -21 -21 -21 -21 -21 -21 -21 -21 -21 -21 -21 -21 -21 -20 -20 -20 -20 -20 -20 -19 -19 -19 -19 -19 -19 -19 -19 -19 -19 -19 -18 -18 -18 -18 -19 -19 -18 -18 -18 -18 -18 -18 -18 -18 -18 -18 -18 -18 -18 -18 -18 -18 -18 -20 -20 -20 -20 -20 -20 -19 -19 -19 -19 -19 -19 -19 -19 -19 -19 -19 -19 -19 -19 -19 -18 -19 -19 -19 -19 -19 -19 -19 -19 -19 -19 -19 -19 -18 -18 -18 -18 -18 -18 -18 -18 -18 -19 -19 -19 -18 -18 -18 -18 -18 -18 -18 -18 -18 -18 -18 -18 -18 -17 -17 -17 -17 -17 -17 -17 -17 -17 -17 -17 -17 -17 -9 -9 -9 -9 -9 -8 -9 -9 -8 -7 -8 -9 -9 -8 -8 -8 -8 -8 -8 -8 -9 -9 -9 -9 -9 -9 -9 -10 -10 -10 -10 -10 -10 -10 -10 -10 -10 -11 -10 -11 -11 -11 -11 -11 -11 -11 -11 -11 -11 -12 -12 -12 -12 -12 -12 -12 -12 -13 -13 -13 -13 -13 -13 -13 -13 -14 -14 -14 -14 -14 -14 -14 -14 -14 -14 -15 -15 -15 -15 -14 -14 -14 -15 -15 -15 -16 -16 -16 -16 -16 -16 -16 -16 -16 -16 -16 -16 -16 -16 -16 -16 -16 -16 -17 -17 -17 -17 -17 -17 -17 -17 -17 -17 -17 -17 -18 -18 -18 -18 -18 -18 -18 -18 -18 -18 -18 -18 -18 -18 -18 -18 -18 -19 -18 -18 -19 -19 -19 -19 -19 -19 -19 -19 -19 -19 -19 -19 -19 -19 -19 -19 -19 -19 -19 -20 -20 -20 -20 -20 -20 -20 -20 -20 -20 -20 -20 -20 -20 -20 -20 -20 -20 -20 -20 -20 -21 -20 -21 -21 -20 -20 -21 -21 -21 -21 -21 -21 -21 -21 -21 -21 -21 -21 -22 -22 -22 -21 -20 -20 -20 -20 -21 -21 -21 -21 -21 -21 -21 -21 -21 -21 -21 -21 -21 -21 -21 -21 -21 -21 -21 -20 -21 -20 -20 -21 -21 -21 -21 -20 -21 -21 -21 -21 -20 -21 -21 -21 -21 -21 -20 -20 -20 -20 -20 -19 -19 -18 -18 -18 -18 -19 -19 -19 -19 -19 -19 -18 -18 -18 -18 -18 -18 -17 -18 -18 -18 -18 -18 -18 -18 -18 -18 -18 -18 -18 -18 -18 -18 -19 -20 -20 -20 -20 -19 -19 -19 -19 -19 -19 -19 -19 -19 -19 -19 -19 -19 -19 -19 -19 -18 -18 -19 -19 -19 -19 -19 -19 -19 -19 -19 -19 -19 -18 -18 -18 -18 -18 -18 -18 -18 -18 -18 -19 -18 -18 -18 -18 -18 -18 -18 -18 -18 -18 -18 -18 -18 -17 -17 -17 -17 -17 -17 -17 -17 -17 -17 -17 -17 -17 -17 -16 -9 -8 -7 -8 -9 -9 -9 -8 -8 -7 -8 -9 -8 -8 -8 -8 -8 -8 -8 -8 -8 -9 -9 -9 -9 -9 -9 -9 -9 -9 -9 -9 -10 -10 -10 -10 -10 -10 -10 -10 -11 -11 -11 -11 -10 -10 -11 -11 -11 -11 -11 -11 -12 -12 -13 -13 -13 -13 -13 -12 -13 -13 -13 -13 -13 -13 -13 -13 -14 -14 -14 -14 -14 -14 -14 -14 -14 -14 -14 -14 -14 -14 -14 -15 -15 -15 -16 -16 -16 -16 -16 -15 -16 -16 -16 -16 -16 -16 -16 -16 -16 -16 -16 -16 -16 -16 -16 -17 -17 -17 -17 -17 -17 -17 -17 -18 -18 -18 -18 -18 -17 -18 -18 -18 -18 -18 -18 -18 -18 -18 -18 -18 -18 -18 -18 -18 -18 -18 -19 -19 -19 -19 -19 -19 -19 -19 -19 -19 -19 -19 -19 -19 -19 -19 -19 -19 -19 -19 -19 -20 -20 -20 -20 -20 -20 -20 -20 -20 -20 -20 -20 -20 -20 -20 -20 -20 -20 -20 -20 -20 -20 -20 -20 -21 -21 -21 -21 -21 -21 -21 -21 -21 -21 -21 -22 -21 -20 -20 -20 -20 -20 -20 -20 -20 -21 -21 -21 -21 -21 -21 -21 -21 -21 -21 -21 -21 -21 -21 -20 -21 -21 -21 -21 -21 -21 -21 -20 -20 -20 -20 -20 -20 -20 -20 -20 -21 -21 -20 -20 -20 -20 -20 -20 -20 -19 -19 -19 -19 -19 -19 -18 -18 -18 -18 -18 -19 -19 -19 -18 -17 -17 -17 -17 -18 -18 -18 -18 -18 -18 -18 -18 -18 -18 -18 -18 -18 -18 -18 -19 -20 -20 -20 -20 -19 -19 -19 -19 -19 -19 -19 -19 -19 -19 -19 -19 -19 -19 -19 -19 -19 -18 -18 -18 -19 -19 -19 -19 -19 -19 -19 -19 -19 -19 -18 -19 -18 -18 -18 -18 -18 -18 -18 -18 -18 -18 -18 -18 -18 -18 -18 -18 -18 -18 -18 -17 -17 -17 -17 -17 -17 -17 -17 -17 -17 -17 -17 -17 -17 -16 -16 -16 -8 -7 -7 -8 -8 -9 -9 -8 -7 -8 -9 -8 -8 -8 -8 -8 -8 -8 -7 -8 -8 -8 -8 -9 -9 -9 -9 -9 -9 -10 -9 -9 -10 -10 -10 -10 -10 -10 -10 -10 -10 -10 -10 -10 -10 -11 -11 -11 -11 -11 -11 -12 -12 -12 -12 -12 -13 -13 -13 -13 -13 -13 -13 -13 -13 -13 -13 -13 -13 -14 -14 -14 -14 -14 -14 -14 -14 -14 -14 -14 -14 -14 -14 -14 -15 -15 -16 -16 -16 -15 -15 -16 -16 -16 -15 -15 -16 -16 -16 -16 -16 -16 -16 -16 -15 -16 -16 -16 -16 -16 -17 -17 -17 -17 -17 -17 -17 -18 -17 -17 -17 -17 -17 -17 -17 -18 -18 -18 -18 -18 -18 -18 -18 -18 -18 -18 -18 -18 -18 -18 -19 -19 -19 -19 -19 -19 -19 -19 -19 -19 -19 -19 -19 -19 -19 -19 -19 -19 -19 -19 -19 -19 -19 -20 -20 -19 -19 -20 -20 -20 -20 -20 -19 -19 -20 -20 -20 -20 -20 -20 -20 -20 -20 -20 -20 -20 -21 -21 -21 -21 -21 -21 -21 -21 -21 -20 -20 -20 -20 -20 -20 -20 -20 -20 -20 -20 -21 -21 -21 -21 -21 -21 -20 -20 -20 -20 -20 -20 -21 -21 -21 -21 -20 -20 -20 -21 -20 -20 -20 -20 -20 -20 -20 -20 -20 -20 -20 -20 -20 -20 -20 -19 -19 -20 -19 -18 -18 -18 -18 -19 -19 -18 -19 -18 -18 -18 -18 -18 -17 -18 -18 -18 -18 -18 -18 -17 -18 -18 -18 -18 -18 -18 -18 -18 -18 -19 -19 -19 -20 -20 -20 -20 -20 -19 -19 -19 -19 -19 -19 -19 -19 -19 -18 -19 -19 -19 -19 -19 -19 -18 -18 -18 -18 -18 -18 -19 -19 -18 -18 -18 -19 -19 -18 -18 -19 -18 -18 -18 -18 -18 -18 -18 -18 -18 -18 -18 -18 -18 -18 -18 -18 -17 -17 -17 -17 -17 -17 -17 -17 -17 -17 -17 -16 -16 -16 -16 -16 -16 -16 -3 -2 -8 -7 -7 -7 -7 -7 -8 -8 -8 -8 -8 -8 -8 -8 -8 -8 -7 -7 -7 -8 -8 -8 -8 -8 -8 -9 -9 -9 -9 -9 -9 -10 -10 -10 -9 -10 -10 -10 -10 -10 -10 -10 -10 -10 -9 -10 -11 -11 -11 -11 -11 -11 -11 -11 -11 -11 -12 -12 -12 -13 -13 -13 -13 -13 -13 -13 -13 -13 -13 -13 -13 -13 -13 -14 -14 -14 -14 -14 -14 -14 -14 -14 -14 -14 -14 -14 -15 -15 -15 -16 -15 -15 -16 -16 -16 -15 -15 -15 -16 -15 -16 -16 -16 -16 -16 -16 -16 -16 -16 -16 -16 -16 -16 -17 -17 -17 -17 -17 -17 -17 -17 -17 -17 -17 -17 -17 -18 -18 -18 -18 -18 -18 -18 -18 -18 -18 -18 -18 -18 -18 -18 -19 -19 -19 -19 -19 -18 -18 -18 -18 -18 -19 -19 -19 -19 -19 -19 -19 -19 -19 -19 -19 -19 -19 -19 -19 -19 -19 -19 -19 -19 -19 -19 -19 -19 -19 -19 -19 -19 -19 -20 -20 -20 -20 -20 -20 -20 -20 -20 -20 -20 -21 -21 -21 -21 -21 -20 -20 -20 -20 -20 -20 -20 -20 -20 -20 -20 -20 -20 -21 -20 -20 -20 -20 -20 -20 -20 -20 -20 -21 -21 -21 -21 -20 -20 -20 -20 -20 -20 -20 -20 -20 -20 -20 -20 -19 -19 -19 -20 -20 -19 -20 -20 -20 -20 -19 -19 -19 -18 -18 -18 -18 -18 -18 -18 -18 -17 -18 -18 -17 -17 -18 -18 -18 -18 -18 -18 -18 -18 -18 -18 -18 -18 -18 -18 -19 -19 -18 -19 -19 -19 -20 -20 -20 -19 -19 -19 -19 -19 -19 -19 -19 -19 -18 -18 -18 -18 -18 -18 -19 -19 -18 -18 -18 -18 -18 -18 -18 -18 -18 -18 -18 -18 -18 -18 -18 -18 -18 -18 -18 -18 -18 -18 -18 -18 -18 -18 -18 -18 -18 -18 -17 -17 -17 -17 -16 -16 -16 -16 -2 0 -2 -7 -7 -8 -7 -7 -7 -7 -6 -6 -7 -8 -8 -8 -8 -8 -8 -8 -8 -7 -7 -7 -7 -7 -8 -8 -8 -8 -9 -8 -9 -9 -9 -8 -8 -9 -9 -10 -10 -9 -9 -9 -9 -10 -10 -10 -10 -10 -10 -10 -10 -11 -11 -11 -11 -11 -11 -11 -11 -11 -12 -11 -12 -12 -12 -12 -12 -13 -13 -13 -12 -13 -13 -13 -13 -13 -13 -13 -14 -13 -13 -13 -13 -14 -14 -14 -14 -14 -14 -14 -14 -15 -15 -15 -15 -15 -15 -16 -16 -16 -15 -15 -15 -15 -16 -16 -16 -16 -16 -16 -16 -16 -16 -16 -16 -15 -15 -16 -16 -16 -16 -16 -16 -17 -17 -17 -17 -17 -17 -17 -17 -17 -17 -17 -17 -17 -17 -17 -18 -18 -18 -18 -18 -18 -18 -18 -18 -19 -19 -18 -18 -18 -18 -18 -18 -18 -18 -19 -19 -19 -19 -19 -19 -19 -19 -19 -19 -19 -19 -19 -19 -19 -19 -19 -19 -19 -19 -19 -19 -19 -19 -19 -19 -19 -19 -20 -20 -20 -20 -20 -20 -20 -20 -20 -20 -21 -21 -21 -21 -21 -20 -20 -20 -20 -20 -20 -20 -20 -20 -20 -20 -20 -20 -20 -20 -20 -20 -20 -20 -20 -20 -20 -20 -20 -20 -21 -21 -21 -21 -20 -20 -20 -20 -20 -20 -20 -20 -20 -19 -19 -19 -19 -19 -19 -19 -19 -19 -19 -19 -19 -19 -18 -18 -18 -18 -18 -18 -18 -18 -18 -18 -18 -17 -17 -18 -18 -18 -18 -18 -18 -18 -18 -17 -17 -17 -17 -18 -18 -18 -18 -18 -18 -18 -19 -20 -20 -20 -20 -19 -19 -19 -19 -19 -19 -19 -18 -19 -18 -18 -18 -18 -18 -18 -18 -19 -18 -18 -18 -18 -18 -18 -18 -18 -18 -18 -18 -18 -18 -18 -18 -18 -18 -18 -18 -18 -18 -17 -18 -18 -18 -18 -18 -18 -18 -17 -17 -17 -17 -17 -2 0 1 -1 -2 -3 -3 -3 -4 -6 -6 -7 -6 -6 -7 -7 -6 -6 -6 -7 -7 -7 -7 -8 -7 -7 -8 -8 -8 -8 -7 -7 -6 -7 -7 -7 -8 -8 -8 -8 -8 -8 -8 -8 -8 -8 -8 -9 -9 -10 -10 -9 -9 -9 -9 -9 -10 -10 -10 -10 -10 -10 -10 -11 -10 -11 -11 -11 -10 -11 -11 -11 -11 -11 -11 -11 -11 -12 -12 -12 -13 -13 -12 -13 -13 -13 -13 -13 -13 -13 -13 -13 -13 -13 -13 -14 -13 -13 -14 -14 -14 -14 -14 -14 -15 -15 -15 -15 -15 -15 -15 -15 -15 -15 -15 -15 -15 -16 -16 -15 -16 -16 -16 -15 -15 -15 -15 -15 -16 -16 -16 -16 -16 -16 -16 -16 -17 -17 -17 -17 -17 -17 -17 -17 -17 -17 -17 -17 -17 -18 -18 -18 -18 -18 -18 -18 -18 -18 -18 -18 -18 -18 -18 -18 -18 -18 -18 -18 -18 -19 -19 -19 -19 -19 -19 -19 -19 -19 -19 -19 -19 -19 -19 -19 -19 -19 -19 -19 -19 -19 -20 -19 -19 -20 -19 -19 -20 -20 -20 -20 -20 -20 -20 -20 -20 -20 -20 -20 -21 -21 -21 -20 -20 -20 -20 -20 -20 -20 -20 -20 -20 -20 -20 -20 -20 -20 -20 -20 -20 -20 -20 -20 -20 -20 -20 -20 -21 -20 -20 -20 -20 -20 -20 -20 -20 -20 -20 -19 -19 -20 -19 -19 -19 -19 -19 -19 -19 -19 -19 -19 -18 -18 -18 -18 -18 -18 -18 -18 -18 -18 -18 -18 -18 -17 -17 -17 -18 -18 -18 -18 -18 -17 -17 -17 -17 -17 -18 -18 -18 -17 -17 -17 -18 -18 -19 -20 -20 -20 -19 -19 -19 -19 -19 -19 -18 -19 -18 -19 -18 -18 -18 -18 -18 -18 -18 -18 -18 -18 -18 -18 -18 -18 -18 -17 -17 -18 -18 -18 -18 -18 -18 -18 -18 -18 -18 -18 -18 -17 -18 -18 -18 -18 -18 -18 -17 -17 -17 -17 -17 -16 -2 0 1 1 0 -2 0 0 -1 -2 -3 -5 -5 -5 -6 -6 -6 -6 -5 -5 -5 -6 -7 -7 -7 -7 -7 -6 -7 -7 -8 -8 -7 -7 -6 -6 -7 -7 -7 -7 -7 -7 -7 -7 -7 -7 -8 -8 -8 -8 -9 -9 -9 -9 -9 -9 -9 -9 -9 -9 -9 -9 -9 -10 -10 -10 -10 -10 -11 -11 -11 -10 -11 -11 -11 -11 -11 -11 -11 -11 -11 -12 -12 -13 -12 -12 -12 -13 -13 -13 -13 -13 -13 -13 -13 -13 -13 -14 -14 -13 -13 -14 -14 -14 -14 -14 -14 -14 -14 -14 -15 -15 -15 -15 -14 -14 -14 -14 -15 -15 -15 -15 -15 -15 -15 -15 -15 -15 -15 -16 -16 -16 -16 -16 -16 -16 -16 -16 -16 -17 -17 -17 -17 -17 -17 -17 -17 -17 -17 -17 -17 -17 -17 -18 -18 -17 -17 -18 -18 -18 -18 -18 -18 -18 -18 -18 -18 -18 -18 -18 -18 -18 -18 -19 -18 -18 -19 -19 -19 -19 -19 -18 -19 -19 -19 -18 -19 -19 -19 -19 -19 -19 -20 -19 -19 -19 -20 -19 -19 -20 -20 -20 -20 -20 -20 -20 -20 -20 -20 -20 -20 -20 -21 -20 -20 -19 -19 -20 -19 -20 -20 -20 -20 -20 -20 -20 -20 -20 -20 -20 -20 -20 -20 -20 -20 -20 -20 -20 -20 -20 -20 -20 -20 -20 -20 -20 -19 -19 -19 -19 -19 -19 -19 -19 -20 -20 -20 -19 -19 -19 -18 -18 -18 -18 -18 -18 -18 -18 -18 -17 -18 -18 -18 -18 -17 -17 -17 -17 -17 -18 -18 -17 -17 -17 -17 -17 -17 -18 -17 -17 -17 -17 -17 -17 -18 -18 -19 -19 -19 -20 -19 -19 -19 -19 -19 -19 -18 -18 -18 -18 -18 -18 -18 -18 -18 -18 -18 -18 -18 -18 -18 -18 -18 -18 -18 -17 -17 -18 -18 -18 -18 -18 -18 -18 -18 -18 -18 -18 -18 -17 -17 -18 -18 -18 -18 -18 -17 -17 -17 -17 -17 -16 -2 0 1 1 0 0 1 1 1 -1 -2 -2 -3 -3 -5 -5 -5 -5 -6 -6 -5 -5 -5 -5 -5 -5 -5 -6 -6 -7 -6 -7 -6 -6 -6 -7 -7 -7 -7 -7 -7 -6 -6 -6 -7 -7 -6 -6 -7 -7 -7 -7 -7 -8 -8 -8 -8 -8 -8 -9 -9 -9 -9 -9 -9 -9 -9 -9 -10 -10 -10 -10 -10 -10 -11 -11 -11 -10 -11 -11 -11 -11 -12 -12 -11 -11 -11 -12 -12 -12 -12 -12 -12 -12 -12 -12 -13 -13 -13 -13 -13 -13 -13 -13 -13 -13 -14 -14 -14 -14 -14 -14 -14 -14 -14 -15 -15 -15 -14 -14 -14 -14 -14 -14 -14 -15 -14 -14 -14 -14 -14 -15 -15 -15 -15 -15 -16 -16 -16 -16 -16 -16 -16 -16 -16 -17 -16 -16 -16 -16 -17 -17 -17 -17 -17 -17 -17 -17 -17 -17 -17 -17 -17 -18 -18 -18 -18 -18 -18 -18 -18 -18 -18 -18 -18 -18 -18 -18 -18 -19 -18 -18 -18 -18 -19 -18 -18 -18 -18 -18 -18 -18 -18 -19 -19 -19 -19 -19 -20 -19 -19 -19 -19 -20 -20 -20 -20 -20 -20 -20 -20 -20 -20 -20 -20 -20 -20 -20 -19 -19 -19 -19 -19 -19 -19 -19 -19 -19 -19 -20 -20 -20 -20 -20 -20 -20 -20 -20 -20 -20 -20 -20 -20 -20 -20 -20 -20 -20 -20 -20 -19 -19 -19 -19 -19 -19 -19 -19 -19 -19 -20 -19 -19 -19 -19 -18 -18 -18 -18 -18 -18 -17 -17 -17 -17 -17 -17 -17 -17 -17 -17 -17 -17 -17 -17 -17 -17 -17 -17 -17 -17 -17 -17 -17 -17 -17 -17 -18 -18 -18 -18 -18 -19 -19 -19 -19 -19 -19 -19 -19 -19 -19 -18 -18 -18 -18 -18 -18 -18 -18 -18 -18 -18 -18 -18 -18 -18 -18 -18 -17 -17 -17 -17 -18 -18 -18 -18 -18 -18 -18 -18 -18 -18 -18 -17 -17 -17 -17 -17 -17 -17 -17 -17 -17 -17 -17 -16 -1 0 0 0 1 1 2 2 0 0 -1 0 -2 -3 -5 -4 -4 -4 -5 -5 -5 -5 -5 -5 -5 -6 -6 -5 -5 -6 -6 -6 -6 -6 -6 -5 -6 -7 -7 -6 -7 -6 -6 -6 -6 -6 -6 -6 -7 -7 -7 -7 -7 -8 -8 -8 -8 -8 -8 -7 -8 -8 -8 -9 -9 -9 -9 -9 -9 -9 -9 -10 -10 -10 -10 -10 -10 -10 -10 -11 -11 -11 -11 -11 -11 -11 -12 -12 -12 -11 -12 -12 -12 -12 -12 -12 -12 -12 -12 -13 -13 -13 -13 -13 -13 -13 -13 -13 -13 -13 -13 -14 -14 -14 -14 -14 -14 -14 -14 -14 -14 -14 -14 -14 -14 -13 -13 -14 -14 -14 -14 -14 -14 -14 -15 -15 -15 -15 -15 -15 -16 -16 -16 -16 -16 -16 -16 -16 -16 -16 -16 -16 -16 -16 -16 -17 -17 -17 -17 -17 -17 -17 -17 -17 -17 -17 -18 -18 -18 -18 -17 -18 -17 -18 -18 -18 -18 -18 -18 -18 -18 -18 -18 -18 -18 -18 -18 -18 -18 -18 -18 -18 -18 -18 -18 -18 -19 -19 -19 -19 -19 -20 -20 -19 -19 -19 -20 -20 -20 -20 -20 -20 -20 -20 -20 -20 -20 -20 -20 -20 -19 -19 -19 -19 -19 -19 -19 -19 -19 -19 -19 -19 -19 -20 -20 -20 -20 -20 -20 -20 -20 -20 -20 -20 -20 -20 -20 -20 -20 -20 -20 -20 -20 -19 -19 -20 -20 -19 -19 -19 -19 -20 -20 -20 -19 -19 -19 -19 -18 -18 -18 -18 -18 -18 -18 -17 -17 -17 -17 -17 -17 -17 -17 -17 -17 -17 -17 -17 -17 -17 -17 -17 -17 -17 -17 -17 -18 -18 -18 -18 -18 -18 -19 -19 -19 -19 -19 -19 -19 -19 -19 -19 -19 -18 -18 -18 -18 -18 -18 -18 -18 -18 -18 -18 -18 -18 -18 -18 -18 -18 -17 -17 -17 -17 -18 -18 -18 -18 -18 -18 -18 -17 -17 -17 -17 -18 -17 -17 -17 -17 -17 -17 -17 -17 -17 -17 -17 -17 -16 -16 0 1 1 1 1 2 2 1 1 0 0 -2 -2 -3 -3 -3 -4 -4 -4 -4 -4 -4 -5 -4 -5 -5 -5 -5 -5 -4 -5 -5 -6 -6 -5 -5 -5 -5 -6 -6 -6 -5 -6 -6 -6 -6 -6 -6 -6 -7 -7 -7 -7 -7 -7 -7 -8 -8 -8 -8 -8 -7 -7 -7 -8 -8 -9 -9 -9 -9 -9 -9 -9 -9 -10 -10 -10 -10 -10 -10 -10 -11 -10 -10 -10 -10 -10 -11 -11 -12 -12 -12 -12 -12 -12 -12 -12 -12 -11 -12 -12 -12 -12 -12 -13 -13 -13 -13 -13 -13 -13 -13 -13 -13 -13 -13 -13 -14 -14 -14 -14 -14 -14 -14 -14 -14 -14 -14 -14 -14 -14 -14 -14 -14 -14 -14 -14 -15 -15 -15 -15 -15 -15 -16 -16 -16 -16 -16 -16 -16 -16 -16 -16 -16 -16 -16 -16 -16 -17 -17 -17 -17 -17 -17 -17 -17 -17 -17 -17 -17 -17 -17 -17 -17 -17 -17 -18 -18 -18 -18 -18 -18 -18 -18 -18 -18 -18 -18 -18 -18 -18 -18 -18 -18 -18 -18 -18 -18 -19 -19 -19 -19 -19 -19 -19 -19 -19 -19 -19 -19 -19 -19 -20 -20 -20 -20 -20 -20 -20 -20 -20 -20 -19 -19 -19 -19 -19 -19 -19 -19 -19 -19 -19 -19 -19 -19 -19 -20 -20 -20 -20 -19 -20 -20 -20 -20 -20 -20 -20 -20 -20 -20 -20 -20 -19 -19 -19 -19 -20 -20 -19 -20 -19 -20 -19 -19 -19 -19 -19 -18 -18 -18 -17 -17 -17 -17 -17 -17 -17 -17 -17 -17 -17 -17 -17 -17 -17 -17 -17 -18 -17 -17 -17 -17 -18 -17 -17 -17 -17 -17 -18 -18 -18 -18 -19 -19 -19 -19 -19 -19 -18 -18 -19 -19 -19 -18 -18 -18 -18 -18 -18 -18 -18 -18 -18 -18 -18 -18 -18 -18 -18 -18 -18 -17 -17 -17 -18 -18 -18 -18 -18 -17 -17 -18 -17 -17 -17 -17 -17 -17 -17 -17 -17 -17 -17 -17 -17 -17 -17 -16 -16 0 1 2 2 2 2 2 2 2 1 0 -1 -1 0 0 0 -1 -1 -1 -2 -2 -3 -3 -3 -3 -3 -3 -4 -4 -4 -4 -4 -4 -4 -4 -4 -3 -3 -4 -4 -5 -4 -5 -5 -5 -5 -5 -5 -5 -5 -6 -6 -5 -5 -5 -5 -5 -5 -5 -6 -5 -5 -5 -5 -5 -6 -6 -6 -7 -7 -7 -7 -7 -7 -7 -7 -7 -7 -8 -8 -7 -7 -7 -7 -7 -8 -8 -9 -9 -8 -9 -9 -9 -9 -10 -10 -10 -10 -10 -10 -10 -10 -10 -10 -10 -10 -10 -11 -11 -11 -12 -12 -12 -12 -12 -12 -11 -12 -12 -12 -12 -12 -12 -13 -13 -13 -13 -13 -13 -13 -13 -13 -13 -13 -13 -13 -13 -14 -14 -14 -13 -13 -13 -14 -14 -14 -14 -14 -14 -14 -14 -13 -13 -14 -14 -14 -15 -15 -15 -15 -15 -15 -16 -16 -16 -16 -16 -16 -16 -16 -16 -16 -16 -16 -16 -16 -16 -16 -16 -16 -17 -17 -17 -17 -17 -17 -17 -17 -17 -17 -17 -17 -17 -17 -17 -18 -17 -17 -18 -17 -17 -17 -18 -18 -18 -18 -18 -18 -18 -18 -18 -18 -18 -18 -18 -18 -18 -18 -19 -19 -19 -19 -19 -19 -19 -19 -19 -19 -19 -19 -19 -19 -19 -19 -19 -19 -19 -20 -20 -20 -19 -19 -19 -19 -19 -19 -19 -19 -19 -19 -19 -19 -19 -19 -19 -19 -19 -19 -19 -19 -19 -19 -20 -20 -20 -20 -20 -20 -20 -20 -20 -19 -19 -19 -19 -20 -19 -20 -20 -20 -20 -20 -19 -19 -19 -18 -18 -18 -18 -18 -17 -17 -17 -17 -17 -17 -17 -17 -17 -17 -17 -17 -17 -17 -17 -17 -18 -18 -18 -17 -17 -17 -18 -18 -18 -18 -17 -18 -18 -18 -19 -19 -18 -19 -19 -19 -18 -18 -18 -18 -19 -19 -19 -18 -18 -18 -18 -18 -18 -18 -18 -18 -18 -18 -17 -18 -18 -18 -18 -18 -18 -17 -17 -17 -17 -18 -18 -18 -17 -17 -17 -17 -17 -17 -17 -17 -17 -17 -17 -17 -17 -17 -17 -17 -17 -17 -17 -16 -16 1 3 2 2 2 2 2 1 0 -1 -1 0 0 1 1 1 0 0 0 -1 -2 -1 -1 -1 -2 -3 -3 -3 -3 -3 -3 -3 -3 -3 -3 -3 -3 -3 -4 -5 -5 -5 -4 -4 -4 -4 -4 -4 -5 -5 -5 -5 -5 -5 -5 -5 -5 -6 -5 -5 -5 -5 -5 -5 -5 -6 -6 -6 -6 -7 -7 -7 -7 -7 -7 -7 -7 -7 -7 -7 -7 -7 -7 -7 -8 -8 -9 -8 -8 -9 -9 -9 -9 -9 -9 -10 -10 -10 -10 -10 -10 -10 -10 -10 -10 -10 -10 -11 -11 -11 -12 -12 -12 -12 -12 -12 -11 -12 -12 -12 -12 -12 -12 -12 -12 -12 -12 -12 -13 -13 -13 -13 -13 -13 -13 -13 -14 -14 -13 -13 -13 -13 -13 -13 -13 -14 -14 -14 -14 -13 -13 -13 -13 -14 -14 -14 -15 -14 -14 -15 -15 -15 -15 -15 -15 -15 -15 -15 -15 -15 -16 -16 -16 -16 -16 -16 -16 -16 -16 -16 -17 -17 -17 -17 -17 -17 -17 -17 -16 -17 -17 -17 -17 -17 -17 -17 -17 -17 -17 -17 -17 -17 -18 -18 -18 -18 -18 -18 -18 -18 -18 -18 -18 -18 -18 -18 -19 -18 -18 -19 -19 -19 -19 -19 -19 -19 -19 -19 -19 -19 -19 -19 -19 -19 -19 -19 -20 -20 -19 -19 -19 -19 -19 -19 -19 -19 -19 -19 -19 -19 -19 -19 -19 -19 -19 -19 -19 -19 -19 -19 -19 -20 -19 -19 -19 -19 -19 -19 -19 -19 -19 -20 -20 -19 -19 -19 -19 -19 -19 -20 -20 -19 -19 -19 -19 -18 -18 -18 -17 -17 -17 -17 -17 -17 -17 -17 -17 -17 -17 -17 -17 -17 -17 -17 -18 -18 -18 -18 -17 -17 -18 -18 -18 -17 -17 -17 -18 -18 -18 -19 -19 -19 -19 -19 -18 -18 -18 -18 -18 -18 -19 -18 -18 -18 -18 -18 -18 -18 -18 -18 -18 -18 -17 -17 -17 -18 -18 -18 -17 -17 -17 -17 -17 -17 -17 -17 -17 -17 -17 -17 -17 -17 -17 -17 -17 -17 -17 -17 -17 -17 -17 -17 -16 -16 -16 -16 -16 2 2 2 3 2 2 1 0 0 0 0 0 1 1 1 1 1 1 0 1 1 0 0 0 -1 -1 -2 -2 -3 -3 -2 -2 -3 -3 -3 -3 -2 -3 -4 -4 -4 -4 -4 -4 -4 -4 -4 -4 -4 -5 -5 -5 -5 -5 -5 -5 -5 -5 -4 -4 -4 -4 -5 -5 -5 -6 -6 -6 -6 -6 -7 -7 -7 -7 -7 -7 -7 -7 -7 -7 -7 -7 -7 -8 -8 -9 -8 -9 -9 -9 -9 -9 -9 -9 -9 -10 -9 -9 -9 -10 -10 -10 -10 -10 -10 -10 -10 -10 -11 -11 -11 -11 -11 -12 -12 -11 -11 -12 -11 -12 -12 -12 -12 -12 -12 -12 -12 -12 -12 -12 -13 -12 -13 -13 -13 -13 -13 -13 -13 -13 -13 -13 -13 -13 -13 -13 -13 -13 -13 -14 -13 -13 -13 -13 -14 -14 -14 -14 -14 -15 -15 -15 -15 -15 -15 -15 -15 -15 -15 -15 -15 -15 -16 -16 -16 -16 -16 -16 -16 -16 -16 -16 -16 -16 -17 -17 -16 -16 -16 -16 -17 -17 -17 -17 -17 -17 -16 -17 -16 -17 -17 -17 -18 -18 -18 -18 -18 -18 -18 -18 -18 -18 -18 -18 -18 -18 -18 -18 -19 -19 -19 -19 -19 -19 -19 -19 -19 -19 -19 -19 -19 -19 -19 -19 -19 -19 -19 -19 -19 -19 -19 -19 -19 -19 -19 -19 -19 -19 -19 -19 -19 -19 -19 -19 -19 -19 -19 -19 -19 -19 -19 -19 -19 -19 -19 -19 -19 -19 -19 -20 -20 -19 -19 -18 -18 -19 -19 -19 -19 -19 -19 -19 -18 -18 -18 -18 -18 -18 -17 -17 -17 -17 -17 -17 -17 -17 -17 -17 -17 -17 -17 -18 -18 -18 -18 -17 -17 -18 -18 -18 -19 -18 -18 -18 -18 -18 -18 -19 -19 -19 -19 -19 -18 -18 -18 -18 -18 -18 -18 -18 -18 -18 -18 -18 -18 -18 -18 -18 -17 -18 -18 -17 -17 -17 -18 -18 -18 -18 -18 -17 -17 -17 -17 -18 -18 -17 -17 -17 -17 -17 -17 -17 -17 -17 -17 -17 -17 -17 -17 -17 -17 -17 -16 -16 -16 -16 2 2 3 4 3 2 1 1 1 0 1 1 2 2 2 2 2 1 1 1 1 0 1 0 0 0 -1 -1 -1 -2 -3 -3 -2 -3 -2 -2 -4 -3 -4 -4 -4 -4 -4 -4 -4 -4 -4 -4 -5 -5 -4 -4 -5 -5 -5 -5 -5 -5 -5 -4 -4 -4 -5 -5 -6 -6 -6 -6 -6 -6 -6 -6 -7 -7 -7 -7 -7 -7 -6 -7 -7 -8 -7 -8 -8 -8 -9 -8 -8 -8 -9 -9 -9 -9 -9 -9 -9 -9 -10 -9 -9 -10 -10 -10 -10 -10 -10 -11 -11 -11 -11 -11 -11 -11 -11 -11 -11 -11 -11 -11 -11 -12 -12 -12 -12 -12 -12 -12 -12 -12 -12 -12 -13 -13 -13 -13 -12 -12 -12 -12 -12 -13 -13 -13 -13 -13 -13 -13 -13 -13 -14 -13 -13 -13 -14 -13 -13 -14 -14 -15 -15 -15 -15 -15 -15 -15 -15 -15 -15 -15 -15 -15 -15 -16 -16 -16 -16 -16 -16 -16 -16 -16 -16 -16 -16 -16 -16 -16 -16 -17 -17 -17 -17 -17 -17 -17 -16 -17 -16 -17 -17 -17 -18 -18 -17 -17 -17 -17 -18 -18 -18 -18 -18 -18 -18 -18 -18 -18 -19 -19 -19 -19 -19 -19 -19 -19 -19 -19 -19 -19 -19 -19 -19 -19 -19 -19 -19 -19 -19 -18 -18 -19 -19 -19 -19 -19 -19 -19 -19 -19 -19 -19 -19 -19 -19 -19 -19 -19 -19 -19 -19 -19 -19 -19 -19 -19 -19 -19 -20 -19 -19 -19 -19 -18 -18 -18 -18 -18 -19 -19 -18 -18 -18 -18 -18 -18 -18 -17 -17 -17 -17 -17 -17 -17 -17 -17 -17 -17 -17 -18 -18 -18 -18 -17 -17 -17 -17 -18 -18 -19 -18 -18 -18 -18 -18 -18 -18 -19 -19 -19 -19 -18 -18 -18 -18 -18 -18 -18 -18 -18 -18 -18 -18 -18 -18 -18 -18 -18 -18 -18 -18 -18 -18 -18 -18 -18 -18 -18 -18 -18 -18 -17 -17 -17 -17 -17 -17 -17 -17 -17 -17 -17 -17 -17 -17 -17 -17 -17 -17 -16 -16 -16 -16 3 4 4 4 3 3 3 2 2 2 2 3 3 3 2 2 2 3 2 2 1 2 1 1 0 0 -1 -1 -2 -2 -2 -2 -2 -2 -2 -4 -3 -3 -3 -3 -4 -4 -4 -4 -4 -4 -4 -4 -4 -4 -4 -4 -5 -4 -4 -4 -4 -4 -4 -4 -4 -4 -5 -5 -5 -6 -6 -6 -6 -6 -6 -6 -6 -6 -7 -7 -7 -7 -6 -7 -7 -8 -8 -8 -7 -8 -8 -8 -8 -8 -8 -9 -9 -9 -9 -9 -9 -10 -10 -9 -9 -10 -10 -10 -10 -10 -10 -10 -10 -11 -11 -12 -11 -11 -11 -11 -11 -11 -11 -11 -11 -12 -12 -12 -12 -12 -12 -12 -12 -12 -12 -12 -13 -13 -13 -12 -12 -12 -12 -12 -13 -13 -13 -13 -13 -13 -13 -13 -13 -14 -13 -13 -13 -14 -14 -14 -14 -14 -14 -14 -14 -14 -15 -15 -15 -15 -15 -15 -15 -15 -15 -15 -16 -16 -16 -16 -16 -16 -16 -16 -16 -16 -16 -16 -16 -16 -16 -16 -16 -16 -16 -17 -17 -17 -17 -16 -16 -16 -16 -17 -17 -17 -17 -17 -17 -17 -17 -17 -17 -18 -18 -18 -17 -18 -18 -18 -18 -18 -18 -18 -18 -19 -19 -19 -19 -19 -19 -19 -19 -19 -19 -19 -19 -19 -19 -19 -18 -18 -18 -18 -18 -19 -19 -19 -19 -19 -19 -18 -19 -19 -19 -19 -19 -19 -19 -19 -19 -19 -19 -19 -19 -19 -19 -19 -19 -19 -19 -19 -19 -19 -19 -19 -19 -19 -19 -18 -19 -19 -18 -18 -18 -18 -19 -18 -18 -17 -17 -17 -17 -17 -17 -17 -17 -17 -17 -17 -18 -18 -18 -18 -17 -17 -17 -17 -17 -18 -18 -18 -18 -18 -18 -18 -18 -18 -19 -18 -19 -19 -19 -18 -18 -18 -18 -18 -18 -18 -18 -18 -18 -18 -18 -18 -18 -18 -18 -18 -18 -18 -18 -18 -18 -18 -18 -17 -18 -18 -18 -18 -18 -18 -17 -17 -17 -17 -17 -17 -17 -17 -17 -17 -17 -17 -17 -17 -17 -17 -17 -16 -16 -16 -16 -16 5 5 4 3 3 3 3 3 3 3 3 3 3 3 2 3 3 3 2 2 3 2 2 1 0 0 0 0 0 0 -1 -1 -1 -2 -3 -3 -3 -2 -2 -3 -3 -3 -3 -3 -2 -3 -3 -3 -3 -3 -3 -4 -4 -4 -4 -4 -4 -4 -4 -4 -4 -4 -5 -5 -5 -5 -6 -5 -5 -5 -6 -6 -6 -6 -6 -6 -7 -6 -6 -6 -7 -7 -7 -7 -8 -8 -7 -8 -8 -8 -8 -8 -8 -8 -8 -9 -9 -10 -10 -10 -10 -9 -9 -10 -10 -10 -9 -10 -11 -12 -11 -11 -11 -11 -11 -11 -11 -11 -11 -11 -11 -11 -11 -11 -12 -12 -12 -12 -12 -12 -12 -12 -12 -12 -12 -12 -12 -12 -12 -12 -13 -12 -12 -13 -13 -13 -13 -13 -13 -13 -13 -13 -14 -14 -14 -14 -14 -14 -14 -14 -14 -14 -14 -14 -14 -15 -15 -15 -15 -15 -15 -15 -16 -16 -16 -16 -16 -16 -16 -16 -16 -16 -16 -16 -16 -16 -16 -16 -16 -16 -16 -17 -17 -17 -16 -16 -16 -16 -17 -17 -17 -17 -17 -17 -17 -17 -17 -17 -18 -18 -18 -17 -17 -18 -18 -18 -18 -18 -18 -18 -18 -18 -18 -18 -18 -19 -19 -19 -19 -18 -19 -19 -19 -19 -18 -18 -18 -18 -18 -18 -19 -19 -19 -19 -18 -18 -18 -18 -18 -18 -19 -19 -19 -19 -19 -19 -19 -19 -19 -19 -19 -19 -19 -19 -19 -19 -19 -19 -19 -19 -19 -18 -18 -18 -19 -19 -18 -18 -18 -18 -19 -18 -18 -18 -17 -17 -17 -17 -17 -17 -17 -17 -17 -17 -17 -18 -19 -18 -18 -17 -17 -17 -17 -18 -18 -18 -18 -18 -18 -18 -18 -18 -18 -19 -18 -19 -19 -19 -18 -18 -18 -18 -18 -18 -18 -18 -18 -18 -18 -18 -18 -18 -18 -18 -18 -17 -17 -17 -17 -18 -18 -17 -17 -18 -18 -18 -18 -18 -18 -18 -17 -17 -17 -17 -17 -17 -17 -17 -17 -17 -17 -17 -17 -17 -17 -17 -16 -16 -16 -16 -16 5 5 4 4 5 4 4 3 3 3 3 3 3 3 3 4 3 3 3 3 3 3 2 2 1 1 1 1 1 1 1 1 1 0 -1 -2 -3 -2 -2 -2 -1 -1 -2 -2 -1 -2 -2 -2 -2 -2 -2 -2 -3 -4 -4 -4 -4 -4 -4 -4 -4 -4 -4 -4 -4 -5 -5 -5 -5 -5 -5 -5 -6 -6 -6 -6 -6 -6 -6 -6 -6 -6 -7 -7 -8 -7 -8 -8 -7 -7 -7 -8 -8 -8 -8 -8 -8 -9 -9 -10 -10 -10 -9 -10 -10 -11 -11 -11 -11 -10 -11 -11 -11 -11 -11 -11 -11 -11 -11 -11 -11 -11 -11 -11 -11 -11 -11 -12 -12 -12 -12 -12 -12 -12 -12 -12 -12 -12 -12 -12 -12 -12 -12 -12 -13 -13 -13 -13 -13 -13 -13 -13 -13 -13 -14 -14 -14 -14 -14 -14 -14 -14 -14 -14 -14 -14 -15 -15 -15 -15 -15 -15 -15 -16 -16 -16 -16 -16 -16 -16 -16 -16 -16 -16 -16 -16 -16 -16 -16 -16 -16 -16 -16 -17 -16 -16 -16 -16 -16 -17 -17 -17 -17 -17 -17 -17 -17 -17 -17 -17 -17 -17 -17 -17 -18 -18 -18 -18 -18 -18 -18 -18 -18 -18 -18 -18 -18 -18 -18 -18 -19 -19 -19 -19 -18 -18 -18 -18 -18 -18 -19 -19 -19 -19 -18 -18 -18 -18 -18 -18 -18 -19 -19 -19 -19 -19 -19 -18 -18 -19 -18 -18 -19 -19 -19 -19 -19 -19 -19 -19 -19 -18 -18 -18 -19 -19 -19 -18 -18 -18 -19 -19 -18 -18 -17 -17 -17 -17 -17 -17 -17 -17 -17 -17 -17 -18 -18 -18 -18 -18 -17 -18 -18 -18 -18 -18 -18 -18 -18 -18 -18 -18 -18 -18 -18 -19 -18 -18 -18 -18 -18 -18 -18 -18 -18 -18 -18 -18 -18 -18 -18 -18 -18 -18 -17 -17 -17 -17 -17 -17 -17 -17 -17 -18 -18 -18 -18 -18 -18 -18 -18 -18 -18 -17 -17 -17 -17 -17 -17 -17 -17 -17 -17 -17 -17 -16 -16 -16 -16 -16 -16 5 5 4 4 4 4 4 4 4 3 3 3 3 3 4 4 3 3 4 3 3 3 3 2 2 2 2 2 2 2 1 1 1 0 -1 -1 -1 -1 0 0 0 -1 -1 -1 -1 -1 -1 -1 -1 -2 -2 -3 -3 -3 -3 -4 -4 -4 -4 -3 -4 -4 -4 -4 -4 -4 -4 -4 -5 -5 -5 -5 -5 -6 -6 -6 -6 -6 -6 -6 -6 -6 -7 -7 -7 -7 -7 -7 -7 -7 -7 -7 -7 -8 -8 -9 -9 -9 -9 -10 -10 -10 -10 -10 -10 -11 -10 -10 -9 -9 -10 -11 -11 -11 -11 -11 -11 -11 -11 -11 -11 -11 -11 -11 -11 -11 -11 -11 -11 -12 -12 -12 -12 -11 -11 -11 -12 -12 -12 -12 -12 -12 -12 -12 -12 -12 -12 -12 -13 -13 -13 -13 -13 -13 -13 -13 -13 -13 -13 -13 -14 -14 -14 -14 -14 -15 -15 -15 -15 -15 -15 -15 -15 -16 -15 -15 -16 -16 -16 -16 -16 -16 -16 -15 -15 -15 -15 -15 -15 -15 -15 -16 -16 -16 -16 -16 -16 -16 -16 -17 -17 -17 -17 -17 -17 -17 -17 -17 -17 -17 -17 -17 -17 -18 -18 -18 -17 -18 -18 -18 -18 -18 -18 -18 -18 -18 -18 -18 -18 -18 -19 -19 -19 -18 -18 -18 -18 -18 -18 -18 -19 -19 -19 -18 -18 -18 -18 -18 -18 -18 -18 -18 -18 -19 -18 -18 -18 -18 -18 -18 -19 -19 -19 -19 -19 -19 -19 -19 -19 -19 -19 -19 -18 -19 -19 -18 -18 -18 -18 -19 -19 -19 -18 -18 -17 -17 -17 -17 -17 -17 -16 -16 -16 -17 -17 -17 -18 -19 -18 -17 -18 -18 -18 -18 -18 -18 -18 -18 -18 -18 -18 -18 -18 -18 -18 -18 -18 -18 -18 -18 -18 -18 -18 -18 -18 -18 -18 -18 -18 -18 -18 -18 -18 -17 -17 -17 -17 -17 -17 -17 -17 -17 -17 -17 -18 -18 -17 -17 -18 -18 -17 -17 -17 -17 -17 -17 -17 -17 -17 -17 -17 -17 -17 -17 -16 -16 -16 -16 -16 -16 5 5 4 4 4 4 4 4 4 3 4 3 3 4 4 4 4 4 4 3 3 3 3 3 2 2 2 3 2 2 2 2 1 1 0 0 0 0 0 0 0 0 -1 -1 -1 -1 -1 -1 -1 -2 -2 -2 -2 -3 -3 -4 -3 -3 -3 -4 -4 -4 -4 -4 -4 -4 -4 -5 -5 -5 -5 -5 -5 -6 -6 -6 -6 -6 -6 -6 -6 -6 -7 -7 -7 -7 -7 -7 -7 -7 -7 -7 -7 -7 -8 -9 -9 -9 -8 -9 -9 -9 -8 -9 -10 -10 -10 -9 -9 -10 -10 -10 -10 -10 -11 -11 -11 -10 -11 -11 -11 -11 -11 -11 -11 -11 -11 -11 -11 -11 -11 -11 -11 -11 -11 -11 -11 -11 -11 -12 -12 -12 -12 -12 -12 -12 -12 -12 -12 -13 -13 -13 -13 -13 -13 -13 -13 -13 -13 -13 -13 -14 -14 -14 -14 -15 -15 -15 -15 -15 -15 -15 -15 -15 -15 -15 -15 -16 -16 -16 -16 -16 -15 -15 -15 -15 -15 -15 -15 -15 -16 -16 -15 -15 -16 -16 -16 -16 -17 -17 -17 -17 -17 -17 -17 -17 -17 -17 -17 -17 -17 -17 -17 -17 -17 -17 -17 -17 -17 -18 -18 -18 -18 -18 -18 -18 -18 -18 -19 -19 -19 -19 -18 -18 -18 -18 -18 -18 -18 -19 -19 -18 -18 -18 -18 -18 -18 -18 -18 -18 -18 -18 -18 -18 -18 -18 -18 -18 -18 -19 -19 -18 -18 -18 -18 -18 -19 -19 -19 -19 -19 -19 -19 -19 -19 -18 -18 -18 -19 -19 -18 -18 -18 -17 -17 -17 -17 -17 -17 -17 -17 -16 -17 -17 -17 -17 -18 -19 -18 -17 -18 -18 -18 -18 -18 -18 -18 -18 -18 -18 -18 -18 -18 -18 -18 -18 -18 -18 -18 -18 -18 -18 -18 -18 -18 -18 -18 -18 -17 -17 -18 -18 -17 -17 -17 -17 -17 -17 -17 -17 -17 -17 -17 -17 -17 -17 -17 -17 -17 -17 -17 -17 -17 -17 -17 -17 -17 -17 -17 -17 -17 -17 -16 -16 -16 -16 -16 -16 -15 5 4 5 5 4 4 4 4 4 4 3 4 4 4 4 4 5 4 4 3 3 3 3 3 3 3 2 2 2 2 2 1 1 1 1 0 0 0 0 0 0 -1 -1 -1 -1 -1 -1 -1 -1 -2 -2 -2 -2 -3 -3 -3 -3 -3 -3 -4 -4 -4 -4 -4 -4 -4 -4 -4 -5 -5 -5 -5 -5 -5 -5 -5 -5 -5 -6 -6 -6 -6 -7 -7 -7 -7 -7 -7 -7 -7 -7 -7 -8 -8 -9 -8 -8 -8 -8 -8 -8 -8 -9 -9 -10 -10 -9 -9 -9 -9 -9 -10 -10 -10 -10 -10 -10 -11 -11 -11 -11 -11 -11 -11 -11 -11 -11 -11 -11 -11 -11 -11 -11 -11 -11 -11 -11 -11 -11 -11 -12 -12 -12 -12 -12 -12 -12 -12 -12 -12 -12 -13 -13 -13 -13 -13 -13 -13 -13 -13 -13 -14 -14 -14 -14 -14 -14 -15 -15 -15 -15 -15 -15 -15 -15 -15 -15 -16 -15 -15 -15 -15 -15 -15 -15 -15 -15 -15 -15 -15 -15 -15 -15 -16 -16 -16 -15 -16 -16 -16 -16 -17 -17 -17 -16 -17 -17 -17 -17 -17 -17 -17 -17 -17 -17 -17 -17 -17 -18 -18 -18 -18 -18 -18 -18 -18 -18 -18 -19 -19 -19 -18 -17 -17 -17 -18 -18 -18 -18 -19 -18 -18 -18 -18 -18 -18 -18 -18 -18 -18 -18 -18 -18 -18 -18 -18 -18 -18 -18 -18 -18 -18 -18 -18 -18 -18 -18 -19 -19 -19 -19 -19 -18 -18 -18 -18 -19 -19 -19 -18 -18 -17 -17 -17 -17 -17 -17 -17 -17 -17 -17 -17 -17 -17 -17 -17 -18 -18 -18 -18 -18 -19 -19 -18 -18 -18 -18 -18 -18 -18 -18 -18 -18 -18 -18 -18 -18 -18 -18 -18 -18 -18 -18 -18 -18 -18 -18 -17 -17 -17 -17 -17 -17 -17 -17 -17 -17 -17 -17 -17 -17 -17 -17 -17 -17 -17 -17 -17 -17 -17 -17 -17 -17 -17 -17 -17 -17 -17 -17 -17 -17 -16 -16 -16 -16 -16 -16 -15 4 5 5 5 5 4 4 4 4 4 4 4 5 5 4 5 4 4 4 4 3 3 3 3 3 3 2 2 2 2 1 1 1 1 0 1 1 0 0 -1 -1 -1 -1 -1 -1 -1 -1 -1 -1 -1 -1 -2 -2 -2 -2 -3 -3 -3 -3 -3 -4 -4 -4 -4 -4 -4 -4 -4 -4 -4 -5 -5 -5 -5 -5 -5 -5 -5 -5 -6 -6 -6 -6 -6 -7 -7 -7 -7 -7 -7 -8 -8 -8 -8 -8 -8 -8 -8 -8 -8 -8 -8 -8 -9 -9 -9 -9 -9 -9 -9 -9 -9 -9 -10 -10 -10 -10 -10 -10 -10 -11 -11 -11 -11 -11 -11 -11 -11 -11 -11 -10 -10 -10 -11 -11 -11 -11 -11 -11 -11 -11 -12 -12 -12 -12 -12 -12 -12 -12 -12 -12 -12 -12 -13 -13 -13 -13 -13 -13 -13 -13 -13 -13 -13 -14 -14 -14 -15 -15 -15 -15 -15 -15 -15 -15 -15 -15 -15 -15 -15 -15 -15 -15 -15 -15 -15 -15 -14 -15 -15 -15 -15 -15 -16 -15 -15 -15 -16 -16 -16 -16 -16 -16 -16 -16 -16 -16 -17 -17 -17 -17 -17 -17 -17 -17 -17 -17 -17 -17 -17 -18 -18 -18 -18 -18 -18 -18 -18 -18 -18 -17 -17 -17 -17 -18 -18 -18 -18 -18 -18 -18 -18 -18 -18 -18 -18 -18 -18 -18 -18 -18 -18 -18 -18 -18 -18 -18 -18 -18 -18 -18 -18 -18 -18 -18 -18 -18 -18 -19 -19 -19 -18 -18 -18 -18 -18 -18 -18 -18 -18 -17 -17 -17 -17 -18 -17 -17 -17 -17 -17 -17 -17 -17 -17 -17 -17 -17 -18 -18 -18 -18 -19 -19 -18 -18 -18 -18 -18 -18 -18 -18 -18 -18 -18 -18 -18 -18 -18 -18 -18 -18 -17 -17 -18 -18 -17 -17 -17 -17 -18 -17 -17 -17 -17 -17 -17 -17 -17 -17 -17 -17 -17 -17 -17 -17 -17 -17 -17 -17 -17 -17 -17 -17 -17 -17 -17 -17 -17 -17 -17 -16 -16 -16 -16 -16 -15 6 6 6 6 6 5 5 4 4 4 4 4 5 5 5 5 4 4 4 4 3 3 3 3 3 2 2 2 2 2 1 1 1 1 1 0 0 0 -1 -1 -1 -1 -1 -1 -1 -1 -1 -1 -1 -1 -1 -1 -2 -2 -2 -3 -3 -3 -3 -4 -4 -4 -4 -4 -4 -4 -4 -4 -4 -4 -4 -5 -5 -5 -5 -5 -5 -5 -5 -6 -6 -6 -6 -6 -6 -7 -7 -7 -7 -7 -8 -8 -8 -8 -8 -8 -8 -8 -9 -9 -8 -8 -8 -9 -9 -9 -9 -9 -9 -9 -9 -9 -9 -10 -10 -10 -10 -10 -10 -10 -10 -10 -10 -11 -11 -11 -11 -11 -11 -10 -10 -10 -10 -10 -10 -11 -11 -11 -11 -11 -11 -11 -11 -12 -12 -12 -12 -12 -12 -12 -12 -12 -12 -12 -13 -13 -13 -12 -12 -12 -12 -12 -13 -13 -14 -14 -15 -15 -15 -15 -15 -14 -15 -15 -15 -15 -15 -15 -15 -14 -14 -14 -14 -14 -14 -15 -14 -14 -14 -15 -15 -15 -15 -16 -15 -15 -15 -15 -15 -16 -16 -16 -16 -16 -16 -17 -17 -17 -17 -17 -17 -17 -17 -17 -17 -17 -17 -17 -17 -18 -18 -18 -18 -18 -18 -18 -18 -18 -18 -17 -17 -17 -18 -18 -18 -18 -18 -18 -18 -18 -18 -17 -17 -18 -18 -18 -18 -18 -18 -18 -18 -18 -18 -18 -18 -18 -18 -18 -18 -18 -18 -18 -18 -18 -18 -19 -19 -19 -19 -19 -19 -18 -18 -18 -18 -18 -18 -18 -18 -18 -17 -17 -17 -18 -17 -17 -17 -17 -17 -17 -17 -17 -17 -17 -17 -17 -18 -18 -18 -18 -18 -19 -18 -18 -18 -18 -18 -18 -18 -18 -18 -18 -18 -18 -18 -18 -18 -18 -18 -17 -17 -17 -17 -17 -17 -17 -17 -17 -18 -17 -17 -17 -17 -17 -17 -17 -17 -17 -17 -17 -17 -17 -17 -17 -17 -17 -17 -17 -17 -17 -17 -17 -17 -17 -17 -17 -17 -17 -16 -16 -16 -16 -16 -16 -15 6 6 6 5 5 5 5 5 5 5 4 5 5 5 5 5 5 4 4 4 4 3 3 3 3 3 3 2 2 2 2 2 1 2 1 1 1 0 0 0 0 0 0 -1 -1 -1 -1 -1 -1 -1 -1 -2 -2 -2 -2 -3 -3 -3 -4 -4 -4 -4 -4 -4 -4 -4 -4 -4 -4 -4 -4 -4 -5 -5 -5 -5 -5 -5 -5 -6 -6 -6 -6 -6 -6 -6 -6 -7 -7 -7 -7 -7 -7 -8 -8 -8 -8 -8 -8 -8 -8 -8 -8 -8 -8 -8 -9 -9 -9 -9 -8 -8 -9 -10 -10 -10 -10 -10 -10 -10 -10 -10 -10 -11 -11 -11 -11 -11 -10 -10 -10 -10 -10 -10 -10 -10 -11 -11 -11 -11 -11 -11 -11 -11 -11 -11 -12 -12 -12 -12 -12 -12 -12 -12 -12 -12 -12 -12 -12 -12 -12 -13 -13 -13 -14 -14 -14 -15 -15 -15 -14 -15 -15 -15 -15 -15 -15 -15 -14 -14 -14 -14 -14 -14 -15 -15 -14 -14 -14 -14 -15 -15 -15 -15 -15 -15 -15 -15 -15 -15 -16 -16 -16 -16 -17 -16 -17 -17 -17 -17 -17 -17 -17 -17 -17 -17 -17 -17 -18 -18 -18 -18 -18 -18 -18 -18 -18 -18 -17 -17 -17 -17 -17 -17 -18 -18 -18 -18 -18 -17 -17 -17 -17 -17 -17 -18 -18 -18 -18 -18 -18 -18 -18 -18 -18 -18 -18 -18 -18 -18 -18 -18 -18 -18 -19 -19 -19 -19 -19 -19 -19 -19 -18 -18 -18 -19 -18 -18 -18 -17 -17 -17 -18 -17 -17 -17 -17 -17 -17 -17 -17 -17 -17 -17 -17 -17 -17 -18 -18 -18 -18 -18 -18 -18 -18 -18 -18 -18 -18 -18 -18 -18 -18 -17 -18 -17 -18 -18 -18 -17 -17 -17 -17 -17 -17 -17 -17 -17 -17 -17 -16 -16 -16 -17 -17 -17 -17 -17 -17 -17 -17 -17 -17 -17 -17 -17 -17 -17 -17 -17 -17 -17 -17 -17 -17 -17 -17 -16 -16 -16 -16 -16 -16 -16 6 6 6 5 5 5 5 5 6 5 5 6 6 5 5 5 5 5 5 4 4 3 3 3 3 3 3 2 2 2 2 2 2 2 2 1 1 0 0 0 0 0 0 0 0 -1 -1 -1 -2 -1 -2 -2 -2 -2 -2 -2 -2 -2 -3 -4 -4 -4 -4 -4 -4 -4 -4 -4 -4 -4 -4 -4 -4 -4 -4 -5 -5 -5 -5 -5 -5 -6 -6 -6 -6 -6 -6 -6 -6 -6 -6 -6 -7 -8 -8 -8 -8 -8 -8 -8 -8 -8 -8 -8 -8 -8 -9 -9 -9 -9 -8 -9 -9 -9 -9 -9 -10 -10 -10 -10 -10 -10 -10 -10 -10 -10 -10 -10 -10 -10 -10 -10 -10 -10 -10 -10 -10 -10 -10 -11 -11 -11 -11 -11 -11 -11 -11 -11 -12 -12 -12 -12 -12 -12 -12 -12 -12 -12 -12 -12 -13 -13 -13 -14 -14 -14 -14 -14 -14 -14 -14 -14 -14 -15 -15 -15 -15 -15 -14 -14 -14 -15 -14 -15 -15 -14 -14 -14 -14 -15 -15 -15 -14 -14 -15 -15 -15 -15 -15 -15 -16 -16 -16 -16 -16 -16 -17 -17 -17 -17 -17 -17 -17 -17 -17 -17 -17 -17 -18 -17 -18 -18 -17 -17 -18 -18 -18 -16 -16 -17 -17 -17 -17 -18 -18 -18 -18 -18 -17 -17 -17 -17 -17 -17 -17 -17 -18 -18 -18 -18 -18 -18 -18 -18 -18 -18 -18 -18 -18 -18 -18 -18 -17 -18 -19 -19 -18 -18 -18 -18 -18 -18 -18 -18 -19 -18 -18 -18 -17 -17 -17 -17 -17 -17 -17 -17 -17 -17 -17 -17 -17 -17 -17 -17 -17 -17 -18 -18 -18 -18 -18 -18 -18 -18 -18 -18 -18 -18 -18 -18 -18 -18 -17 -17 -17 -17 -17 -17 -17 -17 -17 -17 -17 -17 -17 -17 -17 -16 -17 -17 -16 -16 -17 -17 -17 -17 -17 -17 -17 -17 -17 -17 -17 -17 -17 -17 -17 -16 -16 -16 -16 -17 -17 -17 -17 -17 -16 -16 -16 -16 -16 -16 7 7 6 6 5 5 5 6 5 5 6 6 6 5 5 4 4 4 4 4 4 3 3 3 3 3 3 2 2 3 2 2 2 2 2 1 1 0 0 0 0 0 0 0 0 -1 0 0 -1 -1 0 -1 -1 -1 -1 -2 -2 -2 -3 -4 -3 -4 -4 -4 -4 -4 -4 -3 -3 -3 -4 -4 -4 -4 -4 -4 -5 -5 -5 -5 -5 -5 -5 -5 -6 -6 -6 -6 -6 -6 -6 -6 -7 -7 -8 -8 -8 -8 -8 -8 -8 -8 -8 -8 -8 -8 -9 -9 -9 -9 -8 -8 -8 -9 -9 -9 -9 -10 -10 -10 -10 -10 -10 -10 -10 -10 -9 -10 -10 -10 -10 -10 -10 -10 -10 -10 -10 -10 -10 -10 -11 -11 -11 -11 -11 -11 -11 -11 -12 -12 -12 -12 -12 -12 -12 -12 -12 -12 -12 -12 -12 -13 -13 -14 -14 -14 -14 -14 -14 -14 -14 -14 -15 -15 -15 -15 -14 -14 -13 -14 -15 -14 -14 -14 -14 -14 -14 -14 -14 -14 -14 -14 -14 -14 -15 -15 -15 -15 -15 -15 -15 -16 -16 -16 -16 -16 -16 -17 -17 -17 -17 -17 -17 -17 -17 -17 -17 -17 -17 -17 -18 -17 -17 -17 -17 -17 -16 -16 -17 -17 -17 -18 -18 -18 -18 -18 -17 -17 -17 -17 -17 -17 -17 -17 -17 -17 -18 -18 -18 -18 -18 -17 -17 -17 -18 -17 -18 -18 -18 -18 -18 -17 -17 -18 -18 -18 -18 -18 -18 -17 -17 -18 -18 -18 -18 -18 -17 -17 -17 -17 -17 -17 -17 -18 -17 -17 -17 -17 -17 -17 -17 -17 -17 -17 -17 -18 -18 -18 -18 -18 -18 -18 -18 -18 -17 -17 -17 -17 -17 -18 -18 -18 -17 -17 -17 -17 -17 -17 -17 -17 -17 -17 -16 -17 -17 -17 -16 -16 -17 -17 -17 -17 -17 -17 -17 -17 -17 -17 -16 -16 -17 -17 -17 -17 -17 -17 -16 -16 -16 -17 -17 -17 -17 -17 -17 -16 -16 -16 -16 -15 -15 7 6 6 6 6 6 6 6 6 6 6 5 5 5 5 5 4 4 4 3 3 3 4 3 3 3 3 2 2 2 2 2 2 2 2 2 1 1 1 1 1 0 0 0 0 0 0 0 0 0 0 -1 0 -1 -1 -2 -2 -3 -2 -3 -3 -3 -3 -4 -4 -4 -3 -3 -3 -3 -3 -3 -3 -4 -4 -5 -5 -5 -5 -5 -5 -5 -5 -5 -6 -6 -6 -6 -6 -6 -6 -6 -7 -8 -8 -7 -7 -7 -7 -8 -8 -8 -8 -8 -8 -8 -8 -9 -9 -9 -8 -8 -8 -8 -8 -9 -9 -10 -10 -10 -10 -10 -10 -10 -10 -9 -9 -9 -10 -10 -10 -10 -10 -10 -10 -10 -10 -10 -10 -10 -10 -10 -11 -11 -11 -11 -11 -11 -11 -12 -12 -12 -12 -12 -12 -12 -12 -12 -12 -12 -13 -13 -14 -14 -14 -14 -14 -14 -14 -14 -14 -14 -15 -15 -15 -14 -14 -13 -13 -14 -14 -14 -14 -14 -14 -14 -14 -14 -14 -14 -14 -14 -14 -14 -14 -15 -15 -15 -15 -15 -15 -15 -16 -16 -16 -16 -16 -16 -16 -16 -17 -17 -17 -17 -17 -17 -17 -17 -17 -17 -17 -17 -17 -17 -17 -16 -16 -17 -17 -17 -17 -17 -17 -18 -17 -17 -17 -17 -17 -17 -17 -17 -17 -17 -17 -18 -18 -18 -18 -17 -17 -17 -17 -17 -17 -17 -17 -17 -18 -18 -18 -17 -18 -17 -18 -18 -18 -18 -18 -17 -17 -17 -18 -18 -18 -17 -17 -17 -17 -17 -17 -17 -17 -18 -18 -18 -17 -17 -17 -17 -17 -18 -18 -18 -18 -18 -18 -18 -18 -18 -18 -18 -18 -17 -17 -17 -17 -17 -17 -18 -18 -17 -17 -17 -17 -17 -17 -17 -17 -17 -17 -17 -17 -17 -17 -17 -17 -17 -16 -17 -17 -17 -17 -17 -17 -16 -16 -17 -17 -17 -17 -17 -17 -16 -17 -16 -16 -16 -16 -17 -17 -17 -16 -16 -16 -16 -16 -16 -15 7 7 6 5 6 6 6 5 5 5 5 5 5 4 5 4 4 4 4 5 5 5 4 4 4 3 3 3 3 3 3 3 3 3 2 2 2 2 2 1 1 1 1 0 0 0 0 0 0 0 0 0 0 0 -1 -1 -1 -1 -1 -2 -2 -2 -3 -3 -4 -4 -4 -3 -3 -3 -3 -3 -3 -3 -3 -4 -4 -4 -4 -5 -5 -5 -5 -5 -5 -5 -6 -6 -6 -6 -6 -6 -6 -7 -7 -8 -7 -7 -7 -7 -8 -8 -8 -8 -8 -8 -8 -8 -8 -9 -9 -8 -8 -8 -8 -8 -8 -8 -9 -10 -10 -10 -10 -10 -10 -9 -9 -9 -9 -9 -10 -10 -10 -10 -10 -10 -10 -10 -10 -10 -10 -10 -10 -10 -11 -11 -11 -11 -11 -11 -11 -11 -12 -12 -12 -12 -12 -12 -11 -11 -12 -12 -13 -13 -14 -14 -14 -14 -14 -14 -14 -14 -14 -14 -14 -14 -14 -13 -14 -14 -14 -14 -14 -14 -14 -14 -13 -14 -14 -14 -14 -14 -14 -14 -14 -14 -14 -15 -15 -15 -15 -15 -15 -16 -16 -16 -16 -16 -16 -16 -16 -16 -16 -16 -16 -17 -17 -17 -17 -17 -17 -17 -17 -17 -17 -16 -16 -17 -17 -17 -17 -17 -17 -17 -17 -17 -17 -17 -17 -17 -17 -17 -17 -17 -17 -17 -17 -17 -17 -17 -17 -17 -17 -17 -17 -17 -17 -17 -17 -18 -18 -17 -17 -17 -17 -18 -18 -18 -18 -17 -17 -17 -17 -17 -17 -17 -17 -17 -17 -17 -17 -17 -17 -17 -18 -18 -18 -18 -17 -17 -17 -18 -18 -18 -18 -18 -18 -18 -18 -18 -18 -18 -17 -17 -17 -17 -17 -17 -17 -17 -17 -17 -17 -17 -17 -17 -17 -17 -17 -17 -17 -17 -17 -17 -17 -17 -17 -17 -17 -17 -17 -17 -16 -16 -16 -16 -17 -17 -17 -17 -17 -17 -17 -17 -17 -17 -17 -16 -16 -17 -17 -16 -16 -16 -16 -16 -16 -15 6 6 6 5 5 5 5 5 5 5 5 5 4 4 4 4 4 4 5 5 5 5 5 5 4 3 3 3 3 3 3 3 3 3 2 2 2 2 2 2 1 1 1 1 1 0 0 0 0 0 0 0 0 0 0 0 -1 -1 -1 -2 -2 -2 -2 -3 -3 -4 -4 -3 -3 -3 -3 -4 -4 -4 -4 -4 -4 -4 -5 -5 -5 -5 -5 -5 -5 -5 -5 -5 -6 -6 -6 -6 -6 -6 -7 -7 -7 -7 -7 -7 -8 -8 -8 -8 -8 -8 -8 -8 -8 -8 -8 -8 -8 -8 -8 -8 -9 -9 -9 -9 -9 -10 -10 -9 -9 -9 -9 -9 -9 -9 -9 -9 -9 -10 -10 -10 -10 -10 -10 -10 -10 -10 -10 -10 -10 -11 -11 -11 -11 -11 -11 -11 -11 -12 -12 -11 -11 -11 -11 -11 -12 -12 -13 -13 -13 -14 -14 -14 -14 -14 -14 -14 -14 -14 -14 -13 -13 -14 -14 -13 -13 -14 -14 -14 -13 -13 -14 -14 -14 -14 -14 -14 -14 -15 -15 -15 -15 -15 -15 -15 -15 -15 -15 -15 -16 -16 -16 -16 -16 -16 -16 -16 -16 -16 -17 -17 -16 -17 -17 -17 -17 -16 -16 -16 -15 -15 -16 -17 -17 -17 -17 -17 -17 -17 -17 -17 -17 -17 -17 -17 -17 -17 -17 -17 -17 -17 -17 -17 -17 -17 -17 -17 -17 -17 -17 -17 -17 -17 -18 -18 -17 -17 -17 -18 -18 -17 -17 -18 -18 -17 -17 -17 -17 -17 -17 -17 -17 -17 -17 -17 -17 -17 -17 -18 -18 -18 -18 -18 -18 -18 -18 -17 -17 -17 -17 -18 -18 -18 -18 -18 -18 -18 -17 -17 -17 -17 -17 -17 -17 -17 -17 -17 -17 -17 -17 -17 -17 -16 -17 -17 -17 -17 -17 -17 -17 -17 -17 -17 -17 -17 -17 -17 -16 -17 -16 -17 -17 -17 -17 -17 -17 -17 -17 -17 -17 -17 -17 -17 -17 -17 -16 -16 -16 -16 -16 -15 -15 7 6 6 6 5 5 5 5 5 5 5 5 5 4 4 4 5 5 5 5 5 5 5 4 4 4 3 3 3 3 3 3 3 3 3 2 2 2 2 2 1 1 1 1 1 1 1 1 1 1 1 1 0 0 0 0 -1 0 -1 -1 -1 -1 -2 -2 -3 -3 -3 -3 -3 -3 -3 -3 -3 -4 -4 -4 -4 -4 -4 -4 -4 -4 -5 -5 -5 -5 -5 -5 -5 -6 -6 -6 -6 -6 -7 -6 -7 -7 -7 -7 -7 -7 -7 -7 -8 -8 -8 -8 -8 -8 -8 -8 -8 -8 -8 -8 -8 -8 -9 -9 -9 -9 -9 -9 -9 -9 -9 -9 -9 -9 -9 -9 -9 -9 -9 -9 -10 -10 -10 -10 -10 -10 -10 -10 -10 -10 -11 -11 -11 -11 -11 -11 -11 -11 -11 -11 -11 -11 -11 -11 -12 -12 -13 -13 -13 -13 -14 -14 -14 -14 -13 -14 -14 -13 -13 -13 -14 -13 -13 -13 -13 -13 -14 -13 -13 -14 -14 -14 -14 -14 -14 -14 -14 -14 -14 -15 -15 -15 -15 -15 -15 -15 -15 -15 -15 -15 -15 -15 -16 -16 -16 -16 -16 -16 -16 -16 -16 -16 -16 -16 -16 -16 -16 -15 -16 -16 -17 -17 -17 -17 -17 -17 -17 -17 -17 -16 -16 -17 -17 -17 -17 -17 -17 -17 -17 -17 -17 -17 -17 -17 -17 -17 -17 -17 -17 -17 -17 -17 -17 -17 -17 -17 -18 -18 -18 -17 -18 -18 -18 -17 -17 -17 -17 -17 -17 -17 -17 -17 -17 -17 -17 -18 -18 -18 -18 -18 -18 -18 -18 -18 -17 -17 -17 -18 -18 -18 -18 -18 -18 -18 -18 -18 -18 -18 -18 -18 -18 -18 -18 -17 -17 -17 -17 -17 -17 -17 -17 -17 -17 -17 -17 -17 -17 -17 -17 -17 -17 -17 -17 -17 -17 -17 -17 -17 -17 -17 -17 -17 -16 -16 -17 -17 -17 -17 -17 -17 -16 -16 -16 -17 -16 -16 -16 -16 -15 -15 7 7 5 5 5 6 6 5 5 5 5 4 4 4 4 4 4 5 5 5 5 4 4 4 4 3 3 3 3 3 3 2 2 2 2 2 2 2 2 2 2 2 1 1 1 1 1 1 1 1 0 0 0 0 0 0 0 0 -1 -1 -2 -2 -3 -3 -3 -3 -3 -2 -2 -3 -4 -4 -4 -4 -4 -4 -4 -4 -4 -4 -5 -5 -5 -5 -5 -5 -5 -5 -5 -5 -6 -6 -6 -6 -7 -7 -7 -7 -7 -7 -7 -7 -7 -7 -7 -8 -8 -8 -8 -8 -8 -7 -7 -8 -8 -8 -8 -9 -9 -9 -8 -8 -9 -9 -9 -9 -9 -9 -9 -9 -9 -9 -9 -9 -9 -9 -10 -10 -10 -10 -10 -10 -10 -10 -10 -11 -11 -11 -11 -11 -11 -11 -11 -11 -11 -11 -11 -12 -12 -12 -13 -13 -13 -13 -13 -14 -13 -13 -13 -13 -13 -13 -13 -13 -13 -13 -13 -13 -13 -13 -13 -13 -13 -13 -14 -14 -14 -14 -13 -13 -14 -14 -14 -15 -15 -15 -15 -15 -15 -15 -15 -15 -15 -15 -15 -15 -15 -16 -16 -16 -16 -16 -16 -16 -16 -16 -16 -16 -16 -16 -15 -16 -16 -17 -17 -17 -17 -17 -17 -17 -16 -16 -16 -16 -16 -16 -16 -17 -17 -17 -17 -17 -17 -17 -17 -17 -17 -17 -17 -17 -17 -17 -17 -17 -17 -17 -17 -17 -17 -18 -18 -17 -17 -17 -18 -18 -18 -18 -18 -17 -16 -16 -16 -16 -17 -17 -16 -17 -17 -18 -18 -18 -18 -18 -18 -18 -18 -18 -18 -18 -18 -18 -18 -18 -18 -18 -18 -18 -18 -18 -18 -18 -17 -18 -18 -18 -18 -17 -17 -17 -17 -17 -17 -17 -17 -17 -17 -17 -17 -17 -17 -17 -17 -17 -16 -16 -16 -17 -17 -17 -17 -16 -16 -16 -17 -17 -16 -16 -16 -16 -17 -16 -16 -16 -16 -16 -17 -16 -16 -16 -16 -16 -16 -15 6 5 5 6 7 5 5 5 5 5 5 5 5 5 5 5 5 5 5 5 5 5 4 4 4 3 3 3 3 2 2 2 2 2 2 2 2 2 2 2 2 1 1 1 2 1 1 1 1 0 0 0 0 0 0 0 -1 -1 -1 -1 -1 -2 -2 -2 -2 -2 -2 -2 -3 -3 -4 -4 -4 -4 -4 -4 -4 -4 -4 -4 -5 -5 -5 -5 -5 -5 -5 -5 -5 -5 -5 -5 -6 -6 -7 -7 -7 -7 -7 -7 -7 -7 -7 -7 -7 -7 -8 -8 -8 -8 -8 -7 -7 -8 -8 -8 -9 -9 -8 -8 -8 -8 -8 -8 -9 -9 -9 -9 -9 -9 -9 -9 -9 -9 -9 -9 -10 -10 -10 -10 -10 -10 -10 -10 -11 -11 -11 -11 -11 -11 -11 -11 -11 -11 -11 -11 -12 -12 -12 -12 -13 -13 -13 -13 -13 -13 -13 -13 -13 -13 -13 -13 -13 -13 -13 -13 -13 -13 -13 -13 -12 -13 -13 -13 -13 -13 -13 -13 -13 -14 -14 -15 -15 -15 -15 -15 -15 -15 -15 -15 -15 -15 -15 -15 -15 -16 -16 -16 -16 -16 -16 -16 -16 -16 -16 -15 -16 -16 -15 -16 -16 -16 -16 -17 -17 -17 -16 -16 -16 -16 -16 -16 -16 -16 -16 -16 -16 -17 -17 -17 -17 -17 -17 -17 -17 -17 -17 -17 -17 -17 -17 -17 -17 -17 -17 -17 -17 -18 -17 -17 -17 -17 -17 -17 -17 -18 -18 -18 -17 -17 -16 -16 -16 -17 -16 -16 -16 -17 -17 -17 -18 -18 -18 -18 -17 -18 -17 -18 -18 -18 -18 -18 -18 -17 -17 -17 -17 -18 -18 -18 -17 -17 -17 -18 -18 -18 -17 -17 -17 -17 -17 -17 -17 -17 -17 -17 -17 -17 -17 -17 -16 -16 -16 -16 -16 -16 -16 -16 -16 -16 -16 -17 -17 -16 -16 -16 -16 -16 -16 -16 -16 -16 -16 -16 -16 -16 -16 -16 -16 -16 -16 -16 7 6 5 6 6 5 5 5 5 5 6 6 6 6 6 6 6 6 5 5 6 6 5 5 5 4 4 3 3 3 3 3 3 3 2 2 2 2 2 2 2 2 2 2 2 2 2 1 1 1 1 0 1 0 0 -1 -1 -1 -1 -1 -1 -1 -1 -1 -2 -2 -2 -2 -2 -2 -3 -4 -4 -4 -4 -4 -4 -4 -4 -4 -4 -5 -4 -5 -5 -5 -5 -5 -5 -5 -5 -5 -6 -6 -7 -7 -7 -7 -7 -7 -7 -7 -7 -7 -7 -7 -7 -7 -8 -8 -8 -7 -7 -7 -7 -7 -8 -8 -8 -8 -8 -8 -8 -8 -8 -8 -9 -9 -9 -9 -9 -9 -9 -9 -9 -9 -9 -9 -10 -10 -10 -10 -10 -10 -10 -10 -11 -11 -11 -11 -11 -11 -11 -11 -11 -11 -11 -11 -12 -12 -12 -13 -13 -13 -13 -13 -13 -13 -12 -12 -13 -13 -13 -13 -13 -12 -12 -13 -13 -13 -12 -13 -13 -13 -13 -13 -14 -14 -14 -13 -14 -14 -14 -14 -14 -14 -14 -14 -15 -15 -15 -15 -15 -15 -15 -15 -15 -15 -15 -15 -15 -15 -16 -16 -16 -16 -16 -16 -15 -16 -16 -16 -16 -16 -16 -16 -16 -16 -16 -16 -16 -16 -16 -16 -16 -16 -16 -16 -17 -17 -17 -17 -17 -17 -17 -17 -17 -17 -17 -17 -17 -17 -17 -17 -17 -17 -17 -17 -17 -17 -17 -17 -17 -17 -17 -17 -17 -17 -17 -17 -17 -17 -17 -17 -16 -16 -16 -16 -16 -17 -17 -17 -17 -17 -17 -18 -17 -17 -17 -17 -17 -16 -16 -15 -15 -15 -16 -17 -18 -18 -17 -16 -17 -17 -17 -17 -17 -17 -17 -17 -17 -17 -17 -17 -17 -17 -17 -17 -17 -16 -16 -16 -16 -16 -16 -16 -17 -17 -17 -17 -17 -17 -17 -16 -16 -16 -16 -16 -16 -16 -16 -16 -16 -16 -16 -16 -16 -16 -16 -16 -15 -15 -15 6 6 6 6 6 6 6 6 6 6 7 7 7 7 7 6 6 6 6 6 6 5 5 5 4 4 4 3 3 3 3 3 3 2 2 2 2 2 2 2 2 2 2 2 2 2 1 1 1 1 1 1 0 0 -1 -1 -1 -1 -2 -2 -2 -2 -2 -2 -2 -2 -2 -2 -3 -3 -3 -3 -3 -4 -4 -4 -4 -4 -4 -4 -4 -4 -4 -5 -5 -5 -5 -5 -5 -5 -6 -6 -6 -7 -7 -6 -6 -6 -6 -6 -7 -7 -7 -7 -7 -7 -7 -7 -7 -7 -7 -7 -7 -8 -8 -7 -8 -8 -8 -8 -8 -8 -8 -8 -8 -8 -9 -9 -9 -9 -9 -9 -9 -9 -9 -9 -9 -10 -10 -10 -10 -10 -10 -10 -10 -11 -11 -11 -11 -11 -11 -11 -11 -11 -11 -11 -11 -12 -12 -13 -13 -13 -13 -13 -12 -12 -12 -12 -12 -13 -13 -13 -12 -12 -12 -13 -13 -12 -13 -13 -13 -13 -14 -14 -14 -14 -14 -14 -14 -14 -14 -14 -14 -14 -14 -14 -14 -14 -15 -15 -15 -15 -15 -15 -15 -15 -15 -15 -15 -16 -16 -16 -16 -16 -16 -16 -16 -16 -16 -16 -16 -16 -16 -16 -16 -16 -16 -16 -16 -16 -16 -16 -16 -16 -16 -16 -17 -17 -17 -17 -17 -17 -16 -16 -17 -17 -17 -17 -17 -17 -17 -17 -17 -17 -17 -17 -17 -17 -17 -17 -17 -17 -17 -17 -17 -16 -16 -16 -17 -17 -16 -16 -16 -16 -16 -16 -16 -16 -17 -17 -17 -17 -17 -17 -17 -17 -16 -15 -15 -15 -16 -15 -15 -16 -16 -17 -18 -17 -16 -17 -17 -16 -17 -17 -17 -17 -17 -17 -17 -17 -17 -16 -17 -17 -17 -16 -16 -16 -16 -16 -16 -16 -16 -16 -17 -17 -17 -17 -17 -17 -16 -16 -16 -16 -16 -16 -16 -16 -16 -16 -16 -16 -16 -16 -16 -15 -15 -15 -15 -15 -15 6 6 7 6 6 6 7 7 7 7 8 8 7 7 7 6 6 6 6 6 6 6 5 5 5 5 4 4 3 3 3 3 3 3 3 2 2 2 2 2 2 2 2 2 2 1 1 1 1 0 1 1 1 0 -1 -1 0 0 -1 -1 -2 -2 -2 -2 -3 -2 -2 -2 -2 -2 -3 -3 -3 -4 -4 -4 -4 -4 -4 -4 -4 -4 -4 -4 -5 -5 -5 -5 -5 -5 -5 -6 -6 -6 -6 -6 -6 -6 -6 -6 -6 -7 -7 -7 -7 -7 -7 -7 -7 -7 -7 -7 -7 -8 -7 -7 -7 -8 -8 -8 -8 -8 -8 -8 -8 -8 -8 -8 -9 -9 -9 -9 -9 -9 -9 -9 -9 -9 -9 -10 -10 -10 -10 -10 -10 -11 -11 -11 -11 -11 -11 -11 -11 -11 -11 -11 -11 -12 -12 -12 -12 -13 -12 -12 -12 -12 -12 -12 -13 -13 -13 -12 -12 -13 -13 -13 -13 -13 -13 -12 -13 -13 -13 -13 -14 -14 -14 -14 -14 -14 -14 -14 -14 -14 -14 -14 -14 -14 -14 -15 -15 -15 -15 -15 -15 -15 -15 -15 -16 -16 -16 -16 -16 -16 -15 -16 -16 -16 -16 -16 -16 -16 -16 -16 -16 -16 -16 -16 -16 -16 -16 -16 -16 -16 -16 -16 -17 -17 -17 -17 -17 -16 -16 -16 -17 -17 -17 -17 -17 -17 -17 -17 -17 -17 -17 -17 -17 -17 -17 -17 -17 -17 -17 -17 -16 -16 -16 -16 -16 -17 -16 -16 -16 -16 -16 -16 -16 -16 -16 -16 -16 -17 -17 -17 -17 -16 -16 -16 -16 -16 -16 -16 -16 -16 -16 -16 -17 -17 -17 -16 -16 -17 -17 -17 -16 -17 -17 -17 -17 -17 -16 -16 -16 -17 -16 -16 -16 -16 -16 -17 -16 -16 -16 -17 -17 -17 -17 -17 -17 -16 -16 -16 -16 -16 -16 -16 -16 -16 -16 -16 -16 -16 -16 -15 -15 -15 -15 -15 -15 -15 -15 7 7 7 7 8 7 7 7 7 7 7 7 7 7 7 7 6 6 6 6 6 6 6 6 6 5 5 5 4 4 4 3 3 3 3 3 3 3 3 3 2 2 2 2 2 2 1 1 1 1 0 1 1 1 0 -1 -1 0 0 0 -1 -2 -2 -3 -3 -3 -3 -3 -3 -2 -3 -3 -3 -4 -4 -4 -4 -4 -4 -3 -3 -4 -4 -4 -4 -4 -5 -5 -5 -5 -5 -5 -6 -6 -6 -6 -6 -6 -6 -6 -6 -6 -6 -6 -6 -6 -7 -7 -7 -7 -7 -7 -7 -7 -7 -7 -7 -7 -7 -7 -8 -8 -8 -8 -8 -8 -8 -8 -8 -8 -9 -9 -9 -9 -9 -9 -9 -9 -9 -9 -10 -10 -10 -10 -10 -10 -10 -11 -11 -11 -11 -11 -11 -11 -11 -11 -12 -12 -12 -12 -12 -12 -12 -12 -12 -12 -12 -12 -12 -12 -12 -13 -13 -13 -13 -13 -13 -12 -12 -12 -12 -13 -13 -13 -13 -13 -14 -14 -14 -14 -14 -14 -14 -14 -14 -14 -14 -14 -15 -15 -15 -15 -15 -15 -15 -15 -15 -15 -16 -16 -16 -16 -16 -16 -15 -15 -15 -15 -15 -15 -15 -16 -16 -16 -16 -16 -16 -16 -16 -16 -16 -16 -16 -16 -16 -16 -16 -16 -17 -17 -17 -16 -16 -16 -17 -17 -17 -17 -17 -17 -17 -17 -17 -17 -17 -17 -17 -17 -17 -17 -17 -17 -17 -17 -16 -17 -17 -17 -17 -17 -17 -17 -16 -16 -16 -16 -17 -16 -16 -16 -16 -16 -16 -16 -16 -16 -16 -16 -16 -16 -16 -16 -16 -15 -16 -16 -16 -17 -17 -16 -16 -16 -16 -17 -16 -17 -17 -17 -17 -17 -16 -16 -16 -16 -16 -16 -16 -16 -16 -17 -16 -16 -16 -17 -17 -16 -16 -16 -16 -16 -16 -16 -15 -15 -16 -16 -16 -16 -16 -16 -16 -16 -16 -16 -15 -15 -15 -15 -15 -15 -15 -14 8 7 8 8 7 8 8 8 8 8 8 8 8 7 7 6 6 6 6 6 6 6 6 6 6 6 5 5 4 4 4 4 4 3 3 3 3 3 3 3 3 2 2 2 2 1 1 1 1 0 0 0 0 0 -1 0 0 0 0 -1 -1 -1 -1 -2 -2 -3 -3 -3 -2 -3 -3 -3 -3 -3 -3 -3 -3 -3 -3 -3 -3 -3 -3 -3 -3 -4 -4 -4 -4 -4 -4 -4 -5 -6 -6 -6 -6 -5 -5 -5 -5 -5 -6 -6 -6 -6 -6 -6 -6 -6 -6 -6 -6 -7 -7 -8 -8 -8 -8 -8 -8 -8 -8 -9 -9 -9 -9 -9 -9 -9 -9 -9 -9 -9 -9 -10 -10 -10 -10 -10 -10 -10 -10 -10 -10 -11 -11 -11 -11 -11 -11 -11 -11 -11 -12 -12 -12 -12 -12 -13 -13 -12 -12 -11 -11 -12 -12 -12 -12 -12 -12 -12 -12 -12 -12 -12 -12 -12 -12 -12 -12 -12 -13 -13 -13 -14 -14 -14 -14 -14 -14 -14 -14 -14 -14 -14 -15 -15 -15 -15 -15 -15 -15 -15 -15 -15 -15 -16 -15 -15 -16 -16 -16 -15 -15 -15 -15 -15 -15 -15 -15 -15 -16 -16 -16 -16 -16 -16 -16 -16 -16 -16 -16 -16 -16 -16 -16 -17 -17 -17 -17 -16 -17 -17 -17 -17 -17 -17 -17 -17 -17 -17 -17 -17 -17 -16 -17 -17 -17 -17 -17 -17 -17 -17 -17 -17 -16 -17 -16 -16 -16 -16 -16 -16 -16 -17 -17 -16 -16 -16 -16 -16 -16 -16 -16 -16 -16 -16 -15 -15 -15 -15 -15 -16 -16 -16 -16 -17 -16 -16 -16 -16 -16 -16 -16 -16 -16 -16 -17 -16 -16 -16 -17 -16 -16 -16 -16 -16 -17 -17 -15 -16 -16 -17 -17 -16 -16 -16 -16 -16 -16 -15 -15 -16 -16 -16 -16 -16 -16 -16 -16 -16 -16 -15 -15 -15 -15 -15 -15 -14 -14 7 7 7 7 7 8 8 8 8 8 9 9 7 7 7 6 7 7 7 6 6 6 6 6 6 6 6 5 5 5 5 5 4 4 3 3 3 3 3 3 3 3 3 2 2 1 1 1 1 1 1 1 1 0 0 0 0 0 0 0 0 0 -1 -1 -2 -2 -2 -2 -2 -2 -1 -2 -2 -3 -3 -3 -3 -3 -3 -3 -3 -3 -3 -3 -3 -3 -3 -4 -4 -4 -4 -5 -5 -5 -5 -5 -5 -5 -5 -5 -5 -5 -5 -6 -6 -6 -6 -6 -6 -6 -6 -6 -7 -7 -7 -8 -8 -8 -8 -8 -8 -8 -8 -8 -8 -8 -8 -9 -9 -9 -9 -9 -9 -9 -9 -10 -9 -10 -10 -10 -10 -10 -10 -10 -10 -10 -11 -11 -11 -11 -11 -11 -11 -11 -12 -12 -12 -12 -12 -12 -12 -12 -11 -11 -12 -12 -12 -12 -12 -12 -12 -12 -12 -11 -12 -12 -12 -12 -12 -12 -12 -13 -13 -13 -13 -14 -14 -14 -14 -14 -14 -14 -14 -14 -14 -14 -14 -14 -14 -14 -15 -15 -15 -15 -15 -15 -15 -15 -15 -15 -15 -16 -15 -15 -15 -15 -15 -15 -15 -15 -15 -15 -15 -15 -15 -15 -16 -16 -16 -16 -16 -16 -16 -16 -16 -16 -16 -16 -16 -16 -16 -16 -16 -17 -16 -16 -16 -17 -17 -17 -17 -17 -17 -17 -17 -17 -17 -17 -17 -17 -17 -17 -17 -17 -17 -17 -16 -16 -16 -16 -16 -16 -17 -17 -17 -16 -16 -16 -16 -16 -16 -16 -16 -16 -16 -16 -16 -16 -16 -15 -15 -16 -16 -16 -16 -16 -17 -17 -16 -16 -16 -16 -16 -16 -16 -16 -16 -16 -16 -16 -16 -17 -16 -16 -16 -16 -16 -17 -17 -15 -15 -15 -16 -16 -16 -16 -16 -16 -16 -16 -15 -15 -16 -15 -16 -16 -16 -16 -16 -16 -16 -16 -15 -15 -14 -15 -15 -15 -15 -14 8 8 7 8 8 8 8 8 8 9 9 7 7 7 7 7 7 7 7 7 7 7 6 6 6 6 6 6 6 6 5 5 4 4 3 3 3 4 4 3 3 3 3 3 2 2 1 1 1 1 2 1 0 0 0 1 0 0 0 0 0 0 0 -1 -1 -1 -2 -2 -2 -1 -2 -2 -2 -3 -3 -3 -3 -3 -3 -3 -3 -3 -3 -3 -3 -3 -3 -3 -4 -4 -4 -4 -4 -5 -5 -5 -5 -5 -5 -5 -5 -5 -5 -5 -5 -6 -6 -6 -6 -6 -6 -6 -7 -7 -7 -7 -7 -7 -7 -8 -8 -8 -8 -8 -8 -8 -8 -8 -8 -9 -9 -9 -9 -9 -9 -9 -9 -10 -10 -10 -10 -10 -10 -10 -10 -10 -10 -11 -11 -11 -11 -11 -11 -11 -12 -12 -12 -12 -12 -12 -12 -11 -11 -11 -11 -11 -12 -12 -12 -12 -12 -12 -11 -12 -12 -12 -13 -12 -12 -12 -12 -13 -13 -13 -13 -14 -14 -14 -13 -13 -14 -14 -14 -14 -14 -14 -14 -14 -14 -15 -15 -15 -15 -15 -15 -15 -15 -15 -15 -15 -15 -15 -15 -15 -15 -15 -15 -15 -15 -15 -15 -15 -15 -15 -15 -15 -15 -15 -15 -15 -16 -16 -16 -16 -16 -16 -16 -16 -16 -16 -16 -16 -16 -16 -16 -16 -16 -16 -16 -17 -17 -17 -17 -17 -17 -17 -17 -17 -17 -17 -17 -16 -16 -16 -16 -16 -16 -16 -16 -16 -16 -16 -17 -17 -16 -16 -16 -16 -16 -16 -16 -16 -16 -16 -16 -16 -16 -16 -16 -16 -16 -16 -16 -16 -16 -16 -17 -16 -16 -16 -16 -16 -16 -16 -16 -16 -16 -16 -16 -16 -16 -16 -16 -16 -16 -16 -17 -16 -15 -15 -14 -15 -15 -15 -16 -16 -16 -16 -16 -16 -16 -16 -15 -15 -15 -16 -16 -16 -16 -16 -16 -15 -15 -15 -15 -15 -15 -14 9 8 8 8 8 8 9 9 9 7 7 7 7 7 7 7 7 7 7 7 7 7 7 6 6 6 6 6 6 5 5 4 4 4 4 4 4 4 3 3 3 3 2 2 2 1 1 1 2 2 2 1 0 0 1 1 1 0 1 1 1 0 -1 -1 -1 -1 -1 -1 -1 -2 -2 -2 -3 -3 -3 -3 -3 -3 -3 -3 -3 -3 -3 -3 -3 -3 -3 -4 -4 -4 -4 -4 -4 -5 -5 -5 -5 -5 -5 -5 -5 -5 -5 -5 -6 -6 -6 -6 -5 -6 -6 -6 -6 -7 -7 -7 -7 -7 -7 -7 -8 -8 -8 -8 -8 -8 -8 -8 -9 -9 -9 -9 -9 -9 -9 -9 -9 -10 -10 -10 -10 -10 -10 -10 -10 -10 -10 -11 -11 -11 -11 -11 -11 -11 -12 -12 -12 -12 -12 -11 -11 -11 -11 -11 -11 -12 -11 -11 -12 -12 -11 -12 -12 -12 -13 -13 -12 -12 -12 -13 -13 -13 -13 -13 -13 -13 -13 -13 -14 -13 -14 -14 -14 -14 -14 -14 -14 -14 -14 -15 -15 -15 -15 -15 -15 -14 -15 -15 -15 -15 -15 -15 -15 -15 -15 -15 -15 -15 -15 -15 -15 -15 -15 -15 -15 -15 -15 -15 -15 -16 -16 -16 -16 -16 -16 -16 -16 -16 -16 -16 -16 -16 -16 -16 -16 -16 -16 -16 -17 -16 -16 -17 -17 -17 -17 -17 -17 -17 -17 -16 -16 -15 -15 -16 -16 -16 -16 -16 -16 -16 -16 -17 -17 -16 -16 -16 -16 -16 -16 -16 -16 -16 -16 -16 -16 -16 -16 -16 -16 -16 -16 -16 -16 -16 -16 -16 -16 -16 -16 -16 -16 -16 -16 -16 -16 -16 -16 -16 -16 -16 -16 -16 -16 -17 -17 -16 -16 -14 -15 -15 -15 -15 -16 -16 -16 -15 -16 -16 -16 -16 -16 -15 -15 -16 -16 -16 -16 -16 -16 -15 -15 -15 -15 -15 -15 -14 -14 9 9 9 8 8 9 8 8 7 7 7 7 7 7 7 7 8 7 7 7 7 7 7 7 6 6 6 6 5 5 5 5 5 5 5 4 4 3 3 3 3 3 3 2 2 2 2 2 1 1 1 1 1 1 1 1 1 1 1 0 0 0 0 -1 -1 -1 -1 -1 -2 -2 -2 -2 -2 -2 -2 -3 -3 -3 -2 -3 -3 -3 -3 -3 -4 -4 -4 -4 -4 -4 -4 -4 -4 -4 -4 -5 -5 -5 -5 -5 -5 -5 -5 -5 -5 -5 -6 -5 -6 -6 -6 -7 -7 -7 -7 -7 -7 -7 -7 -7 -8 -8 -8 -8 -8 -8 -8 -8 -8 -9 -9 -9 -9 -9 -9 -9 -9 -9 -9 -10 -10 -10 -10 -10 -10 -10 -10 -10 -11 -11 -11 -11 -11 -11 -11 -11 -11 -12 -11 -11 -11 -11 -11 -11 -11 -11 -11 -11 -11 -11 -12 -12 -13 -12 -11 -12 -12 -12 -12 -13 -13 -12 -13 -13 -13 -13 -13 -13 -13 -13 -14 -14 -14 -14 -14 -14 -14 -14 -14 -14 -14 -14 -14 -14 -14 -14 -15 -15 -14 -14 -14 -15 -15 -15 -15 -15 -15 -15 -15 -15 -15 -15 -15 -15 -15 -15 -15 -15 -15 -16 -16 -16 -16 -16 -16 -16 -16 -16 -15 -15 -16 -16 -16 -16 -16 -16 -16 -16 -16 -16 -16 -16 -17 -17 -16 -16 -17 -17 -16 -16 -15 -15 -15 -16 -16 -16 -16 -15 -16 -16 -17 -17 -16 -16 -16 -16 -16 -16 -16 -16 -16 -16 -16 -16 -16 -16 -16 -16 -16 -16 -16 -16 -16 -15 -16 -16 -16 -16 -16 -15 -15 -16 -16 -16 -16 -15 -16 -16 -16 -16 -16 -16 -16 -16 -16 -16 -15 -15 -15 -15 -15 -15 -15 -16 -16 -16 -16 -16 -16 -16 -16 -16 -16 -16 -15 -15 -15 -15 -15 -15 -14 -15 -15 -15 -14 -14 9 9 9 9 9 8 9 8 7 7 8 8 8 8 8 8 8 7 7 7 7 7 7 7 6 6 6 6 6 6 6 6 5 5 5 5 4 4 4 3 3 3 3 3 3 2 2 2 1 1 1 2 2 2 1 1 1 1 1 1 0 0 0 0 -1 -1 0 -1 -1 -2 -2 -2 -2 -2 -2 -2 -2 -2 -2 -2 -2 -2 -2 -3 -3 -4 -4 -3 -3 -4 -4 -4 -4 -4 -4 -4 -4 -5 -5 -5 -5 -5 -5 -5 -5 -5 -5 -5 -6 -6 -6 -6 -6 -6 -6 -7 -7 -7 -7 -7 -7 -7 -8 -8 -8 -8 -8 -8 -8 -9 -9 -9 -9 -9 -9 -9 -9 -9 -9 -9 -10 -10 -10 -10 -10 -10 -10 -10 -10 -11 -11 -11 -11 -11 -11 -11 -11 -11 -11 -11 -11 -11 -11 -11 -11 -11 -11 -11 -11 -11 -11 -12 -13 -12 -12 -12 -12 -12 -12 -13 -12 -12 -12 -13 -13 -13 -13 -13 -13 -13 -13 -14 -14 -14 -14 -14 -14 -14 -14 -14 -14 -14 -14 -14 -14 -15 -15 -15 -14 -14 -14 -14 -14 -14 -14 -14 -15 -15 -15 -15 -15 -15 -15 -15 -15 -15 -15 -15 -15 -16 -16 -16 -16 -16 -16 -16 -15 -15 -15 -15 -16 -16 -15 -16 -16 -16 -16 -16 -16 -16 -16 -16 -16 -16 -16 -16 -16 -16 -16 -16 -16 -15 -15 -15 -16 -16 -16 -16 -16 -16 -16 -16 -16 -16 -16 -16 -16 -16 -16 -16 -16 -16 -16 -16 -16 -16 -16 -16 -16 -16 -15 -16 -16 -16 -16 -16 -16 -16 -16 -16 -15 -15 -15 -16 -16 -16 -16 -16 -16 -16 -16 -16 -16 -16 -16 -15 -14 -15 -15 -15 -15 -16 -16 -16 -16 -16 -16 -15 -15 -15 -15 -16 -16 -15 -15 -15 -15 -15 -15 -15 -15 -15 -14 -15 -15 -14 -13 10 9 10 9 9 9 9 9 8 8 8 8 8 9 9 8 8 8 8 8 8 8 8 7 7 6 6 6 5 5 6 6 6 5 6 5 5 4 4 4 4 4 3 3 3 3 3 2 2 1 1 1 2 2 2 1 1 1 1 1 1 1 0 0 0 0 0 -1 -1 -1 -2 -2 -2 -2 -1 -2 -2 -2 -2 -2 -2 -2 -2 -3 -3 -3 -3 -3 -3 -3 -3 -4 -3 -3 -3 -4 -4 -4 -5 -5 -5 -5 -5 -5 -5 -5 -5 -5 -5 -6 -6 -6 -6 -6 -6 -6 -6 -7 -7 -7 -7 -7 -7 -8 -8 -8 -8 -8 -8 -8 -9 -9 -9 -9 -9 -9 -9 -9 -9 -9 -9 -10 -10 -10 -10 -10 -10 -10 -10 -10 -11 -11 -11 -11 -11 -11 -11 -11 -10 -10 -11 -11 -11 -11 -11 -11 -11 -11 -11 -11 -11 -12 -12 -12 -12 -12 -12 -12 -12 -12 -12 -12 -12 -12 -13 -13 -13 -13 -13 -13 -13 -13 -13 -14 -14 -13 -13 -14 -14 -14 -14 -14 -14 -14 -14 -14 -15 -15 -14 -14 -14 -14 -14 -14 -14 -14 -14 -15 -15 -15 -15 -15 -15 -15 -15 -15 -15 -15 -15 -16 -16 -16 -16 -16 -16 -16 -15 -16 -16 -16 -16 -15 -15 -15 -15 -15 -15 -16 -16 -16 -16 -16 -16 -15 -15 -15 -16 -16 -16 -16 -15 -15 -15 -15 -16 -16 -16 -16 -16 -16 -16 -16 -16 -16 -16 -16 -16 -16 -16 -16 -16 -16 -16 -16 -16 -16 -16 -16 -16 -16 -16 -16 -16 -16 -16 -16 -16 -16 -15 -15 -15 -15 -15 -15 -15 -15 -16 -15 -15 -16 -16 -16 -16 -16 -16 -15 -14 -14 -15 -16 -15 -16 -16 -16 -16 -16 -15 -15 -15 -15 -15 -16 -15 -15 -15 -15 -15 -15 -15 -15 -15 -14 -14 -14 -14 -14 -13 11 11 11 10 10 9 9 9 8 8 9 8 8 9 9 9 8 8 8 8 8 8 8 8 8 7 6 6 6 6 5 6 6 6 6 6 5 5 5 4 4 4 4 4 4 4 3 3 2 2 2 2 2 2 2 2 2 1 1 1 1 1 1 0 0 0 0 0 -1 -1 -1 -1 -2 -2 -2 -2 -1 -2 -2 -2 -2 -2 -2 -2 -3 -3 -3 -3 -2 -3 -3 -3 -3 -3 -3 -4 -3 -3 -4 -4 -4 -4 -4 -5 -5 -5 -4 -5 -5 -5 -6 -6 -6 -6 -6 -6 -6 -7 -7 -6 -6 -7 -7 -7 -8 -8 -8 -8 -8 -8 -9 -9 -9 -9 -9 -9 -9 -9 -9 -9 -9 -9 -9 -9 -10 -10 -10 -10 -10 -10 -10 -11 -11 -11 -11 -11 -11 -11 -10 -10 -10 -10 -11 -11 -11 -11 -11 -11 -11 -11 -11 -12 -12 -12 -12 -12 -12 -12 -12 -12 -12 -12 -12 -13 -12 -12 -13 -13 -13 -13 -13 -13 -13 -13 -13 -13 -13 -14 -13 -14 -13 -13 -14 -14 -14 -14 -14 -14 -14 -14 -14 -14 -14 -14 -14 -14 -14 -15 -15 -15 -15 -15 -15 -15 -15 -15 -15 -15 -15 -15 -15 -15 -15 -15 -16 -16 -16 -16 -16 -15 -15 -15 -15 -15 -15 -15 -15 -15 -15 -16 -16 -16 -15 -15 -15 -15 -16 -16 -16 -16 -15 -15 -15 -15 -15 -16 -16 -16 -16 -16 -16 -16 -16 -16 -16 -16 -16 -16 -16 -16 -16 -16 -16 -16 -16 -16 -16 -16 -16 -16 -16 -16 -15 -16 -16 -16 -16 -16 -16 -16 -15 -15 -15 -15 -15 -15 -15 -16 -15 -15 -16 -16 -16 -16 -16 -15 -15 -15 -15 -16 -16 -16 -16 -16 -16 -16 -15 -15 -15 -15 -15 -15 -15 -15 -15 -15 -15 -15 -15 -15 -15 -15 -14 -14 -13 -14 -14 -13 11 11 11 10 10 9 10 9 9 9 9 9 9 9 9 8 8 8 8 8 8 8 8 8 8 7 7 6 6 6 6 6 5 5 5 5 5 5 5 5 5 4 4 4 4 3 3 3 2 2 3 3 2 2 2 2 2 2 1 1 2 2 1 1 1 1 0 0 0 0 -1 -1 -2 -1 -1 -1 -1 -1 -1 -1 -2 -2 -2 -3 -2 -3 -3 -3 -3 -2 -2 -3 -3 -3 -3 -3 -3 -3 -4 -4 -4 -4 -4 -5 -4 -4 -4 -5 -5 -5 -6 -6 -6 -7 -7 -7 -7 -7 -7 -7 -7 -7 -7 -7 -7 -8 -8 -8 -8 -8 -8 -8 -9 -9 -9 -9 -9 -9 -9 -9 -9 -9 -9 -9 -10 -10 -10 -10 -10 -10 -10 -11 -11 -11 -11 -11 -11 -10 -10 -10 -10 -10 -10 -11 -11 -11 -11 -11 -11 -11 -11 -11 -12 -12 -12 -11 -12 -12 -12 -11 -12 -12 -12 -12 -12 -12 -12 -13 -13 -13 -13 -13 -13 -13 -13 -13 -13 -13 -13 -13 -13 -13 -14 -14 -14 -14 -14 -13 -13 -13 -14 -14 -14 -14 -14 -14 -14 -15 -15 -15 -15 -15 -15 -15 -15 -15 -15 -15 -15 -15 -15 -15 -16 -16 -16 -16 -15 -15 -15 -15 -15 -15 -15 -15 -15 -15 -15 -15 -15 -16 -16 -15 -15 -16 -16 -16 -16 -15 -16 -16 -15 -15 -15 -15 -16 -15 -16 -16 -16 -16 -16 -16 -16 -16 -16 -16 -16 -16 -16 -16 -16 -16 -16 -16 -16 -16 -16 -16 -16 -16 -16 -15 -15 -16 -16 -16 -16 -16 -16 -16 -16 -16 -16 -15 -15 -16 -16 -16 -16 -16 -16 -16 -16 -16 -15 -15 -15 -15 -15 -15 -16 -16 -16 -16 -16 -15 -15 -15 -15 -15 -15 -15 -15 -15 -15 -15 -15 -15 -15 -15 -14 -14 -14 -14 -14 -14 -14 -13 11 11 11 11 11 10 10 9 9 10 10 9 9 9 9 9 9 8 8 8 8 8 8 8 8 8 8 7 7 6 6 6 6 6 5 5 5 5 5 5 5 5 5 4 4 4 4 3 2 2 3 3 3 3 3 3 2 2 2 2 2 1 1 1 1 1 1 0 0 -1 -1 -1 -1 -1 -1 -1 -1 -1 -1 -1 -1 -1 -2 -2 -2 -2 -2 -2 -2 -3 -2 -2 -2 -2 -2 -3 -3 -3 -3 -3 -3 -4 -4 -4 -4 -4 -4 -4 -4 -6 -6 -5 -5 -5 -6 -6 -6 -7 -7 -7 -7 -7 -7 -7 -7 -8 -8 -8 -8 -8 -8 -8 -8 -9 -9 -8 -9 -9 -9 -9 -9 -9 -9 -9 -10 -10 -10 -10 -10 -10 -10 -10 -10 -10 -10 -11 -11 -10 -10 -10 -10 -10 -10 -10 -11 -11 -11 -11 -11 -11 -11 -11 -11 -11 -12 -12 -12 -12 -11 -12 -12 -12 -12 -12 -12 -12 -12 -12 -12 -13 -13 -13 -13 -13 -13 -13 -13 -13 -13 -13 -13 -13 -13 -14 -14 -14 -14 -13 -13 -13 -13 -14 -14 -14 -14 -14 -14 -14 -15 -15 -15 -15 -15 -15 -15 -15 -15 -15 -15 -15 -15 -15 -15 -16 -16 -16 -15 -15 -15 -15 -15 -15 -15 -15 -15 -15 -15 -15 -15 -16 -16 -15 -16 -16 -16 -16 -16 -15 -15 -16 -15 -15 -15 -16 -16 -15 -15 -16 -16 -16 -16 -16 -16 -16 -16 -16 -16 -16 -16 -16 -16 -16 -16 -16 -16 -16 -16 -16 -16 -16 -16 -16 -15 -16 -16 -16 -16 -16 -16 -16 -16 -15 -15 -15 -15 -16 -16 -16 -16 -16 -16 -16 -15 -16 -16 -15 -15 -15 -15 -16 -16 -15 -15 -15 -15 -15 -15 -15 -15 -15 -15 -15 -15 -15 -15 -15 -15 -15 -14 -14 -14 -15 -15 -14 -14 -14 -14 -14 -14 -13 11 11 11 11 10 10 9 9 10 10 10 10 10 10 10 9 9 9 8 9 8 8 8 8 8 8 8 7 7 7 7 6 6 6 6 5 5 5 5 5 5 5 5 4 4 3 3 3 3 3 3 3 3 3 3 2 2 2 2 2 2 1 0 0 0 0 0 -1 -1 -1 -1 -1 -1 -1 -1 -1 -1 -1 0 -1 -1 -1 -1 -1 -1 -2 -2 -2 -2 -2 -2 -2 -2 -2 -2 -2 -3 -2 -3 -3 -4 -4 -4 -3 -3 -4 -5 -5 -6 -5 -4 -4 -5 -6 -6 -6 -6 -7 -7 -7 -7 -7 -7 -7 -8 -8 -8 -8 -8 -7 -7 -8 -8 -9 -8 -8 -8 -9 -9 -9 -8 -8 -9 -9 -10 -10 -10 -10 -9 -10 -10 -10 -10 -10 -10 -10 -10 -10 -10 -10 -10 -10 -10 -10 -10 -11 -11 -11 -11 -11 -11 -11 -11 -11 -12 -12 -11 -11 -12 -12 -12 -12 -12 -12 -12 -12 -12 -12 -12 -13 -13 -13 -13 -13 -13 -13 -13 -13 -13 -13 -13 -13 -13 -13 -13 -14 -13 -13 -13 -13 -14 -14 -14 -14 -14 -14 -14 -14 -14 -15 -15 -15 -15 -15 -15 -15 -15 -15 -15 -15 -15 -15 -16 -16 -16 -16 -15 -15 -15 -15 -15 -15 -15 -15 -15 -15 -15 -15 -15 -15 -16 -15 -16 -16 -16 -16 -15 -15 -15 -15 -15 -15 -16 -15 -15 -15 -16 -16 -16 -16 -16 -16 -16 -16 -16 -16 -16 -16 -16 -16 -16 -16 -16 -16 -16 -16 -16 -16 -16 -16 -16 -16 -15 -16 -16 -16 -16 -16 -16 -16 -15 -15 -14 -15 -15 -16 -16 -16 -16 -16 -15 -16 -16 -16 -16 -16 -16 -15 -15 -15 -15 -15 -16 -15 -15 -15 -15 -16 -15 -15 -15 -15 -15 -15 -15 -15 -15 -15 -14 -15 -14 -14 -14 -14 -14 -14 -14 -14 -14 -13 11 11 11 11 12 11 10 9 9 9 9 9 10 11 10 10 10 10 9 9 9 9 9 9 9 8 8 9 8 8 7 7 6 7 6 6 5 5 5 5 5 5 5 5 5 4 3 4 4 4 4 4 3 4 3 3 3 3 3 3 2 2 2 1 1 0 1 1 1 0 -1 -1 -1 0 0 0 0 0 0 0 -1 -1 -1 0 -1 -1 -1 -1 -2 -2 -2 -2 -2 -2 -2 -2 -2 -2 -2 -2 -2 -3 -3 -3 -3 -4 -4 -4 -4 -5 -5 -5 -5 -4 -5 -5 -6 -6 -6 -7 -7 -7 -7 -7 -8 -7 -7 -7 -8 -8 -7 -7 -7 -8 -8 -8 -8 -7 -8 -9 -9 -9 -8 -8 -9 -9 -9 -10 -10 -10 -9 -10 -10 -10 -10 -10 -10 -9 -9 -10 -10 -10 -10 -10 -10 -10 -10 -11 -11 -11 -11 -10 -11 -11 -11 -11 -12 -11 -11 -11 -12 -12 -12 -12 -12 -12 -12 -12 -12 -12 -12 -12 -13 -13 -13 -13 -13 -13 -13 -13 -13 -13 -13 -13 -14 -14 -14 -13 -13 -13 -13 -13 -13 -13 -13 -14 -14 -14 -14 -14 -14 -15 -15 -15 -15 -15 -15 -15 -15 -15 -15 -15 -16 -16 -16 -16 -15 -15 -15 -15 -15 -15 -15 -15 -15 -15 -15 -15 -15 -15 -15 -15 -15 -15 -16 -16 -16 -15 -15 -15 -15 -15 -16 -16 -16 -15 -16 -16 -16 -16 -16 -16 -16 -16 -16 -16 -16 -16 -16 -16 -16 -16 -16 -16 -16 -16 -16 -16 -16 -16 -16 -16 -16 -15 -15 -16 -16 -16 -15 -15 -15 -15 -15 -15 -15 -16 -16 -16 -15 -16 -16 -15 -15 -16 -16 -15 -15 -15 -15 -15 -15 -15 -15 -15 -15 -15 -15 -15 -15 -15 -15 -15 -15 -15 -15 -15 -15 -15 -14 -14 -14 -15 -14 -14 -14 -15 -14 -14 -14 -14 -14 -13 -13 -13 -13 11 11 11 11 12 12 12 11 9 9 9 9 9 10 10 10 9 9 10 10 10 9 9 9 9 9 9 9 9 9 9 8 8 8 7 7 7 6 6 5 5 5 5 5 5 4 4 4 4 4 4 5 4 4 4 4 3 3 3 3 3 3 2 3 3 2 1 1 1 2 2 0 -1 -1 -1 0 0 0 0 0 0 0 -1 0 0 -1 -1 0 -1 -1 -1 -2 -1 -1 -1 -2 -2 -2 -2 -2 -2 -2 -2 -2 -2 -3 -3 -3 -3 -4 -5 -4 -4 -4 -4 -4 -4 -5 -6 -6 -6 -6 -6 -7 -8 -7 -7 -7 -7 -7 -7 -7 -7 -7 -7 -8 -8 -8 -7 -7 -8 -8 -9 -8 -8 -8 -8 -8 -9 -10 -10 -9 -9 -10 -10 -10 -10 -10 -9 -9 -9 -9 -10 -10 -10 -10 -10 -10 -10 -10 -11 -11 -11 -11 -11 -11 -11 -11 -11 -11 -11 -12 -12 -12 -12 -12 -12 -12 -12 -12 -12 -12 -12 -12 -13 -13 -13 -13 -13 -13 -13 -13 -13 -13 -13 -13 -14 -14 -13 -13 -13 -13 -13 -13 -13 -13 -13 -13 -13 -14 -14 -14 -14 -15 -15 -15 -14 -15 -15 -15 -15 -15 -15 -15 -15 -15 -16 -15 -15 -15 -15 -15 -15 -15 -15 -15 -15 -15 -15 -15 -15 -15 -15 -15 -15 -15 -16 -16 -15 -15 -15 -15 -15 -15 -15 -15 -15 -15 -15 -15 -16 -16 -16 -16 -16 -16 -16 -16 -16 -16 -16 -16 -17 -17 -17 -16 -17 -16 -16 -16 -16 -16 -16 -16 -16 -15 -16 -16 -15 -16 -16 -15 -15 -15 -15 -15 -15 -15 -15 -15 -15 -15 -15 -15 -15 -15 -16 -15 -15 -15 -15 -15 -15 -15 -15 -15 -15 -15 -15 -16 -15 -15 -15 -15 -15 -15 -14 -15 -15 -14 -14 -14 -14 -14 -15 -15 -15 -15 -14 -14 -14 -14 -14 -13 -13 -13 11 11 11 11 12 12 12 12 12 10 10 10 11 10 11 10 10 10 9 9 9 9 9 9 9 9 9 9 9 9 9 9 9 9 8 8 8 8 8 8 7 6 6 6 6 6 5 5 5 4 4 5 5 4 4 5 4 4 4 4 3 3 3 2 2 2 2 1 1 1 2 1 0 0 0 0 0 0 0 0 0 0 0 0 0 0 0 0 0 0 0 -1 -1 -1 -1 -1 -1 -1 -1 -2 -2 -2 -2 -2 -2 -1 -2 -2 -2 -3 -3 -4 -3 -3 -4 -4 -3 -3 -4 -5 -6 -6 -6 -6 -7 -7 -6 -6 -7 -7 -7 -7 -7 -6 -6 -6 -7 -7 -7 -7 -7 -7 -8 -8 -8 -8 -8 -8 -7 -8 -9 -9 -9 -9 -10 -10 -10 -10 -10 -9 -9 -9 -9 -9 -9 -10 -10 -10 -10 -10 -10 -10 -11 -11 -11 -11 -11 -11 -11 -11 -11 -12 -12 -12 -11 -11 -12 -12 -12 -12 -12 -12 -12 -12 -12 -12 -12 -12 -13 -13 -13 -13 -13 -13 -13 -13 -13 -13 -13 -13 -13 -13 -13 -13 -13 -13 -13 -13 -13 -13 -13 -14 -14 -14 -15 -14 -14 -14 -14 -14 -14 -15 -15 -15 -15 -15 -15 -15 -15 -15 -14 -15 -15 -15 -15 -15 -15 -15 -15 -15 -15 -15 -15 -15 -15 -15 -15 -15 -15 -15 -15 -15 -15 -15 -16 -16 -15 -15 -15 -15 -15 -15 -15 -16 -16 -16 -16 -16 -16 -16 -16 -16 -16 -17 -17 -17 -17 -17 -17 -16 -16 -16 -17 -17 -16 -16 -16 -16 -16 -16 -16 -16 -15 -16 -15 -16 -16 -15 -15 -15 -15 -15 -15 -15 -15 -15 -15 -16 -15 -15 -15 -15 -15 -15 -15 -15 -15 -15 -15 -15 -16 -15 -15 -15 -15 -15 -15 -14 -14 -14 -14 -14 -14 -14 -14 -14 -14 -14 -14 -14 -14 -14 -14 -14 -14 -13 -13 -12 11 11 11 11 11 11 12 11 11 11 12 11 10 10 10 10 10 10 11 11 10 9 9 9 9 9 10 10 10 9 9 9 9 9 9 8 7 7 7 7 7 8 7 7 7 7 7 7 6 6 6 4 5 5 5 5 4 4 4 5 5 4 4 4 4 3 2 2 2 2 1 1 1 1 0 0 1 0 0 0 0 0 0 0 0 0 0 0 0 0 0 0 -1 0 0 -1 -1 -1 -1 -1 -1 -1 -1 -1 -1 -2 -2 -2 -1 -2 -2 -3 -4 -4 -3 -3 -2 -3 -3 -3 -4 -4 -5 -6 -6 -7 -7 -7 -6 -6 -6 -6 -5 -6 -6 -6 -7 -7 -7 -6 -7 -7 -8 -8 -8 -8 -8 -8 -8 -8 -7 -8 -8 -9 -9 -9 -10 -10 -10 -10 -10 -9 -9 -9 -9 -9 -9 -9 -10 -10 -10 -10 -10 -10 -10 -10 -11 -11 -11 -11 -11 -11 -11 -11 -11 -11 -11 -11 -12 -12 -12 -12 -12 -12 -12 -12 -12 -12 -12 -12 -12 -13 -13 -13 -13 -13 -13 -13 -13 -13 -13 -12 -13 -13 -13 -13 -13 -13 -13 -13 -13 -14 -13 -14 -14 -14 -14 -14 -14 -14 -14 -14 -14 -14 -14 -14 -14 -15 -15 -15 -15 -15 -15 -15 -15 -15 -15 -15 -15 -15 -15 -15 -15 -15 -15 -15 -15 -15 -15 -15 -15 -15 -15 -15 -15 -15 -15 -16 -16 -16 -15 -15 -15 -15 -15 -15 -16 -16 -16 -16 -16 -16 -16 -16 -16 -16 -16 -16 -16 -16 -16 -16 -16 -17 -17 -17 -17 -16 -16 -16 -16 -16 -16 -16 -16 -15 -16 -16 -16 -16 -15 -15 -15 -15 -15 -15 -15 -15 -15 -15 -15 -15 -15 -15 -15 -15 -15 -15 -15 -15 -15 -15 -15 -15 -15 -15 -15 -15 -15 -15 -15 -15 -15 -15 -14 -14 -14 -14 -13 -13 -13 -13 -13 -14 -14 -14 -14 -13 -13 11 12 12 12 11 11 11 11 10 10 11 10 10 10 10 10 10 10 11 10 10 10 10 9 9 9 9 10 10 10 10 10 9 9 9 9 8 7 7 8 7 7 7 7 7 7 7 6 6 6 6 5 5 6 6 5 4 4 4 4 4 4 5 4 4 3 3 3 4 3 2 1 1 1 1 1 1 1 1 0 0 0 0 0 0 1 1 1 0 -1 -1 -1 0 0 0 -1 -1 -1 -1 0 -1 -1 0 0 -1 -1 -1 -1 -1 -1 -2 -3 -3 -4 -4 -3 -2 -2 -3 -4 -4 -5 -5 -5 -5 -6 -7 -7 -6 -6 -6 -6 -5 -5 -5 -5 -6 -6 -7 -7 -7 -7 -7 -7 -7 -8 -7 -8 -8 -7 -7 -7 -8 -9 -9 -9 -9 -9 -9 -10 -10 -9 -9 -9 -9 -9 -9 -9 -9 -9 -10 -10 -10 -10 -10 -10 -10 -10 -11 -11 -11 -11 -11 -11 -11 -11 -11 -11 -11 -11 -11 -11 -12 -12 -12 -12 -12 -12 -12 -12 -12 -12 -12 -13 -13 -13 -13 -13 -13 -13 -13 -12 -12 -13 -13 -13 -13 -13 -13 -13 -13 -13 -13 -14 -14 -14 -14 -14 -13 -14 -14 -13 -13 -13 -14 -14 -14 -14 -15 -15 -15 -15 -15 -15 -15 -15 -15 -15 -15 -15 -15 -15 -15 -15 -15 -15 -15 -15 -15 -15 -15 -15 -15 -15 -15 -15 -15 -15 -15 -16 -16 -15 -15 -15 -16 -16 -16 -16 -16 -15 -16 -16 -16 -16 -16 -16 -16 -15 -15 -16 -16 -16 -16 -16 -16 -16 -16 -16 -15 -15 -15 -15 -15 -16 -16 -16 -16 -16 -15 -15 -15 -15 -15 -16 -16 -15 -15 -15 -15 -15 -15 -15 -15 -15 -15 -15 -15 -15 -14 -15 -15 -15 -15 -15 -15 -15 -15 -15 -15 -15 -14 -14 -14 -14 -14 -14 -14 -14 -13 -13 -13 -13 -13 -13 -14 -14 -14 -14 -14 12 12 12 12 12 12 12 12 11 10 9 9 9 10 10 10 10 11 11 11 10 9 9 9 9 9 10 10 10 10 10 10 10 10 9 9 8 8 9 8 8 7 7 7 7 6 6 6 6 6 5 5 6 6 6 5 5 5 5 4 4 4 5 4 3 3 3 3 3 2 2 1 2 2 2 2 1 1 1 1 0 0 0 0 0 0 0 0 -1 0 0 0 0 0 0 0 0 0 0 -1 -1 -1 -1 -1 -1 0 0 -1 -1 -2 -3 -3 -3 -3 -3 -3 -2 -2 -3 -4 -5 -5 -5 -5 -6 -7 -7 -6 -6 -6 -6 -6 -5 -4 -5 -6 -7 -7 -7 -7 -7 -7 -7 -7 -7 -7 -7 -7 -7 -7 -7 -7 -8 -8 -8 -9 -9 -9 -9 -9 -8 -9 -9 -9 -9 -9 -9 -9 -9 -10 -9 -10 -10 -10 -10 -10 -10 -10 -11 -11 -11 -11 -11 -11 -11 -11 -11 -11 -11 -11 -11 -11 -11 -11 -11 -12 -12 -12 -12 -12 -12 -12 -12 -13 -13 -13 -13 -13 -13 -13 -12 -12 -12 -13 -13 -13 -13 -13 -13 -13 -13 -13 -13 -13 -14 -14 -13 -13 -14 -14 -13 -13 -13 -13 -14 -14 -15 -15 -15 -15 -15 -15 -15 -15 -15 -15 -15 -15 -15 -15 -15 -15 -15 -15 -15 -15 -15 -15 -15 -15 -15 -15 -15 -15 -15 -15 -15 -15 -15 -15 -15 -15 -15 -15 -15 -16 -16 -15 -14 -15 -16 -15 -16 -16 -16 -16 -15 -15 -15 -15 -15 -15 -15 -15 -15 -15 -15 -15 -15 -15 -15 -15 -16 -16 -16 -16 -16 -16 -15 -15 -14 -15 -15 -16 -16 -16 -15 -15 -15 -15 -15 -15 -15 -15 -15 -15 -15 -15 -15 -15 -15 -15 -15 -15 -15 -15 -15 -14 -14 -14 -14 -13 -13 -13 -14 -14 -13 -13 -13 -13 -13 -12 -12 -13 -13 -13 -13 -13 -13 18 14 14 12 12 13 13 13 12 13 13 13 12 11 10 10 10 9 10 10 11 11 11 11 10 10 10 10 10 10 10 10 10 10 10 10 10 10 10 9 9 9 9 9 9 8 8 8 8 7 7 7 7 7 7 6 6 6 6 6 6 6 6 6 5 5 6 6 5 4 4 3 3 3 2 2 3 2 2 2 2 2 1 1 1 1 1 0 0 0 0 0 0 0 0 1 1 0 0 0 0 0 -1 0 0 0 0 -1 0 0 0 -1 -1 -2 -2 -2 -2 -2 -3 -3 -3 -2 -3 -4 -4 -4 -5 -5 -5 -5 -6 -6 -5 -6 -6 -5 -4 -4 -4 -5 -5 -6 -7 -7 -7 -7 -7 -7 -7 -7 -7 -7 -7 -7 -7 -7 -7 -8 -9 -9 -9 -9 -9 -9 -8 -8 -8 -8 -9 -9 -9 -9 -9 -9 -9 -9 -10 -10 -10 -10 -10 -10 -10 -10 -11 -11 -11 -11 -11 -11 -11 -11 -11 -11 -11 -11 -11 -11 -11 -11 -11 -11 -12 -12 -12 -12 -12 -12 -12 -13 -13 -13 -13 -13 -12 -12 -13 -13 -13 -13 -13 -13 -12 -13 -13 -13 -13 -13 -13 -13 -13 -13 -13 -13 -13 -14 -14 -13 -14 -14 -14 -14 -15 -15 -15 -15 -14 -14 -15 -15 -15 -15 -14 -14 -15 -15 -15 -15 -15 -15 -15 -15 -15 -15 -14 -15 -15 -15 -15 -15 -15 -14 -14 -15 -15 -15 -14 -15 -15 -16 -16 -16 -15 -15 -15 -15 -15 -15 -15 -15 -15 -15 -14 -14 -14 -14 -14 -14 -14 -14 -14 -14 -15 -15 -14 -15 -15 -16 -16 -16 -15 -15 -15 -15 -14 -14 -15 -15 -15 -15 -15 -15 -15 -15 -15 -15 -15 -15 -15 -15 -15 -15 -15 -15 -15 -15 -15 -15 -15 -15 -15 -14 -14 -14 -14 -14 -13 -13 -13 -14 -13 -13 -13 -13 -12 -12 -12 -12 -12 -13 -12 -12 -13 18 18 16 15 15 14 14 12 12 13 13 13 13 13 13 13 12 11 11 11 10 9 10 10 11 11 11 10 10 10 10 10 11 10 10 10 10 10 10 10 10 10 10 10 9 9 9 9 8 8 9 9 8 8 8 8 8 8 7 7 6 6 7 7 7 6 6 5 5 5 6 6 5 5 4 4 4 3 3 3 2 2 2 2 2 1 2 2 1 1 1 1 0 0 0 0 0 0 1 1 0 1 1 0 0 -1 0 0 0 0 0 0 0 0 0 0 0 -1 -1 -1 -1 -2 -2 -2 -2 -3 -3 -3 -4 -5 -5 -5 -5 -5 -6 -6 -6 -5 -4 -4 -4 -5 -5 -5 -5 -5 -5 -6 -6 -7 -7 -7 -7 -7 -7 -7 -7 -7 -7 -7 -7 -8 -8 -8 -8 -9 -9 -8 -8 -8 -8 -9 -9 -9 -9 -9 -9 -9 -9 -9 -10 -10 -9 -10 -10 -10 -10 -10 -10 -10 -11 -11 -11 -11 -11 -11 -11 -11 -11 -11 -11 -11 -11 -11 -11 -11 -11 -12 -12 -12 -12 -12 -12 -12 -13 -13 -13 -12 -12 -12 -12 -12 -12 -12 -12 -12 -12 -13 -13 -13 -13 -13 -13 -13 -13 -13 -13 -13 -13 -13 -13 -14 -14 -14 -14 -14 -14 -14 -14 -14 -14 -14 -15 -15 -15 -14 -14 -14 -14 -14 -15 -15 -15 -15 -15 -15 -15 -14 -15 -15 -15 -15 -15 -15 -14 -14 -14 -14 -14 -14 -14 -14 -15 -15 -15 -15 -14 -14 -14 -14 -14 -14 -15 -15 -14 -15 -14 -14 -14 -14 -14 -14 -14 -14 -14 -14 -15 -15 -15 -15 -15 -16 -15 -15 -15 -15 -15 -15 -15 -15 -16 -16 -15 -15 -15 -15 -15 -15 -15 -15 -15 -15 -15 -15 -15 -14 -15 -15 -15 -15 -15 -15 -15 -14 -14 -14 -14 -14 -13 -13 -13 -13 -13 -13 -13 -13 -13 -13 -13 -12 -12 -12 -12 -12 -11 -11 18 18 18 18 18 18 18 18 18 18 17 16 15 15 15 14 14 14 12 12 12 12 12 12 13 13 13 12 12 12 11 11 10 10 10 11 11 10 10 10 11 11 11 10 10 10 10 10 10 10 10 11 11 10 10 9 9 9 9 9 8 8 8 8 8 8 8 7 8 7 7 6 6 7 7 7 7 6 6 5 5 5 5 5 5 5 4 3 3 3 3 2 2 2 2 3 2 2 2 2 2 2 1 1 0 1 1 1 2 1 0 1 0 0 1 0 0 0 0 0 0 1 0 0 1 1 1 1 0 0 -1 -1 -1 -1 -2 -3 -2 -2 -3 -4 -5 -5 -5 -5 -5 -5 -6 -6 -5 -4 -5 -5 -6 -5 -6 -6 -5 -6 -6 -7 -7 -6 -7 -7 -7 -7 -7 -7 -7 -7 -7 -7 -7 -7 -8 -9 -9 -8 -8 -8 -8 -8 -8 -9 -9 -9 -9 -8 -9 -9 -10 -9 -9 -9 -9 -9 -9 -10 -10 -10 -10 -10 -10 -11 -11 -11 -11 -11 -11 -11 -11 -11 -11 -11 -11 -11 -11 -11 -12 -12 -12 -12 -12 -12 -12 -12 -12 -12 -12 -12 -12 -12 -12 -12 -12 -12 -12 -12 -13 -13 -13 -13 -13 -13 -13 -13 -13 -13 -13 -13 -13 -14 -13 -14 -14 -14 -14 -14 -14 -14 -14 -14 -14 -15 -15 -15 -14 -14 -14 -14 -14 -14 -15 -15 -15 -15 -15 -14 -14 -15 -15 -15 -15 -15 -15 -14 -14 -14 -15 -15 -14 -14 -14 -15 -15 -15 -14 -14 -14 -14 -14 -14 -14 -14 -15 -15 -15 -14 -14 -14 -14 -14 -14 -14 -14 -14 -14 -14 -14 -14 -14 -15 -15 -15 -15 -15 -15 -15 -15 -15 -15 -15 -15 -15 -15 -15 -15 -15 -15 -15 -15 -15 -15 -14 -15 -15 -15 -15 -15 -15 -14 -14 -15 -14 -14 -14 -14 -13 -13 -13 -13 -13 -13 -13 -13 -13 -13 -13 -12 -12 -12 -12 -12 -12 -12 -11 19 18 18 18 19 19 18 17 17 17 16 16 15 15 15 15 15 15 15 16 13 13 13 12 13 13 13 13 13 13 12 13 12 12 12 11 11 11 10 10 11 12 11 11 11 11 11 10 10 11 10 10 11 11 11 11 11 10 10 10 9 9 10 9 9 8 8 8 8 8 7 7 7 7 7 7 6 7 7 7 7 7 6 6 5 5 5 5 5 5 4 4 4 3 2 3 3 3 3 3 3 3 2 2 2 1 1 1 1 1 1 2 1 1 1 1 1 2 1 1 1 0 0 1 1 0 1 1 1 1 1 1 1 0 0 0 0 -1 -2 -2 -2 -3 -4 -4 -4 -4 -5 -5 -5 -5 -6 -6 -6 -5 -6 -6 -6 -6 -5 -5 -5 -5 -6 -6 -6 -6 -6 -7 -6 -6 -6 -6 -6 -6 -6 -6 -7 -8 -8 -8 -8 -8 -8 -7 -8 -8 -8 -9 -9 -8 -9 -9 -9 -10 -9 -9 -9 -9 -9 -9 -9 -10 -10 -10 -10 -10 -10 -11 -11 -11 -11 -11 -11 -11 -11 -11 -11 -11 -11 -11 -11 -11 -12 -12 -12 -12 -12 -12 -12 -12 -12 -12 -12 -12 -12 -12 -12 -12 -12 -12 -12 -12 -12 -13 -13 -13 -13 -13 -13 -13 -13 -13 -13 -13 -13 -13 -14 -14 -14 -14 -14 -14 -14 -14 -14 -14 -14 -15 -15 -15 -14 -14 -14 -14 -14 -14 -14 -15 -15 -15 -14 -14 -14 -15 -15 -15 -15 -15 -15 -14 -14 -14 -15 -15 -15 -15 -15 -15 -15 -15 -14 -14 -15 -14 -14 -14 -14 -15 -15 -15 -15 -15 -14 -14 -14 -14 -14 -14 -14 -14 -14 -14 -14 -14 -15 -15 -15 -15 -15 -15 -14 -15 -15 -15 -15 -16 -15 -15 -15 -15 -15 -15 -15 -15 -15 -15 -15 -14 -14 -15 -15 -15 -15 -14 -14 -14 -14 -14 -14 -14 -14 -14 -13 -13 -13 -12 -12 -12 -12 -13 -13 -13 -13 -13 -12 -12 -12 -12 -11 20 18 19 18 19 19 19 18 17 16 17 17 16 16 17 16 16 15 15 14 14 15 15 15 15 16 16 16 15 14 14 13 13 13 13 13 13 13 13 12 13 13 13 12 12 12 12 11 11 12 12 12 11 11 11 11 11 11 11 11 11 11 11 11 11 11 11 10 10 10 10 10 10 10 9 9 8 8 8 8 8 8 8 8 8 7 7 7 7 8 8 7 7 7 6 5 6 6 5 4 4 3 3 4 3 4 4 3 3 3 3 3 3 2 2 2 1 1 1 1 1 1 0 1 1 1 1 1 1 1 1 2 2 1 1 1 1 1 1 1 0 0 0 0 0 0 0 -1 -1 -1 -3 -4 -4 -4 -4 -5 -5 -5 -5 -5 -6 -6 -6 -5 -5 -6 -6 -5 -4 -5 -5 -6 -6 -6 -6 -6 -6 -6 -6 -7 -6 -6 -6 -6 -6 -6 -7 -7 -7 -6 -7 -7 -7 -7 -8 -8 -8 -8 -8 -9 -8 -9 -9 -9 -9 -9 -9 -9 -9 -10 -10 -10 -10 -10 -10 -10 -10 -10 -10 -10 -11 -11 -11 -11 -11 -11 -11 -11 -11 -11 -11 -12 -12 -12 -12 -12 -12 -12 -12 -11 -12 -12 -12 -12 -12 -12 -12 -12 -12 -12 -12 -12 -12 -13 -13 -13 -13 -13 -13 -13 -13 -13 -13 -13 -13 -14 -14 -14 -14 -14 -14 -14 -14 -14 -14 -14 -14 -14 -14 -14 -14 -14 -14 -14 -14 -14 -14 -14 -15 -14 -14 -14 -15 -15 -15 -15 -15 -15 -15 -14 -14 -15 -15 -15 -15 -15 -15 -15 -15 -15 -15 -15 -15 -15 -14 -14 -14 -14 -15 -15 -14 -14 -14 -14 -14 -14 -14 -14 -14 -14 -14 -14 -14 -15 -15 -15 -15 -14 -14 -14 -14 -14 -15 -15 -15 -15 -15 -15 -15 -15 -15 -15 -15 -15 -15 -15 -15 -15 -15 -15 -15 -15 -15 -14 -14 -14 -14 -14 -14 -14 -14 -13 -13 -13 -12 -13 -12 -12 -12 -12 -13 -12 -12 -12 -12 -11 -11 -11 20 19 19 19 20 20 19 18 17 17 17 18 18 17 18 17 16 16 16 15 15 15 15 15 15 16 16 15 14 14 14 13 13 13 14 13 13 13 12 13 13 12 12 12 12 12 12 12 12 12 12 12 11 11 11 12 12 12 12 12 11 11 11 11 10 10 11 11 11 11 10 10 10 10 9 9 9 9 9 9 9 9 8 8 7 7 7 7 7 7 7 7 7 6 5 5 5 5 5 4 4 4 4 5 4 3 3 3 4 4 4 3 3 3 3 2 2 1 1 1 1 1 1 2 2 1 1 1 1 1 2 2 2 1 1 1 1 1 0 0 0 0 -1 -1 0 0 0 0 -1 -2 -3 -3 -3 -4 -4 -4 -5 -4 -4 -5 -6 -6 -6 -6 -6 -5 -5 -5 -5 -5 -5 -5 -5 -5 -5 -6 -6 -5 -6 -6 -6 -6 -6 -6 -6 -6 -6 -6 -5 -5 -6 -5 -6 -6 -7 -7 -7 -8 -8 -8 -8 -8 -9 -9 -9 -9 -9 -9 -10 -10 -9 -10 -10 -10 -10 -10 -10 -10 -10 -10 -10 -11 -11 -11 -11 -11 -11 -11 -11 -11 -11 -11 -12 -12 -12 -12 -12 -12 -11 -11 -11 -12 -12 -12 -12 -12 -12 -12 -12 -12 -12 -12 -12 -12 -12 -12 -12 -12 -13 -13 -13 -13 -13 -13 -13 -14 -14 -14 -14 -14 -14 -14 -14 -14 -14 -14 -14 -14 -14 -14 -14 -14 -14 -14 -14 -14 -14 -14 -14 -14 -14 -14 -15 -15 -15 -15 -15 -15 -15 -15 -14 -15 -15 -15 -15 -15 -15 -15 -15 -15 -15 -15 -14 -14 -14 -14 -14 -15 -15 -14 -14 -14 -14 -14 -14 -14 -14 -14 -14 -14 -14 -14 -14 -14 -15 -15 -15 -14 -14 -14 -14 -14 -15 -15 -15 -15 -15 -15 -15 -15 -15 -15 -15 -15 -15 -15 -15 -15 -15 -15 -15 -15 -15 -14 -14 -14 -14 -14 -14 -14 -14 -13 -13 -13 -13 -13 -13 -12 -12 -12 -12 -12 -12 -12 -12 -11 -11 20 20 20 20 20 20 19 19 19 19 18 18 19 19 18 17 17 16 15 15 15 15 15 15 15 15 15 15 14 14 14 14 13 13 13 13 13 12 13 13 12 12 12 12 13 13 13 13 12 12 12 11 11 11 12 12 12 12 12 12 11 11 11 11 11 11 11 11 11 11 11 10 10 10 10 10 10 9 9 9 9 9 8 8 8 8 8 8 8 8 8 6 6 5 5 5 5 5 4 5 5 5 5 4 4 3 3 4 4 3 3 3 3 2 3 3 2 1 2 2 2 2 2 2 2 1 2 2 2 2 2 2 1 1 1 1 1 1 1 0 0 0 -1 -1 -1 0 0 0 -1 -2 -2 -2 -3 -4 -4 -4 -4 -4 -4 -5 -6 -6 -6 -5 -4 -4 -5 -5 -5 -5 -5 -5 -5 -5 -5 -5 -5 -5 -5 -5 -5 -5 -5 -6 -6 -6 -6 -5 -5 -5 -5 -5 -5 -6 -6 -7 -7 -7 -7 -8 -8 -9 -9 -9 -9 -9 -9 -9 -9 -9 -9 -10 -10 -10 -10 -10 -10 -10 -10 -10 -10 -10 -11 -10 -11 -11 -11 -11 -11 -11 -11 -11 -11 -11 -12 -12 -12 -11 -11 -11 -11 -11 -11 -12 -12 -12 -12 -12 -12 -12 -12 -12 -12 -12 -12 -12 -13 -13 -13 -13 -13 -13 -13 -13 -14 -14 -14 -14 -14 -14 -14 -14 -13 -14 -14 -14 -14 -14 -14 -14 -14 -14 -14 -14 -14 -14 -14 -14 -14 -14 -14 -14 -15 -15 -15 -15 -15 -15 -15 -15 -15 -15 -15 -15 -15 -15 -15 -15 -15 -14 -15 -14 -14 -15 -14 -14 -15 -15 -14 -14 -14 -14 -14 -14 -14 -14 -14 -15 -14 -14 -14 -14 -14 -14 -14 -14 -14 -14 -14 -14 -14 -14 -15 -15 -15 -15 -15 -15 -15 -15 -15 -15 -15 -15 -15 -15 -15 -15 -14 -14 -15 -15 -14 -14 -14 -14 -14 -14 -13 -13 -13 -13 -13 -13 -13 -13 -12 -12 -12 -12 -11 -11 -12 -12 -12 -11 21 20 20 20 21 21 21 20 20 19 19 19 19 19 18 18 17 16 16 16 16 16 16 16 16 16 16 16 15 15 14 14 14 14 14 14 14 14 13 14 13 12 12 12 13 13 13 13 13 13 13 12 11 11 11 12 12 12 12 12 12 12 11 11 11 11 11 11 11 11 10 10 10 10 10 10 10 10 10 9 9 9 8 8 9 9 9 9 9 9 9 9 8 7 6 5 5 5 5 5 5 5 6 5 5 5 5 4 4 4 4 4 4 3 3 3 3 2 1 2 2 2 3 3 3 3 3 2 3 2 2 2 2 1 1 1 1 2 2 1 0 0 0 -1 -1 -1 -1 -1 -1 -1 -1 -1 -1 -2 -2 -2 -3 -3 -4 -4 -5 -5 -6 -5 -5 -4 -4 -4 -5 -4 -4 -4 -4 -4 -4 -5 -5 -5 -5 -5 -5 -5 -5 -5 -5 -5 -5 -5 -5 -5 -5 -5 -5 -5 -5 -6 -6 -6 -6 -7 -7 -8 -9 -8 -8 -9 -9 -8 -9 -9 -9 -9 -10 -10 -10 -10 -10 -10 -10 -10 -10 -10 -10 -10 -10 -10 -11 -11 -11 -11 -11 -11 -11 -11 -11 -11 -12 -12 -11 -11 -11 -11 -11 -11 -11 -11 -12 -12 -12 -12 -12 -12 -12 -12 -12 -12 -12 -12 -12 -12 -12 -13 -13 -13 -13 -13 -14 -14 -14 -14 -14 -14 -14 -13 -13 -14 -14 -14 -14 -14 -14 -14 -14 -14 -14 -14 -14 -14 -14 -14 -14 -14 -14 -15 -14 -14 -15 -15 -15 -15 -15 -14 -15 -15 -15 -15 -15 -15 -15 -15 -15 -15 -15 -15 -14 -15 -14 -15 -14 -14 -14 -14 -14 -14 -14 -15 -15 -15 -14 -14 -14 -14 -14 -14 -14 -14 -14 -14 -14 -14 -14 -14 -14 -14 -15 -15 -15 -15 -15 -16 -15 -15 -15 -15 -15 -15 -15 -15 -14 -14 -14 -14 -15 -14 -14 -13 -14 -14 -13 -13 -13 -13 -13 -13 -13 -13 -13 -12 -13 -12 -12 -12 -12 -12 -12 -12 -11 -10 21 21 21 21 21 21 20 20 19 19 19 20 20 19 19 18 17 17 16 17 18 17 17 17 16 16 17 17 17 16 15 15 15 15 14 14 13 14 14 14 13 14 14 13 12 13 13 13 13 13 13 13 13 13 12 12 12 12 13 12 12 12 12 12 12 12 11 11 11 11 11 11 11 11 11 11 10 10 10 10 10 10 10 9 9 9 8 8 8 8 8 9 9 8 7 7 6 6 6 6 5 6 6 6 6 6 6 6 5 5 5 4 3 4 4 3 3 2 2 2 2 2 2 2 2 2 2 3 3 3 3 3 3 3 3 2 2 1 1 1 1 1 1 1 0 0 0 -1 -2 -1 -1 -1 -2 -1 0 -1 -1 -1 -3 -3 -4 -5 -5 -6 -5 -5 -5 -5 -4 -4 -4 -4 -4 -4 -4 -4 -4 -4 -4 -4 -4 -4 -4 -4 -4 -4 -5 -5 -5 -5 -4 -4 -4 -5 -6 -5 -5 -5 -5 -6 -6 -7 -7 -7 -7 -8 -8 -8 -9 -9 -8 -8 -8 -9 -9 -9 -9 -9 -10 -10 -10 -10 -10 -10 -10 -10 -10 -10 -10 -10 -10 -11 -11 -11 -11 -11 -11 -11 -12 -12 -11 -11 -11 -11 -11 -11 -11 -11 -12 -12 -12 -12 -12 -12 -12 -12 -12 -12 -12 -12 -12 -12 -12 -12 -13 -13 -13 -13 -14 -14 -14 -14 -14 -14 -13 -13 -13 -14 -13 -13 -14 -14 -14 -14 -14 -14 -14 -14 -14 -14 -14 -14 -14 -14 -14 -14 -14 -14 -15 -15 -15 -15 -15 -14 -14 -15 -15 -15 -15 -15 -15 -15 -15 -15 -15 -15 -15 -15 -14 -14 -14 -14 -14 -14 -14 -15 -14 -15 -15 -14 -14 -14 -14 -14 -14 -14 -14 -14 -15 -15 -14 -14 -14 -14 -14 -14 -15 -15 -15 -15 -15 -15 -15 -15 -15 -14 -14 -15 -15 -14 -14 -14 -14 -14 -14 -14 -14 -14 -14 -13 -14 -13 -14 -13 -13 -13 -13 -13 -13 -13 -13 -12 -12 -12 -12 -12 -12 -12 -11 -11 22 22 21 22 21 21 22 21 20 19 19 19 19 20 19 19 18 17 17 18 18 18 17 17 18 18 17 17 17 17 17 16 16 16 15 15 14 14 14 13 14 13 13 13 13 13 13 13 13 13 13 13 13 13 13 13 13 13 12 13 12 12 12 12 12 12 12 12 12 12 12 12 12 12 11 11 11 11 11 11 11 11 11 10 10 9 9 9 9 9 9 9 8 8 8 7 7 7 7 7 7 6 6 6 7 6 6 6 6 4 4 4 4 3 3 3 3 3 3 3 3 3 3 2 2 2 2 2 3 3 3 3 3 3 3 3 2 2 1 0 1 0 1 1 1 0 0 0 -1 -2 -1 -1 -2 -2 -1 -1 -1 -1 -1 -2 -3 -4 -4 -5 -5 -5 -4 -4 -4 -4 -4 -3 -3 -3 -3 -4 -4 -3 -4 -4 -4 -4 -3 -3 -3 -4 -4 -5 -5 -5 -5 -4 -4 -4 -5 -5 -5 -5 -5 -5 -5 -5 -6 -6 -6 -6 -7 -7 -8 -8 -8 -8 -8 -8 -8 -8 -9 -9 -9 -10 -10 -10 -10 -10 -10 -10 -10 -10 -10 -10 -10 -10 -11 -11 -11 -11 -11 -11 -11 -11 -12 -11 -11 -11 -11 -11 -11 -11 -11 -12 -12 -12 -12 -12 -12 -12 -12 -12 -12 -12 -12 -12 -12 -12 -12 -12 -12 -13 -13 -13 -13 -13 -13 -14 -13 -13 -13 -13 -13 -13 -13 -14 -14 -14 -14 -14 -14 -14 -14 -14 -14 -14 -14 -14 -14 -14 -14 -14 -14 -15 -15 -14 -14 -15 -14 -14 -15 -15 -15 -15 -15 -15 -15 -15 -15 -15 -15 -15 -15 -14 -14 -14 -14 -15 -15 -15 -15 -15 -15 -14 -14 -14 -14 -14 -15 -15 -15 -15 -15 -15 -15 -15 -14 -14 -14 -14 -14 -14 -15 -15 -15 -15 -15 -15 -15 -15 -14 -14 -15 -15 -15 -14 -14 -14 -14 -15 -14 -14 -14 -14 -14 -13 -13 -13 -13 -14 -14 -13 -13 -13 -13 -13 -13 -13 -13 -12 -12 -12 -12 -12 -11 23 23 23 22 22 21 21 22 21 21 21 20 19 19 19 19 18 18 17 17 18 19 18 17 18 18 19 18 18 18 18 18 17 17 17 16 16 15 15 14 14 14 13 13 13 14 14 14 14 14 14 13 13 13 13 13 13 13 13 13 12 12 13 13 13 13 12 12 12 12 12 12 12 12 12 12 11 11 10 11 11 11 10 11 11 11 11 10 10 10 11 10 10 9 9 8 7 7 7 7 7 7 6 7 7 7 6 5 5 5 5 5 4 4 4 4 4 4 3 3 3 3 3 4 3 2 3 2 3 3 3 3 3 2 3 3 3 3 2 2 1 1 0 0 1 0 -1 -1 -1 -2 -2 -2 -1 -2 -2 -2 -1 -1 -1 -1 -1 -2 -3 -4 -5 -5 -5 -4 -4 -3 -3 -3 -2 -2 -3 -4 -4 -3 -3 -4 -4 -4 -4 -4 -3 -3 -4 -4 -5 -5 -5 -5 -5 -4 -5 -4 -5 -5 -5 -5 -5 -5 -5 -5 -6 -6 -6 -6 -7 -7 -7 -7 -7 -7 -7 -8 -8 -8 -8 -9 -9 -9 -9 -9 -10 -10 -10 -10 -10 -10 -10 -10 -10 -11 -11 -11 -11 -11 -11 -11 -11 -11 -11 -11 -11 -11 -11 -11 -11 -11 -11 -11 -11 -12 -12 -12 -12 -12 -11 -12 -12 -12 -12 -12 -12 -12 -12 -12 -13 -13 -13 -13 -13 -13 -13 -13 -13 -13 -13 -13 -13 -13 -14 -14 -14 -14 -14 -14 -14 -14 -14 -14 -14 -14 -14 -14 -14 -14 -14 -14 -14 -14 -14 -15 -14 -14 -14 -15 -15 -15 -15 -15 -15 -15 -15 -15 -15 -15 -15 -15 -14 -14 -15 -14 -15 -15 -14 -14 -14 -14 -14 -14 -14 -15 -15 -15 -15 -15 -15 -15 -15 -15 -15 -14 -14 -14 -14 -14 -14 -15 -15 -15 -15 -14 -15 -15 -14 -14 -14 -14 -14 -15 -15 -14 -14 -14 -15 -15 -14 -14 -14 -14 -14 -14 -14 -14 -14 -13 -13 -13 -13 -12 -12 -12 -12 -12 -12 -12 -12 -12 -11 -11 -11 23 23 23 23 23 22 21 21 22 21 20 20 21 20 19 18 18 18 18 18 18 19 19 18 18 18 18 18 19 19 19 19 19 18 18 18 17 17 16 16 15 15 15 13 13 14 14 14 14 14 15 15 14 13 13 13 13 13 13 13 13 13 12 12 13 13 13 13 12 12 12 12 12 12 12 11 11 11 11 10 11 11 10 11 11 11 11 11 11 11 11 11 10 10 10 10 9 8 7 7 7 7 7 7 7 7 7 6 6 5 5 5 5 5 5 5 5 5 4 4 3 4 4 4 4 4 4 4 4 4 4 4 3 3 3 3 3 3 3 3 3 2 2 1 0 0 0 -1 0 0 -1 -1 -2 -2 -2 -2 -1 -1 -1 -1 -1 -2 -1 -2 -3 -4 -5 -4 -4 -3 -3 -3 -3 -3 -3 -3 -4 -4 -4 -4 -5 -5 -4 -4 -4 -4 -4 -4 -4 -5 -5 -5 -5 -4 -5 -5 -5 -5 -5 -5 -4 -5 -5 -5 -5 -6 -6 -6 -6 -6 -6 -7 -7 -7 -7 -7 -7 -8 -8 -8 -8 -8 -9 -9 -9 -9 -9 -9 -10 -10 -10 -10 -10 -10 -10 -10 -10 -10 -11 -11 -11 -11 -11 -11 -11 -11 -10 -11 -11 -11 -11 -11 -11 -11 -11 -11 -11 -12 -12 -12 -11 -12 -12 -12 -12 -12 -12 -12 -12 -13 -13 -13 -13 -13 -13 -13 -13 -13 -13 -13 -13 -13 -14 -14 -14 -14 -14 -14 -14 -14 -14 -14 -14 -14 -14 -14 -14 -14 -14 -14 -14 -14 -14 -14 -14 -14 -14 -14 -15 -15 -15 -15 -15 -15 -15 -15 -15 -15 -15 -15 -15 -14 -14 -15 -14 -15 -15 -14 -15 -15 -14 -14 -14 -14 -15 -15 -15 -15 -15 -15 -15 -15 -15 -14 -14 -14 -14 -14 -14 -14 -14 -15 -15 -14 -14 -14 -14 -14 -14 -14 -14 -14 -14 -14 -14 -14 -14 -14 -14 -15 -15 -14 -14 -13 -13 -13 -13 -13 -13 -13 -13 -13 -12 -12 -12 -12 -11 -12 -12 -12 -11 -11 -11 -11 23 22 22 23 23 23 22 21 21 22 21 20 20 20 19 19 19 19 19 20 20 19 19 18 18 18 18 18 18 19 18 19 18 18 18 19 19 19 18 17 16 16 15 14 13 13 14 14 14 14 14 15 15 15 14 14 14 13 13 13 13 14 13 13 13 13 13 13 13 13 12 12 12 12 12 11 11 11 12 11 11 11 11 11 11 11 11 11 11 11 10 11 11 11 11 10 10 9 8 8 7 7 7 7 7 8 7 7 7 6 6 5 5 5 5 5 6 5 5 4 4 4 4 4 4 4 5 5 5 4 4 3 3 3 3 3 3 3 3 3 2 2 2 1 0 0 0 1 0 1 0 0 -1 -1 -2 -2 -1 -1 -1 -1 -1 -2 -2 -2 -3 -4 -4 -4 -3 -3 -3 -3 -3 -3 -3 -4 -4 -4 -3 -4 -4 -4 -4 -4 -4 -4 -4 -4 -3 -4 -4 -5 -5 -4 -5 -5 -5 -5 -5 -5 -5 -5 -5 -5 -5 -5 -6 -6 -6 -6 -6 -6 -7 -7 -7 -7 -7 -7 -8 -8 -8 -8 -8 -9 -9 -9 -9 -9 -9 -9 -10 -10 -10 -10 -10 -10 -10 -10 -10 -11 -11 -11 -11 -10 -10 -10 -10 -11 -11 -11 -11 -11 -11 -11 -11 -11 -11 -11 -11 -11 -12 -12 -12 -12 -12 -12 -12 -12 -12 -13 -13 -13 -13 -13 -13 -13 -13 -13 -13 -13 -13 -13 -13 -14 -14 -14 -14 -13 -14 -14 -14 -14 -14 -14 -14 -14 -14 -14 -14 -14 -14 -14 -14 -14 -14 -14 -14 -15 -15 -15 -15 -14 -14 -15 -15 -15 -15 -14 -14 -15 -15 -14 -14 -15 -14 -15 -15 -15 -15 -15 -15 -15 -15 -15 -15 -15 -15 -15 -15 -15 -14 -15 -15 -15 -14 -14 -14 -15 -15 -15 -15 -15 -15 -14 -14 -14 -14 -14 -14 -13 -14 -14 -14 -14 -14 -14 -14 -14 -14 -14 -15 -15 -14 -14 -13 -13 -13 -13 -13 -13 -13 -13 -12 -13 -12 -11 -11 -11 -12 -12 -12 -12 -11 -11 -10 23 22 22 23 23 23 23 22 21 22 22 21 20 20 20 20 20 21 21 21 21 20 19 18 19 19 18 18 19 19 18 18 18 18 18 18 19 19 19 18 17 16 15 14 14 14 13 13 13 13 13 14 14 15 15 15 15 15 15 14 14 14 14 14 14 14 14 13 13 13 13 13 13 13 13 13 12 11 12 12 12 11 11 11 12 11 11 11 11 11 11 11 11 11 11 10 10 10 10 9 8 8 8 8 8 8 8 8 7 6 6 6 6 6 6 6 5 5 4 4 5 4 4 4 4 4 5 5 5 5 4 4 4 3 3 3 3 3 3 2 2 2 1 1 1 1 1 1 1 1 1 0 -1 -1 -2 -2 -2 -2 -1 -1 -1 -1 -2 -3 -3 -3 -4 -4 -3 -3 -4 -4 -4 -3 -3 -3 -4 -4 -4 -4 -4 -4 -4 -4 -4 -4 -3 -3 -3 -4 -4 -4 -4 -4 -4 -4 -4 -4 -5 -5 -5 -5 -5 -5 -5 -5 -5 -6 -6 -6 -6 -6 -7 -7 -7 -7 -7 -8 -7 -8 -8 -8 -9 -9 -9 -9 -9 -9 -9 -9 -9 -10 -10 -10 -10 -10 -10 -10 -10 -10 -10 -11 -11 -10 -10 -10 -10 -11 -11 -11 -11 -11 -11 -11 -11 -11 -11 -11 -11 -11 -11 -12 -12 -12 -12 -12 -12 -12 -12 -12 -12 -13 -13 -13 -13 -13 -13 -13 -13 -13 -13 -13 -13 -14 -14 -14 -13 -13 -13 -14 -14 -14 -14 -14 -14 -14 -14 -14 -14 -14 -14 -14 -14 -14 -14 -14 -14 -15 -15 -14 -14 -15 -15 -14 -14 -14 -15 -15 -15 -15 -15 -15 -14 -15 -15 -15 -15 -15 -15 -15 -15 -15 -15 -15 -15 -15 -15 -15 -15 -15 -15 -14 -15 -15 -15 -15 -15 -15 -15 -15 -15 -14 -14 -14 -14 -14 -14 -14 -14 -13 -13 -14 -14 -14 -14 -14 -13 -13 -13 -14 -14 -14 -14 -14 -13 -13 -13 -13 -13 -13 -12 -12 -12 -12 -12 -11 -11 -12 -12 -12 -11 -11 -11 -11 -10 -10 24 23 23 22 22 22 23 22 22 21 22 21 21 21 21 21 21 22 22 21 21 22 20 20 21 20 20 19 18 18 19 19 19 20 19 19 19 19 19 19 18 17 17 15 15 14 14 14 14 13 13 14 14 15 15 15 15 15 16 15 15 15 15 15 14 14 14 14 14 14 14 13 13 13 13 13 13 12 12 11 12 12 12 11 11 11 12 12 11 11 11 11 11 11 11 11 10 10 10 10 9 8 8 8 8 8 8 8 7 7 6 6 6 7 7 7 6 5 5 5 5 4 5 5 5 4 5 5 6 5 5 5 5 5 5 4 4 3 3 3 2 2 2 2 1 2 2 2 2 2 2 0 0 0 -1 -1 -2 -2 -1 -1 0 0 -1 -2 -3 -3 -4 -3 -3 -3 -3 -3 -3 -2 -2 -3 -3 -4 -4 -4 -4 -4 -4 -3 -3 -3 -3 -3 -3 -3 -3 -4 -4 -3 -4 -3 -3 -4 -4 -4 -5 -5 -5 -5 -5 -5 -5 -5 -6 -6 -6 -6 -6 -7 -7 -7 -7 -8 -7 -8 -8 -8 -8 -8 -9 -9 -9 -9 -9 -9 -9 -9 -9 -10 -10 -10 -10 -10 -10 -10 -10 -10 -11 -10 -10 -10 -10 -11 -11 -11 -11 -11 -11 -11 -11 -11 -11 -11 -11 -11 -12 -12 -12 -12 -12 -12 -12 -12 -12 -12 -12 -12 -13 -13 -13 -13 -13 -13 -13 -13 -13 -13 -13 -14 -14 -14 -13 -13 -13 -13 -13 -14 -14 -14 -14 -14 -14 -14 -14 -14 -14 -14 -14 -14 -14 -14 -14 -15 -14 -14 -14 -14 -14 -14 -14 -14 -15 -15 -15 -15 -15 -15 -14 -15 -15 -15 -15 -16 -15 -15 -15 -15 -15 -15 -15 -15 -15 -15 -15 -14 -15 -15 -15 -15 -15 -15 -15 -15 -15 -15 -15 -14 -14 -14 -14 -14 -14 -14 -13 -13 -13 -13 -13 -13 -14 -13 -13 -13 -13 -13 -14 -14 -14 -14 -13 -13 -14 -13 -13 -13 -13 -12 -12 -12 -12 -12 -12 -12 -12 -12 -11 -11 -11 -11 -11 -10 25 25 24 23 23 22 22 22 22 21 21 22 21 21 21 21 22 22 22 21 21 21 20 20 21 21 21 21 20 19 19 20 20 19 19 20 20 20 20 20 19 19 18 16 16 15 16 15 15 14 13 14 14 14 15 15 14 15 15 15 14 15 15 15 15 15 14 14 15 15 14 14 13 14 14 14 13 13 13 12 12 12 12 12 12 12 13 12 12 12 11 11 11 11 11 11 11 11 11 11 10 9 8 8 8 8 7 7 7 7 6 6 7 6 7 7 6 6 6 6 5 5 5 5 5 5 5 6 6 6 6 5 5 5 5 4 4 3 3 3 2 2 2 2 2 2 3 3 3 3 3 2 1 0 0 -1 -1 -1 -1 -1 0 0 -1 -2 -3 -3 -3 -3 -3 -2 -2 -2 -2 -2 -3 -3 -4 -3 -3 -3 -3 -3 -3 -3 -2 -2 -2 -2 -2 -1 -2 -3 -4 -3 -3 -3 -3 -4 -4 -5 -5 -5 -5 -6 -5 -5 -5 -5 -5 -6 -6 -6 -6 -7 -7 -7 -7 -7 -8 -8 -8 -8 -8 -8 -8 -8 -9 -9 -9 -9 -9 -9 -9 -9 -10 -9 -9 -10 -10 -10 -10 -10 -10 -10 -10 -10 -10 -10 -10 -10 -10 -10 -11 -11 -11 -11 -11 -11 -11 -11 -11 -12 -12 -12 -12 -12 -12 -12 -12 -12 -12 -12 -12 -13 -12 -12 -12 -13 -13 -13 -13 -13 -13 -13 -13 -13 -13 -13 -13 -13 -14 -14 -14 -13 -13 -13 -14 -14 -14 -14 -14 -14 -14 -14 -14 -14 -14 -14 -14 -14 -14 -14 -14 -14 -14 -14 -15 -15 -15 -15 -15 -15 -15 -15 -16 -15 -15 -16 -16 -15 -15 -15 -15 -15 -15 -15 -15 -15 -15 -15 -15 -15 -15 -15 -15 -15 -14 -14 -14 -14 -14 -14 -14 -14 -14 -13 -13 -13 -13 -13 -13 -13 -13 -13 -13 -13 -13 -13 -13 -13 -14 -14 -14 -14 -14 -14 -13 -13 -13 -13 -13 -13 -12 -12 -12 -12 -12 -12 -12 -11 -11 -12 -12 -11 -10 -10 -9 25 25 24 23 23 22 22 22 22 22 22 22 22 21 22 23 23 22 22 21 21 21 20 21 22 22 21 20 19 20 20 20 19 20 20 20 20 20 19 19 19 17 17 16 15 16 16 15 14 14 14 14 14 14 14 14 14 14 15 14 14 14 15 15 15 15 15 15 15 15 14 14 14 14 14 14 14 13 13 12 12 12 12 12 12 12 12 12 12 12 11 11 11 11 12 11 11 11 10 9 9 8 8 8 8 7 8 8 7 6 7 7 7 7 7 7 6 6 6 5 5 5 6 6 6 6 6 6 5 6 5 4 4 4 4 4 3 4 4 3 3 3 2 3 3 3 4 4 3 2 2 1 1 0 0 -1 -1 -1 -1 -1 -1 -2 -3 -3 -3 -3 -3 -3 -3 -3 -3 -3 -4 -4 -4 -3 -3 -3 -3 -2 -3 -3 -2 -2 -2 -1 -1 -1 -2 -2 -3 -3 -2 -2 -3 -3 -3 -4 -5 -5 -5 -5 -6 -5 -5 -5 -5 -6 -6 -6 -6 -6 -7 -7 -7 -7 -7 -8 -8 -8 -8 -8 -8 -8 -8 -8 -9 -9 -9 -9 -9 -9 -9 -9 -9 -9 -10 -10 -10 -10 -10 -10 -10 -10 -10 -10 -10 -10 -10 -10 -11 -11 -11 -11 -11 -11 -11 -11 -11 -11 -12 -12 -12 -12 -12 -12 -12 -12 -12 -12 -12 -12 -12 -12 -12 -13 -12 -13 -13 -13 -13 -13 -13 -13 -13 -13 -13 -13 -13 -13 -13 -13 -13 -13 -13 -14 -14 -14 -14 -14 -14 -14 -14 -14 -14 -14 -14 -14 -14 -14 -14 -14 -14 -15 -15 -15 -15 -15 -15 -15 -15 -15 -16 -16 -16 -16 -16 -15 -15 -15 -15 -15 -15 -15 -15 -15 -15 -15 -15 -15 -15 -15 -15 -14 -14 -14 -14 -14 -14 -13 -13 -13 -13 -13 -13 -13 -13 -13 -13 -12 -12 -13 -13 -13 -12 -12 -13 -13 -14 -14 -13 -14 -14 -14 -14 -14 -13 -13 -13 -13 -13 -13 -12 -12 -11 -11 -11 -12 -12 -12 -11 -11 -11 -10 -9 25 24 23 23 23 22 22 22 22 22 22 22 23 23 23 23 22 22 22 21 21 21 21 22 22 21 20 20 21 21 20 20 20 21 20 19 19 19 19 18 18 17 16 15 15 15 14 15 15 14 14 14 15 15 15 14 14 14 14 14 14 14 14 14 14 14 15 15 15 14 15 14 14 14 14 13 13 12 12 13 13 13 13 13 13 13 13 13 12 12 12 12 12 11 11 11 11 10 9 8 8 9 9 8 8 8 8 7 7 7 7 7 7 7 6 6 6 6 5 5 6 6 7 7 6 6 6 5 5 5 6 5 4 4 4 5 5 4 5 4 3 3 4 4 4 3 3 2 2 1 0 0 -1 0 0 -1 -1 -1 -1 -2 -2 -3 -3 -3 -3 -3 -3 -3 -3 -4 -3 -3 -3 -3 -2 -2 -2 -2 -2 -2 -2 -2 -2 -2 -1 -2 -2 -2 -3 -2 -2 -2 -2 -2 -2 -3 -4 -4 -4 -4 -5 -5 -6 -5 -5 -5 -6 -6 -6 -6 -6 -7 -7 -7 -7 -7 -7 -7 -7 -8 -8 -8 -8 -8 -8 -8 -9 -9 -9 -9 -9 -9 -9 -9 -9 -10 -10 -10 -10 -10 -10 -10 -10 -10 -10 -10 -10 -10 -10 -11 -11 -11 -11 -11 -11 -11 -10 -11 -11 -11 -12 -12 -12 -11 -11 -12 -12 -12 -12 -12 -12 -12 -12 -12 -12 -13 -13 -13 -13 -13 -13 -13 -13 -13 -13 -13 -13 -13 -13 -13 -13 -13 -13 -13 -14 -14 -14 -14 -14 -14 -14 -14 -14 -14 -14 -14 -14 -14 -14 -14 -14 -15 -15 -14 -14 -15 -15 -15 -15 -16 -16 -16 -16 -16 -15 -15 -15 -15 -15 -15 -15 -15 -14 -14 -14 -14 -14 -14 -14 -14 -15 -15 -15 -15 -15 -14 -14 -14 -13 -13 -13 -13 -13 -13 -13 -13 -12 -12 -12 -12 -13 -12 -12 -12 -12 -12 -13 -14 -14 -13 -14 -13 -13 -14 -14 -14 -13 -13 -13 -12 -12 -12 -12 -12 -12 -12 -11 -11 -11 -11 -11 -10 -10 -9 -8 -8 -8 25 24 24 23 23 23 22 22 23 23 23 23 23 23 23 22 22 22 22 23 22 23 22 22 22 21 21 21 21 21 21 21 20 19 19 19 18 18 18 17 16 16 15 15 15 16 16 16 16 16 16 16 15 16 15 15 15 15 15 14 14 15 15 15 15 15 15 14 14 14 15 14 14 13 13 13 13 13 13 13 13 13 13 13 13 13 13 13 12 12 12 12 12 11 11 11 10 9 9 9 9 9 9 8 8 7 7 7 8 8 7 7 6 6 6 7 7 7 6 7 8 7 7 6 5 5 5 6 6 5 4 4 4 5 6 5 5 5 4 4 4 4 3 4 3 3 2 1 0 0 0 1 0 0 -1 -2 -2 -2 -2 -2 -2 -2 -2 -2 -3 -3 -3 -3 -3 -3 -3 -3 -3 -2 -2 -2 -2 -2 -2 -2 -1 -1 -1 -1 -2 -1 -2 -1 -2 -2 -2 -2 -2 -2 -3 -4 -4 -5 -5 -4 -5 -5 -6 -6 -5 -5 -6 -6 -6 -6 -7 -7 -7 -7 -7 -7 -7 -7 -8 -8 -8 -8 -8 -8 -8 -9 -9 -9 -9 -9 -9 -9 -9 -9 -10 -10 -10 -10 -10 -10 -10 -10 -10 -10 -10 -10 -10 -10 -10 -11 -11 -11 -10 -10 -10 -11 -11 -11 -11 -11 -12 -12 -11 -11 -11 -12 -12 -12 -12 -12 -12 -12 -12 -12 -13 -13 -13 -13 -13 -13 -13 -13 -13 -13 -13 -13 -13 -13 -13 -13 -13 -13 -13 -13 -14 -14 -14 -14 -14 -14 -14 -14 -14 -14 -14 -14 -14 -14 -15 -15 -14 -14 -15 -15 -15 -15 -16 -16 -15 -15 -15 -15 -15 -15 -15 -15 -15 -15 -15 -15 -15 -14 -14 -15 -15 -15 -15 -15 -15 -15 -15 -15 -15 -14 -14 -14 -13 -13 -13 -14 -13 -13 -13 -13 -12 -12 -13 -12 -12 -13 -12 -12 -12 -12 -12 -13 -13 -13 -13 -13 -13 -13 -13 -13 -13 -13 -13 -12 -12 -13 -12 -12 -12 -11 -11 -11 -11 -11 -10 -10 -10 -9 -9 -9 -9 -10 -9 25 25 24 25 24 23 23 23 23 23 23 23 22 23 22 22 23 23 23 24 23 23 22 22 21 21 21 21 21 22 21 20 19 19 19 18 18 18 17 16 15 15 15 16 16 16 16 17 17 16 16 16 17 16 16 16 16 15 15 15 15 15 15 16 15 15 15 15 15 15 15 14 14 14 14 13 13 13 13 13 13 13 13 13 13 13 13 13 13 13 13 12 12 12 11 10 10 10 10 10 9 9 9 8 7 7 8 8 7 7 7 7 6 7 7 7 7 7 8 8 7 7 7 7 6 6 6 6 5 4 5 5 5 5 5 5 5 5 4 4 4 4 4 3 2 1 1 2 1 1 0 0 -1 -1 -1 -1 -1 -1 -2 -1 -1 -1 -1 -2 -3 -3 -3 -2 -3 -2 -2 -2 -1 -2 -2 -2 -2 -2 -2 -1 -1 -2 -2 -2 -2 -1 -1 -2 -2 -2 -2 -2 -3 -4 -4 -4 -4 -4 -4 -5 -5 -6 -6 -5 -5 -6 -6 -6 -6 -7 -7 -7 -7 -7 -7 -7 -7 -7 -8 -8 -8 -8 -8 -9 -9 -9 -9 -9 -9 -9 -9 -10 -10 -10 -10 -9 -9 -10 -10 -10 -10 -10 -10 -10 -10 -10 -10 -10 -11 -10 -10 -10 -9 -10 -10 -10 -11 -11 -11 -11 -11 -11 -11 -12 -12 -12 -12 -12 -12 -12 -12 -12 -13 -13 -13 -13 -13 -13 -13 -12 -13 -13 -13 -13 -13 -13 -13 -13 -13 -13 -13 -14 -14 -14 -14 -14 -14 -14 -14 -14 -14 -14 -14 -14 -14 -14 -15 -14 -14 -15 -15 -14 -14 -14 -14 -15 -14 -14 -14 -15 -15 -15 -15 -15 -15 -15 -15 -15 -15 -15 -15 -15 -15 -15 -15 -15 -15 -15 -14 -14 -14 -14 -14 -14 -14 -13 -13 -13 -13 -13 -13 -13 -13 -12 -12 -13 -12 -12 -12 -12 -12 -12 -12 -12 -12 -12 -12 -12 -12 -12 -12 -13 -13 -13 -13 -13 -13 -13 -12 -12 -12 -11 -11 -11 -11 -11 -11 -11 -10 -10 -10 -10 -11 -10 -10 -9 25 24 24 24 24 23 23 23 24 23 23 24 24 24 24 24 24 23 23 22 22 22 22 22 22 21 20 21 20 19 17 18 18 17 17 16 16 16 16 16 16 16 16 17 17 17 17 17 17 16 17 16 16 16 15 16 16 16 16 16 15 15 15 15 15 15 15 15 15 14 14 13 13 14 13 13 14 14 13 13 13 13 13 13 13 13 13 13 12 12 12 11 11 10 10 10 10 9 8 8 8 8 8 8 7 7 7 7 7 8 8 7 8 8 8 7 8 8 7 7 6 7 6 5 4 4 5 4 5 5 5 5 5 4 4 4 4 5 4 3 2 2 2 1 1 0 0 1 0 0 0 0 -1 -1 -2 -1 -1 -2 -2 -3 -3 -2 -2 -2 -1 -1 -1 -1 -2 -2 -2 -3 -3 -2 -2 -2 -2 -3 -2 -2 -1 -1 -1 -2 -1 -1 -1 -2 -2 -3 -3 -4 -5 -5 -5 -5 -5 -5 -6 -5 -5 -6 -6 -6 -6 -6 -7 -7 -7 -7 -7 -7 -7 -8 -8 -8 -8 -8 -8 -8 -8 -8 -8 -9 -9 -9 -10 -10 -10 -10 -9 -9 -9 -10 -10 -9 -9 -10 -10 -9 -10 -9 -10 -10 -11 -11 -10 -10 -9 -9 -10 -10 -10 -11 -11 -11 -11 -12 -11 -12 -11 -11 -12 -12 -12 -12 -13 -13 -12 -12 -13 -12 -12 -12 -12 -13 -13 -13 -14 -14 -13 -13 -13 -13 -13 -14 -14 -14 -14 -14 -14 -14 -14 -14 -14 -14 -14 -14 -14 -14 -14 -15 -14 -15 -15 -14 -14 -14 -14 -14 -14 -14 -14 -14 -14 -14 -14 -15 -15 -15 -15 -15 -15 -15 -15 -15 -15 -15 -15 -15 -14 -14 -14 -14 -14 -14 -14 -14 -13 -13 -13 -13 -13 -13 -13 -13 -13 -12 -12 -12 -12 -13 -13 -12 -12 -12 -12 -12 -12 -12 -12 -12 -11 -12 -12 -12 -12 -13 -13 -13 -13 -13 -12 -12 -12 -12 -12 -12 -11 -11 -10 -11 -11 -11 -10 -10 -11 -11 -10 -9 -8 26 25 25 24 24 23 24 24 24 24 24 24 24 24 24 24 24 24 23 23 23 23 23 22 22 22 21 20 19 18 17 17 17 17 16 17 17 17 17 16 16 16 16 17 17 18 17 17 17 17 17 17 16 16 16 16 16 16 16 16 15 15 16 16 15 15 15 15 14 14 14 14 14 14 14 14 14 14 14 14 13 13 13 13 13 13 13 13 12 12 12 11 10 10 10 10 9 9 9 9 9 8 8 8 8 8 7 7 8 8 9 9 9 9 8 8 8 8 8 7 7 6 5 5 5 5 5 5 5 5 5 5 5 5 4 4 4 4 3 2 3 3 2 1 1 1 1 1 0 0 -1 -1 -1 -1 -1 -2 -2 -2 -2 -2 -2 -2 -2 -1 -2 -2 -1 -2 -2 -2 -3 -2 -2 -2 -2 -2 -3 -2 -2 -1 -1 -1 -2 -1 -1 -1 -1 -2 -3 -3 -4 -4 -4 -4 -5 -5 -5 -5 -5 -5 -5 -6 -6 -6 -6 -6 -7 -7 -7 -7 -7 -7 -8 -8 -8 -8 -8 -8 -8 -8 -8 -9 -9 -9 -10 -10 -10 -10 -10 -9 -9 -9 -9 -9 -9 -9 -9 -10 -9 -9 -9 -9 -10 -10 -10 -10 -10 -9 -9 -9 -10 -10 -10 -10 -11 -11 -11 -11 -11 -11 -11 -12 -12 -12 -12 -12 -12 -12 -12 -12 -12 -12 -13 -13 -13 -13 -14 -14 -14 -13 -13 -13 -13 -13 -13 -13 -13 -14 -14 -14 -14 -14 -14 -14 -14 -14 -14 -14 -14 -14 -14 -15 -15 -15 -15 -15 -15 -15 -15 -14 -14 -14 -14 -14 -14 -14 -14 -14 -15 -15 -15 -15 -15 -15 -15 -15 -15 -15 -15 -14 -14 -14 -14 -14 -14 -14 -14 -14 -14 -13 -13 -13 -13 -13 -13 -13 -13 -13 -13 -12 -12 -12 -12 -12 -12 -12 -12 -12 -12 -12 -12 -11 -11 -11 -12 -12 -12 -13 -13 -13 -12 -12 -12 -12 -12 -12 -12 -11 -10 -10 -10 -11 -10 -11 -11 -11 -10 -9 -9 -9 -9 -8 -7 -6 -6 26 26 25 25 25 25 25 25 25 25 25 25 25 25 25 25 24 24 24 24 24 24 23 23 23 22 21 20 19 18 18 17 17 17 17 18 17 17 17 17 17 17 18 18 18 17 16 16 17 18 18 17 17 17 17 17 16 16 16 16 15 15 16 16 15 15 15 15 15 14 14 14 14 15 14 14 14 14 14 14 14 14 13 13 13 13 13 13 13 13 12 11 10 10 10 9 9 10 10 10 9 8 8 9 9 8 8 8 8 9 9 9 9 9 9 9 8 8 7 7 7 6 5 5 5 5 5 5 5 5 5 5 5 5 5 5 4 4 4 3 2 2 2 2 2 1 1 1 0 0 -1 0 0 0 -1 -1 -2 -2 -2 -1 -1 -2 -1 -2 -1 -1 -2 -2 -3 -2 -2 -1 -1 -2 -2 -2 -2 -2 -1 -1 -1 -1 -1 -1 -1 -1 -1 -2 -3 -4 -4 -4 -4 -4 -4 -5 -5 -5 -5 -5 -5 -6 -6 -6 -6 -6 -6 -7 -7 -7 -7 -7 -7 -7 -8 -8 -8 -8 -8 -8 -9 -9 -9 -9 -9 -9 -9 -10 -9 -9 -9 -9 -9 -9 -9 -9 -9 -10 -9 -9 -9 -10 -10 -10 -10 -10 -10 -10 -9 -9 -8 -9 -10 -10 -11 -11 -11 -11 -11 -11 -12 -12 -12 -12 -12 -12 -12 -12 -12 -12 -12 -13 -13 -13 -13 -13 -14 -13 -13 -13 -13 -13 -13 -13 -14 -14 -14 -14 -14 -14 -14 -14 -14 -14 -14 -14 -14 -14 -14 -14 -14 -15 -14 -14 -14 -14 -14 -14 -14 -14 -14 -14 -14 -14 -14 -14 -14 -14 -15 -15 -15 -15 -15 -15 -15 -14 -14 -14 -14 -14 -14 -14 -14 -14 -14 -14 -14 -13 -13 -13 -13 -13 -13 -13 -13 -13 -13 -12 -12 -12 -12 -12 -12 -12 -12 -12 -12 -12 -12 -11 -12 -12 -11 -11 -12 -12 -13 -13 -13 -12 -12 -12 -12 -11 -11 -11 -11 -10 -10 -11 -11 -11 -11 -10 -10 -10 -9 -10 -10 -9 -9 -8 -8 -8 -8 -7 -6 26 26 26 26 25 25 25 25 25 25 25 25 25 25 24 24 24 24 24 24 23 23 23 22 21 20 19 18 18 17 17 17 18 18 18 18 18 17 17 18 18 17 17 17 17 17 18 18 18 18 18 18 17 17 17 17 16 16 16 16 15 15 15 15 15 15 15 14 14 15 15 15 15 15 15 15 14 14 14 14 13 13 13 13 13 13 13 12 11 10 10 10 10 10 10 11 11 10 9 8 9 9 8 8 8 8 9 9 9 10 9 9 9 8 8 7 7 7 6 6 6 5 6 6 7 6 6 6 6 5 5 5 5 5 4 4 3 3 3 2 2 2 1 1 1 0 0 0 0 0 0 0 -1 -1 -2 -1 -1 -2 -2 -2 -2 -1 -1 -2 -2 -2 -1 -1 0 -1 -2 -2 -2 -2 -2 -1 -1 -1 -1 -1 -1 -1 -1 -1 -2 -2 -3 -3 -4 -4 -4 -4 -5 -5 -5 -5 -4 -5 -5 -5 -6 -6 -6 -6 -6 -6 -6 -7 -7 -7 -7 -7 -7 -8 -8 -8 -8 -8 -9 -9 -9 -9 -9 -9 -9 -9 -8 -8 -9 -9 -9 -9 -9 -9 -9 -9 -9 -8 -9 -9 -10 -10 -10 -10 -9 -8 -9 -9 -10 -10 -11 -11 -11 -11 -11 -11 -11 -11 -11 -12 -12 -12 -12 -12 -12 -12 -12 -13 -13 -12 -13 -13 -13 -13 -13 -13 -13 -13 -13 -13 -13 -14 -14 -14 -14 -14 -14 -14 -14 -14 -14 -14 -14 -14 -14 -14 -14 -14 -14 -14 -14 -14 -14 -14 -14 -14 -14 -14 -14 -14 -14 -14 -14 -14 -14 -14 -14 -15 -15 -15 -15 -14 -14 -14 -14 -14 -14 -14 -14 -14 -14 -14 -14 -14 -14 -13 -13 -13 -13 -13 -13 -13 -13 -13 -12 -12 -12 -12 -12 -12 -12 -12 -12 -12 -12 -12 -12 -12 -11 -11 -11 -12 -12 -12 -12 -13 -13 -12 -12 -12 -12 -12 -11 -11 -11 -10 -11 -11 -11 -10 -10 -10 -10 -10 -10 -9 -9 -9 -9 -9 -9 -8 -8 -7 -6 26 26 26 26 26 26 26 26 26 25 25 25 25 25 24 24 24 24 24 23 23 22 22 20 20 19 18 18 17 17 17 18 18 17 17 17 17 18 18 18 17 17 17 17 18 18 19 19 19 18 18 18 18 18 17 17 16 16 16 15 15 15 15 15 15 15 15 15 15 15 15 15 14 14 14 14 14 14 14 14 14 13 13 13 13 12 11 11 11 11 10 10 10 10 10 10 9 9 9 10 9 8 9 9 10 9 9 9 9 9 8 8 8 7 8 8 7 7 7 6 6 6 7 6 6 6 6 5 5 5 5 5 4 3 3 2 2 2 2 2 2 1 1 1 1 0 0 0 0 -1 -1 -1 -1 -1 -2 -2 -2 -2 -2 -2 -2 -2 -1 -1 -1 -1 -1 -1 -2 -1 -1 -1 -2 -1 -1 -1 -1 -1 -1 -1 -1 -1 -2 -3 -3 -4 -4 -4 -4 -4 -4 -4 -5 -5 -4 -4 -5 -5 -5 -6 -6 -6 -6 -7 -7 -7 -7 -7 -7 -7 -7 -8 -8 -8 -8 -8 -8 -8 -8 -8 -8 -8 -9 -9 -8 -8 -9 -9 -9 -8 -9 -8 -8 -8 -8 -8 -8 -8 -9 -9 -9 -9 -8 -8 -9 -9 -10 -9 -10 -10 -10 -10 -11 -11 -11 -11 -11 -11 -12 -12 -12 -12 -12 -12 -12 -12 -12 -12 -12 -12 -13 -12 -13 -13 -13 -13 -13 -13 -13 -13 -13 -14 -14 -14 -14 -14 -14 -14 -14 -14 -14 -14 -14 -14 -14 -14 -14 -14 -14 -14 -14 -14 -14 -14 -14 -14 -13 -13 -14 -14 -13 -14 -14 -14 -14 -14 -15 -15 -14 -14 -14 -14 -14 -14 -14 -14 -14 -14 -14 -14 -14 -14 -14 -14 -14 -13 -13 -13 -13 -13 -12 -12 -12 -12 -12 -12 -12 -12 -12 -12 -12 -12 -11 -12 -12 -11 -11 -11 -12 -12 -12 -12 -12 -12 -12 -12 -12 -13 -13 -12 -12 -11 -12 -11 -11 -11 -11 -10 -10 -9 -9 -9 -10 -10 -9 -9 -9 -8 -8 -7 -6 -6 -5 27 26 26 26 26 26 26 26 25 25 25 25 25 25 24 24 24 23 23 22 22 20 20 20 19 19 18 17 17 18 17 17 17 17 18 18 18 18 17 17 17 17 18 19 19 19 19 18 18 18 18 18 18 17 17 17 16 16 16 16 15 16 15 15 15 15 16 16 16 15 15 15 15 14 14 14 14 14 14 14 14 14 14 13 12 12 11 11 10 11 11 11 11 10 9 9 10 11 10 9 9 9 9 10 9 9 9 9 9 8 8 9 9 8 7 8 7 6 6 7 7 7 6 6 6 6 5 5 5 5 5 4 3 2 2 2 3 3 3 2 2 1 1 0 0 0 -1 -1 -1 -1 -1 -1 -1 -1 -1 -1 -1 -1 -1 -2 -2 -2 -1 -1 -1 -2 -2 -1 -1 -1 -1 -1 0 0 0 0 -1 0 0 -1 -1 -2 -3 -3 -3 -3 -4 -4 -4 -4 -5 -5 -5 -4 -4 -5 -4 -5 -5 -6 -6 -7 -7 -7 -7 -7 -7 -7 -7 -7 -8 -8 -8 -8 -8 -8 -8 -8 -8 -8 -9 -8 -8 -8 -8 -8 -8 -8 -8 -8 -8 -8 -8 -8 -7 -8 -8 -8 -8 -8 -8 -8 -8 -8 -8 -9 -10 -9 -9 -9 -10 -10 -10 -11 -11 -11 -11 -12 -12 -12 -12 -12 -12 -12 -12 -12 -11 -12 -12 -12 -13 -12 -12 -13 -12 -13 -13 -13 -13 -13 -13 -14 -14 -14 -14 -14 -14 -14 -14 -14 -14 -14 -14 -14 -14 -14 -14 -14 -14 -14 -14 -14 -14 -14 -14 -14 -14 -14 -14 -13 -14 -14 -14 -14 -14 -14 -14 -14 -14 -14 -15 -14 -14 -14 -14 -14 -14 -14 -14 -14 -14 -14 -14 -14 -13 -13 -13 -12 -12 -12 -12 -12 -12 -12 -12 -12 -12 -12 -12 -12 -11 -11 -11 -12 -12 -12 -12 -12 -12 -12 -12 -12 -12 -11 -12 -12 -12 -12 -12 -12 -12 -11 -10 -10 -11 -10 -10 -10 -10 -10 -9 -8 -9 -9 -9 -8 -7 -6 -6 -6 -6 -5 26 26 26 26 26 26 25 25 25 25 25 24 23 22 22 22 20 21 21 20 20 19 18 18 18 17 17 17 18 18 18 18 18 17 18 18 18 19 19 19 19 19 19 19 19 19 18 18 18 17 17 17 17 16 16 16 16 15 16 16 16 16 16 16 16 16 15 15 15 15 15 15 14 14 14 14 14 14 13 12 12 11 11 11 11 11 11 11 10 10 10 10 10 10 10 9 9 10 10 10 9 9 9 9 9 8 9 9 8 8 8 8 7 6 7 7 7 7 7 7 6 6 5 5 5 5 4 3 3 2 2 2 2 2 2 2 2 1 0 0 0 -1 -1 -1 -1 -1 -1 -1 -1 0 -1 0 0 -1 -1 -2 -2 -2 -2 -2 -2 -1 -1 -1 0 0 1 0 0 0 0 0 -1 0 0 0 -1 -2 -3 -3 -4 -4 -4 -4 -4 -4 -4 -5 -5 -5 -5 -5 -4 -5 -5 -6 -6 -7 -7 -6 -6 -7 -7 -7 -7 -8 -8 -8 -8 -8 -8 -8 -8 -8 -8 -8 -8 -8 -8 -7 -7 -7 -7 -7 -8 -7 -8 -8 -8 -8 -8 -8 -8 -8 -8 -8 -9 -9 -8 -8 -8 -8 -8 -8 -9 -10 -10 -10 -11 -11 -11 -11 -12 -12 -12 -12 -11 -12 -12 -11 -11 -11 -11 -11 -12 -12 -12 -12 -12 -12 -12 -12 -12 -12 -13 -13 -14 -14 -14 -14 -13 -14 -14 -14 -14 -14 -14 -14 -14 -14 -14 -14 -14 -14 -14 -14 -14 -14 -14 -14 -14 -14 -14 -14 -14 -14 -14 -14 -14 -14 -14 -14 -14 -14 -14 -14 -13 -14 -14 -14 -14 -14 -14 -14 -14 -14 -14 -14 -14 -14 -13 -13 -13 -12 -12 -12 -12 -12 -12 -12 -12 -12 -12 -12 -12 -11 -11 -11 -11 -11 -11 -12 -12 -12 -12 -12 -12 -12 -11 -11 -12 -12 -11 -12 -12 -12 -11 -11 -10 -10 -10 -10 -10 -9 -10 -10 -9 -9 -9 -8 -8 -7 -6 -7 -8 -7 -6 -5 -5 -5 -5 -6 -6 -5 -5 27 27 26 26 26 26 26 25 25 25 25 24 24 22 22 21 20 20 21 20 20 19 19 19 19 19 18 18 18 18 18 18 18 18 19 20 20 20 20 20 19 19 19 19 19 19 19 18 18 18 18 18 18 17 17 16 16 16 16 16 16 16 16 16 16 16 16 16 15 15 15 15 15 15 15 14 14 14 14 13 13 13 11 11 11 11 11 12 11 10 11 10 11 11 11 10 10 10 10 10 9 9 9 10 9 9 9 9 8 9 9 9 8 7 7 7 6 7 7 7 7 6 6 5 5 5 4 4 3 3 2 2 2 2 2 2 2 1 1 0 0 0 0 0 0 0 -1 0 0 0 1 1 0 -1 -1 -1 -1 -1 -1 -1 -1 -1 -1 -1 0 0 1 1 0 1 1 0 0 0 0 0 -1 -2 -3 -3 -3 -3 -3 -3 -3 -3 -4 -4 -4 -5 -5 -5 -5 -4 -5 -5 -6 -6 -6 -6 -6 -6 -6 -7 -7 -8 -8 -8 -8 -8 -8 -7 -7 -7 -7 -8 -7 -7 -7 -7 -7 -7 -7 -8 -8 -7 -8 -8 -8 -8 -8 -8 -8 -7 -8 -8 -9 -9 -8 -9 -8 -8 -8 -8 -9 -10 -10 -10 -10 -10 -11 -11 -11 -12 -12 -12 -11 -11 -11 -11 -11 -11 -11 -11 -12 -12 -11 -12 -12 -12 -12 -12 -12 -13 -13 -13 -14 -14 -14 -13 -13 -13 -14 -14 -14 -14 -14 -14 -14 -14 -14 -14 -14 -14 -14 -14 -14 -14 -14 -15 -14 -14 -14 -14 -14 -14 -14 -14 -14 -14 -14 -14 -14 -14 -14 -14 -13 -13 -14 -13 -13 -13 -14 -14 -14 -13 -13 -14 -14 -13 -13 -13 -13 -13 -13 -12 -12 -12 -12 -12 -12 -12 -12 -12 -12 -12 -11 -11 -11 -11 -11 -12 -11 -11 -12 -12 -12 -12 -12 -11 -11 -11 -11 -11 -11 -11 -11 -11 -11 -10 -10 -9 -10 -9 -9 -9 -9 -9 -8 -8 -8 -7 -8 -8 -8 -8 -8 -7 -6 -6 -6 -7 -7 -6 -6 -6 -5 27 27 27 27 26 26 26 26 26 25 25 25 24 23 22 22 20 20 20 20 19 19 19 20 20 20 20 19 18 18 18 18 18 19 19 19 20 20 20 20 20 19 19 19 19 19 19 19 19 19 18 18 18 18 17 17 17 17 17 16 16 16 16 17 16 16 16 16 16 16 15 15 15 15 15 15 15 14 14 14 14 13 12 11 11 12 12 12 11 11 11 10 10 11 11 11 11 11 11 11 10 10 10 10 9 10 9 9 8 9 9 9 8 8 8 8 7 7 7 7 6 6 5 5 4 4 4 4 4 3 2 2 2 2 2 2 2 2 1 1 1 1 0 0 0 0 0 0 0 0 1 1 0 -1 -1 0 0 0 0 0 -1 -1 -1 -1 -1 0 1 1 1 1 0 0 0 0 0 0 -1 -2 -2 -3 -2 -2 -3 -3 -3 -4 -4 -4 -4 -4 -5 -5 -5 -5 -5 -5 -5 -6 -6 -6 -6 -6 -6 -6 -7 -7 -8 -7 -7 -8 -8 -7 -7 -7 -7 -7 -7 -7 -7 -7 -6 -6 -7 -8 -7 -7 -7 -8 -8 -8 -8 -8 -8 -7 -8 -9 -9 -8 -8 -9 -9 -9 -9 -9 -9 -9 -9 -9 -9 -10 -10 -10 -11 -11 -12 -11 -11 -11 -11 -11 -11 -11 -11 -11 -11 -12 -12 -12 -12 -12 -12 -12 -13 -13 -13 -13 -13 -13 -13 -13 -13 -13 -13 -14 -14 -14 -14 -14 -14 -14 -14 -14 -14 -14 -14 -14 -14 -14 -15 -15 -14 -14 -14 -14 -14 -14 -14 -14 -14 -14 -14 -14 -14 -14 -14 -14 -13 -13 -13 -13 -13 -13 -14 -14 -14 -13 -13 -14 -14 -13 -13 -13 -13 -13 -12 -12 -12 -12 -12 -12 -13 -12 -12 -12 -12 -12 -12 -12 -12 -11 -11 -11 -11 -11 -11 -12 -12 -12 -12 -11 -11 -11 -11 -10 -10 -10 -11 -11 -11 -10 -10 -10 -10 -10 -9 -8 -8 -8 -7 -7 -7 -8 -8 -9 -9 -9 -8 -8 -7 -7 -6 -7 -8 -8 -7 -7 -7 -6 28 27 27 27 27 27 26 26 26 25 24 24 23 22 22 21 21 20 20 20 19 19 20 20 20 20 20 20 19 19 19 18 18 19 19 19 19 20 20 20 19 20 20 19 19 19 19 19 19 18 18 18 18 18 18 18 18 17 17 16 17 17 17 16 16 16 16 16 16 16 15 15 15 15 15 15 14 14 14 14 13 12 12 12 12 12 12 11 12 11 11 11 11 12 12 11 11 12 11 11 10 10 10 10 10 10 9 9 9 9 9 8 8 8 8 8 7 7 7 7 6 6 5 4 4 4 4 3 3 3 2 2 2 2 2 2 2 1 1 1 1 1 0 0 0 0 0 1 1 1 1 0 0 0 0 0 1 1 1 0 0 0 0 -1 0 1 2 2 1 0 0 0 0 1 1 0 -1 -2 -2 -3 -3 -3 -3 -3 -3 -3 -4 -3 -4 -4 -4 -5 -5 -5 -5 -5 -5 -5 -6 -6 -6 -6 -6 -7 -7 -7 -7 -7 -7 -7 -7 -7 -7 -7 -7 -6 -7 -6 -6 -6 -7 -7 -7 -7 -7 -7 -8 -8 -8 -8 -8 -8 -8 -8 -8 -9 -8 -8 -9 -9 -9 -9 -9 -9 -9 -9 -9 -9 -9 -9 -10 -10 -10 -11 -11 -11 -11 -11 -11 -11 -11 -11 -12 -12 -12 -11 -12 -12 -12 -13 -13 -13 -13 -13 -13 -13 -13 -13 -13 -13 -13 -13 -13 -14 -14 -14 -14 -14 -14 -14 -14 -14 -14 -14 -14 -14 -14 -14 -14 -15 -15 -14 -14 -14 -14 -14 -14 -14 -14 -14 -14 -14 -14 -14 -13 -13 -13 -13 -13 -13 -13 -13 -13 -12 -12 -12 -13 -13 -13 -13 -13 -13 -13 -13 -12 -13 -12 -12 -12 -12 -12 -12 -12 -11 -11 -12 -12 -12 -11 -11 -11 -11 -11 -11 -11 -12 -12 -12 -12 -10 -11 -11 -10 -10 -10 -10 -10 -11 -11 -10 -10 -9 -9 -8 -8 -7 -7 -7 -7 -7 -7 -8 -8 -9 -9 -9 -8 -7 -8 -8 -6 -7 -8 -8 -7 -7 -6 -5 28 28 27 27 27 27 27 26 26 24 23 23 22 23 23 22 22 21 21 20 20 20 19 19 20 20 20 20 20 20 20 20 19 20 20 19 19 20 20 20 19 20 20 19 19 19 19 19 19 19 19 18 18 18 18 18 18 18 17 17 17 17 17 17 16 17 16 16 16 16 16 16 16 15 15 15 15 15 14 14 14 12 12 13 12 13 12 12 12 12 12 12 12 13 12 12 12 12 11 11 11 11 10 11 11 10 10 9 9 9 9 9 8 8 8 8 8 8 8 7 6 6 5 4 4 4 4 4 5 4 3 3 2 2 2 2 2 1 2 2 1 1 0 0 0 0 0 0 1 1 1 1 1 1 0 1 1 2 2 2 1 1 1 0 0 2 2 2 1 1 1 0 1 1 0 0 -1 -1 -2 -2 -2 -2 -2 -3 -3 -3 -3 -3 -3 -4 -4 -4 -4 -5 -5 -5 -5 -5 -6 -5 -5 -6 -6 -6 -7 -7 -7 -7 -7 -7 -7 -7 -7 -7 -7 -6 -6 -6 -6 -6 -7 -7 -7 -8 -8 -7 -8 -8 -8 -8 -8 -8 -8 -8 -9 -8 -8 -9 -9 -9 -8 -9 -9 -9 -10 -10 -9 -10 -10 -10 -10 -10 -10 -10 -11 -11 -11 -11 -11 -11 -12 -12 -12 -12 -12 -12 -12 -12 -12 -12 -12 -12 -13 -13 -13 -13 -13 -13 -13 -13 -13 -13 -13 -13 -13 -14 -14 -14 -14 -14 -14 -14 -14 -14 -14 -14 -14 -14 -14 -14 -14 -14 -14 -14 -14 -14 -14 -14 -14 -14 -14 -14 -14 -14 -14 -13 -12 -12 -13 -13 -13 -12 -12 -12 -12 -12 -12 -12 -11 -12 -12 -12 -13 -13 -13 -13 -12 -12 -11 -12 -11 -11 -11 -11 -11 -11 -12 -12 -12 -12 -11 -11 -10 -11 -11 -11 -11 -12 -12 -11 -11 -11 -11 -11 -10 -10 -10 -10 -11 -10 -10 -10 -10 -9 -8 -7 -7 -7 -8 -8 -7 -7 -7 -8 -9 -9 -8 -8 -8 -7 -7 -7 -8 -8 -7 -6 -6 -6 -6 28 28 28 28 28 27 27 26 24 23 24 23 24 24 22 22 22 21 21 20 20 20 20 20 20 20 20 19 20 20 21 21 21 21 21 19 20 20 20 19 19 19 19 19 19 20 20 20 19 19 19 19 19 19 19 18 18 18 17 17 17 17 17 17 17 17 16 16 16 16 16 16 16 16 15 15 15 15 15 14 13 13 13 13 13 12 12 13 13 12 13 13 13 13 12 13 13 12 12 11 11 11 11 10 10 9 10 9 9 9 9 8 8 9 9 8 8 8 7 6 6 5 5 4 4 4 5 5 4 4 3 2 2 2 2 2 2 2 2 1 1 0 0 0 0 0 0 0 1 1 1 2 1 1 2 2 2 2 3 2 2 2 1 1 2 2 2 2 2 1 1 1 1 0 -1 -2 -2 -2 -1 -2 -2 -3 -3 -3 -2 -2 -3 -4 -4 -4 -4 -4 -5 -5 -5 -5 -6 -6 -6 -6 -6 -6 -6 -7 -7 -7 -7 -7 -7 -7 -7 -7 -7 -7 -6 -6 -6 -6 -7 -7 -7 -7 -7 -8 -8 -8 -8 -8 -8 -8 -8 -8 -8 -8 -8 -8 -9 -9 -9 -9 -9 -9 -9 -9 -10 -10 -10 -10 -10 -10 -10 -10 -11 -11 -11 -11 -11 -11 -11 -11 -12 -12 -12 -12 -12 -12 -12 -12 -12 -12 -12 -12 -13 -13 -13 -13 -13 -13 -13 -13 -13 -13 -13 -13 -13 -14 -14 -14 -14 -14 -14 -14 -14 -14 -14 -14 -14 -14 -14 -14 -14 -14 -14 -14 -14 -14 -14 -14 -14 -14 -14 -14 -14 -14 -14 -14 -13 -14 -14 -14 -13 -12 -12 -13 -13 -13 -13 -12 -12 -11 -11 -12 -12 -12 -12 -12 -11 -10 -11 -10 -10 -11 -11 -11 -12 -11 -12 -12 -12 -11 -11 -10 -11 -10 -11 -11 -12 -12 -12 -11 -11 -11 -11 -11 -10 -10 -10 -10 -10 -10 -10 -9 -9 -8 -8 -8 -8 -8 -9 -8 -7 -7 -7 -8 -8 -8 -8 -8 -8 -8 -8 -8 -7 -8 -7 -7 -7 -6 -5 28 28 28 28 28 27 26 25 25 24 24 25 25 23 24 23 22 21 21 20 20 20 20 20 21 20 20 20 20 20 20 20 21 21 21 20 20 20 20 21 20 20 20 20 20 20 20 19 19 19 19 19 19 19 18 18 18 18 18 18 17 17 17 17 17 17 17 17 17 16 16 16 16 16 16 16 16 15 14 14 13 13 14 14 13 13 13 13 13 13 14 13 13 13 13 13 13 12 12 11 11 11 10 10 10 10 10 10 10 9 9 9 9 9 9 8 8 7 6 6 5 5 6 5 5 5 5 5 4 3 3 3 3 3 3 3 2 2 1 1 1 1 1 1 1 1 1 1 2 2 2 2 2 2 3 3 3 3 3 3 2 1 2 3 3 2 2 2 1 1 0 0 -1 -1 -2 -2 -2 -2 -2 -2 -2 -2 -2 -2 -2 -2 -3 -3 -4 -4 -4 -5 -5 -5 -5 -5 -5 -6 -6 -6 -5 -6 -6 -7 -7 -7 -7 -7 -7 -7 -7 -7 -7 -6 -6 -6 -6 -7 -7 -7 -7 -7 -8 -7 -8 -8 -8 -8 -8 -8 -8 -8 -8 -8 -8 -8 -9 -9 -9 -9 -9 -9 -9 -10 -10 -10 -10 -10 -10 -10 -10 -10 -10 -11 -11 -11 -11 -11 -11 -11 -12 -12 -12 -11 -11 -11 -12 -12 -12 -12 -12 -12 -12 -13 -13 -13 -13 -13 -13 -13 -13 -13 -13 -13 -13 -14 -14 -14 -14 -14 -14 -14 -14 -14 -14 -14 -14 -14 -14 -14 -14 -14 -14 -14 -14 -14 -14 -14 -14 -13 -13 -14 -14 -14 -14 -14 -14 -15 -15 -14 -14 -14 -14 -14 -14 -14 -13 -12 -12 -11 -11 -11 -11 -11 -11 -11 -11 -10 -10 -10 -10 -10 -10 -11 -11 -12 -12 -11 -11 -11 -11 -11 -10 -10 -11 -12 -11 -12 -11 -11 -11 -10 -10 -10 -10 -9 -10 -9 -10 -10 -9 -9 -8 -9 -9 -8 -8 -9 -8 -7 -8 -8 -8 -9 -9 -8 -8 -8 -8 -8 -7 -7 -7 -7 -7 -7 -6 -5 -4 -4 28 28 28 28 28 27 26 25 25 25 25 25 24 24 23 23 22 22 22 21 21 21 20 21 22 22 21 21 21 21 21 21 21 22 22 22 21 21 22 22 21 21 21 21 21 20 20 20 20 20 20 20 20 19 19 19 19 18 18 18 18 18 17 17 17 17 17 16 16 16 16 16 16 16 16 16 16 15 15 14 13 14 14 13 13 13 13 13 13 14 13 12 12 13 12 13 13 12 12 12 12 11 11 11 11 10 10 10 10 10 10 9 9 9 9 8 7 7 7 6 6 6 6 5 6 5 5 5 4 4 4 4 3 3 3 2 2 1 1 1 1 1 1 2 2 1 2 2 2 2 3 4 3 3 4 3 4 3 3 4 3 3 2 2 2 1 1 0 0 -1 -1 -1 -2 -2 -2 -2 -3 -2 -3 -3 -3 -3 -3 -3 -4 -4 -5 -5 -5 -5 -5 -5 -6 -5 -5 -6 -6 -6 -6 -7 -7 -7 -7 -7 -7 -7 -8 -8 -8 -8 -8 -8 -7 -7 -7 -7 -7 -8 -8 -8 -8 -8 -8 -8 -8 -8 -8 -8 -9 -9 -9 -9 -9 -9 -9 -10 -10 -10 -10 -10 -10 -10 -10 -11 -10 -10 -11 -11 -11 -11 -11 -11 -11 -11 -11 -11 -11 -12 -12 -12 -12 -12 -12 -12 -12 -12 -12 -12 -12 -12 -12 -12 -13 -13 -13 -13 -13 -13 -13 -13 -13 -13 -13 -14 -14 -14 -14 -14 -14 -14 -14 -14 -14 -14 -14 -14 -14 -14 -14 -14 -14 -14 -14 -14 -14 -14 -14 -14 -14 -15 -15 -14 -13 -14 -14 -15 -15 -15 -14 -14 -14 -14 -14 -14 -14 -13 -13 -13 -12 -12 -11 -11 -10 -10 -11 -11 -10 -10 -10 -10 -10 -10 -10 -11 -12 -12 -11 -11 -11 -11 -11 -10 -10 -10 -11 -11 -11 -11 -11 -11 -10 -10 -10 -9 -9 -9 -10 -10 -10 -9 -9 -8 -8 -9 -9 -9 -9 -8 -8 -8 -9 -8 -7 -7 -7 -7 -8 -7 -7 -6 -6 -6 -5 -5 -5 -5 -4 -4 -5 -4 -4 28 28 28 27 26 26 25 25 25 25 24 23 22 23 23 22 21 22 22 21 20 21 21 22 22 22 22 22 21 21 22 23 22 21 20 21 22 22 22 21 21 21 21 20 20 20 20 20 20 20 20 19 19 19 19 19 19 19 18 17 18 17 17 17 17 17 17 16 16 16 16 16 16 16 16 15 15 14 14 15 15 14 14 14 13 14 13 13 12 12 12 11 12 13 13 12 12 12 11 12 12 11 11 11 11 11 11 10 10 9 9 9 8 8 7 7 6 6 6 6 6 6 5 5 5 5 5 4 4 3 3 2 2 2 2 2 2 2 2 2 2 2 2 2 2 1 2 3 4 4 4 4 4 4 4 4 4 4 3 3 2 1 1 1 1 0 0 -1 -1 -2 -1 -1 -2 -2 -2 -2 -3 -3 -3 -4 -4 -4 -5 -5 -5 -5 -5 -5 -5 -5 -5 -5 -6 -6 -6 -7 -7 -7 -7 -6 -6 -6 -7 -8 -8 -8 -8 -8 -8 -7 -7 -7 -7 -7 -7 -7 -7 -8 -8 -8 -8 -8 -8 -8 -8 -8 -9 -9 -9 -9 -9 -9 -9 -9 -10 -10 -10 -10 -10 -10 -10 -10 -10 -10 -11 -11 -10 -11 -11 -11 -11 -11 -11 -11 -11 -12 -12 -12 -12 -11 -12 -12 -12 -12 -12 -12 -12 -12 -12 -12 -13 -13 -13 -13 -13 -13 -13 -13 -13 -13 -13 -14 -14 -14 -14 -14 -14 -14 -14 -14 -14 -14 -14 -14 -14 -14 -14 -14 -14 -14 -14 -14 -14 -14 -14 -14 -14 -13 -13 -13 -13 -14 -14 -14 -14 -13 -12 -13 -14 -14 -14 -14 -14 -13 -13 -12 -12 -12 -12 -12 -11 -11 -11 -11 -11 -10 -10 -10 -10 -11 -11 -11 -12 -11 -11 -11 -11 -11 -11 -11 -10 -10 -11 -11 -11 -11 -11 -11 -11 -10 -9 -10 -10 -10 -10 -10 -9 -9 -8 -8 -8 -8 -8 -9 -8 -9 -9 -9 -8 -8 -8 -7 -6 -6 -7 -6 -6 -5 -5 -4 -4 -4 -4 -4 -5 -5 -5 -4 28 27 26 26 26 25 25 24 24 23 24 23 22 22 23 23 21 21 20 20 21 21 21 22 22 22 22 23 23 22 22 21 21 21 21 21 21 22 21 21 21 21 21 21 21 20 20 20 20 19 19 19 19 19 19 19 18 18 18 18 18 17 17 17 17 16 17 16 16 16 16 16 16 16 15 15 15 15 15 15 14 14 14 14 13 12 12 12 11 12 12 13 13 13 12 12 12 13 12 11 11 11 12 11 10 9 9 8 8 8 8 8 7 7 6 6 6 6 5 5 5 5 4 5 4 4 4 3 3 2 2 2 2 2 2 2 2 3 2 2 2 2 1 2 2 3 4 4 4 4 4 4 4 4 4 4 3 2 1 1 1 0 0 0 -1 -1 -1 -1 0 -1 -1 -2 -2 -2 -3 -3 -3 -4 -4 -4 -4 -5 -5 -5 -5 -5 -5 -5 -5 -5 -6 -7 -6 -7 -7 -6 -6 -6 -7 -7 -7 -8 -8 -7 -8 -8 -7 -7 -7 -7 -7 -7 -7 -7 -8 -8 -8 -8 -8 -8 -8 -8 -8 -8 -8 -8 -9 -9 -9 -9 -9 -9 -10 -10 -10 -10 -10 -10 -10 -10 -10 -10 -10 -10 -10 -10 -11 -11 -11 -11 -11 -11 -11 -12 -12 -12 -11 -12 -12 -12 -12 -12 -12 -12 -12 -12 -12 -12 -13 -13 -13 -13 -13 -13 -13 -13 -13 -13 -13 -14 -14 -14 -14 -14 -14 -14 -14 -14 -14 -14 -14 -14 -14 -14 -14 -14 -14 -14 -14 -14 -14 -14 -14 -14 -13 -13 -13 -13 -13 -14 -14 -14 -13 -13 -13 -13 -14 -14 -14 -14 -14 -13 -13 -12 -13 -12 -12 -11 -12 -12 -12 -12 -11 -11 -11 -11 -11 -11 -11 -11 -11 -11 -11 -11 -11 -11 -11 -11 -10 -11 -10 -11 -11 -11 -11 -11 -11 -10 -9 -10 -10 -9 -9 -9 -9 -9 -9 -9 -8 -8 -8 -9 -9 -9 -8 -8 -8 -7 -6 -6 -6 -6 -5 -5 -5 -5 -5 -5 -5 -5 -6 -6 -5 -4 -3 -3 28 27 26 26 26 25 24 24 24 23 24 23 24 23 23 22 22 22 21 20 20 21 21 21 22 23 23 23 23 23 23 22 21 21 22 22 22 22 22 21 21 21 21 21 21 20 20 20 20 20 20 20 19 19 19 18 18 18 18 18 18 17 17 17 17 17 16 16 17 17 16 16 16 15 15 15 15 15 15 14 14 14 14 13 12 12 12 12 12 12 12 13 13 12 12 13 13 12 12 12 12 12 11 10 9 8 8 8 9 9 8 8 7 7 6 6 5 5 5 5 4 5 5 4 4 4 4 3 3 3 3 3 2 3 3 3 3 2 2 2 2 2 2 3 3 4 4 4 4 4 4 4 4 4 4 3 2 1 1 0 0 0 0 0 -1 0 0 0 -1 -1 -1 -1 -2 -2 -2 -3 -3 -3 -3 -4 -4 -5 -5 -4 -5 -5 -5 -5 -5 -6 -6 -6 -7 -6 -6 -6 -6 -7 -7 -7 -7 -7 -7 -7 -7 -7 -7 -7 -7 -7 -7 -7 -7 -7 -8 -8 -8 -8 -8 -8 -8 -8 -8 -8 -8 -9 -9 -9 -9 -9 -9 -9 -10 -10 -10 -10 -10 -10 -10 -10 -10 -10 -10 -10 -10 -11 -11 -11 -11 -11 -11 -11 -11 -12 -12 -11 -11 -11 -12 -12 -12 -12 -12 -12 -12 -12 -12 -12 -13 -13 -13 -13 -13 -13 -13 -13 -13 -13 -13 -14 -14 -14 -14 -14 -14 -14 -14 -14 -14 -14 -14 -14 -14 -14 -14 -14 -14 -14 -14 -14 -14 -14 -14 -14 -13 -13 -13 -13 -12 -13 -13 -13 -13 -13 -13 -13 -14 -14 -14 -14 -14 -13 -13 -12 -12 -11 -12 -12 -12 -11 -11 -11 -11 -11 -11 -10 -10 -11 -11 -11 -11 -11 -11 -11 -11 -11 -11 -11 -11 -10 -10 -10 -10 -11 -11 -11 -11 -10 -10 -10 -10 -9 -9 -9 -9 -9 -9 -9 -9 -9 -9 -9 -8 -8 -8 -7 -7 -6 -6 -6 -6 -6 -5 -5 -5 -5 -6 -6 -6 -6 -5 -4 -3 -3 -3 -4 29 29 28 27 27 26 25 24 24 24 24 24 24 24 24 23 23 23 23 22 21 20 21 21 22 22 23 24 24 24 24 24 23 22 22 22 22 22 22 22 22 22 21 21 21 21 21 20 20 21 20 20 20 19 19 19 19 18 18 18 18 18 18 17 17 17 17 17 16 16 16 16 16 16 15 15 15 15 15 15 15 15 14 14 13 13 12 12 12 12 12 12 13 13 13 13 13 13 13 12 12 12 12 12 11 10 9 8 8 9 8 9 8 7 7 6 6 5 5 5 5 5 5 5 4 4 4 4 4 3 3 4 3 4 3 3 3 2 2 2 2 2 2 3 3 3 4 4 4 4 4 4 4 4 4 5 4 3 2 1 1 0 1 1 1 0 0 0 0 0 -1 -2 -2 -2 -2 -2 -2 -2 -2 -3 -3 -4 -5 -5 -4 -4 -5 -5 -4 -5 -5 -6 -6 -6 -6 -6 -6 -6 -6 -7 -7 -7 -7 -7 -7 -7 -6 -7 -6 -6 -7 -7 -7 -7 -7 -7 -7 -8 -8 -8 -8 -8 -8 -8 -8 -8 -8 -8 -9 -9 -9 -9 -9 -9 -9 -10 -10 -10 -10 -10 -10 -10 -10 -10 -10 -10 -10 -11 -11 -11 -11 -11 -11 -11 -11 -12 -11 -11 -11 -11 -12 -12 -12 -12 -12 -12 -12 -12 -12 -12 -12 -13 -13 -13 -13 -13 -13 -13 -13 -13 -13 -13 -13 -13 -13 -14 -14 -14 -13 -13 -14 -14 -14 -14 -14 -14 -14 -14 -14 -14 -14 -14 -14 -14 -14 -14 -13 -13 -12 -12 -12 -12 -13 -13 -12 -12 -13 -13 -13 -13 -14 -14 -14 -13 -13 -12 -12 -12 -12 -11 -11 -11 -11 -11 -10 -10 -10 -10 -11 -11 -11 -11 -11 -11 -11 -11 -11 -11 -11 -10 -10 -10 -10 -10 -10 -10 -11 -11 -10 -10 -10 -10 -9 -9 -9 -10 -10 -10 -10 -9 -9 -8 -8 -7 -7 -7 -7 -6 -6 -7 -7 -7 -6 -6 -5 -5 -6 -6 -6 -6 -5 -5 -4 -4 -4 -4 -5 29 29 29 29 28 27 27 26 25 25 25 25 25 25 25 24 24 24 24 23 23 23 21 21 22 23 23 23 24 24 24 24 24 24 23 23 23 23 22 22 22 21 21 21 21 21 21 21 21 21 20 20 20 20 20 20 20 19 19 19 18 18 18 18 18 17 17 17 17 17 17 16 16 16 15 16 16 16 15 15 15 15 15 15 14 13 12 13 13 13 13 13 12 12 13 13 13 13 13 13 12 12 12 12 11 10 9 9 8 8 8 9 9 8 8 7 7 6 6 6 5 5 5 5 5 4 4 4 4 4 3 3 3 3 4 3 3 3 3 3 3 3 3 3 3 3 4 4 4 4 4 4 4 4 4 5 5 4 3 2 2 1 1 1 1 1 0 0 0 -1 -1 -1 -1 -2 -2 -2 -2 -2 -2 -3 -2 -2 -3 -4 -4 -4 -4 -5 -5 -5 -4 -4 -5 -5 -5 -5 -5 -5 -5 -6 -6 -7 -6 -6 -7 -6 -7 -6 -6 -6 -6 -6 -7 -7 -7 -7 -7 -7 -7 -8 -8 -8 -8 -8 -8 -8 -8 -8 -8 -8 -9 -9 -9 -9 -9 -9 -9 -10 -10 -10 -10 -10 -10 -10 -10 -10 -10 -10 -10 -11 -11 -11 -11 -11 -11 -11 -12 -11 -11 -11 -11 -12 -12 -12 -12 -12 -12 -12 -12 -12 -12 -12 -12 -13 -13 -13 -13 -13 -13 -13 -13 -13 -13 -13 -13 -13 -13 -14 -13 -13 -13 -13 -13 -14 -14 -14 -14 -13 -13 -14 -14 -14 -14 -14 -14 -13 -13 -13 -13 -13 -13 -12 -12 -12 -12 -12 -12 -12 -12 -12 -13 -13 -13 -13 -13 -13 -12 -12 -12 -12 -11 -11 -12 -11 -11 -10 -10 -11 -10 -10 -11 -11 -11 -11 -11 -11 -11 -11 -11 -11 -10 -10 -10 -10 -10 -10 -10 -10 -10 -11 -10 -10 -10 -9 -10 -10 -10 -10 -9 -8 -9 -9 -9 -8 -8 -8 -7 -7 -6 -7 -8 -7 -6 -6 -6 -5 -5 -5 -6 -6 -6 -5 -5 -4 -4 -5 -6 -6 30 30 29 29 29 28 28 26 26 26 26 26 26 25 25 25 25 25 25 24 24 23 22 21 22 23 23 24 24 24 24 24 24 24 24 24 24 24 23 22 22 22 21 21 22 22 21 22 21 21 21 20 20 20 20 20 20 19 19 19 19 19 18 18 18 18 18 17 17 17 17 17 16 16 16 16 16 16 16 15 15 15 15 15 14 13 13 13 13 13 14 13 12 12 12 13 13 13 13 13 13 12 12 11 10 10 10 9 9 8 9 8 9 9 9 8 7 7 6 6 6 6 6 6 5 5 5 4 4 4 4 3 4 3 3 3 4 3 3 3 4 3 3 2 3 3 3 4 4 4 4 4 4 5 5 5 4 3 3 2 1 1 1 1 1 1 0 0 0 0 -1 -1 -1 -1 -1 -2 -2 -2 -3 -3 -2 -2 -3 -3 -3 -4 -3 -4 -5 -4 -4 -4 -4 -4 -4 -4 -5 -4 -5 -6 -6 -6 -6 -6 -6 -6 -7 -6 -6 -6 -6 -6 -6 -7 -7 -7 -7 -7 -7 -7 -7 -7 -8 -8 -8 -8 -8 -8 -8 -8 -8 -9 -9 -9 -9 -9 -9 -9 -9 -10 -10 -10 -10 -10 -10 -10 -10 -10 -10 -10 -10 -11 -11 -11 -11 -11 -11 -11 -11 -11 -11 -11 -11 -12 -12 -12 -12 -12 -12 -12 -12 -12 -12 -12 -12 -12 -12 -12 -13 -13 -13 -13 -13 -13 -13 -13 -13 -13 -13 -13 -13 -13 -13 -14 -14 -14 -14 -13 -13 -13 -13 -13 -13 -14 -14 -13 -13 -12 -12 -12 -12 -12 -12 -12 -12 -12 -12 -12 -12 -12 -12 -12 -12 -13 -13 -13 -13 -12 -12 -12 -12 -12 -12 -11 -11 -11 -11 -11 -11 -10 -11 -11 -11 -11 -11 -11 -11 -11 -11 -11 -11 -10 -10 -10 -10 -10 -10 -10 -10 -10 -10 -10 -10 -10 -10 -10 -10 -9 -8 -8 -9 -9 -9 -9 -8 -8 -8 -8 -7 -7 -8 -8 -7 -6 -5 -5 -5 -5 -6 -6 -6 -5 -5 -4 -4 -5 -6 -6 -5 30 29 30 29 29 28 27 27 27 26 27 26 25 25 26 26 25 25 24 24 22 22 23 23 24 24 23 24 24 24 24 25 24 24 25 24 24 23 23 22 22 22 22 22 22 22 22 22 21 21 21 21 21 20 20 20 19 19 19 19 19 19 19 18 18 18 18 18 18 17 17 17 17 16 16 16 16 16 16 16 15 15 15 14 13 13 13 13 13 13 13 12 12 13 13 13 13 13 13 12 12 11 11 10 10 10 9 9 9 8 8 9 9 9 8 8 7 7 6 6 6 6 6 6 5 5 4 4 4 4 4 4 4 3 3 3 3 3 3 3 3 2 2 3 3 4 4 4 4 4 4 4 5 5 5 5 4 3 2 1 1 0 1 1 0 0 1 0 0 -1 -1 -1 -1 -1 -1 -1 -1 -2 -3 -3 -3 -3 -2 -3 -3 -3 -4 -4 -4 -4 -3 -3 -4 -5 -5 -5 -5 -5 -6 -6 -6 -6 -6 -6 -6 -6 -6 -6 -6 -6 -6 -6 -6 -6 -6 -7 -7 -7 -7 -7 -7 -8 -7 -8 -8 -8 -8 -8 -8 -8 -8 -9 -9 -9 -9 -9 -9 -9 -9 -10 -10 -10 -10 -10 -10 -10 -10 -10 -10 -10 -11 -11 -11 -11 -11 -11 -10 -10 -10 -11 -11 -11 -11 -11 -11 -11 -12 -12 -12 -12 -12 -12 -12 -12 -12 -12 -12 -12 -13 -13 -13 -13 -13 -13 -13 -13 -13 -13 -13 -13 -13 -13 -13 -13 -14 -14 -14 -13 -12 -12 -13 -13 -13 -13 -14 -14 -13 -12 -12 -12 -12 -12 -12 -12 -11 -11 -12 -12 -12 -12 -12 -12 -12 -12 -13 -13 -12 -12 -12 -12 -12 -12 -12 -12 -12 -11 -11 -11 -11 -11 -11 -11 -11 -11 -11 -11 -10 -11 -11 -11 -10 -10 -10 -10 -10 -10 -10 -9 -9 -10 -10 -9 -10 -10 -10 -9 -9 -8 -8 -8 -8 -9 -9 -9 -8 -8 -8 -8 -7 -8 -8 -7 -7 -6 -5 -5 -6 -6 -6 -6 -5 -5 -4 -5 -5 -6 -6 -5 -5 -5 30 30 30 29 29 28 27 27 27 26 26 26 26 26 25 25 25 25 24 23 23 24 24 24 23 23 24 24 24 24 24 25 25 25 25 24 24 23 23 23 23 22 22 23 23 23 22 22 22 22 21 21 21 20 20 20 20 20 20 19 19 19 19 18 18 18 18 18 18 17 17 17 17 17 17 16 16 16 16 16 16 16 15 14 13 13 13 13 13 13 12 13 13 12 13 13 13 12 11 12 11 10 10 10 10 10 9 9 9 9 9 9 8 8 8 8 7 7 6 6 6 5 5 5 5 5 4 5 5 5 5 4 4 3 3 3 3 3 3 3 3 3 3 3 3 4 4 3 4 4 4 4 4 5 5 4 3 2 1 1 1 1 0 0 1 0 0 0 0 -1 -1 -1 -2 -1 -1 -2 -2 -2 -3 -3 -3 -3 -2 -2 -3 -3 -3 -3 -3 -3 -4 -4 -4 -5 -5 -5 -5 -6 -6 -6 -6 -5 -6 -6 -6 -6 -6 -6 -6 -6 -6 -6 -6 -6 -6 -7 -7 -7 -7 -7 -7 -7 -7 -8 -8 -8 -8 -8 -8 -8 -8 -9 -9 -9 -9 -9 -9 -9 -10 -10 -10 -10 -10 -10 -10 -10 -11 -11 -10 -10 -10 -11 -11 -11 -11 -10 -10 -10 -10 -11 -11 -11 -11 -11 -11 -11 -11 -11 -11 -12 -12 -12 -12 -12 -12 -12 -12 -12 -13 -13 -13 -13 -13 -13 -13 -13 -13 -13 -13 -13 -13 -13 -13 -14 -14 -14 -14 -13 -13 -12 -12 -12 -12 -13 -13 -13 -12 -12 -12 -12 -11 -12 -12 -12 -12 -11 -12 -12 -12 -12 -12 -12 -12 -12 -12 -12 -12 -12 -12 -12 -12 -12 -12 -12 -12 -12 -11 -11 -11 -11 -11 -11 -11 -11 -10 -10 -10 -11 -11 -11 -11 -10 -10 -10 -10 -9 -10 -10 -10 -10 -10 -10 -10 -10 -10 -9 -9 -9 -8 -8 -9 -9 -9 -9 -8 -8 -8 -8 -8 -8 -7 -7 -6 -6 -6 -6 -6 -6 -6 -6 -5 -5 -5 -5 -6 -6 -6 -5 -5 31 30 30 30 30 29 28 27 27 27 27 27 26 25 24 24 24 24 24 24 23 23 24 24 24 24 24 23 24 24 24 25 24 25 25 24 24 24 24 23 23 23 23 23 23 23 23 22 22 22 22 21 21 21 21 20 20 20 20 20 19 19 19 19 18 18 18 18 18 18 18 18 18 17 17 17 17 17 16 16 16 16 15 14 14 13 13 13 14 14 13 13 13 13 13 13 13 12 11 11 11 10 10 10 10 10 9 9 9 9 10 9 9 8 8 7 7 7 7 6 6 6 5 5 5 5 5 5 5 5 5 4 4 4 3 3 4 4 3 3 3 3 3 3 3 3 3 4 4 4 3 3 4 4 4 3 3 3 2 2 2 1 1 0 0 0 0 0 -1 -1 -1 -1 -2 -2 -2 -2 -3 -3 -3 -3 -3 -3 -3 -3 -3 -3 -3 -3 -3 -3 -3 -3 -4 -5 -5 -5 -5 -5 -5 -6 -6 -6 -6 -6 -6 -5 -5 -6 -6 -6 -6 -6 -6 -6 -6 -6 -6 -7 -7 -7 -7 -7 -7 -7 -8 -8 -8 -8 -8 -8 -8 -8 -9 -9 -9 -9 -9 -9 -9 -10 -10 -10 -10 -10 -10 -10 -11 -11 -11 -10 -10 -10 -11 -11 -11 -10 -10 -10 -10 -10 -11 -11 -11 -11 -11 -11 -11 -11 -11 -11 -12 -12 -12 -12 -12 -12 -12 -12 -12 -13 -13 -13 -13 -13 -13 -13 -13 -13 -12 -12 -12 -13 -12 -13 -14 -14 -14 -13 -13 -13 -12 -12 -12 -12 -13 -13 -13 -12 -12 -12 -12 -12 -12 -12 -12 -12 -11 -11 -12 -12 -12 -11 -11 -12 -12 -12 -12 -12 -12 -12 -12 -12 -12 -12 -12 -12 -12 -12 -11 -11 -11 -11 -11 -11 -11 -11 -10 -10 -11 -11 -10 -10 -10 -10 -10 -9 -10 -10 -10 -10 -10 -9 -9 -9 -9 -9 -9 -8 -8 -8 -9 -9 -9 -9 -8 -8 -8 -8 -8 -8 -8 -7 -7 -7 -6 -6 -5 -6 -6 -6 -5 -5 -4 -4 -5 -6 -6 -5 -5 -5 31 30 29 29 28 28 28 27 27 26 25 25 25 25 25 25 25 24 24 24 24 24 23 24 24 24 25 24 25 24 24 24 25 25 25 24 23 23 23 23 23 23 23 23 23 23 23 22 22 22 21 21 20 20 20 20 20 20 20 20 19 19 19 18 18 18 18 18 18 18 18 17 17 17 17 17 16 16 16 16 15 15 14 13 13 14 13 13 13 13 13 13 13 12 12 11 11 11 11 10 10 10 10 10 9 9 9 10 10 9 8 8 7 7 7 7 7 7 6 6 5 5 5 5 5 5 5 5 5 4 4 4 4 4 4 3 3 3 4 3 3 3 3 4 4 3 3 3 3 4 4 3 3 3 3 2 2 2 1 1 1 1 1 1 1 -1 -1 0 0 -1 -2 -1 -2 -2 -2 -2 -2 -3 -3 -3 -3 -3 -3 -3 -3 -3 -2 -3 -3 -3 -4 -4 -5 -5 -5 -5 -5 -6 -6 -6 -6 -6 -5 -5 -5 -5 -6 -6 -6 -6 -6 -6 -6 -6 -6 -7 -7 -7 -7 -7 -7 -7 -8 -8 -8 -8 -8 -8 -8 -8 -9 -9 -9 -9 -9 -9 -9 -10 -10 -10 -10 -10 -10 -10 -11 -10 -10 -10 -10 -10 -11 -11 -10 -10 -10 -10 -10 -10 -11 -11 -11 -11 -11 -11 -11 -11 -11 -11 -12 -12 -12 -12 -12 -12 -12 -12 -13 -13 -13 -13 -13 -12 -13 -12 -12 -12 -12 -12 -12 -13 -13 -13 -14 -14 -13 -13 -13 -13 -13 -13 -12 -12 -12 -12 -12 -12 -12 -12 -12 -11 -11 -11 -12 -12 -12 -12 -11 -11 -11 -11 -12 -12 -12 -12 -12 -12 -12 -12 -12 -12 -12 -12 -12 -12 -12 -11 -11 -11 -11 -11 -11 -11 -11 -11 -11 -10 -11 -10 -11 -11 -10 -10 -9 -10 -10 -10 -10 -10 -9 -9 -9 -9 -8 -8 -8 -8 -8 -9 -8 -8 -9 -9 -8 -8 -8 -8 -7 -7 -8 -7 -8 -7 -6 -5 -6 -6 -6 -5 -5 -5 -5 -5 -6 -6 -6 -5 -4 -5 29 29 29 29 28 27 26 25 25 25 25 25 25 25 25 24 24 24 24 24 24 24 24 24 24 25 24 24 25 25 25 24 24 24 23 24 24 24 24 23 23 23 23 23 22 22 22 22 22 21 21 20 20 20 20 20 20 20 19 19 19 18 18 18 18 18 18 18 18 18 17 17 17 17 17 17 16 16 15 15 14 13 13 13 13 13 13 13 13 13 13 12 12 11 11 11 11 10 10 10 10 10 9 9 9 9 9 9 8 8 7 7 7 7 7 7 6 6 6 5 6 6 6 6 5 5 5 4 4 3 4 3 4 4 4 4 3 4 4 3 3 3 3 4 4 4 4 3 3 3 2 2 3 3 2 1 1 1 1 1 1 1 0 0 0 0 -1 -1 -1 -1 -2 -1 -1 -1 -2 -3 -3 -3 -3 -3 -3 -3 -3 -3 -4 -4 -4 -4 -4 -4 -5 -5 -5 -5 -5 -5 -6 -6 -6 -5 -5 -5 -5 -5 -5 -5 -6 -6 -6 -6 -6 -6 -6 -7 -7 -7 -7 -7 -7 -7 -8 -8 -8 -8 -8 -8 -8 -8 -9 -9 -9 -9 -9 -9 -9 -10 -10 -10 -10 -10 -10 -10 -10 -10 -10 -10 -10 -11 -11 -10 -10 -10 -10 -10 -10 -10 -10 -11 -11 -11 -11 -11 -11 -11 -11 -11 -11 -12 -12 -12 -12 -12 -12 -12 -12 -12 -12 -12 -12 -12 -12 -12 -12 -12 -11 -11 -12 -12 -12 -13 -13 -13 -13 -13 -13 -13 -13 -12 -12 -11 -12 -12 -12 -12 -12 -12 -11 -12 -12 -12 -11 -12 -12 -11 -11 -11 -11 -12 -12 -12 -12 -12 -12 -12 -12 -12 -12 -12 -12 -12 -12 -12 -12 -12 -11 -11 -11 -11 -11 -11 -11 -11 -11 -11 -11 -11 -10 -10 -10 -9 -10 -10 -10 -9 -9 -9 -9 -9 -9 -9 -8 -8 -8 -8 -8 -8 -8 -8 -8 -9 -9 -8 -7 -7 -8 -8 -8 -8 -7 -6 -5 -6 -6 -6 -5 -5 -5 -5 -5 -6 -6 -5 -5 -5 -5 29 28 27 26 26 26 26 26 26 25 25 25 24 25 25 24 25 24 24 24 24 25 24 24 25 25 25 25 25 24 24 24 24 24 24 24 23 23 23 23 23 23 22 22 22 22 21 21 21 20 20 20 20 20 20 20 19 19 19 19 18 18 19 18 18 18 18 18 17 17 17 17 17 16 16 15 14 14 14 14 13 13 13 13 13 13 13 13 13 12 12 12 11 11 10 10 10 10 10 10 10 9 9 9 9 9 8 8 7 7 7 7 7 7 6 6 6 6 6 6 6 5 5 5 5 5 4 4 4 3 4 4 3 3 3 3 3 3 3 3 3 3 3 4 3 2 2 2 2 2 3 3 2 2 1 1 0 1 1 0 0 0 0 0 -1 0 0 -1 0 -1 -1 -2 -2 -2 -2 -3 -4 -3 -3 -4 -4 -4 -4 -4 -4 -4 -4 -4 -4 -5 -5 -5 -5 -5 -5 -6 -5 -5 -5 -5 -5 -6 -6 -6 -6 -6 -6 -6 -6 -6 -7 -7 -7 -7 -7 -7 -7 -7 -8 -8 -8 -8 -8 -8 -8 -9 -9 -9 -9 -9 -10 -10 -10 -10 -10 -10 -10 -10 -10 -10 -10 -10 -10 -10 -10 -11 -10 -10 -10 -10 -10 -10 -10 -10 -10 -10 -11 -11 -11 -11 -11 -11 -11 -11 -11 -11 -12 -12 -12 -12 -12 -12 -11 -11 -11 -11 -11 -11 -11 -11 -11 -11 -11 -12 -12 -12 -13 -13 -13 -13 -12 -12 -12 -12 -12 -12 -11 -11 -12 -12 -12 -12 -12 -12 -12 -12 -11 -12 -11 -12 -12 -11 -11 -10 -11 -12 -12 -12 -12 -12 -12 -12 -12 -12 -12 -12 -12 -12 -12 -12 -12 -11 -11 -11 -11 -11 -11 -11 -11 -11 -11 -11 -11 -11 -10 -10 -9 -9 -10 -10 -9 -10 -9 -9 -9 -9 -9 -8 -8 -8 -7 -8 -7 -7 -7 -8 -8 -8 -9 -9 -8 -8 -8 -8 -7 -6 -6 -5 -5 -6 -6 -6 -6 -5 -5 -5 -6 -6 -6 -6 -5 -5 -4 -4 29 28 27 27 27 27 26 26 26 26 25 25 24 24 24 24 24 24 24 24 24 25 26 25 25 25 25 25 24 24 24 24 24 24 24 24 23 23 23 23 23 23 23 23 22 21 21 21 21 20 20 20 20 20 20 20 19 20 19 19 19 19 19 18 18 18 18 18 18 18 17 17 17 16 16 15 15 14 14 14 13 13 14 14 14 13 13 13 13 13 13 12 11 11 10 10 10 10 10 10 10 9 9 9 9 9 8 8 8 7 7 7 6 6 6 6 6 6 6 6 6 5 6 5 5 5 5 4 3 4 4 4 4 4 4 4 4 4 4 4 4 4 3 3 2 2 2 2 2 2 3 2 2 2 1 1 1 1 1 1 1 1 1 1 0 0 -1 -1 -1 -1 -2 -2 -2 -1 -2 -4 -4 -3 -4 -4 -3 -4 -4 -4 -4 -4 -4 -4 -5 -5 -5 -5 -5 -5 -5 -5 -5 -5 -5 -5 -5 -6 -6 -6 -6 -6 -7 -7 -6 -7 -7 -7 -7 -7 -7 -7 -7 -7 -8 -8 -8 -8 -8 -8 -8 -9 -9 -9 -9 -10 -10 -10 -10 -10 -10 -10 -10 -10 -10 -10 -10 -10 -10 -10 -10 -9 -9 -10 -10 -10 -10 -10 -10 -10 -10 -10 -10 -10 -10 -11 -11 -11 -11 -11 -11 -11 -11 -11 -11 -11 -11 -11 -11 -11 -11 -11 -11 -11 -11 -12 -12 -12 -12 -12 -12 -12 -12 -12 -12 -12 -12 -12 -12 -12 -12 -11 -10 -10 -11 -11 -11 -12 -12 -12 -12 -12 -11 -12 -12 -12 -11 -11 -10 -10 -11 -12 -12 -12 -12 -12 -12 -12 -12 -12 -12 -12 -11 -11 -11 -11 -11 -11 -11 -11 -11 -11 -11 -11 -10 -11 -11 -11 -11 -11 -11 -10 -10 -10 -9 -9 -9 -9 -9 -9 -9 -9 -8 -8 -8 -8 -8 -8 -8 -7 -7 -7 -7 -8 -8 -9 -9 -8 -8 -7 -7 -7 -6 -5 -5 -6 -6 -6 -6 -5 -5 -6 -6 -5 -5 -5 -4 -4 -4 -4 -4 29 28 28 27 27 26 26 26 26 25 26 26 26 26 25 24 24 24 25 25 25 26 26 25 25 25 25 25 25 25 25 25 25 24 24 24 24 24 24 24 24 23 23 22 22 21 21 21 21 21 20 20 20 20 20 20 20 20 19 19 19 19 19 19 18 18 18 18 18 17 17 17 17 17 16 15 14 14 14 14 13 14 14 13 14 14 14 14 13 13 12 12 11 11 10 10 10 10 10 10 9 9 9 9 9 9 9 8 7 7 7 7 7 6 6 6 6 6 6 6 6 6 6 5 5 4 4 4 4 4 4 5 5 4 4 5 4 4 4 4 4 4 3 2 2 3 3 2 2 3 2 2 1 1 1 1 1 1 1 1 1 1 1 0 0 -1 0 0 -1 -2 -1 -1 -1 -2 -3 -3 -4 -4 -4 -4 -4 -4 -4 -4 -4 -4 -4 -4 -4 -5 -5 -5 -5 -5 -4 -4 -4 -5 -5 -5 -6 -5 -5 -5 -6 -6 -6 -6 -7 -7 -7 -7 -7 -7 -7 -7 -7 -7 -7 -8 -8 -8 -8 -8 -8 -8 -9 -9 -9 -9 -10 -10 -10 -9 -9 -10 -10 -10 -10 -10 -10 -11 -10 -10 -10 -10 -10 -10 -10 -10 -10 -10 -10 -10 -10 -10 -10 -10 -11 -11 -11 -11 -11 -11 -11 -11 -11 -11 -11 -11 -11 -11 -12 -11 -11 -11 -11 -11 -12 -12 -12 -12 -12 -12 -12 -12 -12 -12 -12 -12 -12 -12 -12 -12 -11 -11 -10 -9 -10 -11 -11 -11 -11 -11 -11 -12 -12 -11 -12 -11 -11 -11 -10 -10 -11 -11 -11 -12 -12 -12 -11 -11 -11 -11 -11 -11 -11 -11 -11 -11 -11 -11 -11 -10 -10 -10 -10 -10 -10 -10 -10 -10 -10 -11 -10 -10 -10 -10 -9 -9 -9 -9 -9 -9 -8 -8 -8 -8 -8 -8 -8 -8 -8 -7 -7 -6 -6 -7 -7 -8 -9 -9 -8 -8 -7 -7 -6 -5 -5 -6 -6 -6 -5 -6 -6 -5 -5 -4 -4 -4 -4 -4 -4 -4 -4 30 29 28 27 27 26 26 26 26 25 26 27 27 26 25 24 25 25 26 26 26 26 26 25 25 25 25 25 25 26 26 26 25 24 24 24 24 24 24 24 24 23 23 23 22 22 22 21 21 21 21 21 20 20 20 20 20 20 20 20 19 19 19 19 19 18 18 18 18 17 17 17 17 17 16 15 15 14 14 14 14 13 14 14 14 14 14 14 14 13 13 13 12 12 11 11 11 11 11 10 10 9 9 9 9 9 9 9 8 7 7 8 8 7 6 7 7 7 7 7 7 6 6 6 5 5 5 4 4 4 4 4 4 4 4 5 4 4 4 3 4 4 3 3 3 3 2 2 2 2 3 3 2 1 1 1 1 1 1 1 2 1 1 1 0 0 -1 -1 -1 -1 -1 -1 -1 -1 -2 -3 -3 -3 -3 -4 -4 -5 -5 -4 -4 -4 -4 -4 -4 -4 -5 -5 -5 -5 -4 -4 -5 -5 -5 -5 -5 -5 -5 -5 -5 -6 -6 -7 -7 -6 -6 -7 -7 -7 -7 -7 -7 -7 -8 -7 -7 -7 -8 -8 -8 -8 -8 -8 -8 -9 -9 -9 -9 -9 -9 -9 -10 -10 -10 -10 -10 -10 -10 -10 -10 -10 -10 -10 -10 -10 -10 -10 -10 -10 -10 -10 -10 -10 -10 -10 -10 -10 -11 -11 -11 -11 -11 -11 -11 -11 -11 -11 -12 -11 -11 -11 -11 -11 -12 -12 -12 -12 -11 -11 -11 -12 -12 -12 -11 -11 -12 -12 -12 -12 -11 -11 -11 -10 -9 -9 -9 -11 -11 -11 -11 -11 -11 -11 -11 -11 -11 -10 -9 -9 -10 -11 -11 -12 -12 -12 -11 -11 -11 -11 -11 -11 -11 -11 -11 -11 -11 -10 -10 -10 -10 -10 -9 -9 -8 -9 -9 -9 -10 -10 -10 -10 -10 -10 -9 -9 -9 -9 -9 -9 -8 -8 -8 -8 -8 -8 -8 -8 -8 -8 -7 -7 -7 -7 -6 -6 -7 -8 -8 -8 -8 -8 -6 -5 -5 -5 -6 -6 -5 -6 -6 -5 -4 -4 -5 -5 -5 -4 -4 -4 -4 -4 -3 -4 -4 -3 -3 30 29 28 28 27 27 27 26 26 26 26 27 26 25 25 24 25 26 26 25 25 25 25 25 25 25 25 25 25 26 26 26 25 25 25 25 25 25 25 24 24 24 24 23 22 22 22 22 22 22 22 22 21 21 20 20 20 20 20 20 20 20 19 19 19 19 19 18 18 18 18 18 18 17 17 16 16 16 15 14 14 13 13 14 14 14 14 14 13 13 13 13 13 12 12 12 11 11 11 11 10 10 9 9 10 9 9 9 8 8 8 7 7 8 7 7 7 7 7 7 6 6 6 5 5 5 5 4 4 4 4 4 4 4 4 4 5 4 4 4 4 3 3 3 3 4 3 3 3 3 3 3 2 2 1 1 1 2 2 2 2 2 2 1 1 0 0 -1 -1 -1 0 0 -1 -2 -2 -2 -3 -2 -2 -3 -3 -3 -4 -4 -4 -4 -4 -4 -4 -4 -4 -4 -4 -5 -4 -4 -4 -5 -4 -4 -4 -5 -5 -5 -5 -6 -6 -7 -6 -6 -6 -6 -6 -7 -7 -7 -7 -7 -8 -7 -7 -7 -7 -8 -8 -8 -8 -7 -8 -9 -9 -9 -9 -9 -9 -9 -10 -10 -9 -10 -10 -10 -10 -10 -10 -10 -10 -10 -10 -10 -10 -10 -10 -10 -10 -10 -10 -10 -10 -10 -10 -10 -11 -11 -11 -11 -11 -11 -11 -11 -11 -11 -11 -11 -11 -11 -11 -11 -11 -11 -11 -11 -11 -11 -11 -11 -12 -11 -11 -11 -11 -11 -11 -11 -11 -11 -11 -11 -11 -10 -10 -9 -10 -10 -10 -11 -11 -11 -11 -11 -11 -11 -10 -9 -10 -10 -11 -12 -12 -12 -11 -11 -11 -10 -10 -11 -11 -11 -11 -11 -10 -10 -10 -9 -9 -9 -9 -9 -8 -8 -8 -8 -8 -9 -9 -9 -9 -9 -9 -9 -9 -9 -9 -8 -8 -8 -8 -8 -7 -7 -7 -8 -8 -8 -8 -8 -7 -7 -7 -6 -6 -6 -6 -7 -7 -7 -6 -6 -6 -5 -6 -6 -5 -5 -6 -5 -4 -4 -4 -5 -5 -4 -4 -4 -4 -4 -4 -3 -4 -4 -3 -3 -3 30 29 29 29 28 27 27 27 26 26 25 25 25 25 25 25 25 25 25 25 25 25 25 25 26 25 25 25 25 25 26 26 26 26 25 25 25 24 24 24 24 24 23 23 23 23 23 22 22 22 22 21 21 20 20 20 20 20 20 20 20 19 19 19 19 18 18 18 18 18 18 17 17 17 17 17 16 15 14 14 13 13 13 14 14 14 13 12 12 13 13 13 12 11 11 11 11 11 10 10 10 10 10 10 10 9 8 8 8 8 8 8 8 7 7 8 7 7 7 6 6 6 6 5 5 4 4 4 4 4 4 4 4 4 5 5 4 3 3 3 3 4 4 4 4 3 3 3 3 4 3 2 1 2 2 2 2 2 2 2 1 1 2 1 0 0 -1 -1 0 0 -1 -1 -1 -2 -3 -2 -2 -2 -3 -3 -4 -4 -4 -4 -4 -4 -4 -4 -4 -4 -4 -4 -4 -4 -4 -4 -4 -4 -5 -5 -5 -5 -5 -5 -6 -6 -6 -6 -6 -6 -6 -7 -7 -7 -7 -7 -7 -8 -7 -7 -7 -7 -8 -7 -7 -7 -8 -8 -8 -9 -9 -9 -9 -9 -9 -9 -9 -9 -9 -10 -10 -10 -9 -9 -9 -9 -9 -9 -10 -10 -10 -10 -10 -10 -10 -10 -10 -10 -10 -10 -10 -10 -10 -10 -10 -11 -11 -11 -11 -11 -11 -11 -11 -11 -11 -11 -11 -11 -11 -11 -11 -11 -11 -11 -12 -11 -11 -11 -11 -11 -11 -11 -11 -11 -11 -11 -11 -10 -10 -10 -9 -8 -8 -9 -10 -11 -11 -11 -11 -11 -10 -8 -9 -10 -11 -12 -12 -11 -11 -11 -11 -10 -10 -10 -11 -11 -10 -10 -10 -10 -9 -9 -9 -8 -8 -8 -9 -9 -9 -8 -8 -8 -8 -8 -8 -8 -8 -8 -9 -9 -9 -8 -8 -8 -8 -8 -8 -7 -7 -7 -6 -7 -7 -7 -7 -7 -7 -6 -7 -7 -7 -7 -7 -7 -6 -6 -6 -5 -5 -5 -6 -6 -6 -5 -4 -4 -4 -5 -4 -4 -4 -4 -5 -5 -4 -4 -4 -3 -3 -3 -2 -2 -2 29 28 28 27 27 26 27 26 26 25 25 26 26 26 26 27 26 26 26 26 25 25 25 26 26 26 26 26 26 26 25 25 25 25 25 25 24 24 24 23 23 23 23 23 23 22 22 21 21 21 21 20 20 20 20 20 20 20 20 19 19 19 19 19 18 18 18 18 17 17 17 17 16 16 16 15 14 14 13 13 13 14 14 13 12 12 12 12 12 12 11 11 12 11 11 10 10 10 10 10 10 9 8 8 8 8 9 8 8 8 8 8 7 7 6 6 6 6 5 5 5 5 5 5 4 4 4 5 4 4 5 5 4 4 4 4 4 4 4 3 3 3 3 3 3 3 3 2 2 2 2 2 2 2 2 2 1 1 2 2 1 0 0 -1 0 0 0 -1 -2 -2 -2 -2 -2 -1 -2 -2 -3 -4 -4 -3 -4 -4 -4 -4 -4 -4 -4 -4 -4 -4 -4 -4 -4 -4 -5 -5 -5 -5 -6 -6 -6 -6 -6 -6 -6 -6 -6 -6 -6 -7 -6 -6 -7 -8 -7 -7 -7 -7 -7 -7 -7 -7 -8 -8 -8 -9 -9 -9 -9 -9 -9 -9 -9 -9 -9 -9 -9 -10 -9 -9 -9 -9 -9 -9 -9 -9 -9 -9 -10 -10 -10 -10 -10 -10 -10 -10 -10 -10 -10 -10 -10 -10 -10 -10 -11 -11 -11 -11 -11 -11 -11 -11 -11 -11 -11 -11 -11 -11 -11 -11 -11 -11 -11 -11 -11 -11 -11 -11 -11 -11 -11 -11 -11 -10 -10 -10 -10 -8 -7 -7 -8 -9 -10 -10 -11 -10 -9 -8 -8 -9 -10 -11 -11 -11 -11 -11 -10 -10 -10 -9 -10 -10 -10 -9 -9 -9 -9 -9 -9 -9 -8 -8 -8 -9 -9 -9 -9 -9 -9 -8 -8 -8 -8 -8 -8 -8 -9 -8 -8 -8 -8 -8 -8 -7 -7 -7 -6 -6 -7 -7 -6 -7 -7 -6 -7 -7 -7 -7 -7 -7 -7 -7 -6 -6 -5 -5 -5 -6 -5 -5 -4 -4 -5 -5 -4 -4 -4 -5 -5 -5 -5 -5 -4 -4 -3 -3 -3 -3 30 30 29 28 27 27 27 26 26 26 26 26 26 26 26 26 26 26 25 26 26 26 26 26 26 27 27 26 26 26 25 25 25 25 25 25 24 24 23 23 23 23 23 23 22 22 21 21 21 21 21 21 20 20 20 20 20 20 19 19 19 19 19 19 18 18 18 18 17 17 17 17 16 16 16 15 14 13 12 12 13 13 12 12 12 12 12 12 11 11 11 11 11 11 11 10 10 9 10 9 9 9 9 9 9 9 8 8 8 8 8 7 7 6 6 6 6 5 6 6 6 5 4 4 4 4 4 4 5 5 4 4 5 5 4 3 3 3 3 3 3 4 3 4 4 3 2 2 3 2 2 2 2 1 1 1 1 1 1 0 0 -1 0 0 0 0 -1 -2 -2 -2 -2 -1 -2 -2 -3 -3 -4 -3 -3 -4 -4 -4 -5 -5 -5 -4 -4 -4 -4 -4 -4 -4 -4 -4 -5 -5 -5 -6 -6 -6 -6 -6 -6 -6 -6 -5 -6 -6 -6 -6 -7 -7 -7 -7 -7 -7 -7 -7 -7 -7 -7 -7 -8 -8 -8 -8 -9 -9 -9 -8 -8 -8 -8 -9 -9 -10 -9 -9 -9 -9 -9 -9 -9 -9 -9 -9 -9 -9 -9 -10 -10 -10 -10 -10 -10 -10 -10 -10 -10 -10 -10 -10 -10 -10 -10 -11 -11 -11 -10 -10 -11 -11 -11 -11 -11 -10 -10 -11 -10 -11 -11 -11 -11 -11 -11 -11 -11 -11 -11 -11 -11 -10 -10 -10 -10 -9 -8 -7 -7 -7 -7 -8 -9 -10 -8 -7 -7 -8 -9 -9 -10 -11 -11 -11 -10 -10 -10 -9 -9 -9 -9 -9 -9 -9 -8 -8 -8 -9 -9 -9 -9 -9 -9 -9 -9 -9 -8 -8 -8 -8 -8 -8 -8 -8 -8 -8 -8 -8 -8 -8 -8 -8 -8 -8 -7 -7 -7 -6 -6 -6 -6 -6 -6 -7 -7 -7 -7 -7 -7 -7 -7 -6 -6 -5 -6 -6 -5 -4 -5 -5 -5 -5 -4 -4 -4 -4 -5 -5 -5 -5 -4 -4 -4 -3 -3 27 28 27 26 26 26 26 26 26 26 26 26 26 27 26 26 26 27 27 27 27 26 26 25 26 26 25 25 25 24 24 24 24 24 23 23 23 23 22 22 21 21 21 21 21 21 21 20 20 20 20 19 19 19 19 19 18 18 18 18 18 18 18 17 17 17 17 16 16 15 14 13 13 12 12 12 12 11 11 11 11 11 11 11 11 11 11 11 11 11 10 10 9 9 9 9 9 9 9 9 8 8 8 8 8 8 7 6 6 7 6 6 7 6 5 5 4 4 4 4 4 5 4 4 5 5 4 4 3 4 4 4 4 4 4 4 4 4 3 3 3 3 2 2 2 2 2 2 2 1 0 0 0 0 0 0 1 1 0 -1 -1 -2 -2 -1 -1 -1 -2 -2 -3 -3 -3 -3 -4 -4 -4 -4 -5 -5 -5 -4 -4 -4 -4 -4 -4 -4 -5 -5 -5 -5 -6 -6 -6 -5 -6 -6 -6 -5 -5 -5 -6 -6 -6 -7 -7 -7 -7 -7 -7 -7 -7 -7 -7 -7 -7 -7 -8 -7 -8 -8 -9 -9 -8 -7 -8 -8 -9 -9 -9 -8 -9 -9 -9 -9 -9 -9 -9 -9 -9 -9 -9 -9 -9 -10 -9 -9 -9 -10 -10 -10 -10 -10 -10 -10 -10 -10 -10 -10 -10 -10 -10 -10 -10 -10 -10 -10 -10 -10 -10 -10 -10 -10 -10 -11 -11 -11 -10 -11 -11 -11 -11 -11 -10 -10 -10 -10 -10 -10 -10 -10 -8 -7 -7 -7 -6 -7 -8 -7 -7 -7 -7 -7 -8 -9 -10 -11 -11 -11 -10 -10 -9 -8 -8 -8 -8 -8 -8 -8 -8 -8 -8 -9 -9 -9 -9 -9 -9 -9 -9 -8 -8 -8 -8 -8 -8 -8 -8 -8 -8 -8 -8 -8 -8 -8 -8 -8 -8 -8 -7 -7 -7 -7 -6 -6 -6 -6 -6 -6 -7 -7 -7 -7 -7 -7 -7 -7 -6 -6 -6 -5 -5 -5 -5 -5 -5 -4 -4 -4 -4 -4 -5 -5 -4 -4 -4 -4 -3 -3 26 27 27 26 27 26 27 27 27 27 27 27 26 26 27 27 27 26 26 26 26 26 26 26 26 26 25 24 24 24 24 24 24 23 23 22 22 22 22 22 21 21 21 21 21 20 20 20 20 20 19 19 19 19 19 19 18 18 18 17 17 17 17 17 16 16 16 16 15 14 13 13 14 13 13 12 11 11 11 11 11 11 12 11 11 11 10 10 10 9 10 9 9 9 9 9 9 9 9 9 8 8 8 7 7 7 7 6 6 6 6 5 5 4 5 5 4 5 4 4 4 5 5 4 4 4 4 4 4 4 4 4 4 4 4 4 4 4 3 3 3 2 2 2 2 1 1 1 2 1 1 0 0 0 0 0 0 -1 -1 -2 -1 0 -1 -1 -2 -2 -3 -2 -3 -3 -4 -4 -4 -4 -5 -5 -4 -4 -4 -4 -4 -5 -5 -5 -5 -5 -5 -6 -5 -5 -5 -5 -5 -6 -5 -5 -5 -6 -6 -6 -7 -7 -6 -6 -6 -6 -7 -7 -7 -7 -7 -6 -7 -7 -7 -7 -8 -8 -8 -8 -7 -8 -8 -8 -8 -8 -8 -9 -9 -9 -9 -9 -9 -9 -9 -9 -9 -9 -9 -9 -9 -9 -9 -9 -9 -10 -10 -10 -10 -10 -10 -10 -10 -10 -10 -10 -10 -10 -10 -10 -10 -10 -10 -10 -10 -10 -10 -9 -10 -10 -10 -10 -10 -11 -11 -10 -10 -10 -10 -10 -10 -10 -10 -10 -10 -10 -10 -10 -8 -7 -6 -6 -7 -7 -7 -7 -7 -7 -7 -7 -8 -9 -10 -11 -11 -10 -10 -10 -9 -9 -8 -8 -8 -8 -8 -8 -8 -8 -8 -9 -9 -9 -9 -9 -8 -8 -8 -8 -8 -8 -8 -8 -8 -8 -8 -7 -7 -7 -7 -8 -8 -8 -8 -7 -7 -7 -7 -7 -7 -7 -6 -6 -6 -6 -5 -6 -6 -6 -6 -7 -7 -7 -7 -7 -7 -7 -6 -6 -6 -5 -5 -5 -5 -4 -4 -4 -5 -5 -4 -5 -4 -4 -4 -4 -4 -3 26 27 28 27 27 27 27 27 28 28 28 27 27 27 27 27 27 26 26 26 27 27 26 26 26 26 25 25 24 24 24 24 24 24 23 23 23 22 22 22 22 22 22 21 21 21 21 20 20 20 19 19 19 19 19 19 18 18 18 17 17 17 17 17 17 17 16 16 16 15 15 15 14 14 14 13 12 12 11 11 11 11 11 11 11 11 11 10 10 10 10 10 9 9 10 9 9 9 9 9 9 9 9 8 8 8 7 7 7 7 6 6 5 5 5 5 4 4 4 5 5 5 5 4 4 4 4 4 4 4 4 4 4 4 4 4 5 5 4 3 3 3 3 3 2 2 2 2 2 2 1 0 0 0 0 0 1 0 -1 -1 0 0 0 -1 -2 -2 -2 -3 -2 -3 -3 -3 -4 -4 -4 -5 -4 -4 -4 -4 -4 -5 -5 -5 -5 -5 -5 -5 -5 -5 -5 -5 -5 -5 -5 -5 -5 -5 -6 -6 -6 -7 -6 -6 -6 -7 -7 -7 -7 -7 -7 -7 -6 -6 -7 -7 -7 -7 -8 -8 -7 -7 -8 -8 -8 -8 -8 -8 -8 -8 -8 -8 -8 -8 -9 -9 -9 -9 -9 -9 -9 -9 -9 -9 -9 -9 -9 -9 -9 -9 -10 -10 -10 -10 -10 -10 -10 -10 -10 -10 -10 -10 -10 -10 -9 -9 -10 -9 -9 -9 -9 -9 -10 -10 -10 -10 -10 -10 -10 -10 -10 -10 -10 -10 -10 -10 -10 -10 -9 -7 -7 -6 -6 -6 -7 -7 -7 -7 -7 -7 -8 -8 -9 -10 -10 -10 -10 -10 -9 -9 -9 -8 -8 -8 -8 -8 -8 -8 -8 -8 -8 -9 -9 -8 -8 -8 -8 -8 -8 -8 -8 -7 -7 -7 -7 -7 -7 -7 -7 -7 -7 -7 -7 -7 -7 -7 -7 -7 -7 -6 -6 -6 -6 -6 -6 -5 -5 -5 -5 -5 -5 -5 -5 -6 -6 -6 -6 -6 -6 -6 -5 -5 -5 -5 -5 -5 -5 -5 -5 -5 -4 -4 -4 -4 -3 26 27 28 28 28 28 28 28 27 28 28 28 28 27 27 27 27 27 27 27 27 27 27 26 26 26 26 25 25 25 24 24 24 24 24 24 24 23 23 23 22 22 22 22 22 22 22 21 20 20 20 19 19 19 19 19 19 18 18 18 18 18 18 18 17 17 17 17 17 16 16 15 15 14 14 13 13 13 12 11 11 11 11 11 11 11 11 11 11 10 10 11 10 10 10 10 10 9 9 9 9 9 9 9 9 9 9 8 7 7 7 7 6 6 5 6 5 4 4 4 5 5 4 5 4 4 4 4 4 3 4 4 4 4 4 4 4 4 5 5 4 3 4 4 3 3 3 3 3 3 2 1 0 0 0 0 1 1 1 0 0 -1 0 0 0 -1 -2 -2 -2 -3 -2 -3 -3 -3 -3 -4 -4 -4 -4 -4 -4 -4 -4 -4 -4 -4 -5 -5 -5 -5 -5 -5 -5 -5 -5 -5 -5 -5 -5 -5 -6 -6 -6 -6 -6 -7 -7 -7 -6 -7 -7 -7 -7 -6 -6 -7 -7 -7 -7 -7 -7 -7 -7 -7 -8 -8 -8 -8 -8 -8 -8 -8 -8 -8 -8 -8 -8 -9 -9 -9 -9 -9 -9 -9 -9 -9 -9 -9 -9 -9 -9 -10 -10 -10 -9 -9 -9 -10 -10 -10 -10 -10 -10 -10 -10 -10 -9 -9 -10 -10 -9 -9 -9 -10 -9 -10 -10 -9 -10 -10 -10 -10 -10 -10 -9 -10 -10 -10 -10 -9 -8 -7 -7 -6 -6 -6 -7 -7 -7 -7 -7 -8 -8 -9 -9 -9 -10 -9 -9 -9 -9 -9 -8 -8 -8 -8 -8 -8 -8 -8 -8 -8 -8 -8 -9 -8 -8 -8 -8 -8 -8 -8 -7 -7 -7 -7 -7 -7 -7 -7 -7 -7 -7 -7 -7 -7 -7 -7 -7 -7 -6 -6 -6 -6 -6 -6 -6 -6 -5 -5 -5 -6 -5 -5 -5 -4 -5 -6 -6 -6 -6 -5 -5 -5 -5 -5 -4 -5 -4 -4 -5 -5 -4 -4 -3 -3 28 28 28 28 28 28 28 28 28 28 28 28 27 27 27 27 28 27 27 27 27 27 27 27 26 26 25 25 25 25 25 24 24 24 24 24 23 23 23 23 23 22 22 22 22 22 21 21 20 20 20 19 19 19 19 19 18 18 18 18 18 18 18 17 17 17 17 17 16 16 15 14 14 14 13 13 12 12 12 12 12 12 12 11 11 11 11 11 11 10 10 11 10 10 10 10 10 10 10 10 9 10 10 10 9 9 8 8 8 8 7 7 6 6 6 6 5 4 4 4 4 5 5 4 5 4 4 4 4 4 4 4 4 4 4 4 4 5 5 5 5 5 5 4 3 3 3 3 3 3 2 1 1 1 1 2 1 1 1 0 0 0 0 0 -1 -1 -2 -2 -3 -3 -3 -3 -3 -4 -4 -4 -3 -4 -3 -4 -4 -4 -4 -4 -4 -4 -4 -4 -5 -5 -5 -5 -5 -5 -5 -5 -5 -5 -5 -6 -6 -6 -6 -6 -6 -6 -6 -6 -6 -6 -7 -7 -6 -6 -7 -7 -7 -7 -7 -7 -7 -7 -7 -8 -8 -8 -8 -8 -8 -8 -8 -8 -8 -8 -8 -8 -8 -8 -8 -8 -8 -9 -9 -9 -9 -9 -9 -9 -9 -9 -9 -9 -10 -9 -9 -9 -9 -9 -10 -10 -10 -10 -10 -10 -10 -10 -9 -10 -9 -9 -9 -9 -9 -9 -9 -9 -9 -10 -10 -10 -10 -10 -9 -9 -9 -9 -9 -10 -9 -9 -8 -7 -7 -7 -7 -7 -7 -6 -6 -7 -7 -8 -8 -9 -9 -9 -10 -9 -9 -9 -9 -8 -8 -8 -8 -8 -8 -8 -8 -8 -8 -8 -8 -8 -8 -8 -8 -8 -8 -8 -8 -8 -7 -7 -7 -7 -7 -7 -7 -7 -7 -7 -7 -7 -7 -7 -7 -7 -7 -7 -6 -6 -6 -6 -6 -6 -6 -5 -5 -5 -6 -6 -6 -5 -5 -4 -4 -5 -6 -6 -5 -5 -5 -5 -5 -5 -5 -4 -4 -4 -4 -4 -4 -4 -3 28 28 28 28 28 29 29 29 29 28 28 27 27 27 28 27 27 27 27 27 27 27 27 26 26 25 25 25 25 25 24 24 24 24 24 23 23 23 23 23 23 22 22 22 22 21 21 20 20 20 20 19 19 19 19 19 19 18 18 18 18 18 18 17 17 17 16 16 15 14 14 13 13 13 13 13 13 13 12 13 12 12 12 11 11 11 11 11 10 10 10 10 10 10 10 10 10 10 10 10 10 9 9 9 9 9 8 9 8 8 8 8 7 6 5 5 5 5 4 5 4 5 5 5 5 4 4 4 4 4 4 4 4 4 5 5 5 4 4 5 5 4 4 3 3 3 2 3 3 2 2 2 2 2 1 1 1 1 1 0 0 0 -1 -1 -2 -2 -2 -3 -3 -3 -3 -4 -4 -4 -3 -3 -3 -3 -4 -4 -4 -4 -4 -4 -4 -4 -4 -4 -5 -5 -5 -5 -5 -5 -5 -5 -5 -6 -6 -5 -5 -6 -6 -6 -6 -6 -6 -5 -6 -6 -6 -7 -7 -7 -7 -8 -7 -7 -7 -8 -7 -8 -8 -8 -7 -7 -7 -8 -8 -8 -8 -8 -8 -8 -8 -8 -8 -8 -8 -8 -8 -9 -9 -9 -9 -9 -9 -9 -9 -9 -9 -9 -9 -9 -9 -9 -9 -9 -10 -10 -10 -10 -10 -9 -10 -10 -9 -9 -9 -9 -9 -8 -9 -9 -9 -9 -9 -9 -10 -9 -9 -9 -9 -9 -9 -9 -9 -9 -9 -9 -9 -8 -7 -6 -6 -6 -6 -6 -7 -7 -8 -9 -9 -9 -9 -9 -9 -8 -8 -8 -8 -8 -8 -8 -8 -8 -8 -7 -7 -8 -8 -8 -8 -7 -7 -7 -8 -8 -8 -8 -8 -8 -8 -7 -7 -7 -7 -7 -7 -7 -7 -7 -7 -7 -7 -7 -7 -7 -7 -6 -7 -6 -6 -6 -6 -6 -6 -6 -6 -6 -6 -6 -5 -5 -5 -4 -5 -6 -6 -5 -5 -5 -5 -4 -5 -5 -5 -5 -4 -4 -4 -4 28 29 29 29 29 28 28 28 28 27 27 27 28 28 27 27 27 27 27 27 26 26 26 25 25 25 25 25 24 24 24 24 23 23 23 23 23 23 23 23 22 22 21 21 21 20 20 20 19 19 19 19 19 19 18 18 18 18 18 18 17 17 17 16 15 14 14 14 15 14 13 14 14 13 13 13 13 12 12 12 12 12 12 12 11 10 10 10 10 10 10 10 10 10 10 10 10 9 9 9 9 9 8 8 9 8 8 8 8 7 6 6 5 5 5 5 5 5 5 5 5 4 5 5 5 4 4 5 5 5 5 5 5 4 5 5 6 5 5 4 4 3 3 2 3 3 3 3 3 2 1 1 2 2 1 1 1 1 0 -1 -1 -2 -2 -2 -2 -2 -3 -3 -3 -3 -3 -3 -3 -3 -4 -4 -4 -3 -3 -3 -3 -4 -4 -4 -4 -5 -5 -5 -5 -5 -5 -5 -5 -5 -5 -5 -5 -6 -6 -6 -6 -6 -6 -5 -6 -6 -7 -7 -7 -7 -7 -7 -7 -7 -7 -7 -7 -7 -8 -8 -7 -7 -7 -7 -7 -8 -8 -8 -8 -8 -8 -8 -8 -8 -8 -8 -8 -9 -9 -9 -9 -9 -9 -9 -9 -9 -9 -9 -9 -9 -9 -9 -9 -9 -9 -9 -9 -9 -9 -9 -10 -9 -9 -9 -9 -9 -9 -9 -8 -9 -8 -8 -9 -9 -9 -9 -9 -9 -9 -9 -9 -9 -9 -9 -9 -9 -9 -9 -7 -7 -6 -6 -6 -6 -6 -7 -7 -8 -8 -9 -9 -9 -9 -8 -8 -8 -8 -8 -8 -8 -8 -8 -8 -7 -7 -7 -7 -8 -7 -7 -7 -7 -7 -8 -8 -7 -7 -7 -7 -7 -7 -7 -7 -7 -7 -7 -7 -7 -6 -7 -7 -7 -7 -7 -7 -7 -6 -6 -6 -6 -6 -6 -6 -6 -6 -6 -6 -6 -6 -5 -5 -5 -4 -5 -5 -5 -5 -5 -5 -5 -5 -5 -5 -5 -5 -5 -4 -4 28 29 29 29 28 28 28 28 28 28 28 28 28 27 27 27 26 26 26 26 25 25 25 25 25 25 24 24 24 24 24 23 23 23 23 23 22 22 22 22 21 21 20 20 20 20 19 19 19 19 19 19 18 18 18 18 18 18 17 17 16 15 15 14 15 15 14 14 14 14 13 12 12 12 12 12 12 12 12 12 11 11 11 10 10 10 10 10 10 10 10 10 10 10 10 9 9 9 8 8 8 8 8 8 8 8 7 6 6 5 5 5 5 5 6 5 5 5 5 5 4 5 5 5 5 5 5 5 4 4 5 5 5 5 5 5 5 4 3 2 2 3 3 3 3 2 1 1 1 2 1 1 1 1 0 0 -1 -1 -2 -2 -2 -2 -2 -2 -3 -3 -3 -3 -2 -2 -3 -4 -4 -3 -3 -3 -3 -3 -3 -4 -4 -4 -5 -5 -5 -5 -5 -5 -5 -5 -5 -5 -5 -5 -5 -6 -6 -6 -6 -6 -6 -6 -7 -7 -7 -7 -7 -7 -7 -7 -7 -7 -7 -7 -7 -7 -7 -7 -7 -7 -7 -7 -7 -7 -7 -7 -7 -8 -8 -8 -8 -8 -8 -8 -9 -9 -9 -9 -9 -9 -8 -9 -9 -9 -9 -9 -9 -9 -9 -9 -9 -9 -9 -9 -9 -9 -9 -9 -9 -9 -9 -9 -9 -9 -9 -8 -8 -8 -8 -9 -9 -9 -9 -9 -9 -9 -9 -9 -9 -9 -9 -9 -9 -9 -9 -9 -8 -7 -6 -6 -6 -7 -7 -8 -8 -8 -8 -9 -9 -8 -8 -8 -8 -8 -8 -8 -8 -8 -8 -8 -7 -7 -7 -7 -7 -7 -7 -7 -7 -8 -7 -7 -7 -7 -7 -7 -7 -7 -7 -7 -7 -7 -7 -6 -6 -6 -6 -7 -7 -7 -7 -6 -6 -6 -6 -6 -5 -5 -6 -6 -5 -6 -6 -6 -6 -6 -6 -6 -5 -5 -4 -4 -4 -5 -5 -5 -5 -5 -5 -5 -5 -5 29 28 28 28 28 28 27 27 27 27 26 26 26 26 26 25 25 25 25 25 25 24 24 24 24 24 23 23 23 23 22 22 22 22 21 21 20 20 20 20 20 19 19 19 19 18 18 18 18 18 18 18 17 17 16 15 15 15 15 14 14 14 13 13 13 13 12 13 13 12 12 12 12 12 11 11 11 11 10 10 10 11 10 11 10 10 10 10 10 10 9 9 9 8 8 7 7 8 8 8 7 6 6 5 5 5 5 5 5 5 5 5 5 5 5 6 5 5 5 4 4 4 4 5 5 5 5 5 5 5 4 3 3 2 3 3 2 3 2 2 2 1 1 1 1 1 1 0 0 -1 -1 -2 -1 -1 -1 -2 -2 -3 -3 -2 -3 -2 -2 -3 -3 -4 -3 -3 -3 -3 -3 -3 -3 -3 -4 -4 -5 -5 -5 -5 -5 -5 -5 -5 -5 -5 -5 -5 -5 -5 -6 -6 -6 -6 -6 -6 -6 -6 -6 -7 -7 -7 -7 -7 -7 -7 -7 -7 -7 -7 -7 -7 -7 -7 -7 -7 -7 -7 -7 -7 -8 -8 -8 -8 -8 -8 -8 -8 -8 -8 -8 -8 -8 -8 -8 -9 -8 -9 -9 -9 -9 -9 -9 -9 -9 -9 -9 -9 -9 -9 -9 -9 -9 -9 -9 -9 -9 -9 -9 -8 -8 -8 -8 -8 -8 -8 -9 -9 -8 -8 -9 -9 -9 -9 -9 -8 -8 -9 -9 -8 -8 -8 -7 -6 -7 -7 -7 -8 -8 -8 -8 -8 -8 -8 -8 -8 -8 -8 -8 -8 -8 -8 -7 -7 -7 -7 -7 -7 -7 -6 -7 -7 -7 -7 -7 -7 -6 -6 -7 -7 -7 -7 -7 -7 -7 -7 -7 -6 -6 -6 -7 -7 -7 -7 -6 -6 -6 -6 -6 -6 -5 -5 -5 -5 -6 -6 -6 -6 -6 -6 -6 -6 -6 -5 -4 -4 -4 -4 -5 -5 -5 -4 -4 -4 28 28 27 27 27 26 26 26 26 26 25 25 25 25 25 25 25 24 24 24 23 23 23 23 23 23 22 22 21 22 21 21 20 20 20 19 19 19 19 19 19 18 18 18 18 18 17 16 16 16 15 16 15 14 14 14 14 14 13 13 12 13 13 13 12 12 12 12 12 12 12 11 11 11 11 11 11 11 11 10 10 10 10 9 9 10 10 9 9 8 7 7 8 7 7 7 7 6 6 5 5 5 5 5 5 5 5 5 5 5 5 4 4 5 5 6 6 5 5 5 5 4 5 5 4 3 3 2 3 3 2 3 3 3 2 2 1 1 1 2 1 1 0 0 -1 -1 -1 -1 -1 -1 -2 -2 -3 -2 -2 -2 -2 -2 -3 -3 -3 -3 -3 -3 -3 -3 -3 -3 -3 -3 -4 -4 -5 -4 -5 -5 -5 -5 -5 -5 -5 -5 -5 -5 -5 -5 -6 -6 -6 -6 -6 -6 -6 -6 -7 -7 -7 -7 -7 -7 -7 -7 -7 -6 -6 -6 -7 -7 -7 -7 -7 -7 -7 -7 -8 -8 -8 -8 -8 -8 -8 -8 -8 -8 -8 -8 -8 -8 -8 -8 -8 -8 -8 -8 -8 -9 -9 -9 -9 -9 -9 -9 -9 -9 -9 -9 -9 -9 -9 -9 -9 -9 -9 -8 -8 -8 -8 -8 -8 -8 -8 -8 -8 -8 -8 -9 -9 -9 -9 -9 -8 -8 -8 -8 -8 -8 -8 -8 -7 -7 -7 -7 -7 -8 -8 -8 -8 -8 -8 -8 -8 -8 -8 -8 -7 -8 -8 -7 -7 -7 -7 -7 -7 -7 -7 -7 -7 -7 -7 -7 -7 -6 -7 -7 -7 -7 -7 -7 -7 -6 -6 -6 -6 -6 -6 -6 -6 -6 -6 -6 -6 -5 -5 -5 -5 -5 -5 -5 -6 -6 -6 -6 -6 -6 -6 -6 -6 -6 -5 -5 -4 -4 -4 -5 -5 28 28 27 27 27 26 26 26 26 26 26 25 25 25 25 25 25 24 24 24 24 23 23 23 23 22 22 22 22 22 21 21 20 20 20 20 20 19 19 19 19 19 18 18 17 17 17 17 17 16 15 15 15 15 15 14 14 14 13 13 13 13 13 13 12 12 12 12 12 12 12 11 11 11 11 11 11 12 12 11 11 11 10 10 10 9 9 9 8 8 8 7 7 7 6 6 6 6 6 6 6 6 5 5 5 5 5 5 5 5 6 6 6 6 6 6 6 5 5 5 5 5 5 4 4 3 3 3 3 2 3 2 3 3 2 2 2 1 2 1 1 0 0 -1 -1 -1 -1 -2 -2 -1 -2 -2 -2 -2 -1 -1 -2 -3 -3 -3 -3 -3 -3 -3 -3 -3 -3 -3 -3 -3 -4 -4 -4 -5 -5 -5 -5 -5 -5 -5 -5 -5 -5 -6 -6 -6 -6 -6 -6 -6 -6 -6 -6 -6 -7 -7 -7 -7 -7 -7 -7 -7 -6 -6 -6 -6 -6 -7 -7 -7 -7 -7 -7 -7 -7 -8 -8 -8 -8 -8 -8 -8 -8 -7 -7 -8 -8 -8 -8 -8 -8 -8 -8 -8 -9 -8 -8 -8 -9 -9 -9 -9 -9 -9 -9 -9 -9 -9 -9 -9 -9 -9 -8 -8 -8 -8 -8 -8 -7 -8 -8 -8 -8 -8 -8 -8 -8 -8 -8 -8 -8 -8 -9 -9 -8 -8 -8 -8 -7 -7 -7 -7 -8 -8 -8 -8 -8 -8 -8 -8 -8 -8 -7 -8 -8 -7 -7 -7 -7 -7 -7 -7 -7 -7 -7 -7 -7 -7 -7 -7 -7 -6 -6 -7 -7 -7 -7 -7 -6 -6 -6 -6 -6 -6 -6 -6 -6 -6 -6 -6 -5 -5 -5 -5 -5 -5 -5 -6 -6 -6 -6 -6 -5 -5 -5 -5 -6 -5 -5 -5 -5 -4 28 28 27 27 27 27 26 26 26 26 26 26 25 25 25 25 25 24 24 24 24 24 24 23 23 23 22 22 22 22 21 21 21 21 21 21 20 20 20 19 19 19 18 18 17 17 17 17 17 16 15 15 15 16 16 15 15 14 14 13 13 14 14 14 13 13 12 12 12 12 12 12 12 12 12 12 12 12 12 12 12 11 11 10 10 9 9 9 8 8 8 8 7 7 7 7 7 7 6 6 6 6 5 5 6 6 5 6 6 6 6 6 6 6 6 6 6 5 5 5 5 6 5 5 4 3 3 3 3 3 2 2 3 3 2 2 2 1 2 2 1 0 0 -1 -1 -1 -1 -2 -2 -2 -2 -2 -1 -2 -1 -1 -2 -2 -2 -3 -3 -3 -3 -3 -2 -2 -2 -2 -3 -2 -3 -3 -4 -4 -4 -4 -4 -5 -5 -5 -5 -5 -5 -5 -6 -6 -6 -6 -6 -6 -6 -6 -6 -6 -6 -6 -6 -7 -7 -7 -7 -7 -6 -6 -6 -6 -6 -6 -7 -7 -7 -7 -7 -7 -7 -7 -8 -8 -8 -8 -7 -7 -7 -7 -7 -8 -8 -8 -8 -8 -8 -8 -8 -8 -8 -8 -8 -8 -8 -8 -8 -8 -8 -8 -8 -8 -8 -8 -8 -9 -9 -8 -8 -8 -8 -8 -8 -7 -7 -7 -8 -8 -8 -8 -8 -8 -8 -8 -8 -8 -8 -8 -8 -8 -8 -8 -8 -8 -8 -8 -7 -7 -7 -7 -7 -8 -8 -8 -8 -8 -8 -8 -7 -8 -8 -7 -7 -7 -7 -7 -7 -7 -6 -6 -6 -6 -7 -7 -7 -7 -6 -6 -6 -7 -7 -7 -7 -6 -6 -6 -6 -6 -6 -6 -6 -6 -6 -6 -6 -6 -6 -5 -5 -5 -5 -5 -5 -5 -5 -5 -5 -5 -5 -5 -5 -5 -5 -5 -5 -5 -5 -5 28 28 27 27 27 27 26 26 26 26 26 25 26 25 25 25 25 25 24 24 24 24 24 24 23 22 22 22 21 22 22 22 21 21 21 20 20 20 20 19 19 19 18 18 18 17 17 17 16 16 16 15 16 16 15 14 14 14 14 13 13 13 13 13 13 14 13 13 13 13 13 13 13 12 12 12 12 12 12 12 11 11 11 10 10 10 10 9 9 8 8 7 8 8 7 7 7 6 6 6 6 5 6 6 6 6 6 6 6 6 6 6 6 6 6 5 5 5 5 6 5 5 5 5 4 4 4 3 4 3 3 2 2 2 2 2 2 2 2 2 1 0 -1 0 0 -1 -1 -2 -2 -2 -2 -1 -1 -1 -1 -2 -2 -2 -3 -3 -3 -2 -2 -2 -2 -2 -2 -2 -2 -2 -3 -3 -3 -4 -3 -4 -4 -4 -5 -5 -5 -5 -5 -5 -5 -5 -6 -6 -6 -6 -6 -5 -6 -6 -6 -6 -6 -6 -7 -7 -7 -6 -6 -6 -6 -6 -6 -6 -6 -7 -7 -7 -7 -7 -7 -7 -7 -8 -7 -7 -7 -7 -7 -7 -7 -8 -8 -8 -8 -8 -8 -8 -8 -8 -8 -8 -8 -8 -8 -8 -8 -8 -8 -8 -8 -8 -8 -8 -8 -8 -8 -8 -8 -8 -8 -7 -7 -7 -7 -8 -8 -8 -8 -8 -8 -8 -8 -8 -8 -8 -8 -8 -7 -7 -8 -8 -8 -8 -8 -8 -7 -7 -7 -7 -7 -8 -7 -8 -8 -8 -8 -7 -7 -7 -7 -7 -7 -6 -6 -6 -6 -6 -6 -6 -6 -6 -6 -7 -7 -7 -7 -6 -6 -6 -7 -7 -7 -6 -6 -6 -6 -6 -6 -6 -6 -6 -6 -6 -6 -6 -6 -5 -5 -5 -5 -5 -5 -5 -5 -5 -5 -5 -5 -5 -5 -5 -5 -5 -5 -5 29 28 28 28 27 27 27 26 26 26 26 26 26 26 25 25 25 25 25 24 24 24 24 24 23 23 23 22 22 21 21 21 21 21 20 21 20 20 20 20 20 19 19 19 18 17 17 16 17 16 16 16 16 16 15 14 14 14 14 14 14 14 14 14 13 13 14 14 13 13 13 14 13 13 12 12 12 12 12 12 12 11 11 11 10 10 10 10 9 9 8 8 7 7 7 7 7 6 6 6 6 6 6 6 6 6 6 6 6 6 7 6 6 6 6 6 5 6 6 5 5 5 5 5 5 5 4 3 3 3 3 3 2 2 2 2 2 2 2 2 1 1 0 0 0 0 0 -1 -1 -2 -2 -1 -1 -1 -1 -1 -1 -1 -2 -3 -2 -2 -2 -2 -3 -2 -2 -3 -3 -3 -3 -3 -3 -3 -3 -3 -3 -4 -4 -4 -5 -4 -5 -5 -5 -5 -5 -5 -5 -6 -6 -6 -6 -6 -6 -6 -6 -6 -6 -6 -7 -6 -6 -6 -6 -6 -6 -6 -6 -6 -7 -7 -7 -7 -7 -7 -7 -7 -7 -7 -7 -7 -7 -7 -7 -7 -7 -7 -7 -8 -8 -8 -8 -8 -8 -8 -8 -8 -8 -8 -8 -8 -8 -8 -8 -8 -8 -8 -8 -8 -8 -8 -8 -7 -7 -7 -7 -7 -7 -7 -8 -8 -8 -8 -8 -8 -8 -8 -8 -8 -8 -7 -7 -8 -8 -8 -8 -8 -8 -8 -8 -8 -7 -7 -7 -7 -7 -8 -8 -8 -7 -7 -7 -7 -7 -7 -7 -7 -6 -6 -6 -5 -6 -6 -6 -6 -6 -6 -7 -7 -7 -6 -5 -6 -7 -7 -7 -6 -6 -6 -6 -6 -6 -6 -6 -6 -6 -6 -6 -6 -6 -5 -5 -5 -5 -5 -5 -5 -5 -5 -5 -5 -5 -5 -5 -5 -5 -5 -5 -5 29 28 28 27 27 27 27 27 27 26 26 26 25 25 25 25 25 25 24 24 24 24 24 23 23 22 22 21 21 21 21 21 20 20 20 20 20 20 20 20 19 19 18 17 17 17 17 17 17 17 16 15 15 15 14 14 14 14 15 15 15 14 14 14 14 14 13 13 14 13 13 13 12 12 12 12 12 12 12 12 12 12 11 10 10 10 9 9 9 8 8 8 7 7 6 6 6 6 6 6 6 7 6 6 6 5 6 6 6 6 6 6 7 6 6 6 6 5 6 6 6 5 5 4 4 3 3 3 3 3 3 3 3 2 2 2 2 2 1 1 1 0 0 0 0 0 -1 -1 -2 -1 0 0 -1 -1 -1 -1 -2 -2 -2 -2 -2 -2 -3 -3 -3 -3 -3 -3 -3 -3 -3 -3 -3 -3 -3 -3 -3 -4 -4 -4 -4 -4 -5 -5 -5 -5 -6 -6 -6 -6 -6 -6 -6 -6 -6 -6 -6 -6 -6 -6 -6 -6 -6 -6 -6 -6 -6 -6 -6 -7 -7 -7 -7 -7 -7 -7 -7 -7 -7 -7 -7 -7 -7 -7 -7 -7 -7 -8 -8 -8 -8 -7 -7 -7 -7 -7 -8 -8 -8 -8 -8 -8 -8 -8 -8 -8 -8 -8 -8 -7 -7 -7 -7 -7 -7 -7 -7 -7 -7 -7 -7 -7 -8 -8 -8 -8 -8 -8 -8 -8 -8 -8 -8 -8 -8 -7 -8 -8 -8 -8 -8 -8 -7 -7 -7 -7 -8 -7 -7 -7 -7 -7 -7 -7 -7 -7 -7 -6 -6 -6 -5 -5 -5 -6 -6 -6 -6 -6 -6 -6 -5 -5 -6 -6 -7 -6 -6 -6 -6 -6 -6 -6 -6 -6 -6 -6 -6 -6 -6 -5 -5 -5 -5 -5 -5 -5 -5 -5 -5 -5 -5 -5 -5 -5 -5 -5 -5 29 28 28 27 27 27 27 27 27 26 26 25 25 25 25 25 25 25 24 24 24 24 23 23 22 22 22 22 22 21 21 21 21 21 20 20 20 20 20 19 19 19 19 18 17 17 16 17 17 16 16 15 15 15 14 14 14 14 14 14 14 14 14 13 13 13 13 13 13 13 13 13 13 13 13 12 12 11 11 11 11 11 11 11 10 9 9 9 9 8 8 7 7 7 6 6 6 7 6 6 6 6 6 6 6 6 6 6 6 7 6 6 6 6 6 5 5 6 6 6 6 5 4 4 4 4 4 3 3 3 3 3 2 2 2 2 2 2 1 1 1 1 1 1 1 0 0 -1 0 0 0 -1 -1 -1 -1 -2 -2 -1 -2 -2 -2 -2 -3 -3 -3 -3 -2 -3 -3 -3 -3 -3 -3 -3 -3 -3 -3 -4 -4 -5 -5 -5 -5 -5 -5 -6 -6 -6 -6 -6 -6 -6 -6 -6 -6 -6 -6 -6 -6 -6 -6 -6 -6 -6 -6 -6 -6 -6 -6 -7 -7 -7 -7 -7 -7 -7 -7 -7 -7 -7 -7 -7 -7 -7 -7 -7 -7 -8 -8 -7 -7 -7 -7 -7 -7 -7 -7 -8 -8 -8 -8 -8 -8 -8 -8 -8 -8 -8 -7 -7 -7 -7 -7 -7 -7 -7 -7 -7 -7 -7 -7 -8 -8 -8 -8 -8 -8 -8 -8 -8 -8 -8 -8 -8 -7 -8 -8 -8 -7 -7 -8 -8 -7 -7 -7 -7 -7 -7 -7 -7 -7 -7 -7 -7 -7 -7 -7 -6 -6 -5 -5 -6 -6 -6 -6 -5 -6 -6 -6 -6 -5 -5 -6 -6 -6 -6 -6 -6 -6 -5 -6 -6 -6 -6 -6 -6 -5 -5 -5 -5 -5 -5 -5 -5 -5 -5 -5 -5 -5 -5 -5 -5 -5 -4 -4 -4 28 28 28 28 27 27 27 26 26 26 26 26 26 25 25 25 25 24 24 24 23 23 22 22 23 22 22 22 21 21 21 21 20 20 20 20 20 19 19 19 18 18 18 17 17 17 17 17 16 16 15 15 15 15 14 14 14 14 14 14 14 14 14 13 14 13 13 13 13 13 13 13 12 12 11 11 10 11 11 10 11 11 10 10 9 9 9 8 8 8 7 7 6 6 6 6 6 6 6 7 6 6 5 6 6 7 6 6 7 7 6 6 6 6 6 6 6 6 5 5 5 4 4 4 4 3 3 3 3 2 2 2 2 2 2 2 1 1 1 1 1 1 1 0 0 0 0 0 -1 -1 -1 -2 -2 -2 -1 -1 -2 -2 -1 -2 -2 -2 -2 -2 -2 -3 -3 -3 -3 -3 -3 -3 -2 -3 -4 -4 -4 -4 -4 -5 -5 -5 -5 -5 -5 -6 -6 -6 -6 -6 -6 -6 -6 -6 -6 -6 -6 -6 -6 -6 -6 -6 -6 -6 -6 -6 -6 -6 -6 -7 -7 -7 -6 -6 -6 -7 -7 -7 -7 -7 -7 -7 -7 -7 -7 -7 -7 -7 -7 -7 -7 -7 -7 -7 -7 -7 -8 -8 -8 -8 -8 -8 -8 -7 -7 -7 -7 -7 -7 -7 -7 -7 -7 -7 -7 -6 -6 -7 -7 -8 -8 -8 -8 -8 -8 -8 -8 -8 -8 -8 -8 -8 -8 -8 -8 -8 -8 -8 -8 -8 -8 -8 -7 -7 -7 -7 -7 -7 -7 -7 -7 -7 -7 -6 -5 -6 -5 -5 -5 -6 -5 -6 -5 -5 -6 -6 -6 -6 -6 -5 -6 -6 -6 -6 -6 -6 -6 -6 -6 -6 -6 -6 -6 -5 -5 -5 -6 -6 -6 -6 -6 -6 -5 -5 -5 -5 -5 -5 -5 -5 -5 28 28 28 28 28 27 27 27 26 26 26 26 25 25 25 25 24 24 24 24 23 23 23 23 23 22 22 22 21 21 21 20 20 20 20 19 19 19 19 19 19 18 18 18 18 17 17 16 16 15 15 16 16 15 15 16 16 15 15 14 14 14 14 14 14 14 14 14 14 14 13 13 12 12 11 11 11 10 10 10 10 10 10 10 9 9 9 8 8 7 7 7 7 6 6 7 7 7 6 6 6 6 6 6 6 6 6 7 6 6 7 6 6 6 6 7 7 6 5 5 5 5 4 3 3 3 3 3 3 3 2 2 2 2 2 2 2 2 1 1 1 1 1 0 1 0 0 -1 -1 -1 -1 -2 -2 -1 -1 -1 -2 -1 -1 -2 -2 -2 -2 -2 -2 -2 -3 -2 -2 -2 -2 -2 -3 -3 -3 -3 -3 -4 -4 -4 -5 -5 -5 -5 -5 -5 -5 -5 -5 -6 -6 -6 -6 -6 -5 -6 -6 -6 -6 -6 -6 -6 -6 -6 -6 -6 -6 -6 -6 -6 -6 -6 -6 -6 -6 -7 -7 -7 -7 -7 -7 -7 -7 -7 -7 -7 -7 -7 -7 -7 -7 -7 -7 -7 -7 -7 -7 -8 -8 -8 -8 -8 -7 -7 -7 -7 -7 -7 -7 -7 -7 -7 -7 -7 -6 -6 -7 -8 -8 -8 -8 -7 -7 -8 -8 -8 -8 -8 -8 -7 -7 -8 -8 -8 -8 -8 -8 -8 -8 -8 -8 -7 -6 -6 -7 -7 -7 -7 -7 -7 -7 -7 -6 -6 -5 -5 -5 -5 -5 -5 -5 -5 -5 -5 -6 -6 -6 -6 -6 -5 -6 -6 -6 -6 -5 -5 -5 -6 -6 -6 -6 -6 -6 -6 -6 -5 -6 -6 -6 -6 -6 -6 -6 -5 -5 -5 -5 28 28 28 28 28 28 27 27 27 26 26 26 25 25 25 25 25 25 25 25 24 23 23 23 23 22 22 22 22 21 21 20 20 20 20 19 20 20 20 19 19 18 18 18 18 18 17 17 17 16 16 16 16 16 16 16 16 15 15 15 15 15 16 15 14 14 14 14 14 13 13 12 13 12 12 12 12 11 11 10 10 10 10 10 10 9 9 9 8 8 7 7 7 7 7 7 7 7 6 6 7 7 7 6 6 7 6 6 6 6 6 6 6 6 6 7 7 6 5 5 5 5 4 4 3 3 3 3 3 3 2 2 2 3 2 2 2 2 1 1 1 2 1 1 1 0 0 0 0 -1 -1 -2 -1 -1 -1 -1 -1 -1 -1 -1 -1 -1 -1 -1 -2 -1 -2 -2 -2 -2 -2 -2 -2 -2 -2 -2 -3 -3 -4 -4 -4 -4 -5 -5 -5 -5 -5 -5 -5 -5 -5 -5 -6 -6 -5 -5 -5 -5 -5 -6 -6 -6 -6 -6 -6 -6 -6 -6 -6 -6 -6 -6 -6 -6 -6 -6 -6 -6 -7 -7 -7 -7 -7 -7 -7 -7 -7 -7 -7 -7 -7 -7 -7 -7 -7 -7 -7 -7 -7 -7 -7 -7 -7 -7 -7 -7 -7 -7 -7 -7 -7 -7 -7 -7 -7 -6 -7 -7 -7 -7 -8 -7 -7 -7 -8 -8 -8 -8 -8 -8 -8 -8 -8 -8 -8 -8 -7 -7 -7 -7 -7 -7 -7 -7 -7 -6 -7 -6 -6 -6 -6 -6 -6 -6 -5 -5 -5 -4 -4 -5 -5 -5 -4 -5 -5 -6 -6 -6 -6 -6 -6 -6 -6 -6 -6 -5 -5 -5 -6 -6 -6 -6 -6 -6 -6 -6 -6 -6 -6 -6 -7 -6 -6 -6 -6 -5 -5 29 29 28 28 28 28 27 27 26 26 26 25 26 26 25 25 24 24 25 24 23 23 23 23 22 22 22 21 21 21 21 21 20 20 20 20 20 20 20 19 19 18 17 17 17 17 17 17 17 17 17 16 16 16 16 16 15 15 15 15 15 15 15 14 13 14 14 14 13 13 12 12 12 12 12 12 11 12 11 10 9 9 10 10 10 9 9 9 8 7 8 8 8 7 7 7 6 6 7 7 7 7 7 7 6 6 6 6 6 6 7 6 6 6 6 7 7 6 5 5 6 5 4 3 3 3 3 3 3 3 2 2 2 3 2 2 2 1 2 1 2 1 1 1 1 1 1 0 0 -1 -1 -1 -1 -1 -1 -1 -1 -1 -2 -2 -2 -2 -2 -1 -2 -2 -2 -2 -2 -2 -2 -1 -1 -2 -2 -3 -3 -4 -4 -4 -4 -4 -4 -4 -5 -5 -5 -5 -5 -5 -5 -5 -5 -5 -5 -5 -5 -5 -5 -5 -6 -6 -6 -6 -6 -6 -6 -6 -6 -6 -6 -6 -6 -6 -6 -6 -6 -6 -6 -6 -6 -6 -6 -6 -7 -7 -7 -7 -7 -7 -7 -7 -7 -7 -7 -7 -7 -7 -7 -7 -7 -7 -7 -7 -7 -7 -7 -7 -7 -7 -7 -7 -7 -7 -7 -7 -7 -7 -7 -7 -7 -7 -6 -7 -7 -7 -8 -8 -8 -8 -8 -8 -7 -7 -7 -7 -6 -7 -7 -6 -6 -7 -7 -7 -6 -6 -6 -6 -6 -6 -6 -6 -6 -5 -4 -5 -5 -5 -5 -5 -5 -4 -4 -5 -6 -6 -7 -7 -6 -6 -6 -6 -6 -5 -5 -5 -5 -6 -6 -6 -6 -6 -6 -6 -6 -6 -5 -5 -6 -6 -6 -6 -6 -6 -5 29 29 29 29 28 28 28 27 26 26 26 26 26 26 26 25 24 24 25 24 24 23 23 23 22 22 22 22 21 21 21 21 20 20 20 20 20 20 20 20 20 19 19 18 17 17 17 17 18 17 16 16 16 16 16 16 15 15 15 15 15 15 14 14 13 14 14 14 13 13 12 12 12 12 13 12 12 12 12 11 10 10 9 10 10 9 9 9 8 8 8 8 8 7 7 7 7 7 6 6 7 7 7 8 7 7 6 6 6 6 6 6 6 6 7 7 7 6 6 5 5 5 4 4 3 3 3 3 3 3 3 3 3 3 2 2 2 2 2 2 2 1 1 2 1 1 1 0 0 -1 -1 -1 -1 -1 -1 -1 -2 -2 -1 -1 -1 -2 -2 -2 -2 -1 -1 -1 -1 -2 -2 -1 -1 -2 -2 -2 -3 -3 -4 -4 -4 -4 -4 -4 -5 -5 -4 -4 -4 -5 -5 -5 -5 -5 -5 -5 -5 -5 -5 -5 -5 -5 -5 -5 -6 -6 -6 -6 -5 -5 -5 -6 -6 -6 -6 -6 -6 -6 -6 -6 -6 -6 -6 -6 -6 -7 -7 -7 -6 -6 -6 -6 -6 -7 -7 -7 -7 -7 -7 -7 -7 -7 -7 -7 -7 -7 -7 -7 -7 -7 -7 -7 -7 -7 -7 -7 -7 -7 -7 -7 -7 -7 -7 -6 -7 -8 -8 -7 -8 -8 -8 -7 -7 -7 -6 -6 -7 -7 -7 -6 -6 -7 -7 -7 -7 -7 -6 -6 -6 -6 -6 -6 -6 -5 -5 -4 -5 -5 -5 -5 -5 -5 -4 -4 -5 -6 -6 -7 -7 -7 -6 -5 -6 -5 -5 -5 -5 -5 -5 -6 -5 -5 -6 -6 -6 -6 -6 -5 -5 -6 -6 -6 -6 29 29 29 28 27 27 27 27 26 25 25 25 25 24 24 24 24 24 24 23 23 22 23 22 22 22 21 21 21 21 21 20 20 20 20 20 20 20 20 19 18 17 16 17 17 17 16 16 16 16 16 15 15 16 16 16 16 15 14 13 14 14 14 14 13 14 13 12 12 12 13 12 13 13 12 12 11 10 10 9 9 10 9 9 9 9 9 8 8 7 7 8 8 8 7 7 7 7 7 7 8 7 7 7 6 7 7 7 7 7 7 6 6 6 6 5 5 6 5 4 4 3 3 3 3 3 3 3 3 3 3 2 2 2 2 2 2 2 2 2 1 1 1 0 0 -1 -1 -1 -1 -1 -1 -1 -1 -1 -1 -1 -2 -1 -1 -1 -1 -1 0 0 -1 -2 -2 -2 -2 -2 -2 -2 -2 -3 -3 -4 -4 -4 -4 -4 -4 -4 -4 -4 -4 -5 -5 -5 -5 -5 -5 -5 -5 -5 -5 -5 -5 -5 -5 -5 -5 -5 -5 -5 -5 -5 -5 -5 -6 -6 -6 -6 -6 -6 -6 -6 -6 -6 -6 -6 -6 -6 -6 -6 -6 -6 -6 -6 -6 -6 -6 -6 -7 -7 -7 -7 -7 -7 -7 -6 -7 -7 -7 -7 -7 -6 -6 -7 -7 -7 -7 -7 -7 -7 -7 -7 -7 -7 -7 -7 -7 -8 -7 -6 -7 -7 -6 -7 -7 -7 -6 -6 -6 -7 -6 -6 -6 -6 -6 -6 -7 -6 -7 -6 -6 -6 -6 -6 -6 -6 -5 -5 -4 -4 -5 -5 -5 -5 -4 -4 -4 -5 -6 -6 -7 -6 -6 -5 -5 -5 -5 -4 -5 -5 -5 -5 -5 -5 -5 -5 -6 -6 -6 -6 -5 29 29 28 28 27 26 26 25 25 24 24 24 24 24 24 23 23 23 23 23 23 22 22 22 22 21 21 21 21 20 20 20 20 20 20 20 19 18 17 17 17 17 17 16 16 16 16 16 16 16 15 15 16 15 15 14 14 14 14 14 14 13 14 13 12 12 12 13 12 12 13 12 12 12 11 10 9 9 9 9 9 9 9 9 8 8 8 8 8 8 8 8 8 8 7 7 7 7 8 7 8 7 7 7 7 7 7 8 7 7 6 6 6 5 5 5 4 4 4 3 3 3 3 3 3 3 3 3 2 2 2 2 2 2 2 1 2 1 1 1 1 0 0 0 0 0 -1 -1 -1 -1 -2 -1 -1 -1 -1 -1 -1 -1 -1 -1 -1 -1 -2 -2 -3 -3 -2 -2 -3 -2 -2 -3 -4 -4 -4 -4 -4 -4 -4 -4 -4 -4 -5 -5 -5 -5 -4 -4 -4 -4 -5 -5 -5 -5 -5 -5 -5 -5 -5 -5 -5 -5 -5 -5 -5 -5 -6 -6 -6 -6 -6 -6 -6 -6 -6 -6 -6 -6 -6 -6 -6 -6 -6 -6 -6 -6 -6 -6 -6 -6 -6 -6 -7 -7 -7 -7 -6 -6 -6 -6 -6 -7 -7 -6 -6 -7 -7 -7 -7 -7 -7 -7 -7 -7 -7 -7 -7 -7 -7 -7 -6 -6 -6 -6 -6 -6 -6 -6 -6 -5 -6 -6 -5 -5 -6 -6 -6 -6 -6 -6 -6 -6 -6 -6 -6 -6 -5 -6 -5 -5 -4 -5 -5 -6 -5 -5 -4 -4 -4 -5 -6 -6 -6 -6 -6 -5 -5 -5 -5 -4 -4 -4 -5 -5 -5 -5 -5 -5 -5 -6 29 29 28 26 25 25 25 24 24 24 24 24 24 23 23 23 22 23 22 22 22 22 22 21 21 20 20 20 20 21 21 20 20 19 18 17 17 17 17 16 16 16 16 16 16 15 15 16 16 15 15 15 14 14 14 14 14 13 14 14 13 12 13 13 12 12 12 13 12 11 11 11 10 10 10 9 9 9 9 8 8 8 8 8 8 8 8 8 8 8 7 7 7 7 7 8 8 7 7 7 7 7 7 7 7 7 7 6 7 6 5 5 5 4 4 3 3 4 4 3 3 3 3 3 3 2 2 2 2 2 2 2 2 2 2 1 1 0 1 1 0 0 -1 0 0 0 -1 -1 -1 -1 -1 -1 -1 -1 -1 -1 0 0 -1 -2 -2 -3 -3 -3 -3 -2 -2 -2 -3 -3 -4 -4 -4 -4 -4 -4 -4 -4 -4 -5 -5 -5 -4 -4 -4 -4 -4 -5 -5 -5 -5 -4 -5 -5 -5 -5 -5 -5 -5 -5 -5 -5 -5 -5 -5 -5 -5 -5 -6 -6 -6 -6 -6 -6 -6 -6 -6 -6 -6 -6 -6 -6 -6 -6 -6 -6 -6 -6 -6 -6 -6 -6 -6 -6 -6 -6 -6 -6 -7 -7 -6 -7 -7 -7 -7 -6 -6 -7 -7 -7 -7 -7 -7 -7 -7 -7 -7 -7 -7 -7 -7 -6 -6 -6 -6 -6 -6 -6 -6 -5 -5 -5 -6 -6 -6 -6 -6 -6 -6 -6 -6 -6 -6 -6 -5 -5 -5 -4 -4 -5 -5 -5 -5 -4 -4 -5 -6 -5 -6 -6 -6 -6 -6 -5 -5 -4 -4 -4 -4 -4 -4 -5 -5 -4 -5 -5 26 26 25 25 25 25 25 24 24 23 23 23 23 22 22 22 22 22 22 21 21 21 21 21 21 21 21 20 19 18 17 18 17 17 17 17 17 17 17 17 16 16 16 15 15 15 14 14 15 14 14 14 14 14 13 14 13 13 13 12 12 12 13 12 12 12 11 11 11 11 11 10 9 9 9 9 9 8 8 8 8 8 7 8 8 8 8 8 8 8 8 8 8 8 7 7 7 7 7 7 7 6 6 6 6 6 5 6 5 4 4 4 4 4 4 4 3 3 3 3 3 3 2 2 2 2 2 2 2 2 2 1 1 1 1 1 1 0 0 0 0 0 0 -1 0 0 0 -1 -1 -1 -1 0 -1 0 -1 -1 -2 -2 -2 -2 -3 -3 -3 -2 -2 -3 -3 -3 -4 -4 -4 -4 -4 -4 -4 -4 -4 -4 -4 -4 -4 -4 -4 -4 -4 -4 -4 -4 -4 -5 -5 -5 -5 -5 -5 -5 -5 -5 -5 -5 -5 -5 -5 -5 -6 -6 -5 -6 -6 -6 -6 -6 -6 -6 -6 -6 -6 -6 -6 -6 -6 -6 -6 -6 -6 -6 -6 -6 -6 -6 -6 -6 -6 -6 -7 -7 -7 -7 -7 -6 -7 -6 -6 -7 -7 -6 -6 -6 -6 -6 -7 -7 -7 -7 -7 -6 -6 -6 -6 -6 -6 -6 -6 -6 -6 -6 -5 -5 -5 -5 -5 -6 -5 -6 -6 -6 -6 -6 -6 -6 -6 -5 -5 -4 -4 -4 -5 -5 -5 -5 -5 -6 -6 -4 -5 -6 -6 -6 -6 -5 -5 -4 -4 -4 -4 -4 -4 -5 -5 -5 -4 -5 26 25 25 25 24 24 23 23 23 23 22 23 22 22 22 21 21 21 21 21 21 21 21 20 18 19 19 19 19 17 17 17 17 18 17 16 17 16 16 16 16 16 15 14 14 14 14 15 14 14 14 13 13 12 13 13 13 13 13 12 12 12 12 11 11 11 11 10 10 9 9 9 9 9 8 8 8 7 8 8 9 9 8 8 8 8 8 8 8 8 7 7 7 7 7 7 7 7 7 6 6 6 5 6 5 5 5 4 4 4 4 4 4 3 3 3 3 3 3 3 2 2 2 2 2 2 2 2 1 1 1 1 1 1 0 0 1 1 0 0 0 0 0 0 0 0 0 0 -1 -1 -1 -1 -2 -2 -2 -2 -2 -2 -3 -3 -2 -2 -3 -3 -3 -3 -3 -4 -4 -4 -4 -4 -4 -4 -4 -3 -3 -4 -4 -4 -4 -4 -4 -4 -4 -4 -5 -5 -5 -5 -5 -5 -5 -5 -5 -5 -5 -5 -5 -5 -5 -5 -5 -5 -6 -6 -6 -6 -6 -6 -6 -6 -6 -6 -6 -6 -6 -6 -6 -6 -6 -6 -6 -6 -6 -6 -6 -6 -6 -6 -6 -6 -6 -6 -6 -6 -6 -6 -6 -6 -6 -6 -6 -6 -6 -6 -6 -6 -6 -7 -7 -6 -6 -6 -6 -6 -6 -6 -6 -6 -6 -6 -6 -5 -5 -4 -5 -4 -5 -5 -6 -6 -5 -5 -5 -5 -5 -5 -5 -5 -4 -4 -4 -4 -5 -5 -5 -6 -6 -4 -4 -5 -6 -5 -5 -6 -5 -5 -4 -4 -4 -4 -4 -4 -4 -5 -5 -5 26 25 25 25 24 24 24 23 23 23 23 22 23 22 22 21 21 22 21 21 21 21 20 19 19 20 20 19 19 18 18 18 18 17 16 17 17 16 16 17 17 16 15 14 14 14 14 14 14 14 14 13 12 13 13 13 13 13 12 12 12 12 11 11 10 11 11 10 10 10 10 9 9 8 8 8 8 8 8 9 8 8 8 8 8 8 8 8 8 8 8 8 8 7 7 7 7 7 6 6 6 6 6 5 5 4 4 4 4 4 4 4 4 4 4 3 3 3 3 3 3 2 2 3 2 2 2 2 2 2 2 1 1 1 1 1 0 0 0 -1 0 0 0 0 0 0 0 -1 -1 0 -1 -1 -2 -2 -2 -2 -2 -2 -3 -2 -2 -3 -3 -3 -3 -3 -3 -3 -4 -4 -4 -4 -4 -3 -3 -3 -4 -4 -4 -4 -4 -4 -4 -4 -4 -4 -4 -4 -4 -4 -4 -5 -5 -5 -5 -5 -5 -5 -5 -5 -5 -5 -5 -5 -5 -6 -6 -6 -6 -5 -6 -6 -6 -6 -6 -6 -6 -6 -6 -6 -6 -6 -6 -6 -6 -6 -6 -6 -6 -6 -5 -6 -6 -6 -6 -5 -6 -6 -5 -6 -6 -6 -6 -6 -6 -6 -6 -7 -7 -7 -6 -6 -6 -6 -6 -6 -6 -6 -6 -6 -5 -5 -5 -5 -5 -4 -4 -4 -5 -5 -6 -5 -4 -5 -5 -5 -5 -5 -5 -5 -4 -4 -4 -4 -5 -5 -6 -5 -5 -4 -4 -5 -5 -5 -5 -5 -5 -4 -4 -4 -4 -4 -5 -5 -5 25 25 24 24 23 23 23 23 23 22 22 21 22 22 22 21 20 20 20 19 19 20 20 20 20 19 19 19 19 18 17 17 17 17 16 16 16 16 16 16 15 14 14 14 14 14 13 13 13 12 12 12 13 13 12 12 12 11 11 12 11 10 10 10 10 10 10 9 9 8 8 8 8 8 8 8 8 8 7 7 8 8 8 8 8 8 8 8 8 7 7 7 7 7 7 6 6 6 6 5 5 5 4 4 4 4 4 4 4 4 4 4 3 3 3 3 3 3 2 3 3 3 2 2 2 2 2 2 2 2 1 1 1 1 0 0 0 0 0 0 0 0 0 -1 0 0 -1 -1 -2 -2 -2 -2 -2 -2 -2 -2 -2 -3 -3 -3 -3 -3 -3 -3 -3 -4 -3 -4 -4 -3 -3 -3 -3 -3 -3 -3 -4 -4 -4 -4 -4 -4 -4 -4 -4 -4 -4 -4 -5 -5 -5 -5 -5 -5 -5 -5 -5 -5 -5 -5 -5 -5 -5 -6 -6 -5 -5 -6 -6 -6 -6 -6 -6 -6 -6 -6 -6 -6 -6 -5 -5 -5 -6 -5 -5 -5 -5 -5 -5 -5 -5 -5 -6 -6 -5 -5 -5 -6 -6 -5 -5 -6 -6 -6 -6 -7 -6 -6 -6 -6 -6 -6 -6 -6 -6 -6 -5 -5 -5 -5 -5 -5 -4 -4 -4 -5 -5 -4 -4 -4 -4 -4 -4 -5 -5 -4 -5 -4 -4 -4 -4 -5 -5 -6 -6 -5 -4 -4 -5 -4 -5 -5 -4 -4 -4 -4 -4 -4 -4 -4 -4 -5 25 24 24 24 23 23 23 22 22 22 21 21 21 21 21 21 20 20 20 20 20 20 20 20 20 19 19 19 18 18 17 17 16 16 16 16 17 16 16 15 15 15 14 14 14 14 13 12 12 13 13 12 13 12 12 11 11 11 11 11 11 10 10 9 9 9 9 8 9 9 9 8 8 8 8 8 8 8 9 8 8 8 8 8 8 7 7 7 7 7 7 7 7 7 6 6 5 6 5 5 5 4 4 4 4 4 4 4 4 4 4 4 3 3 3 3 3 3 3 3 2 2 2 2 2 2 2 2 2 1 1 1 1 0 0 0 0 0 0 0 0 0 0 -1 -1 -2 -2 -2 -2 -2 -2 -2 -2 -2 -2 -2 -3 -3 -3 -3 -3 -3 -3 -3 -3 -3 -3 -3 -3 -3 -3 -3 -3 -3 -3 -4 -4 -4 -4 -4 -4 -4 -4 -4 -4 -4 -4 -5 -4 -4 -5 -5 -5 -5 -5 -5 -5 -5 -5 -5 -5 -5 -5 -5 -5 -5 -6 -6 -6 -6 -6 -6 -6 -6 -6 -5 -5 -5 -5 -5 -5 -6 -5 -5 -6 -5 -5 -5 -5 -5 -6 -5 -5 -5 -5 -6 -5 -5 -5 -5 -5 -5 -6 -6 -7 -6 -5 -5 -5 -5 -5 -6 -6 -6 -6 -6 -6 -5 -5 -5 -4 -4 -4 -4 -4 -3 -4 -4 -3 -4 -4 -4 -4 -4 -4 -4 -5 -5 -5 -5 -5 -5 -6 -6 -5 -4 -4 -4 -4 -5 -4 -4 -3 -4 -4 -4 -4 -4 -4 -4 24 24 23 23 23 22 22 22 22 22 22 21 22 21 20 20 20 20 20 20 20 20 20 20 19 19 19 19 18 17 17 17 16 17 17 16 15 15 15 15 14 14 15 14 13 12 12 12 12 12 12 13 12 11 11 11 11 11 11 11 10 10 9 9 9 9 9 9 9 8 9 8 8 8 9 8 8 8 8 8 7 8 7 7 7 6 7 7 7 7 7 6 5 5 6 6 5 5 5 5 5 5 4 4 4 4 4 4 4 4 3 3 3 3 4 3 3 3 2 2 2 2 2 2 2 2 2 2 2 1 0 0 0 0 0 0 0 0 0 0 -1 -1 -1 -2 -1 -2 -2 -2 -2 -2 -2 -2 -2 -2 -2 -3 -3 -3 -3 -3 -3 -3 -3 -3 -3 -3 -3 -3 -3 -3 -3 -3 -4 -4 -4 -4 -4 -4 -4 -4 -4 -4 -4 -4 -4 -4 -4 -4 -5 -4 -5 -5 -5 -5 -5 -5 -5 -5 -5 -5 -5 -5 -5 -5 -5 -5 -6 -6 -6 -6 -5 -5 -5 -6 -5 -5 -5 -5 -5 -5 -5 -6 -6 -5 -5 -5 -5 -5 -5 -4 -4 -4 -4 -4 -4 -4 -4 -4 -5 -5 -5 -5 -6 -6 -5 -5 -5 -5 -6 -6 -5 -5 -6 -6 -6 -5 -5 -5 -5 -4 -4 -4 -3 -3 -3 -3 -4 -4 -4 -4 -3 -4 -4 -4 -4 -5 -4 -4 -4 -5 -6 -5 -5 -4 -4 -4 -4 -4 -3 -4 -4 -4 -4 -4 -4 -4 -4 23 22 23 23 23 23 23 22 22 22 21 20 20 21 21 21 20 20 20 20 20 20 19 19 19 19 18 17 17 17 16 15 15 15 15 15 15 14 15 15 14 13 12 12 12 12 12 12 12 12 11 11 11 11 11 11 10 10 10 10 9 9 9 9 8 8 8 8 8 8 8 8 8 8 8 8 7 7 7 7 7 6 6 7 7 6 6 6 6 5 6 6 5 5 4 4 4 4 4 4 4 4 4 4 4 3 3 3 3 3 3 3 3 2 2 2 2 2 2 2 2 2 2 1 1 0 0 0 0 0 0 0 0 0 0 -1 -1 -2 -2 -2 -2 -2 -2 -2 -2 -2 -3 -3 -3 -3 -3 -3 -3 -3 -3 -3 -3 -3 -4 -4 -3 -3 -3 -3 -3 -4 -4 -4 -4 -4 -4 -4 -4 -4 -4 -4 -4 -4 -4 -4 -4 -4 -5 -5 -5 -5 -5 -5 -5 -5 -5 -5 -5 -5 -5 -5 -5 -5 -5 -5 -5 -6 -6 -6 -6 -6 -6 -6 -6 -6 -5 -5 -5 -5 -5 -5 -5 -5 -6 -6 -5 -5 -5 -5 -5 -4 -4 -4 -5 -4 -4 -4 -4 -5 -5 -5 -5 -5 -6 -7 -6 -6 -6 -5 -5 -5 -4 -5 -5 -6 -6 -6 -6 -6 -5 -5 -5 -5 -4 -4 -3 -3 -3 -4 -4 -4 -4 -4 -4 -3 -4 -4 -4 -3 -4 -4 -5 -5 -5 -4 -4 -4 -3 -3 -3 -3 -4 -4 -4 -4 -4 23 23 23 23 23 22 23 22 21 21 21 21 21 21 21 20 20 20 21 21 20 19 19 20 19 19 19 18 17 16 15 16 15 15 16 15 15 15 14 13 13 13 12 12 12 12 11 11 11 11 11 11 11 11 11 10 10 10 9 10 9 9 9 9 9 8 8 8 8 8 8 8 8 8 7 7 7 7 7 6 6 6 6 6 6 6 5 5 6 6 5 5 5 5 5 5 5 4 4 4 4 4 4 4 3 3 3 3 3 3 3 3 3 3 3 3 3 3 3 2 2 1 1 0 0 0 0 0 0 0 0 0 0 0 -1 -1 -1 -1 -1 -1 -2 -2 -2 -2 -3 -3 -3 -3 -3 -3 -3 -3 -3 -3 -3 -4 -4 -4 -3 -3 -3 -3 -3 -4 -4 -4 -4 -4 -4 -4 -4 -4 -4 -4 -4 -4 -4 -4 -4 -4 -4 -4 -4 -5 -5 -5 -5 -5 -5 -5 -5 -5 -5 -5 -5 -5 -5 -5 -5 -5 -5 -5 -6 -6 -6 -6 -6 -6 -6 -5 -5 -5 -5 -5 -5 -5 -5 -6 -6 -5 -5 -5 -4 -4 -4 -4 -4 -4 -3 -3 -3 -3 -4 -4 -4 -5 -5 -5 -6 -6 -5 -5 -5 -4 -4 -4 -4 -5 -5 -5 -5 -5 -6 -6 -5 -5 -4 -4 -3 -3 -3 -3 -3 -4 -3 -4 -3 -3 -4 -4 -4 -3 -3 -4 -4 -5 -5 -4 -3 -3 -3 -3 -3 -4 -4 -4 -4 -4 -4 23 23 23 24 23 23 23 23 22 21 21 22 21 21 22 21 21 21 21 21 21 20 20 20 20 20 20 19 18 17 17 16 16 16 16 15 15 15 14 14 14 14 13 13 13 12 12 12 11 11 11 11 11 11 11 11 11 11 10 10 10 9 9 9 9 8 9 9 9 8 8 8 8 8 8 7 7 7 6 7 7 6 6 6 6 7 6 5 6 6 6 5 5 5 5 5 5 5 5 4 4 4 4 4 4 3 3 3 4 3 4 3 3 3 3 3 3 3 3 2 2 1 1 1 1 0 0 0 0 0 0 0 0 -1 -1 -1 -1 -1 -1 -1 -1 -2 -2 -2 -3 -3 -3 -3 -3 -3 -3 -3 -3 -4 -4 -4 -4 -4 -3 -3 -3 -3 -3 -3 -3 -3 -3 -4 -4 -4 -3 -4 -4 -4 -4 -4 -4 -4 -4 -4 -4 -4 -4 -5 -5 -5 -4 -5 -5 -5 -5 -5 -5 -5 -5 -5 -5 -5 -5 -5 -5 -5 -5 -6 -6 -6 -6 -6 -6 -5 -5 -5 -5 -5 -5 -4 -5 -6 -6 -5 -5 -5 -5 -4 -4 -4 -4 -4 -3 -3 -3 -4 -4 -4 -5 -5 -5 -6 -6 -5 -6 -6 -6 -5 -5 -4 -4 -4 -4 -4 -4 -4 -5 -5 -5 -5 -5 -4 -3 -3 -3 -2 -3 -3 -3 -4 -3 -3 -3 -3 -3 -3 -3 -3 -4 -4 -5 -5 -4 -3 -3 -3 -3 -3 -3 -3 -3 -4 24 23 24 24 23 23 23 23 22 22 22 22 22 22 21 22 21 21 21 21 21 21 21 20 20 20 20 20 19 19 18 17 17 16 16 15 15 15 15 15 15 15 14 14 14 13 13 12 12 12 11 11 11 11 11 11 11 11 10 10 10 9 9 9 9 9 9 9 9 8 8 8 8 8 8 8 7 7 7 7 7 7 6 6 6 6 6 6 6 6 6 6 5 5 5 5 5 5 5 5 4 4 4 4 4 4 3 3 4 4 4 4 3 3 3 3 3 2 2 2 2 2 1 1 1 1 1 0 0 0 0 0 0 -1 -1 -1 -1 -1 -1 -1 -1 -1 -2 -2 -2 -3 -3 -3 -3 -3 -3 -3 -4 -4 -4 -4 -4 -4 -2 -3 -3 -3 -3 -3 -3 -3 -3 -3 -4 -4 -3 -3 -3 -4 -3 -4 -4 -4 -4 -4 -4 -4 -4 -4 -4 -4 -4 -4 -5 -5 -5 -5 -5 -5 -5 -5 -5 -5 -5 -5 -5 -5 -5 -5 -5 -6 -6 -6 -5 -5 -5 -5 -5 -5 -5 -5 -5 -5 -5 -5 -5 -5 -5 -5 -4 -3 -3 -3 -3 -4 -4 -5 -5 -5 -6 -6 -5 -5 -5 -5 -5 -5 -5 -5 -5 -5 -4 -4 -3 -3 -4 -4 -4 -4 -4 -4 -4 -4 -3 -3 -3 -2 -2 -3 -3 -3 -3 -2 -3 -3 -4 -4 -4 -4 -3 -3 -3 -3 -3 -3 -3 -3 24 24 24 24 24 24 24 24 23 23 23 23 22 22 22 22 22 22 22 22 22 22 22 21 20 20 20 19 19 19 18 18 18 16 16 16 15 15 15 15 15 15 14 14 14 14 13 13 12 12 12 11 11 11 11 11 11 11 10 10 10 10 10 9 9 9 9 9 9 9 8 8 8 8 8 8 8 7 7 7 7 7 7 6 6 6 7 7 6 6 6 6 6 5 5 5 5 5 5 5 5 4 4 4 4 4 3 3 4 4 4 4 3 3 3 4 3 3 2 2 2 2 2 2 2 2 1 1 1 1 1 0 0 0 -1 -1 -1 -1 -1 -1 -2 -1 -1 -2 -2 -2 -2 -3 -2 -3 -3 -3 -3 -3 -3 -3 -3 -4 -2 -2 -2 -3 -2 -2 -3 -2 -3 -3 -4 -4 -3 -3 -3 -3 -3 -3 -4 -4 -4 -4 -4 -4 -4 -4 -4 -4 -4 -4 -5 -5 -5 -5 -5 -5 -5 -5 -5 -5 -5 -5 -5 -5 -5 -5 -6 -6 -6 -6 -6 -5 -5 -6 -5 -5 -5 -5 -5 -4 -5 -5 -5 -5 -5 -4 -3 -3 -3 -3 -3 -3 -4 -5 -5 -5 -5 -4 -4 -4 -5 -4 -4 -5 -4 -4 -5 -5 -4 -4 -3 -4 -4 -4 -3 -4 -4 -4 -3 -3 -3 -2 -2 -2 -2 -3 -3 -2 -4 -4 -3 25 25 24 24 24 24 25 24 24 23 24 24 23 23 23 22 22 22 22 22 22 22 22 22 21 21 19 19 19 19 19 18 18 18 17 16 16 16 15 15 15 15 15 14 14 14 14 14 14 13 13 12 12 11 11 11 11 11 11 10 10 10 10 10 10 9 9 9 9 9 8 8 8 8 8 8 8 8 7 7 8 8 8 7 6 6 6 7 7 6 6 6 6 6 6 5 5 5 5 5 5 5 5 5 4 4 4 4 3 4 4 4 4 4 4 4 4 3 3 2 3 3 3 2 2 2 2 2 2 2 2 1 0 0 -1 -1 -1 -1 -1 -1 -1 -1 -2 -2 -2 -1 -2 -2 -2 -3 -3 -3 -3 -2 -2 -3 -3 -3 -3 -2 -2 -2 -2 -2 -2 -2 -2 -3 -3 -4 -3 -3 -3 -3 -3 -3 -3 -3 -3 -4 -4 -4 -4 -4 -4 -4 -4 -5 -5 -5 -5 -5 -5 -5 -5 -5 -5 -5 -5 -5 -5 -5 -5 -5 -5 -5 -5 -6 -5 -6 -5 -6 -5 -5 -6 -5 -5 -5 -5 -5 -5 -5 -4 -4 -3 -3 -3 -4 -4 -3 -3 -4 -4 -5 -5 -4 -3 -3 -4 -5 -4 -4 -3 -3 -3 -4 -5 -5 -4 -4 -4 -4 -4 -4 -4 -4 -4 -4 -4 -3 -2 -2 -1 -4 25 25 25 25 25 25 24 24 25 24 24 24 24 24 23 23 23 22 22 22 22 22 22 22 22 21 19 19 19 19 18 18 18 18 17 16 16 16 16 16 16 16 15 15 15 15 14 14 14 14 13 12 12 12 12 12 12 12 11 11 11 10 10 10 10 10 9 9 9 9 9 9 9 8 8 8 8 8 7 8 8 8 7 7 7 6 7 7 7 7 6 6 6 6 6 6 5 5 5 5 5 5 5 5 5 4 4 4 4 4 4 4 4 4 4 4 4 3 3 3 3 3 3 2 3 3 2 2 2 2 2 1 1 1 0 0 0 0 0 -1 -1 -1 -1 -2 -2 -2 -2 -2 -2 -2 -3 -2 -2 -2 -2 -2 -3 -3 -3 -2 -1 -2 -2 -2 -2 -2 -2 -3 -3 -3 -3 -3 -2 -3 -3 -3 -3 -3 -4 -4 -4 -4 -4 -4 -4 -4 -4 -5 -5 -5 -5 -4 -5 -5 -5 -5 -4 -4 -5 -4 -5 -5 -5 -4 -4 -5 -5 -5 -5 -5 -5 -5 -6 -6 -6 -6 -6 -5 -5 -5 -4 -5 -4 -3 -3 -4 -4 -4 -3 -3 -3 -3 -4 -5 -4 -3 -3 -3 -4 -4 -4 -4 -3 -3 -4 -4 -4 -5 -4 -4 -4 -4 -4 -4 -3 -4 -4 -4 -4 -3 -2 26 26 26 26 26 26 26 26 25 24 24 24 24 24 24 23 23 23 22 22 22 22 21 20 20 19 20 20 19 18 18 18 17 18 17 16 16 16 17 16 16 16 16 15 15 15 14 14 14 14 13 13 12 13 13 12 12 11 11 11 11 11 11 10 10 10 9 9 9 9 9 9 9 8 8 8 8 8 8 8 8 7 7 7 7 7 7 7 7 6 7 6 6 6 6 6 5 5 5 5 5 5 5 5 5 4 4 4 4 4 4 4 4 4 4 4 3 3 3 3 2 3 2 3 2 2 2 2 2 2 2 1 1 1 0 0 1 0 0 0 -1 -1 -1 -1 -2 -2 -2 -2 -2 -2 -2 -2 -2 -2 -2 -3 -3 -2 -2 -1 -2 -2 -1 -1 -1 -2 -3 -3 -3 -3 -3 -2 -2 -3 -3 -3 -3 -3 -4 -4 -4 -4 -4 -4 -4 -4 -4 -5 -4 -4 -4 -4 -4 -5 -4 -4 -4 -4 -4 -5 -5 -4 -4 -4 -5 -5 -5 -5 -5 -5 -5 -5 -6 -6 -6 -5 -5 -5 -5 -4 -4 -4 -4 -4 -4 -4 -4 -3 -3 -3 -4 -4 -4 -4 -3 -3 -3 -3 -3 -4 -3 -3 -4 -4 -3 -4 -4 -3 -3 -3 -3 -4 -4 -3 -3 -4 -4 -3 -2 27 27 27 27 27 27 27 26 26 25 24 24 24 24 24 24 24 23 22 22 22 21 20 20 20 19 19 19 18 18 17 17 17 18 17 16 16 16 17 16 16 15 16 16 15 15 15 14 14 14 14 13 13 12 13 12 12 12 11 11 11 11 11 11 10 10 10 10 10 9 9 9 9 9 9 8 8 8 8 8 8 7 7 7 7 7 7 7 7 7 7 7 6 6 6 6 6 5 5 5 5 5 5 5 5 5 4 4 5 4 4 4 5 4 4 4 4 3 3 3 3 3 3 2 3 2 2 2 2 2 2 1 1 1 0 1 1 0 0 0 0 -1 -1 -1 -2 -2 -2 -2 -2 -2 -2 -2 -2 -2 -2 -2 -2 -2 -1 -1 -1 -1 -1 -2 -1 -2 -3 -3 -3 -3 -3 -2 -2 -3 -3 -3 -3 -3 -4 -4 -4 -4 -4 -4 -4 -4 -4 -4 -4 -3 -3 -3 -4 -4 -4 -4 -3 -3 -3 -4 -5 -4 -4 -4 -4 -4 -5 -5 -5 -5 -5 -4 -5 -6 -6 -6 -5 -5 -4 -4 -3 -3 -3 -4 -4 -3 -3 -3 -3 -2 -3 -4 -4 -4 -3 -3 -3 -2 -2 -2 -3 -3 -3 -3 -3 -4 -4 -3 -3 -3 -3 -3 -4 -3 -3 -3 -3 28 28 27 27 27 27 27 26 25 25 25 25 25 24 24 23 23 23 23 22 21 20 20 20 19 18 18 18 17 17 17 17 17 17 17 16 17 17 16 16 16 16 16 15 15 15 15 14 14 14 13 13 13 13 12 13 13 11 11 11 11 11 11 11 10 10 10 10 10 9 9 9 9 9 9 8 8 8 8 8 7 8 8 7 7 7 7 7 7 7 6 6 6 6 6 6 6 5 5 5 5 5 5 5 5 4 4 5 4 4 4 5 4 4 5 4 3 3 3 3 3 3 3 3 3 2 2 2 2 2 1 1 1 0 1 1 0 0 0 0 -1 -1 -1 -1 -1 -2 -2 -2 -2 -2 -2 -2 -2 -2 -2 -2 -2 -1 -1 -1 -1 -1 -2 -2 -2 -2 -2 -3 -3 -3 -2 -2 -3 -3 -3 -3 -3 -3 -3 -3 -4 -3 -3 -3 -3 -3 -3 -4 -4 -3 -3 -4 -4 -3 -3 -3 -3 -4 -5 -4 -4 -3 -4 -4 -4 -4 -5 -4 -4 -4 -4 -5 -6 -6 -5 -5 -4 -5 -4 -4 -4 -4 -3 -3 -4 -3 -3 -3 -2 -2 -3 -4 -3 -3 -3 -3 -2 -1 -1 -1 -2 -3 -2 -2 -3 -3 -3 -3 -2 -3 -3 -3 -3 -2 -3 30 29 29 30 29 29 29 29 29 28 28 27 27 27 27 26 25 25 25 24 24 24 24 23 23 23 22 21 20 19 19 20 19 18 18 18 18 17 17 17 17 17 17 16 17 17 17 16 16 16 16 16 16 15 15 15 14 14 14 14 13 13 13 12 13 12 11 11 11 11 11 11 11 10 10 10 10 10 9 9 9 9 9 9 9 8 8 8 8 8 8 7 7 8 7 7 7 7 7 6 7 7 6 6 6 6 6 6 6 5 5 5 5 5 5 5 5 4 4 4 4 4 4 4 4 3 3 3 3 3 3 3 3 2 2 2 2 2 1 1 1 1 1 1 1 0 0 0 0 0 0 0 -1 -1 -2 -2 -2 -2 -2 -2 -2 -2 -2 -1 -1 -1 -1 -1 -1 -1 -1 -2 -2 -1 -2 -2 -3 -2 -2 -2 -2 -2 -3 -3 -3 -3 -3 -3 -3 -3 -3 -3 -3 -2 -3 -4 -3 -3 -3 -3 -4 -3 -3 -3 -4 -4 -5 -4 -3 -3 -4 -4 -4 -4 -5 -4 -4 -5 -5 -5 -6 -6 -5 -5 -5 -5 -5 -4 -4 -3 -3 -3 -3 -3 -3 -3 -2 -2 -2 -3 -3 -2 -2 -2 -1 -1 -1 -1 -1 -2 -2 -2 -3 -3 -3 -3 -2 -2 -2 -2 30 30 30 30 30 30 30 29 29 29 29 28 27 27 27 27 27 26 25 25 24 24 24 23 23 23 22 22 22 21 20 19 19 20 19 18 18 18 18 18 18 17 17 17 17 16 17 17 16 16 16 16 16 16 16 15 15 15 14 14 14 14 14 13 13 13 13 12 12 11 11 11 11 11 11 11 10 10 10 10 10 10 9 9 9 9 9 8 8 8 8 8 8 8 8 8 7 7 7 7 7 7 6 7 6 6 6 6 6 6 6 6 5 5 5 5 5 5 5 5 5 5 4 4 4 4 4 4 3 4 3 3 3 3 3 3 2 2 2 2 1 1 1 1 1 0 0 0 0 0 0 0 0 0 -1 -1 -2 -2 -1 -1 -1 -1 -2 -2 -1 -1 -2 -1 -1 -1 -1 -1 -1 -1 -1 -1 -1 -2 -2 -2 -2 -2 -2 -2 -3 -3 -2 -2 -3 -3 -3 -3 -3 -3 -2 -3 -3 -3 -3 -3 -2 -3 -3 -2 -3 -4 -3 -3 -4 -4 -3 -3 -3 -3 -4 -4 -5 -4 -4 -5 -5 -6 -6 -5 -5 -5 -5 -5 -5 -5 -4 -3 -3 -2 -3 -3 -3 -2 -2 -2 -2 -3 -3 -2 -2 -1 -1 -1 -1 -1 -1 -1 -1 -2 -3 -3 -3 -2 -2 -2 32 31 31 31 30 30 30 30 30 30 29 28 28 28 28 28 27 27 27 26 25 24 24 24 24 23 23 23 22 22 22 22 20 20 20 20 19 19 19 18 18 18 18 18 18 17 17 17 17 17 16 16 16 16 17 16 16 16 16 15 15 15 14 14 14 14 14 13 13 13 12 12 12 11 11 11 11 11 11 11 11 10 10 10 10 10 9 9 9 9 9 9 9 8 8 8 8 8 8 7 7 7 7 7 7 6 6 7 6 6 6 6 6 6 6 6 6 5 5 5 5 5 5 5 5 5 5 4 4 4 4 4 3 3 3 3 3 3 3 3 3 2 1 1 1 1 2 1 1 1 0 0 0 0 0 0 0 0 -1 -1 -1 -1 -1 -1 -1 -1 -1 -1 -1 -1 0 -1 -1 -1 -1 -1 -1 -1 -1 -1 -2 -2 -2 -2 -2 -2 -2 -3 -3 -2 -2 -3 -3 -3 -3 -2 -2 -2 -2 -3 -2 -2 -2 -2 -3 -3 -2 -3 -3 -2 -3 -4 -4 -3 -3 -3 -4 -4 -4 -5 -5 -4 -5 -6 -6 -5 -5 -4 -4 -4 -4 -4 -4 -3 -3 -2 -2 -2 -3 -3 -2 -2 -1 -2 -2 -3 -2 -2 -2 -2 -1 -1 -1 -1 -1 -1 -1 -2 -3 -3 -3 -2 -2 31 30 31 31 30 30 30 29 28 28 28 28 28 28 28 27 26 26 26 25 24 23 23 23 23 23 22 22 22 21 20 20 20 20 20 19 19 19 19 19 19 18 18 18 18 18 17 17 17 16 16 16 16 16 16 16 16 16 16 15 15 15 14 14 14 14 14 13 13 13 13 12 12 12 11 11 11 11 11 11 10 10 10 10 10 10 10 9 9 9 9 9 8 8 8 8 8 8 7 7 7 7 7 8 7 6 6 6 6 7 6 6 6 6 6 6 5 5 5 6 5 5 5 6 5 5 4 4 4 4 4 4 4 3 3 3 3 3 3 3 2 1 1 1 1 1 1 1 1 1 1 1 1 0 0 0 0 -1 -1 -1 0 -1 -1 -1 -1 -1 -1 -1 -1 0 -1 -1 -1 -1 -1 -1 -1 -1 -1 -1 -2 -2 -2 -2 -2 -3 -3 -3 -3 -2 -2 -3 -2 -2 -2 -2 -2 -2 -3 -2 -2 -1 -2 -2 -3 -2 -2 -2 -2 -3 -3 -4 -3 -2 -3 -3 -4 -4 -5 -5 -5 -6 -5 -5 -4 -4 -4 -3 -3 -3 -3 -3 -3 -2 -2 -2 -2 -2 -2 -2 -1 -1 -1 -2 -2 -2 -2 -2 -2 -2 -2 -2 -1 -1 -1 -2 -2 -2 -3 -3 -3 -3 30 31 31 30 30 30 28 28 28 28 28 28 28 27 26 26 26 25 24 23 22 23 23 22 22 22 21 21 20 20 20 20 20 20 20 20 19 19 19 19 19 19 19 18 18 18 17 17 17 17 17 16 17 17 16 16 16 16 16 15 15 14 14 14 14 14 14 14 13 13 12 13 12 12 12 12 11 11 11 10 10 10 10 10 10 10 10 9 9 9 9 9 9 9 8 8 8 8 8 8 7 7 8 7 7 7 6 6 7 7 6 6 6 6 6 6 6 5 6 6 6 6 6 5 5 5 4 4 4 4 4 4 4 3 3 3 3 3 3 2 2 2 1 1 1 1 1 1 1 1 0 1 1 0 0 -1 -1 -1 -1 0 0 0 0 0 -1 0 0 0 0 0 0 -1 0 -1 -1 -1 -1 -1 -1 -2 -2 -1 -2 -2 -2 -3 -3 -2 -2 -2 -2 -1 -1 -2 -1 -1 -2 -2 -2 -1 -1 -1 -1 -2 -2 -2 -2 -3 -3 -3 -3 -2 -2 -3 -3 -4 -5 -5 -6 -6 -5 -5 -4 -4 -3 -3 -3 -3 -3 -2 -3 -3 -3 -2 -2 -2 -1 -2 -1 -1 -1 -1 -2 -2 -1 -1 -1 -2 -1 -1 -1 -1 0 -1 -2 -2 -3 -3 -3 -3 -3 -3 30 29 29 30 29 28 28 27 27 27 27 27 26 26 25 25 25 24 23 23 22 22 22 21 21 21 21 20 20 20 20 20 20 20 20 20 20 20 20 19 19 19 19 18 18 18 18 17 17 17 17 17 17 17 17 16 16 16 16 15 15 15 14 14 14 14 14 14 13 13 12 12 12 12 12 12 12 11 11 11 10 10 10 10 10 10 10 10 9 9 9 9 9 9 8 8 8 8 8 8 8 8 8 8 7 7 7 7 7 7 7 6 6 6 6 6 6 6 6 6 6 6 6 6 6 5 4 5 5 4 4 4 4 4 3 3 4 4 3 2 2 2 1 1 1 1 1 1 1 1 1 0 0 0 0 0 0 -1 -1 0 0 -1 -1 -1 -1 0 0 0 0 0 0 0 -1 -1 -1 -1 -1 -1 -2 -2 -1 -1 -1 -1 -2 -3 -3 -2 -2 -2 -2 -1 -1 -1 -1 -1 -1 -2 -2 -1 -1 0 -1 -1 -2 -2 -2 -3 -4 -3 -3 -2 -3 -3 -4 -4 -4 -5 -5 -5 -4 -3 -3 -3 -3 -4 -3 -3 -3 -3 -2 -2 -2 -2 -2 -1 -1 -1 -1 -1 -1 -1 -1 -2 0 -1 -1 -1 -1 0 -1 0 0 -1 -2 -2 -3 -3 -3 -2 -2 -2 -2 30 30 28 28 28 27 26 26 26 26 26 25 25 25 24 24 24 23 23 22 22 22 22 22 21 21 21 21 21 21 21 21 21 21 20 20 20 20 20 20 19 19 19 18 18 18 18 18 18 18 17 17 17 17 17 16 16 16 16 16 16 15 15 14 14 14 14 14 13 13 13 12 12 12 12 12 11 11 11 10 10 10 10 10 10 10 10 10 10 9 9 9 9 9 9 9 8 8 8 8 8 8 8 8 7 7 7 7 7 7 7 7 6 6 6 6 6 6 6 6 6 6 6 6 5 5 5 5 5 5 5 4 4 4 4 3 4 4 3 3 2 2 2 2 2 2 2 2 2 1 1 0 0 1 0 1 0 0 -1 -1 -1 -1 -1 -1 -1 -1 -1 0 1 1 1 0 0 -1 -1 0 -1 -1 -1 -2 -1 -1 -1 -1 -1 -2 -2 -2 -2 -1 -1 -1 -1 -1 -1 0 0 -1 -1 -1 -1 -1 0 -1 -2 -2 -2 -3 -3 -4 -3 -3 -3 -3 -4 -4 -4 -4 -5 -5 -4 -3 -3 -4 -4 -4 -3 -3 -2 -2 -2 -2 -2 -2 -2 -2 -1 -1 -1 -1 0 -1 -1 -1 0 -1 -1 -1 0 0 0 -1 -1 -1 -2 -2 -2 -2 -2 -2 -2 -2 -2 38 38 38 37 37 38 38 37 32 30 29 28 27 27 27 26 26 26 26 25 25 25 25 24 24 24 24 23 23 23 23 23 22 22 22 22 22 22 22 21 21 21 21 21 21 20 20 20 20 19 19 19 18 19 18 18 18 18 18 18 17 17 17 17 17 16 16 16 16 16 15 15 15 15 14 14 14 14 13 13 13 12 12 12 12 12 11 11 11 10 10 10 10 10 10 10 10 10 10 9 9 9 9 9 9 8 8 8 8 8 8 8 7 7 7 7 7 7 7 7 7 7 6 6 6 6 6 7 6 6 6 6 6 5 5 5 5 5 5 5 5 5 4 4 4 4 4 3 3 2 2 2 2 2 2 2 1 1 1 1 0 1 1 1 1 0 0 0 0 -1 -1 -1 -1 -1 0 -1 -1 1 1 1 0 0 -1 0 0 0 0 -1 -1 -1 -1 -1 -1 -2 -2 -2 -2 -1 -1 -1 -1 0 -1 -1 0 0 0 -1 -1 -1 -1 0 0 -1 -2 -3 -2 -2 -3 -4 -3 -3 -3 -4 -4 -3 -4 -5 -4 -4 -3 -3 -4 -3 -2 -2 -2 -2 -2 -2 -2 -2 -2 -2 -1 -1 -1 -1 0 0 -1 -1 -1 0 -1 -1 0 -1 -1 -1 -1 -1 -2 -2 -2 -2 -2 -2 -2 -2 -2 -2 -1 39 39 38 38 38 37 37 38 37 37 38 38 35 35 34 33 31 30 29 28 27 26 26 26 26 26 26 26 25 25 25 25 24 24 24 24 23 23 23 23 23 23 22 22 22 22 22 22 21 21 21 21 21 20 20 20 20 19 19 19 19 18 18 18 18 18 18 18 17 17 17 17 17 16 16 16 16 15 15 15 15 15 14 14 14 14 13 13 13 13 12 12 12 12 12 11 11 11 10 10 10 10 10 10 10 10 10 9 9 9 9 9 9 9 8 8 8 8 8 8 7 7 7 7 7 7 7 7 7 7 6 6 6 6 7 7 6 6 7 6 6 6 5 5 5 5 5 5 5 5 5 4 4 4 3 3 2 3 2 2 2 2 1 1 1 1 1 1 1 1 1 1 0 1 1 0 0 -1 -1 0 0 0 -1 0 1 1 1 0 0 0 1 0 0 0 -1 0 0 0 -1 -1 -1 -1 -2 -1 -1 -1 -1 -1 0 -1 -1 -1 -1 0 0 0 0 0 0 0 -1 -2 -3 -3 -2 -2 -3 -4 -3 -3 -3 -4 -3 -4 -4 -4 -4 -4 -4 -3 -3 -3 -3 -2 -2 -2 -2 -2 -2 -2 -1 -1 -1 -1 -1 0 0 0 -1 0 0 -1 -1 -1 -1 -1 -1 -1 -1 -2 -2 -2 -2 -2 -2 -2 -2 -2 -2 -2 -2 39 39 39 38 38 38 37 37 37 37 37 36 37 37 37 36 35 36 36 35 35 34 33 32 31 29 28 27 27 27 27 27 27 26 26 26 26 25 25 25 25 24 24 24 24 24 23 23 23 23 23 22 22 22 22 22 21 21 21 21 21 20 20 20 19 19 19 19 19 19 19 19 18 18 18 18 18 17 17 17 17 16 16 16 16 15 15 15 15 15 15 14 14 14 13 13 13 12 12 12 12 12 12 11 11 10 10 11 10 10 10 10 10 10 10 9 9 9 9 9 9 9 8 8 8 8 8 7 7 7 7 7 8 7 7 7 7 7 7 6 6 7 7 7 7 7 7 6 6 6 5 5 5 5 5 5 5 5 5 4 4 4 3 3 3 3 2 3 2 2 1 1 1 1 1 1 1 1 1 1 1 1 0 0 0 0 0 -1 0 0 0 1 1 1 1 1 1 1 0 0 0 0 0 0 0 0 -1 -1 -1 -1 -1 -1 -1 -1 -1 -1 -1 -1 -1 -1 -1 0 0 0 0 -1 -1 -1 -1 -2 -2 -3 -3 -3 -3 -4 -3 -3 -4 -4 -4 -3 -3 -3 -2 -2 -2 -3 -3 -2 -3 -3 -3 -2 -2 -2 -1 -1 -1 -1 0 0 0 0 0 0 0 0 -1 -1 -1 -1 -1 -1 -1 -1 -1 -2 -2 -2 -2 -1 -1 -2 -2 -2 -2 -1 -1 40 39 39 38 38 38 38 37 37 37 36 36 37 36 36 36 36 35 35 35 36 35 35 34 34 35 36 35 35 33 32 31 29 28 27 27 27 27 27 27 27 27 26 26 26 26 26 25 25 24 24 24 24 24 23 23 23 23 23 22 22 22 22 22 21 21 21 21 20 20 20 20 19 19 19 19 19 19 19 19 18 18 18 18 18 18 17 17 16 16 16 16 16 15 15 15 15 15 14 14 14 14 14 13 13 13 12 13 13 12 12 11 11 11 11 10 10 10 10 10 10 10 10 9 9 9 9 9 9 8 8 8 8 8 8 7 7 7 7 7 7 7 7 7 7 7 7 6 7 7 7 7 7 7 6 6 6 6 5 5 5 5 5 5 5 5 5 4 4 4 4 4 3 3 3 3 3 2 2 1 1 2 1 1 2 2 1 1 1 0 0 0 0 0 0 0 -1 0 1 1 1 1 1 1 1 1 0 0 0 1 0 0 0 -1 -1 -1 -1 -1 -1 -1 -1 -1 -1 -1 -1 -1 0 0 0 0 0 -1 -1 0 0 -1 -1 -2 -1 -2 -2 -3 -3 -3 -3 -3 -3 -3 -3 -2 -2 -2 -2 -2 -2 -2 -2 -2 -2 -2 -2 -2 -2 -1 -2 -2 -2 -1 -1 0 0 0 0 0 0 -1 -1 -1 -1 -1 0 0 -1 -1 -2 -1 -2 -2 -1 -1 -2 -2 -2 -2 -1 -1 -1 -1 40 39 39 39 38 38 38 37 37 37 36 36 36 37 36 36 35 34 34 35 35 36 35 34 34 35 35 35 34 33 32 31 30 28 27 27 27 27 27 27 27 27 27 26 26 26 26 26 25 25 24 24 24 24 24 23 23 23 23 23 22 22 22 22 22 21 21 21 20 20 20 20 20 20 20 19 19 19 19 19 19 18 18 18 18 18 18 17 17 16 16 16 16 15 15 15 15 15 14 14 14 14 14 14 13 13 13 13 13 13 12 12 11 11 11 11 10 10 10 10 10 10 10 10 10 9 9 9 9 9 9 8 8 8 8 8 8 7 7 8 8 8 8 7 7 7 7 7 7 7 8 7 7 7 6 6 6 5 5 5 5 5 5 5 5 5 5 5 4 4 3 3 3 3 3 3 3 3 3 2 2 2 2 2 2 2 2 1 1 1 1 1 1 0 0 0 0 0 1 1 1 1 1 1 1 0 1 1 1 1 0 0 0 0 0 -1 -1 -1 -1 -1 -1 -1 -1 0 -1 0 0 0 0 0 0 -1 -1 -1 0 -1 -1 -1 -2 -2 -2 -2 -3 -3 -3 -3 -2 -2 -3 -3 -3 -3 -3 -2 -2 -2 -2 -2 -2 -2 -1 -1 -2 -2 -2 -2 -2 -2 -1 -1 0 1 0 0 0 0 0 -1 -1 0 0 0 0 -1 -1 -1 -1 -1 -1 -1 -1 -2 -2 -1 -1 -1 -1 -1 40 39 39 39 38 39 39 38 37 37 36 36 36 36 35 35 35 34 34 35 36 36 35 34 35 35 35 34 34 33 32 30 29 28 28 27 27 27 27 27 27 27 27 27 27 26 26 26 25 25 25 25 24 24 24 24 23 23 23 23 23 22 22 22 22 21 21 21 21 20 20 20 20 20 20 19 19 19 19 19 19 18 18 18 18 18 18 17 17 17 16 16 16 16 16 15 15 15 14 14 14 14 14 14 14 13 13 13 13 13 13 12 12 11 11 10 11 10 10 10 10 10 10 10 10 10 9 9 9 9 9 9 8 8 8 8 8 8 8 8 8 8 7 8 7 7 8 7 7 8 8 7 7 7 6 6 6 6 6 5 5 5 5 5 5 5 5 4 4 4 4 4 3 3 3 3 3 3 3 3 3 2 3 3 3 3 3 2 2 2 1 1 1 1 0 1 0 0 1 1 1 2 1 1 1 1 1 1 1 1 0 0 0 0 0 0 0 0 -1 -1 0 0 0 0 -1 -1 -1 0 0 0 -1 -1 -1 -1 -1 -1 -1 -1 -2 -2 -2 -2 -2 -3 -3 -3 -3 -2 -2 -2 -3 -3 -3 -3 -3 -2 -2 -2 -2 -2 -2 -1 -1 -1 -1 -2 -1 -1 -1 -1 0 1 0 1 1 0 0 -1 -1 -1 0 0 0 0 -1 -1 -1 -1 -1 -1 -1 -1 -2 -2 -1 -1 -1 0 40 39 39 39 39 39 38 38 37 37 37 37 36 36 35 34 34 35 35 36 36 35 34 34 34 34 34 33 32 31 31 30 29 28 28 28 28 28 28 27 27 27 27 27 27 26 26 25 25 25 25 25 24 24 24 24 23 23 23 23 23 22 22 22 21 21 21 21 21 21 21 21 20 20 20 19 19 19 19 19 19 18 18 18 18 18 18 17 17 17 17 16 16 16 16 16 15 15 15 15 14 14 14 14 14 13 13 13 12 13 13 12 12 11 11 11 11 11 10 10 10 10 10 10 10 10 10 9 9 9 9 9 8 8 8 8 8 8 8 8 8 8 7 7 7 7 8 8 8 8 8 7 7 6 6 6 6 6 6 6 6 5 5 5 5 5 5 5 5 4 4 4 4 4 3 3 3 3 3 3 3 3 3 3 3 3 3 2 2 2 2 2 1 1 1 1 0 1 1 1 2 1 1 1 1 1 1 1 1 1 1 0 1 0 0 0 0 0 -1 -1 0 -1 0 0 0 0 0 0 0 -1 -1 -1 -1 -1 -1 -1 -1 -1 -2 -2 -2 -2 -2 -3 -3 -3 -2 -2 -2 -2 -2 -2 -2 -2 -3 -3 -2 -2 -2 -2 -2 -1 -1 -1 -1 -1 0 0 0 0 1 0 0 1 1 0 -1 -1 0 0 0 0 0 0 0 -1 -1 -1 -1 -1 -1 -2 -1 -1 -1 40 39 39 39 38 39 39 38 38 38 37 36 36 36 36 35 35 35 35 35 35 35 35 34 33 33 32 34 33 32 31 30 30 29 28 28 28 28 28 28 28 28 27 27 27 27 26 26 26 25 25 25 25 25 24 24 24 24 23 23 23 23 22 22 22 22 22 21 21 21 21 21 21 20 20 20 20 20 19 19 19 19 19 18 18 18 18 18 17 17 17 17 17 16 16 16 16 16 15 15 15 14 14 14 14 13 13 13 13 13 12 13 13 12 12 11 11 11 11 11 10 10 10 10 10 10 10 10 10 9 9 9 9 9 8 8 8 8 8 8 8 8 7 7 7 7 7 7 8 7 7 7 7 7 7 6 6 6 6 6 6 6 6 6 6 6 5 5 5 4 5 4 4 4 4 4 3 3 3 3 3 3 3 3 3 3 3 2 3 2 2 2 1 1 1 1 1 0 1 1 1 2 1 2 2 1 1 1 2 2 1 1 1 1 1 1 0 0 0 0 0 0 0 0 0 0 0 0 0 0 0 -1 -1 -1 -1 -1 -1 -1 -1 -1 -2 -2 -2 -2 -2 -3 -2 -2 -2 -2 -2 -2 -2 -2 -2 -2 -2 -2 -2 -2 -2 -2 -2 -1 -1 -1 -1 -1 -1 -1 0 0 0 0 0 0 0 0 0 0 0 0 0 0 0 0 -1 -1 -1 -1 0 0 -1 -1 0 40 39 39 38 38 38 39 38 37 36 35 36 35 35 35 35 34 35 35 35 35 35 33 32 32 33 33 32 30 30 29 28 28 28 29 29 29 28 28 28 28 27 27 27 27 27 26 26 26 25 25 25 24 24 24 24 24 23 23 23 23 23 22 22 22 22 22 21 21 21 21 21 20 20 20 20 20 19 19 19 19 19 19 18 18 18 17 17 17 17 17 17 16 16 16 16 15 15 15 15 15 14 14 14 13 13 13 13 13 13 13 13 12 11 11 11 11 11 11 10 10 10 10 10 10 10 10 9 9 9 9 9 9 8 8 8 8 8 8 8 8 7 7 7 7 7 7 7 7 7 7 7 7 7 7 6 6 6 6 6 6 6 5 6 6 5 5 4 4 4 4 3 4 4 4 4 3 3 3 4 3 3 3 3 3 3 3 3 3 2 2 1 1 1 1 1 2 2 2 2 2 1 2 1 1 2 2 2 2 2 2 1 1 1 0 0 0 0 0 0 0 0 0 0 0 0 0 0 0 0 -1 -1 -1 -1 -1 -1 -1 -1 -1 -2 -2 -2 -2 -2 -2 -2 -2 -2 -2 -2 -2 -2 -2 -2 -2 -2 -2 -2 -2 -2 -2 -2 -2 -1 -1 -1 -2 -1 0 0 -1 0 0 0 0 0 0 0 0 0 0 0 0 0 0 0 0 0 1 1 0 0 0 40 40 39 38 37 37 37 36 36 36 36 35 35 34 34 33 34 34 34 35 35 34 35 33 31 31 31 30 29 29 29 29 29 29 29 29 29 28 28 28 28 27 27 27 27 26 26 26 26 25 25 25 24 24 24 24 23 23 23 23 23 23 22 22 22 22 21 21 21 21 21 20 20 20 20 20 20 19 19 19 19 19 19 18 18 18 18 17 17 17 17 16 16 16 16 15 15 15 15 15 15 14 14 14 14 13 13 13 13 13 12 12 12 11 11 11 11 11 11 10 10 10 10 10 10 10 10 9 9 9 9 9 9 9 9 8 8 8 8 8 8 8 7 7 7 7 7 7 7 7 7 7 7 7 7 7 7 6 6 5 5 5 5 5 5 5 4 4 4 4 3 4 4 3 4 4 3 4 4 3 3 3 3 3 3 3 2 3 3 2 2 2 2 1 1 2 2 3 3 2 2 2 2 2 2 2 2 2 2 1 1 1 1 0 0 0 0 0 0 0 0 0 0 0 0 0 0 0 0 0 -1 -1 -1 -1 -1 -1 -1 -1 -1 -2 -2 -2 -2 -2 -2 -2 -2 -2 -2 -2 -2 -2 -2 -2 -2 -2 -2 -2 -2 -2 -2 -2 -2 -2 -2 -1 -1 0 0 -1 0 0 0 0 0 0 0 0 1 1 1 1 1 1 1 1 1 1 1 1 1 1 39 38 38 37 37 36 37 37 37 37 36 36 35 34 34 33 33 34 34 35 36 35 33 33 32 32 31 30 30 30 29 29 29 29 29 29 29 28 28 28 28 27 27 27 26 26 26 26 25 25 25 25 25 24 24 24 24 23 23 23 23 23 22 22 22 22 22 21 21 21 21 21 20 20 20 20 20 19 19 19 19 18 18 18 18 18 18 18 17 17 17 16 16 16 15 15 15 15 15 15 15 14 14 14 13 13 13 13 13 12 12 12 12 11 11 11 11 11 11 10 10 10 10 10 10 10 10 9 9 9 9 9 9 9 9 8 8 8 8 8 8 8 7 8 8 8 7 7 7 7 7 7 7 7 7 7 7 6 5 5 5 5 5 5 4 4 4 4 4 4 4 4 4 3 4 4 3 4 3 3 4 4 3 3 3 2 2 3 2 2 2 2 1 1 3 3 3 3 2 3 3 2 3 2 2 2 1 1 1 1 1 1 0 1 0 0 0 0 0 0 0 0 0 0 0 0 0 0 0 0 -1 -1 -1 -1 -1 -1 -1 -1 -1 -2 -2 -2 -2 -2 -1 -1 -1 -2 -2 -2 -2 -2 -2 -2 -2 -2 -2 -2 -2 -2 -2 -2 -1 -2 -2 -2 -1 0 -1 0 0 1 1 1 1 0 0 1 1 1 1 1 2 1 1 1 1 1 1 38 38 38 38 39 38 39 38 36 36 35 34 33 34 34 34 35 34 34 33 32 31 31 30 30 30 30 29 29 29 29 29 29 29 28 28 28 28 27 27 27 26 26 26 26 25 25 25 25 24 24 24 24 24 23 23 23 23 23 23 22 22 22 22 21 21 21 21 20 20 20 20 20 20 19 19 19 18 18 18 18 18 18 18 18 17 17 17 17 16 16 15 15 15 15 15 15 14 14 14 14 13 13 13 13 12 12 12 12 12 12 12 12 11 11 11 11 10 10 10 10 10 10 10 10 9 9 9 9 9 8 8 8 8 8 8 8 8 8 8 9 8 7 7 7 7 7 7 7 7 7 7 6 6 5 5 5 5 5 4 5 5 5 5 4 4 4 4 4 4 4 4 3 4 3 3 3 3 4 3 3 3 2 3 3 2 2 2 2 2 3 3 3 3 3 2 3 2 2 2 2 2 2 2 2 1 1 1 1 1 1 0 0 0 0 0 0 0 0 0 0 0 0 0 0 0 0 0 -1 -1 -1 -1 -1 -1 -1 -1 -2 -2 -2 -1 -1 -1 -1 -1 -1 -2 -2 -2 -2 -2 -2 -2 -2 -2 -2 -1 -2 -1 -1 -1 -1 -1 -1 -1 0 0 1 1 1 1 1 0 1 1 1 1 1 2 2 1 1 1 1 2 2 2 2 40 39 39 40 40 40 40 39 38 38 38 37 32 32 32 33 33 32 33 32 31 31 30 30 30 30 30 30 30 30 29 29 29 29 29 28 28 28 28 27 27 26 26 26 26 25 25 25 25 25 24 24 24 24 23 23 23 23 23 23 23 22 22 22 22 22 21 21 21 20 20 20 20 20 20 19 19 19 19 19 19 18 18 18 18 17 17 17 17 17 16 16 15 15 15 15 15 14 14 14 14 14 13 13 13 13 12 12 12 12 12 12 12 12 11 11 11 11 11 10 10 10 10 10 10 9 9 9 9 9 9 9 8 8 8 8 8 8 8 8 8 8 8 7 7 7 7 7 7 7 7 7 7 6 6 6 6 6 5 5 5 5 5 5 4 4 4 4 4 4 4 4 3 4 4 3 3 3 4 3 3 3 3 2 3 2 2 2 2 3 4 4 3 2 3 2 3 2 2 2 2 2 2 2 2 2 2 1 1 0 1 1 0 0 1 0 0 0 0 0 0 0 0 0 0 0 0 -1 0 -1 -1 -1 -1 -1 -1 -1 -1 -1 -1 -1 -1 -1 -1 -1 -1 -1 -2 -2 -2 -2 -2 -2 -1 -2 -1 -1 0 0 0 1 0 0 -1 0 -1 0 1 1 1 1 1 1 1 1 1 1 1 2 1 1 1 1 2 2 2 1 2 41 41 42 41 41 40 39 39 39 38 36 35 33 32 32 31 31 31 30 30 30 30 30 30 30 30 30 30 30 30 29 29 29 29 28 28 28 28 27 27 27 26 26 26 26 25 25 25 24 24 24 24 24 23 23 23 23 23 23 22 22 22 22 22 21 21 21 21 20 20 20 20 20 19 19 19 19 19 19 19 18 18 18 17 17 17 17 17 16 16 16 15 15 15 15 15 14 14 14 14 13 13 13 13 13 12 12 12 12 12 12 12 11 11 11 11 11 11 10 10 10 10 10 10 10 10 9 9 9 9 8 8 8 9 8 8 9 8 8 8 8 8 7 7 7 7 7 7 8 7 7 7 7 7 6 6 6 6 5 5 5 5 4 4 4 4 4 4 4 4 4 4 4 3 3 3 4 3 4 4 3 3 2 2 2 2 3 3 4 3 3 3 2 2 2 2 2 2 2 2 2 2 2 2 2 2 1 1 2 1 1 1 1 0 1 1 0 0 1 0 0 -1 -1 0 0 0 0 0 0 -1 -1 -1 -1 -1 -1 -1 -1 -1 -1 -1 -1 -1 -1 -1 -1 -2 -2 -2 -2 -1 0 0 0 -1 -1 0 0 1 1 0 0 1 0 0 0 0 1 1 1 1 1 1 2 1 2 1 1 1 2 2 2 1 1 2 42 41 41 41 40 40 39 39 38 37 36 35 34 33 33 33 32 31 31 31 31 30 30 30 30 30 30 30 30 30 29 29 29 29 28 28 28 27 27 27 27 26 26 26 26 25 25 25 24 24 24 24 24 24 23 23 23 23 23 22 22 22 22 21 21 21 21 20 20 20 20 20 19 19 19 19 19 19 19 19 18 18 18 18 17 17 17 16 16 16 16 15 15 15 15 15 14 14 14 14 13 13 13 13 13 12 12 12 12 11 12 11 11 11 11 11 11 11 11 10 10 10 10 10 10 9 9 9 9 9 9 8 9 8 8 8 8 9 8 8 8 8 8 7 7 7 7 7 7 7 7 7 7 6 6 7 6 5 5 5 5 4 5 4 4 4 4 4 4 4 3 4 3 3 3 4 3 4 4 3 3 3 3 2 2 2 3 3 3 3 3 3 3 3 2 2 2 2 2 3 2 3 3 3 2 2 2 2 2 2 1 1 0 1 1 1 1 1 0 0 0 0 -1 -1 -1 -1 -1 0 0 0 -1 -1 -1 -1 -1 -1 -1 -1 -1 -1 -1 -1 -1 -1 -1 -1 -1 -1 -1 -1 0 1 1 1 0 0 1 1 1 1 1 0 0 1 1 1 1 1 1 1 2 2 1 1 1 1 1 2 2 1 1 2 41 41 40 40 40 40 40 39 38 37 36 36 35 35 36 36 35 33 32 32 32 31 31 31 31 31 31 30 30 30 30 30 29 29 29 29 28 28 27 27 27 27 26 26 26 26 26 25 25 25 24 24 24 24 24 23 23 23 23 23 23 22 22 22 21 21 21 21 21 20 20 20 20 19 19 20 19 19 19 19 19 18 18 18 18 18 17 17 16 16 16 16 16 15 15 15 15 15 14 14 14 14 14 14 14 13 13 12 12 12 12 12 12 12 11 11 11 11 11 11 11 10 10 10 10 10 9 9 9 9 9 9 9 9 8 8 8 8 8 8 8 8 8 8 8 7 7 8 7 7 7 7 6 6 6 6 6 6 5 5 5 4 4 5 5 4 4 4 4 4 4 4 4 3 3 4 3 3 3 3 3 4 3 3 2 2 2 3 3 3 3 3 3 3 3 2 2 2 2 2 3 3 3 3 3 3 3 3 2 1 1 1 1 1 1 1 1 2 2 0 0 0 0 0 0 -1 -1 -1 -1 0 0 -1 -1 -1 -1 -1 -1 -1 -1 -1 -1 -1 -1 0 -1 0 0 0 0 -1 -1 0 0 1 1 1 1 1 1 2 2 1 1 0 1 1 1 2 2 2 2 1 1 1 1 1 1 1 2 1 1 2 2 42 40 40 39 39 39 39 39 38 38 38 38 38 37 38 37 36 35 34 33 32 31 31 31 31 31 31 31 31 30 30 30 30 29 29 29 29 28 28 28 27 27 27 27 26 26 26 26 26 25 25 25 24 24 24 24 24 23 23 23 23 23 22 22 22 22 21 21 21 21 21 20 21 20 20 20 19 19 19 19 19 19 19 19 18 18 18 18 17 16 16 16 16 16 16 15 15 15 15 15 14 14 14 14 14 14 13 13 13 12 12 12 12 12 12 12 11 11 11 11 11 11 11 10 10 10 10 10 10 10 9 9 9 9 9 9 8 8 8 8 8 8 8 8 8 8 8 8 8 7 8 8 7 6 6 6 6 6 5 5 5 5 5 5 5 5 4 4 4 4 4 4 4 3 3 3 3 3 3 3 3 3 3 3 3 2 2 2 3 3 3 3 3 3 3 3 3 3 3 3 3 3 3 3 3 3 3 3 3 3 2 2 2 1 1 1 1 2 2 2 1 1 1 0 0 0 0 0 0 0 0 -1 -1 -1 -1 -1 -1 -1 -1 -1 -1 -1 -1 -1 0 0 1 1 1 1 0 -1 0 0 1 2 2 2 2 2 2 2 1 1 0 0 1 1 2 2 2 2 1 1 1 1 1 1 1 1 1 2 2 2 2 42 41 41 40 39 39 39 40 39 40 40 40 39 38 39 38 36 35 34 33 32 31 31 31 31 31 31 31 31 31 30 30 30 30 29 29 29 29 28 28 27 27 27 27 27 26 26 26 26 25 25 25 25 24 24 24 24 24 23 23 23 23 23 22 22 22 21 21 21 21 21 20 20 20 20 20 19 20 19 19 19 19 19 19 18 18 18 17 17 16 16 16 16 16 16 16 16 15 15 15 15 14 14 14 14 14 14 14 13 13 12 12 12 12 12 12 12 12 12 11 11 11 11 11 10 10 10 10 10 10 10 9 9 9 9 9 9 8 8 8 8 8 8 8 9 8 8 8 7 7 8 8 7 7 6 6 6 6 5 5 5 5 5 6 6 5 5 5 4 5 5 4 4 4 3 3 3 3 3 3 3 3 3 3 3 3 2 2 2 3 3 3 3 3 3 3 3 3 3 3 3 3 3 3 3 3 3 3 3 3 2 2 1 1 1 1 1 2 2 2 1 2 1 1 1 1 0 0 0 0 0 -1 -1 -1 -1 -1 -1 0 0 -1 -1 0 -1 -1 -1 -1 1 1 1 2 1 0 0 1 2 2 2 1 2 2 3 3 2 1 0 0 1 2 2 2 2 2 2 2 1 1 1 1 2 1 1 2 2 2 43 42 42 43 42 41 40 39 38 39 40 40 39 39 39 39 39 38 36 36 36 35 33 32 31 31 31 31 31 31 31 31 31 30 30 30 29 29 29 29 28 28 28 27 27 27 27 26 26 26 26 26 25 25 25 25 24 24 24 24 24 23 23 23 23 22 22 22 22 21 21 21 21 20 20 20 20 20 20 19 19 19 19 19 19 18 18 18 18 18 17 17 16 16 16 16 16 16 16 16 15 15 15 15 15 14 14 14 14 14 13 13 13 12 12 12 12 12 12 12 12 12 11 11 11 11 11 11 10 10 10 10 10 10 9 10 9 9 8 8 8 9 8 9 8 8 8 9 8 8 7 8 8 8 7 7 7 7 7 7 6 6 6 6 7 6 6 6 5 5 5 5 5 5 4 4 3 3 4 3 3 3 3 3 3 3 2 2 2 2 2 3 3 3 3 3 3 4 3 3 3 4 4 3 3 3 3 3 3 3 3 3 3 2 2 1 1 1 2 2 2 1 1 1 1 0 0 1 1 0 0 -1 -1 -1 -1 -1 -1 0 -1 -1 0 -1 -1 0 0 1 0 0 0 0 0 1 2 1 0 0 1 1 1 1 2 2 2 3 3 2 1 1 2 2 2 2 2 2 2 2 2 2 1 1 2 1 2 2 2 2 43 43 44 43 42 41 41 40 38 38 39 39 38 38 37 38 39 38 37 38 37 36 34 32 31 31 31 31 31 31 31 31 31 30 30 30 30 29 29 29 29 28 28 28 27 27 27 27 26 26 26 26 26 25 25 25 25 24 24 24 24 23 23 23 23 23 23 23 22 22 21 21 21 21 20 20 20 20 20 20 20 20 19 19 19 19 19 18 18 18 18 17 16 16 16 16 16 16 16 16 16 15 15 15 15 15 15 14 14 14 13 13 13 13 12 12 12 12 12 12 12 12 12 11 11 11 11 11 11 10 10 10 10 10 10 9 9 9 9 9 9 10 9 9 9 9 8 8 8 8 8 8 8 8 8 7 7 7 7 7 7 7 7 7 6 6 5 5 6 5 5 5 5 5 5 4 3 3 4 3 3 3 3 3 3 3 2 2 2 2 2 3 3 3 4 3 3 4 4 4 4 4 4 3 3 3 3 3 2 3 3 3 3 3 2 2 2 2 2 2 1 1 0 0 0 0 0 0 1 0 0 -1 -1 -1 -1 -1 0 0 0 -1 -1 0 0 0 0 1 1 1 0 1 1 1 2 2 2 1 1 1 1 1 1 2 2 2 3 2 2 2 3 3 2 2 2 2 2 2 2 2 2 2 2 2 2 2 2 44 44 43 42 41 40 41 40 39 38 38 38 38 38 37 38 39 39 39 38 37 35 34 33 31 31 31 32 32 32 31 31 31 31 31 30 30 30 29 29 29 28 28 28 28 27 27 27 27 26 26 26 26 25 25 25 25 25 24 24 24 24 23 23 23 23 23 23 23 22 22 22 22 21 21 20 20 20 21 20 20 20 19 19 19 19 19 19 18 18 18 18 17 16 16 16 16 16 16 16 16 15 15 15 15 15 15 14 14 14 13 13 13 13 13 13 13 13 12 12 12 12 12 12 11 11 11 11 11 11 10 10 10 10 10 9 9 9 9 9 9 10 9 9 9 9 9 9 8 8 8 8 8 8 8 7 7 7 7 7 7 7 6 6 6 6 6 5 6 5 5 5 5 5 4 4 4 3 3 3 3 3 3 3 3 3 3 3 3 3 3 3 3 4 4 4 4 4 4 4 4 4 3 3 3 3 3 3 3 3 3 3 3 3 3 2 2 3 2 2 2 1 0 0 0 0 0 0 1 0 0 0 -1 -1 -1 0 0 0 0 0 0 0 0 1 1 1 1 2 1 0 1 1 2 2 2 2 2 2 1 1 1 2 2 3 3 3 3 3 3 3 3 3 2 2 2 3 2 3 2 2 2 2 2 2 2 44 42 41 42 41 40 39 39 39 39 38 37 37 37 38 38 39 39 38 37 35 34 34 33 32 31 32 32 32 32 31 31 31 31 30 30 30 30 30 29 29 28 28 28 28 27 27 27 27 26 26 26 26 25 25 25 25 25 24 24 24 23 23 23 23 23 23 23 23 23 22 22 22 21 21 21 21 21 20 20 20 20 20 19 19 19 19 18 18 18 18 17 17 16 16 16 16 16 16 16 16 15 15 15 15 15 14 14 14 14 13 13 13 13 13 13 13 13 12 12 12 12 12 12 11 11 11 11 11 11 10 10 10 10 9 9 9 9 9 9 10 10 9 9 9 9 9 9 8 8 8 8 8 8 7 7 7 7 7 7 7 6 6 6 6 6 5 5 5 6 6 5 5 4 4 4 4 3 3 3 3 3 3 4 3 3 3 3 3 2 3 4 4 4 4 4 4 4 4 3 4 3 3 3 3 3 3 4 4 3 4 4 3 3 2 2 2 2 3 2 1 1 0 0 0 0 0 0 0 0 -1 0 0 0 0 0 0 0 0 0 1 0 1 1 2 2 2 2 1 1 1 2 2 2 2 2 2 2 1 2 2 3 3 3 3 3 3 3 3 3 2 2 2 2 2 2 2 2 2 1 2 2 2 2 44 43 43 43 42 41 40 40 40 39 38 37 37 37 37 36 38 38 37 36 35 34 34 33 32 32 32 32 32 32 32 31 31 31 31 30 30 30 30 30 29 29 28 28 28 28 27 27 27 27 27 26 26 26 25 25 25 25 25 24 24 24 24 23 23 23 23 23 23 23 23 22 22 22 22 21 21 21 21 20 20 20 20 20 19 19 19 19 18 18 18 17 17 17 17 17 16 16 16 16 16 16 15 15 15 15 15 14 14 14 13 13 13 13 13 13 13 13 13 13 12 12 12 12 12 11 11 11 11 11 11 10 10 10 10 10 10 10 10 10 10 10 10 10 9 9 9 9 9 8 8 8 8 8 8 7 7 7 7 7 7 7 7 7 6 6 6 6 6 6 6 5 5 4 4 4 4 4 3 3 4 3 4 4 4 3 3 3 3 2 3 4 4 4 3 4 4 3 3 3 3 3 3 3 3 4 4 4 4 4 4 4 3 3 3 2 2 3 3 2 2 1 0 0 0 0 0 0 0 0 0 0 0 0 0 0 0 0 0 0 1 1 1 1 2 2 2 2 2 1 1 2 2 2 2 2 2 2 2 2 3 4 3 3 2 2 2 2 2 2 1 2 2 2 3 3 2 2 2 1 2 2 3 44 44 44 42 41 40 39 39 39 39 39 37 36 36 37 36 37 38 36 34 33 33 33 32 32 32 32 32 32 32 32 31 31 31 31 30 30 30 30 29 29 29 28 28 28 28 27 27 27 27 26 26 26 26 26 25 25 25 24 24 24 24 24 24 23 23 23 23 23 23 23 22 22 22 22 21 21 21 21 20 20 20 20 20 20 19 19 18 18 18 17 17 17 17 17 17 17 16 16 16 16 16 15 15 15 15 15 14 14 13 13 13 13 13 13 13 13 13 13 13 12 12 12 12 12 11 11 11 11 11 11 10 10 10 10 10 10 10 9 10 10 10 10 10 10 9 9 9 9 8 8 8 8 8 8 8 7 7 8 7 7 7 7 6 6 6 6 6 6 6 5 5 5 4 4 4 4 4 4 4 4 4 4 4 3 3 3 3 3 4 4 4 3 3 3 3 3 3 3 3 3 3 3 4 4 4 4 4 3 3 3 3 2 2 2 1 2 2 1 1 1 0 0 0 0 0 0 0 0 0 0 0 0 0 0 0 0 0 0 0 1 1 1 2 2 2 3 3 2 2 2 2 2 2 2 2 2 2 3 3 3 3 3 3 3 2 2 2 2 1 1 1 2 2 3 2 2 1 1 2 2 3 44 44 44 44 42 41 41 41 41 41 40 39 38 37 36 36 37 38 38 37 35 34 34 33 33 32 33 33 32 32 32 32 32 31 31 31 31 30 30 30 29 29 29 28 28 28 28 27 27 27 27 27 27 26 26 26 25 25 25 24 24 24 25 24 24 24 24 23 23 23 23 23 22 22 22 22 21 21 21 21 21 20 20 20 20 20 19 19 18 18 18 17 17 17 17 17 17 17 16 16 16 16 16 16 15 15 16 15 15 14 13 13 13 13 14 13 13 13 13 13 13 12 12 12 12 12 12 11 11 11 11 11 11 10 10 10 10 10 10 9 10 10 10 10 10 9 9 9 9 9 9 8 8 8 8 8 8 8 8 8 7 7 7 7 7 6 7 6 6 6 6 6 6 5 5 4 4 4 4 4 4 4 4 4 4 4 3 3 3 3 4 4 4 3 3 3 3 3 3 3 3 3 3 4 4 4 4 4 3 3 2 2 2 2 1 2 1 1 1 1 1 1 1 0 1 1 0 0 0 0 0 0 0 0 0 1 1 1 1 0 0 0 0 1 1 2 2 2 2 3 2 3 2 2 2 3 2 3 3 3 3 3 3 2 2 2 3 3 2 2 2 2 1 1 2 2 1 1 1 2 2 2 3 44 44 43 42 41 42 43 43 43 42 41 40 39 37 37 36 35 36 36 36 35 34 34 33 33 33 33 33 33 33 32 32 32 32 31 31 31 31 30 30 29 29 29 29 28 28 28 28 27 27 27 27 27 27 26 26 26 25 25 25 24 25 24 24 24 24 24 23 23 23 23 23 22 22 22 22 22 21 21 21 21 20 20 20 20 20 19 19 19 18 18 18 18 17 17 17 17 17 17 16 16 16 16 16 15 15 15 15 15 14 14 13 14 14 14 14 13 13 13 13 13 13 12 12 12 12 12 12 11 11 11 11 11 11 10 10 10 10 10 10 10 10 10 10 9 9 9 9 9 9 9 9 8 8 8 8 8 8 8 8 8 7 7 7 7 7 6 6 6 6 6 6 6 6 5 5 5 4 4 4 4 4 4 4 4 4 4 3 3 3 4 4 4 4 4 4 3 3 3 3 3 3 3 3 4 4 4 4 3 3 2 2 2 2 2 1 1 1 1 1 1 1 1 1 1 1 1 0 0 0 1 1 1 0 1 1 1 1 1 1 1 0 0 0 1 1 1 2 2 2 3 3 2 2 2 2 3 3 4 4 4 4 3 3 3 3 3 3 3 3 2 1 1 1 2 2 1 2 2 2 3 3 3 3 3 2 45 45 44 43 42 43 43 42 41 41 41 40 39 38 37 37 36 36 35 34 34 34 34 33 33 33 33 33 33 33 33 32 32 32 32 31 31 31 31 30 30 29 29 29 29 28 28 28 28 27 27 27 27 27 26 26 26 25 25 25 25 25 24 24 24 24 24 23 23 23 23 23 23 22 22 22 22 22 21 21 21 21 20 20 20 20 19 19 19 19 18 18 18 18 17 17 17 17 17 17 16 16 16 16 16 15 15 15 15 14 14 14 14 14 14 14 14 13 13 13 13 13 13 13 12 12 12 12 12 11 11 11 11 11 11 10 10 10 10 10 11 10 10 10 10 10 10 10 10 9 9 9 9 8 8 8 8 8 8 8 8 8 7 7 7 7 7 7 6 6 6 6 6 6 6 5 5 4 4 4 4 4 4 4 4 4 4 4 4 3 4 4 4 4 4 4 4 3 4 3 3 4 4 3 4 4 4 3 3 2 2 2 2 2 2 2 1 1 1 1 1 1 1 1 1 1 1 1 0 0 1 1 1 1 1 1 1 2 1 2 1 0 1 1 2 1 2 2 3 3 3 3 3 2 3 2 2 3 3 3 3 3 4 3 4 4 3 4 3 3 2 2 1 1 1 1 1 1 2 2 3 2 3 2 2 2 2 45 44 43 43 43 43 43 42 41 40 39 39 38 37 37 37 36 36 35 35 34 34 34 34 34 34 33 33 33 33 33 32 32 32 32 31 31 31 31 30 30 29 29 29 29 28 28 28 27 27 27 27 27 26 26 26 25 25 25 25 25 25 24 24 24 24 24 23 23 23 23 23 23 22 22 22 22 22 21 21 21 21 20 20 20 20 19 19 19 18 19 18 18 17 17 17 17 17 17 16 16 16 16 16 16 16 15 15 14 14 14 14 14 14 14 14 14 13 13 13 13 13 13 12 12 12 12 12 12 11 11 11 11 11 11 10 10 10 10 11 10 10 10 10 10 10 9 10 9 9 9 9 8 8 8 9 9 9 8 8 8 8 7 7 7 7 7 7 7 6 6 6 6 6 5 5 5 5 5 4 4 4 4 4 4 4 4 4 4 4 4 4 4 4 4 4 4 4 4 4 4 3 4 3 3 3 3 2 2 2 2 2 2 2 2 2 2 2 2 2 1 1 1 1 1 1 1 1 1 0 1 1 1 1 1 1 2 2 2 1 1 2 2 2 2 1 2 2 3 3 3 3 3 3 3 3 4 4 3 3 3 3 3 3 4 4 4 4 3 3 2 2 1 2 2 1 1 1 1 1 2 2 2 2 2 2 1 1 45 44 44 45 45 44 43 41 40 40 39 39 39 39 38 37 36 35 35 34 34 34 34 34 34 34 33 33 33 33 32 32 32 32 31 31 31 31 30 30 30 29 29 29 28 28 28 28 27 27 27 27 27 26 26 26 26 25 25 25 25 25 24 24 24 24 23 23 23 23 23 23 22 22 22 22 22 21 21 21 21 20 20 20 20 20 19 19 19 19 19 18 18 18 17 17 16 16 16 16 16 16 16 16 16 16 15 15 14 14 14 14 14 14 14 14 14 13 13 13 13 13 13 13 12 12 12 12 12 12 11 11 11 11 11 11 10 10 10 10 11 11 10 10 10 9 9 9 9 9 9 8 8 9 9 9 9 9 8 8 7 7 7 7 7 7 7 7 6 6 6 6 6 5 5 5 5 5 5 4 4 4 4 4 4 4 4 4 4 4 4 4 4 4 4 4 4 4 4 4 4 3 3 3 3 2 2 2 2 2 2 2 2 2 2 2 2 2 2 2 2 1 1 1 1 1 1 1 1 1 1 1 1 1 2 2 2 2 2 2 2 2 3 2 2 2 2 2 2 3 3 3 3 3 4 4 4 4 3 3 2 3 3 3 4 4 3 3 2 2 2 2 3 2 2 2 1 0 1 1 1 2 2 2 2 1 2 2 46 45 45 45 44 43 42 41 41 40 40 39 39 39 37 36 35 35 34 34 34 34 34 34 34 34 33 33 33 33 32 32 32 32 31 31 31 30 30 30 29 29 29 29 28 28 28 28 28 27 27 27 27 26 26 26 25 25 25 25 25 25 24 24 24 24 24 23 23 23 23 23 22 22 22 22 21 21 21 21 21 21 20 20 20 19 19 19 19 19 19 18 18 18 17 17 16 16 16 17 16 17 16 16 16 15 15 15 14 14 14 14 14 14 14 14 14 13 13 13 13 13 13 13 12 12 12 12 12 11 11 11 11 11 11 10 10 11 11 11 10 10 10 10 10 10 10 10 9 9 9 8 8 8 9 9 8 8 8 8 8 7 7 7 7 7 7 6 6 6 6 6 6 5 5 5 5 5 5 5 4 4 4 4 4 4 4 4 4 4 4 5 4 4 4 4 4 4 5 4 3 3 4 3 3 2 2 2 2 2 2 2 2 2 2 2 2 2 2 2 2 2 1 1 1 2 2 2 2 2 2 1 1 1 2 2 2 2 2 2 2 3 3 3 3 3 2 3 3 4 4 4 4 4 5 4 4 4 3 3 3 3 4 3 3 2 3 3 3 2 2 4 4 3 3 2 2 1 1 1 1 2 2 1 1 2 2 3 45 44 43 42 42 41 41 40 40 39 38 38 38 37 36 35 34 34 35 34 34 34 34 34 34 33 33 33 33 32 32 32 32 31 31 31 30 30 30 30 29 29 29 29 28 28 28 27 27 27 26 26 26 26 26 26 25 25 25 25 24 24 24 24 24 23 23 23 23 23 22 22 22 22 22 22 21 21 21 21 20 20 20 20 19 19 19 19 19 19 18 18 17 17 16 16 16 16 16 17 16 16 16 15 15 15 15 15 15 14 14 14 14 14 14 14 13 13 13 13 13 13 13 12 12 12 12 12 12 11 11 11 11 10 10 11 11 10 10 10 10 10 10 10 10 10 10 9 9 8 8 9 9 9 8 8 8 8 8 7 7 7 7 7 7 7 6 6 6 6 6 5 5 5 5 5 5 5 5 4 4 4 4 4 4 5 5 5 5 5 5 5 4 4 4 4 4 4 4 3 3 3 3 3 3 3 3 3 3 3 2 2 2 2 2 2 2 2 2 2 2 2 2 2 1 2 2 2 2 2 1 1 1 2 2 1 2 2 3 2 3 3 3 3 3 3 3 3 4 4 4 4 4 4 3 3 4 3 3 4 4 4 3 2 2 3 3 2 2 3 3 3 3 3 3 2 2 2 1 1 2 1 1 2 2 3 3 3 43 43 42 42 41 40 39 38 37 37 37 36 35 35 35 35 35 35 34 34 34 34 33 33 33 33 33 32 32 32 31 31 31 31 30 30 30 29 29 29 29 28 28 28 27 27 27 26 26 26 26 26 26 25 25 25 25 25 24 24 24 24 23 23 23 23 23 23 22 22 22 22 22 21 21 21 21 21 20 20 20 20 19 19 19 19 19 18 18 18 17 17 16 16 16 17 17 17 16 16 15 15 15 15 15 15 14 14 14 14 14 14 14 14 13 13 13 13 13 13 13 12 12 12 12 12 11 11 11 11 11 10 11 11 11 11 11 11 10 10 10 10 10 10 10 9 9 8 9 9 9 8 8 8 8 8 7 7 7 7 7 7 7 6 6 6 6 6 5 5 5 5 5 5 5 4 4 4 4 4 4 4 5 5 5 5 5 5 5 5 4 4 4 4 4 3 3 3 3 3 3 3 3 3 3 3 3 3 3 3 2 2 2 2 2 2 2 2 2 2 2 2 2 2 2 2 2 2 1 1 1 1 2 2 3 2 2 3 2 2 3 3 4 3 3 3 3 4 4 4 4 3 3 3 3 3 4 3 3 3 3 2 2 2 2 2 3 3 2 2 2 2 2 2 2 2 1 2 1 1 2 2 2 2 3 3 3 43 43 42 41 40 39 38 37 36 36 36 35 35 35 35 35 34 34 34 34 34 33 33 33 33 32 32 32 31 31 31 31 30 30 30 29 29 29 29 28 28 28 27 27 27 27 27 26 26 26 26 26 25 25 25 24 24 24 24 24 24 23 23 23 23 23 23 22 22 22 22 22 21 21 21 21 21 20 20 20 19 19 19 19 19 19 18 18 18 17 16 16 16 16 16 17 16 16 16 16 16 15 15 15 15 14 14 14 14 14 14 14 14 13 13 13 13 13 13 13 12 12 12 12 12 12 11 11 11 11 11 11 11 11 11 11 11 11 10 10 10 10 10 9 9 9 9 9 9 9 9 8 8 8 8 7 7 7 7 7 7 7 6 6 7 6 6 5 5 5 5 5 4 4 4 4 4 4 4 4 5 5 5 5 5 5 4 4 4 4 4 3 3 3 3 3 3 3 3 3 3 3 3 3 3 3 3 3 3 3 3 2 2 2 2 2 2 2 3 3 2 2 2 2 3 2 2 2 2 2 1 1 1 1 2 2 2 2 3 3 3 2 3 3 4 4 5 5 5 4 4 4 4 3 3 3 3 2 2 2 2 2 3 3 4 3 2 2 2 2 2 1 1 2 1 2 1 1 2 1 2 3 3 3 3 3 44 43 42 41 40 39 38 37 36 35 35 35 35 35 35 35 35 34 34 34 34 33 33 33 33 32 32 32 32 31 31 31 30 30 30 30 29 29 29 28 28 27 27 27 27 27 27 27 26 26 26 26 25 25 25 24 24 24 24 24 24 23 23 23 23 23 23 22 22 22 22 22 21 21 21 21 21 20 20 20 19 20 20 19 19 19 18 18 18 18 17 16 16 16 17 17 17 16 16 16 16 15 15 15 15 15 14 14 14 14 14 14 14 14 13 13 13 13 13 13 13 12 12 12 12 12 12 11 11 11 11 11 11 11 11 11 11 11 11 11 11 10 9 9 9 9 9 9 9 9 9 8 8 8 8 7 7 7 7 7 7 7 7 7 6 7 6 5 5 5 5 5 5 5 4 4 4 4 4 4 4 4 4 4 4 4 4 4 4 3 3 3 3 3 3 3 3 3 3 3 3 3 3 3 2 2 2 2 2 2 2 2 2 2 2 2 2 2 2 2 2 2 2 2 2 2 2 2 2 2 2 1 2 1 2 1 1 2 3 2 2 2 2 2 3 4 4 4 3 3 3 3 3 3 3 3 3 3 3 3 2 2 2 2 3 3 3 2 1 1 1 1 1 1 1 1 0 0 1 1 2 2 2 2 2 3 42 42 41 40 39 38 37 37 36 35 35 35 35 35 35 35 34 34 34 34 34 33 33 33 33 32 32 32 31 31 31 31 30 30 30 29 29 29 28 28 27 27 27 27 27 27 27 26 26 26 27 26 25 25 25 24 24 24 24 24 23 23 23 23 23 23 23 22 22 22 22 22 21 21 21 21 20 20 20 19 19 20 19 19 19 19 19 18 18 18 17 16 16 16 17 17 17 17 17 16 16 15 15 15 15 15 15 15 15 14 14 14 14 14 14 13 13 13 13 13 12 12 12 12 12 12 11 11 11 12 11 11 11 11 11 11 11 11 11 11 10 10 10 9 9 9 9 9 9 9 8 8 8 8 8 7 7 7 7 7 7 7 7 6 7 6 6 5 5 5 5 5 5 5 5 5 5 5 4 4 4 4 4 5 5 4 4 4 3 3 3 3 3 3 3 3 3 3 3 3 3 3 3 3 3 3 2 2 2 2 2 2 2 2 2 2 2 2 2 2 2 2 3 3 2 3 3 2 3 2 2 3 2 3 2 2 2 2 2 2 2 3 3 3 4 4 3 3 3 3 4 4 3 3 3 4 4 4 3 2 3 2 2 2 2 2 1 2 1 1 2 2 2 1 1 1 0 1 1 2 2 2 2 2 2 3 42 41 41 40 39 38 37 37 36 35 35 35 35 35 35 35 34 34 34 34 34 33 33 33 32 32 32 32 31 31 30 30 30 30 29 29 29 28 28 28 27 27 27 27 27 27 27 26 26 27 26 26 26 25 25 24 25 25 24 23 23 23 23 23 23 23 22 22 22 22 22 22 21 21 21 21 20 20 20 20 20 20 20 19 19 19 18 18 18 18 17 16 16 17 17 17 17 17 16 16 16 15 15 15 15 15 15 15 15 14 14 14 14 14 14 13 13 13 13 13 12 12 12 12 12 12 11 11 12 11 11 11 11 11 11 11 11 11 11 10 10 10 10 10 9 9 9 9 9 9 8 8 8 8 8 8 8 7 7 7 7 7 7 6 6 6 6 5 5 5 5 5 6 5 5 5 4 4 4 4 4 4 5 5 4 4 4 4 4 4 4 4 4 4 4 3 3 3 3 3 3 3 3 3 3 2 2 3 2 2 2 2 2 2 2 2 2 2 2 2 2 3 3 3 4 4 3 3 3 3 3 3 3 2 2 2 3 2 2 2 2 3 3 4 4 4 4 4 3 4 4 4 3 3 4 4 4 3 3 3 3 3 3 2 2 2 3 3 2 2 2 2 2 1 1 1 1 2 2 2 2 2 2 2 3 42 41 40 39 39 38 37 36 36 35 35 35 35 35 35 35 35 34 34 34 34 33 33 33 33 32 32 32 31 31 30 30 30 30 29 29 29 28 28 28 28 27 27 27 27 26 26 26 26 26 26 26 26 26 25 25 25 25 24 24 23 23 23 23 23 23 23 23 22 22 22 22 21 21 21 21 20 20 20 20 19 20 20 19 19 19 19 18 18 18 17 17 17 17 17 17 17 17 16 16 16 15 15 15 15 15 15 15 15 15 14 14 14 14 14 14 13 13 13 13 13 12 12 12 12 12 12 11 12 12 12 11 11 11 11 11 11 11 11 10 10 10 10 10 10 10 9 9 9 9 8 8 8 8 8 8 8 8 8 8 7 7 7 6 6 6 5 5 5 5 5 6 6 5 5 5 5 4 5 5 4 4 4 5 4 4 4 4 4 4 4 4 4 4 4 4 3 3 3 3 3 3 3 3 3 3 3 3 3 2 2 3 2 2 2 2 2 2 2 3 3 3 4 4 4 3 4 4 4 4 3 3 3 3 3 3 3 3 3 2 3 3 4 4 4 5 4 4 4 4 4 4 3 4 4 4 3 3 3 3 3 2 3 2 3 3 4 4 3 2 2 2 1 1 1 1 1 1 2 2 2 2 2 3 40 39 38 38 37 36 36 35 35 35 35 35 35 35 35 34 34 34 34 33 33 33 33 32 32 32 31 31 30 30 30 30 30 29 29 28 28 28 28 27 27 27 27 27 26 26 26 26 26 26 26 26 26 25 25 25 25 25 24 24 24 24 23 23 23 23 23 22 22 22 21 21 21 21 21 20 20 20 19 20 19 19 19 19 19 19 19 18 18 18 17 17 17 17 17 17 17 16 16 16 15 15 15 15 15 15 15 15 15 14 14 14 14 14 14 13 13 13 13 13 12 12 12 12 12 12 12 12 12 12 12 11 11 11 11 11 11 11 10 10 10 10 10 10 10 9 9 9 9 9 9 8 8 8 8 8 8 8 7 7 7 7 7 6 6 5 5 5 6 6 6 6 6 5 5 5 5 5 5 4 4 5 4 4 4 4 4 4 4 4 4 4 4 4 4 3 3 3 3 3 3 3 3 3 3 3 3 3 2 2 3 3 2 2 3 3 3 3 3 4 4 3 4 4 4 4 4 4 4 4 4 4 3 3 3 3 3 3 3 4 5 4 4 4 5 5 5 5 4 4 4 4 5 4 4 3 3 3 4 3 3 3 3 3 3 4 4 3 3 2 1 1 1 1 1 1 3 2 3 3 3 39 39 38 38 37 37 36 36 35 35 35 35 35 35 35 35 35 34 34 34 34 33 33 33 33 32 32 31 31 31 30 30 30 30 29 29 29 28 28 28 28 27 27 27 27 27 26 26 26 26 26 26 26 26 25 25 25 25 24 24 24 24 23 23 23 23 23 23 22 22 22 22 22 21 21 21 21 20 20 19 19 19 19 19 19 19 19 19 19 18 18 17 17 17 17 17 16 16 16 16 16 16 15 15 15 15 15 15 15 15 15 14 14 14 14 14 14 13 13 13 13 12 12 12 12 12 12 12 12 12 12 12 12 11 11 11 12 11 11 11 10 10 10 10 10 10 10 9 9 9 9 9 9 9 8 8 8 8 8 7 8 8 7 7 7 6 6 5 6 6 6 6 6 6 5 5 5 5 5 5 5 4 5 4 4 4 5 4 4 4 4 4 4 4 4 4 3 3 3 3 3 3 3 3 3 3 3 3 3 3 2 3 3 3 2 2 2 3 3 4 4 4 3 4 4 5 5 4 4 5 5 5 5 4 4 4 4 4 4 5 5 5 5 4 4 4 4 5 5 5 5 4 4 5 4 4 3 3 3 4 4 3 3 4 4 4 3 3 2 2 2 2 2 1 2 2 1 2 2 3 3 3 38 38 37 37 37 37 36 36 36 36 36 35 35 35 35 34 34 34 34 33 33 33 33 32 32 32 31 31 31 30 30 30 30 29 29 29 28 28 28 28 28 27 27 27 27 26 26 26 26 26 26 26 25 25 25 25 25 24 24 24 23 23 23 23 23 23 23 22 22 22 22 22 21 21 21 20 20 20 20 20 20 20 19 19 19 19 18 18 18 17 17 17 17 17 17 16 16 16 16 16 16 16 16 16 15 15 15 15 15 15 14 14 14 14 14 13 13 13 13 13 12 12 12 12 12 12 12 12 12 12 12 12 12 12 12 12 11 11 10 10 10 10 10 10 10 9 9 9 9 9 9 9 9 9 8 8 8 8 8 8 8 7 7 6 6 6 6 6 6 6 6 6 6 6 5 5 5 5 5 5 4 5 5 5 5 5 4 4 4 4 4 4 4 4 4 4 3 3 3 3 3 3 3 3 3 3 3 3 3 3 3 3 3 3 3 3 4 4 5 4 3 4 4 4 4 5 5 5 5 5 4 5 5 5 5 5 5 4 4 5 5 4 5 4 4 4 4 4 5 5 5 5 4 4 3 4 4 4 4 3 3 4 4 3 3 3 2 2 2 2 2 2 2 2 2 2 2 3 3 3 39 39 38 37 37 36 36 36 36 36 36 36 35 35 35 35 34 34 34 33 33 33 33 33 32 32 32 31 31 30 30 30 30 30 29 29 29 28 28 28 28 28 27 27 27 26 26 26 26 26 26 25 25 25 25 25 25 25 25 24 24 23 23 23 23 23 23 22 22 22 22 22 21 21 21 20 20 20 20 20 20 20 20 19 19 18 18 18 19 19 18 17 18 18 17 17 16 16 16 16 16 16 16 16 15 15 15 15 15 15 15 14 14 14 14 14 14 13 13 13 13 13 12 12 12 12 12 12 12 12 12 12 12 12 12 12 11 11 11 10 10 10 10 10 10 10 9 9 9 9 9 9 9 9 9 8 8 8 8 8 7 7 7 6 6 6 6 6 6 6 6 6 6 6 5 6 5 5 5 5 5 5 5 5 5 5 4 4 4 4 4 4 4 4 4 4 4 3 3 3 4 3 3 3 3 3 3 4 4 3 3 4 3 3 3 3 4 4 4 4 3 3 3 3 3 4 5 5 5 5 4 4 5 5 5 5 5 5 4 5 5 4 5 5 4 4 4 5 5 5 5 4 4 4 4 4 4 4 4 4 4 4 4 3 3 3 3 2 2 2 2 2 2 2 2 2 2 3 3 3 37 37 36 36 36 36 36 36 36 36 36 35 35 35 34 34 34 34 33 33 33 33 32 32 32 31 31 31 30 30 30 30 29 29 29 29 28 28 28 28 28 27 27 27 27 26 26 25 25 25 25 25 25 25 25 25 25 24 24 23 23 23 22 22 22 22 22 22 22 22 22 21 21 20 20 20 20 20 20 20 20 19 19 19 19 19 19 19 18 18 17 17 17 17 16 16 16 16 16 16 16 16 16 15 15 15 15 15 15 15 14 14 14 14 14 14 13 13 13 13 13 12 12 13 13 12 12 12 12 12 12 12 12 12 11 11 11 11 10 10 10 10 10 10 9 9 9 9 9 9 9 9 9 8 8 8 7 7 7 7 6 6 6 6 6 6 6 6 6 6 6 6 6 6 6 6 5 5 5 5 5 5 5 5 5 5 4 5 4 4 4 4 4 4 4 4 3 3 4 4 4 3 3 3 3 4 4 3 3 3 4 4 3 3 4 4 4 4 3 3 4 4 3 4 4 5 5 5 4 4 5 5 5 4 5 5 5 4 4 4 5 4 4 4 4 4 4 5 5 5 4 4 4 5 5 5 5 5 5 5 5 4 4 3 2 2 2 2 2 3 3 3 3 3 3 2 3 38 37 37 37 37 37 36 36 36 36 36 35 35 35 34 34 34 34 34 33 33 33 33 32 32 32 31 31 31 31 30 30 30 29 29 29 29 28 28 28 28 27 27 27 27 26 26 26 26 25 25 25 25 25 25 25 25 24 24 23 23 23 23 22 22 22 22 21 21 21 21 22 21 21 20 20 20 20 20 20 20 20 19 19 18 18 19 19 19 18 18 17 17 17 17 16 16 16 16 16 16 16 15 15 15 15 15 15 15 15 14 14 14 14 14 14 14 13 13 13 13 13 13 13 13 12 12 12 12 12 12 12 12 11 11 11 11 11 11 10 11 10 10 9 10 9 9 9 9 9 9 9 8 8 8 8 8 8 8 7 7 7 7 6 6 6 6 6 6 7 7 6 6 6 6 6 5 5 5 5 5 5 5 5 5 5 5 5 5 4 4 4 4 4 4 4 4 3 4 4 4 4 4 4 3 4 4 4 3 4 3 3 4 4 4 3 4 3 3 4 5 5 4 5 5 5 6 5 5 4 4 5 5 4 5 5 5 4 4 4 4 4 4 4 4 4 4 5 5 5 5 5 5 5 5 5 5 5 6 5 5 4 3 3 3 3 3 2 2 2 2 3 2 3 3 2 3 38 37 37 37 37 37 37 36 36 36 36 35 35 35 35 34 34 34 34 33 33 33 33 32 32 32 32 31 31 31 30 30 30 30 29 29 29 28 28 28 28 28 27 27 27 27 26 26 26 26 25 25 25 25 25 25 25 25 24 24 24 23 23 23 22 22 22 21 21 22 22 22 22 21 20 20 20 20 20 20 19 19 19 19 19 19 19 19 19 19 19 18 17 17 17 16 16 16 16 16 16 16 16 15 15 15 15 15 15 15 15 14 14 14 14 14 14 13 13 13 13 13 13 13 13 13 13 12 12 12 12 12 12 11 11 11 11 11 11 11 11 10 10 10 9 9 9 9 9 9 9 9 9 9 9 8 8 8 9 7 7 7 7 6 6 6 6 6 6 7 7 7 6 6 6 6 6 5 6 5 5 5 5 5 5 5 5 5 5 5 4 4 4 5 5 4 4 4 4 4 4 4 4 4 4 4 4 4 4 4 4 4 4 4 4 4 3 3 4 4 4 4 4 4 5 5 4 5 5 5 4 5 5 4 5 5 5 5 4 4 4 4 5 5 5 4 4 4 5 5 6 5 5 5 5 5 5 5 5 5 4 4 4 4 4 3 3 2 2 2 2 2 2 3 3 3 39 38 38 37 37 37 37 36 36 36 36 36 36 36 35 35 35 35 34 34 34 34 33 33 33 32 32 32 32 31 31 31 30 30 30 30 29 29 29 29 28 28 28 28 28 27 27 27 27 26 26 26 26 25 25 25 25 25 25 25 25 24 24 24 23 23 23 23 22 21 21 21 22 22 21 21 21 21 20 20 20 20 19 19 19 19 19 19 19 19 19 19 18 17 17 17 17 17 16 16 16 16 16 16 16 16 15 15 15 15 15 15 15 15 15 14 14 14 14 14 14 13 13 13 13 13 13 13 13 12 12 12 12 12 12 11 11 11 11 11 11 11 11 10 10 10 10 10 10 10 10 9 9 9 9 9 9 8 8 8 9 8 7 7 7 6 7 7 7 7 7 7 7 6 6 6 6 6 6 6 6 6 6 6 5 6 5 5 5 5 5 5 4 5 4 5 4 4 4 4 4 4 4 4 4 4 4 4 4 4 4 4 4 4 4 4 4 4 4 3 4 3 4 3 4 4 5 4 4 4 4 5 4 4 4 4 5 5 4 5 5 5 5 4 4 5 5 5 5 5 5 5 6 5 5 5 5 5 4 5 5 4 4 4 4 4 4 3 2 2 2 2 3 3 3 3 3 4 39 38 38 38 37 37 36 36 36 36 36 36 36 35 35 35 35 34 34 34 34 33 33 33 32 32 32 32 32 31 31 31 30 30 30 30 29 29 29 29 28 28 28 28 27 27 27 27 27 26 26 26 25 25 25 25 25 25 25 25 25 24 24 23 23 23 23 23 22 21 21 21 21 21 21 21 21 21 20 20 20 19 19 19 19 19 19 19 19 19 18 18 18 18 18 18 17 17 16 16 16 16 16 16 16 16 16 15 15 15 15 15 15 15 15 14 14 14 14 14 14 13 13 13 13 13 13 13 12 12 12 12 12 12 12 11 11 11 11 11 11 11 10 11 10 10 10 10 10 10 10 9 9 9 9 9 8 8 8 8 8 8 8 7 7 7 7 7 7 7 7 6 6 6 6 6 6 6 6 6 6 6 6 6 6 6 6 5 5 5 5 5 5 5 5 5 5 4 4 4 4 4 4 4 4 4 4 4 4 4 4 4 4 4 3 4 4 3 4 4 3 3 4 4 4 4 4 4 3 4 4 4 4 4 5 5 5 5 5 5 5 5 5 5 4 5 5 6 5 5 5 6 6 5 5 5 5 4 4 4 4 4 4 4 4 4 4 3 2 2 3 3 3 4 39 39 38 37 37 37 36 36 36 36 36 36 36 35 35 35 35 34 34 34 33 33 33 33 32 32 32 32 31 31 31 31 30 30 30 29 29 29 29 29 28 28 28 28 28 27 27 27 26 26 26 26 25 25 25 25 25 25 24 24 24 24 24 23 23 23 23 22 22 21 21 21 21 21 21 21 21 20 20 20 20 19 19 19 19 19 19 19 19 19 19 19 19 18 17 17 17 17 17 17 16 16 16 16 16 16 16 16 15 15 15 15 15 15 15 14 14 14 14 14 13 13 13 13 13 13 13 13 12 12 12 12 12 12 12 11 11 11 11 11 11 11 10 10 10 10 10 10 10 10 9 9 9 9 9 9 8 8 9 9 8 8 7 7 7 7 7 8 7 7 6 6 6 6 6 6 6 6 6 6 6 6 6 6 6 6 6 5 5 6 5 5 5 5 5 5 5 5 4 4 4 4 4 4 4 4 4 4 4 4 3 3 3 3 3 3 3 4 3 3 3 3 4 4 4 3 3 3 4 4 5 5 4 5 6 6 6 5 5 5 5 5 5 5 4 5 6 5 5 6 6 6 5 5 6 5 5 5 5 4 4 4 3 4 4 3 3 3 3 3 4 39 38 38 37 36 36 36 36 36 36 36 35 35 35 35 34 34 34 34 33 33 33 33 32 32 32 32 31 31 31 30 30 30 30 29 29 29 29 29 28 28 28 28 27 27 27 26 26 26 26 26 25 25 25 25 24 24 24 24 24 24 23 23 23 22 23 22 22 22 21 21 21 21 21 21 21 20 20 20 20 19 19 19 19 19 19 19 19 19 19 19 19 18 18 18 18 17 17 17 16 16 16 16 16 16 16 16 15 15 15 15 15 15 15 14 14 14 14 14 13 13 14 13 13 13 13 13 12 12 12 12 12 12 12 12 11 11 11 11 11 11 10 10 10 10 10 10 9 9 9 9 9 9 9 8 9 9 9 8 8 8 7 7 7 7 8 7 7 7 6 6 7 7 6 6 6 6 6 6 6 6 6 6 6 6 6 6 6 6 6 5 5 5 5 5 5 4 4 4 4 4 4 4 5 5 4 4 3 3 3 4 3 4 4 4 4 4 3 3 3 4 4 4 3 4 4 4 5 5 6 5 5 5 6 6 5 6 5 5 5 6 5 4 5 5 6 6 6 6 6 6 6 6 5 5 5 5 5 5 5 4 4 4 3 3 4 4 4 39 39 38 37 37 37 36 36 36 36 36 35 35 35 35 34 34 34 34 34 33 33 33 32 32 32 32 31 31 31 31 30 30 30 30 29 29 29 29 28 28 28 28 27 27 27 27 27 26 26 26 26 26 25 25 25 24 24 24 24 24 23 23 23 23 23 22 22 22 22 22 21 21 21 21 20 20 20 20 20 20 19 19 20 19 19 19 19 19 19 19 19 18 18 18 18 18 17 17 16 16 16 16 16 16 16 16 16 15 15 15 15 15 15 15 14 14 14 14 14 14 14 14 13 13 13 13 13 13 12 12 12 12 12 12 12 12 11 11 11 11 11 10 10 10 10 10 10 9 9 10 9 9 9 9 9 9 9 9 8 8 8 7 7 8 8 7 7 7 7 7 7 7 7 7 7 6 6 6 6 6 6 6 6 6 6 6 6 6 6 5 5 5 5 5 5 4 4 5 4 5 4 5 5 5 4 4 4 4 4 4 4 4 4 4 4 4 4 4 3 3 4 3 4 5 5 4 5 5 6 6 5 6 6 6 6 6 6 6 6 6 5 5 5 6 6 6 6 5 5 6 6 5 5 4 4 4 4 4 4 4 3 4 4 5 40 39 38 38 38 37 36 36 36 36 36 35 35 35 35 35 34 34 34 34 34 33 33 33 32 32 32 32 31 31 31 31 30 30 30 30 29 29 29 28 28 28 28 28 27 27 27 27 27 26 26 26 26 26 25 25 25 25 24 24 24 24 24 23 23 23 22 22 22 22 22 21 21 21 21 20 20 20 20 20 20 20 20 20 20 20 20 19 20 19 19 18 18 18 18 18 17 17 17 17 17 16 16 16 16 16 16 16 15 15 15 15 15 15 15 14 14 14 14 14 14 14 14 13 13 13 13 13 13 13 12 12 12 12 12 12 12 12 11 11 11 11 11 10 10 10 10 10 9 9 9 9 9 9 9 9 10 9 9 9 8 8 8 8 8 8 7 7 7 7 7 7 7 7 7 7 7 7 7 6 6 6 6 6 6 6 7 6 6 6 6 5 5 5 5 5 5 5 5 5 5 5 5 5 4 4 4 4 4 4 5 4 4 4 4 4 4 4 4 4 3 3 4 5 5 5 5 5 5 5 6 6 6 6 6 6 6 6 6 6 6 6 5 6 5 6 6 5 5 5 5 4 4 4 3 4 4 4 4 4 4 5 39 38 38 38 37 37 37 36 36 36 36 35 35 35 35 35 35 35 34 34 34 33 33 33 32 32 32 32 31 31 31 31 30 30 30 30 30 29 29 29 28 28 28 28 28 27 27 27 27 26 26 26 26 26 26 25 25 25 25 24 24 24 23 23 23 23 23 23 22 22 22 22 21 21 21 21 20 20 20 20 20 20 20 20 20 20 20 20 20 19 19 18 18 18 19 19 18 17 18 18 17 17 16 16 16 16 16 16 15 15 15 15 15 15 15 15 15 14 14 14 14 14 14 13 13 13 13 13 13 13 13 13 12 12 12 12 12 12 12 11 11 11 11 11 10 10 11 10 10 9 9 10 10 10 10 10 10 9 9 9 9 8 8 8 8 7 8 7 8 8 8 7 7 7 7 7 7 7 7 7 6 6 6 6 6 7 7 6 6 6 5 5 5 5 5 5 5 5 5 6 5 5 5 4 5 5 5 5 5 5 5 5 4 5 4 5 5 4 4 4 4 4 4 4 4 4 5 5 5 5 6 6 7 6 6 6 6 6 6 7 7 6 5 5 5 6 5 5 5 5 5 5 4 4 4 4 4 4 4 5 5 39 38 38 38 37 37 37 37 36 36 36 36 35 35 35 35 35 35 34 34 34 33 33 33 33 32 32 32 31 31 31 31 31 30 30 30 30 29 29 29 29 28 28 28 28 28 27 27 27 26 26 26 26 26 26 25 25 25 25 24 24 24 24 24 24 23 23 23 23 23 22 22 22 22 21 21 21 21 20 20 20 20 20 19 19 19 19 20 20 19 19 19 19 18 19 19 18 18 18 17 17 16 16 16 16 16 15 15 15 15 15 15 15 15 15 15 15 14 14 14 14 14 14 14 14 14 13 13 13 13 13 13 13 13 12 12 12 12 12 12 11 11 11 11 11 11 10 10 10 10 9 9 9 10 10 10 10 9 9 9 9 9 9 8 8 8 7 7 8 8 7 7 7 7 7 7 7 7 7 7 7 7 7 6 6 6 7 6 6 6 5 5 5 5 5 5 6 6 5 5 5 4 4 5 4 5 5 5 6 6 6 6 5 5 5 5 5 5 5 5 5 5 4 5 5 5 4 5 5 6 6 6 6 7 6 6 6 6 6 6 5 5 5 5 5 5 5 4 5 5 5 4 4 5 4 4 4 4 5 39 39 38 38 38 37 37 37 36 37 37 36 35 35 35 35 35 35 34 34 34 34 34 33 33 32 32 32 32 32 31 31 31 31 30 30 30 29 29 29 29 29 28 28 28 27 27 27 27 27 27 27 26 26 26 25 25 25 25 24 24 24 24 24 24 23 23 23 23 23 22 22 22 22 22 21 21 21 21 20 20 20 20 20 20 20 20 20 21 20 19 18 18 18 19 19 18 18 18 17 17 17 16 16 16 16 16 15 15 15 15 15 15 15 15 15 15 15 14 14 14 14 14 14 14 14 14 13 13 13 13 13 13 13 13 12 12 12 12 12 11 11 11 11 11 11 11 11 11 10 10 9 9 9 9 10 10 10 9 9 9 9 9 9 8 8 8 7 8 8 7 7 7 7 7 7 7 7 7 7 7 7 7 6 7 7 7 7 6 6 5 6 6 6 6 6 6 5 5 5 4 5 5 5 5 5 6 6 7 6 6 6 6 6 5 5 5 5 5 4 4 5 5 5 5 5 5 6 6 7 7 6 6 5 5 5 5 5 5 5 5 5 5 5 5 5 5 5 5 5 5 40 39 39 38 38 38 38 37 37 37 37 37 36 35 35 35 35 35 34 34 34 34 34 33 33 33 32 32 32 32 32 31 31 31 31 30 30 30 29 29 29 29 29 28 28 28 27 27 27 27 27 27 26 26 26 26 26 25 25 25 25 24 24 24 24 24 23 23 23 23 23 22 22 22 22 21 21 21 21 20 20 20 20 20 20 21 21 22 21 20 19 19 19 18 19 19 18 18 18 18 18 17 16 16 16 16 16 16 15 15 15 15 15 15 15 15 15 15 14 14 14 14 14 14 14 14 14 14 13 13 13 13 13 13 13 12 12 12 12 12 11 11 11 11 11 11 11 11 11 10 10 10 9 9 9 9 10 10 9 9 9 9 9 9 9 8 8 7 7 7 7 7 7 8 8 8 8 7 7 7 7 7 7 7 7 7 7 6 6 6 6 6 6 6 6 6 6 5 5 5 5 5 5 5 5 6 6 6 6 7 6 6 5 5 5 5 5 5 4 5 5 5 5 5 5 5 6 7 6 6 6 6 5 6 6 6 5 5 5 40 39 39 38 38 37 36 35 35 35 34 35 34 34 34 33 33 33 32 32 32 32 32 31 31 31 31 31 30 30 30 29 29 29 29 28 28 28 28 27 27 27 27 27 26 26 26 26 26 25 25 25 25 25 24 24 24 24 24 23 23 23 23 22 22 22 22 22 21 21 21 20 20 20 20 20 20 20 21 21 22 21 20 20 20 19 20 19 18 19 19 19 18 17 17 17 17 16 16 16 15 15 15 15 15 15 15 15 15 15 14 14 14 14 14 14 14 14 14 14 13 13 13 13 13 13 13 12 12 12 12 12 11 11 11 11 11 11 11 11 11 11 10 10 10 9 9 9 10 10 10 10 9 9 9 9 9 8 8 8 8 7 7 8 8 8 8 8 8 8 7 7 7 7 7 7 7 7 7 7 6 6 6 6 5 5 5 5 5 5 5 6 5 6 6 6 7 6 6 6 6 5 5 5 5 4 5 5 6 5 5 6 6 6 6 6 36 35 35 35 35 35 34 34 34 34 33 33 32 32 32 31 32 31 31 31 31 31 30 30 30 30 29 29 29 28 28 28 28 27 27 27 27 27 26 26 26 26 26 25 25 25 25 25 25 24 24 24 24 24 23 23 23 22 22 22 22 22 21 21 21 20 20 20 21 21 21 21 21 22 22 22 21 21 21 21 20 19 19 19 20 19 19 18 17 17 17 17 16 16 16 15 15 15 15 15 15 15 15 15 15 15 14 15 14 14 14 14 14 14 13 13 13 13 13 13 13 12 12 12 12 12 12 12 12 12 11 11 11 11 11 11 11 10 10 9 9 9 10 10 10 10 9 9 9 9 9 9 8 7 7 7 7 8 8 8 8 8 8 8 7 7 7 7 7 7 7 7 7 7 7 6 6 5 5 5 5 5 6 6 7 5 6 6 6 6 6 6 6 5 5 5 5 5 5 6 36 35 35 35 34 34 34 34 34 33 33 33 32 31 31 31 31 31 31 31 30 30 30 30 29 29 29 28 28 28 27 27 27 27 27 27 27 26 26 26 26 26 25 25 25 25 25 24 24 24 24 24 23 23 23 22 22 22 22 22 21 21 21 21 21 21 21 21 21 21 21 21 22 22 21 21 21 21 21 20 20 20 19 19 19 18 18 17 17 17 16 16 16 16 16 16 16 15 15 15 15 15 15 14 15 15 14 14 14 14 14 14 13 13 13 13 13 13 12 12 12 12 12 12 12 12 12 12 11 11 11 11 11 11 11 11 10 9 9 9 10 10 10 10 10 10 9 9 9 8 8 8 7 7 8 8 8 8 8 8 8 8 8 7 7 7 7 7 7 7 7 7 7 6 6 6 5 6 6 6 6 6 6 35 35 34 34 34 34 34 34 33 32 31 31 31 31 31 31 31 30 30 30 29 29 29 28 28 28 28 27 27 27 27 27 27 27 26 26 26 26 26 26 25 25 25 25 25 24 24 24 24 23 23 23 22 22 22 22 21 21 21 21 21 21 21 21 21 20 20 21 21 22 21 20 20 20 20 21 21 21 20 19 18 18 18 17 17 17 16 16 16 16 16 16 16 16 15 15 15 15 15 15 15 15 15 15 14 14 14 14 14 14 13 13 13 13 13 13 13 13 13 12 12 12 12 12 12 11 11 11 11 11 11 11 11 11 10 9 9 9 9 10 10 10 10 9 9 9 9 8 8 8 8 8 8 8 8 8 8 8 8 8 8 8 7 7 8 7 7 7 6 36 35 35 34 34 34 34 34 33 32 32 31 31 30 30 30 30 30 30 30 30 30 29 29 29 29 28 28 27 27 27 27 27 27 27 26 26 26 26 26 26 25 25 25 25 24 24 24 24 23 23 23 22 22 22 21 21 21 21 21 21 21 21 22 22 22 21 21 21 22 22 21 20 19 20 20 20 21 20 19 18 18 18 18 17 18 17 17 16 16 16 16 16 16 16 15 15 15 15 15 15 14 15 15 15 15 14 14 14 14 13 13 13 13 13 13 13 13 12 12 12 12 12 12 11 11 11 11 11 11 11 11 11 11 10 10 9 10 10 10 10 10 10 10 10 9 9 9 8 8 8 8 8 8 8 8 8 8 8 8 8 8 8 8 8 7 7 34 34 34 34 34 34 33 32 32 31 31 31 30 30 30 30 30 30 30 29 29 29 29 29 29 28 28 27 27 27 27 27 27 27 26 26 26 26 25 25 25 25 25 24 24 23 23 23 23 22 22 22 22 22 22 22 22 21 22 21 21 22 23 22 22 22 23 23 22 21 20 19 19 20 20 20 19 18 18 19 18 18 17 17 17 17 17 16 16 16 16 16 16 15 15 15 15 15 14 15 15 15 15 14 14 14 14 14 14 14 13 13 13 13 13 13 13 13 12 13 12 12 11 11 12 12 11 11 11 11 10 10 10 10 10 10 10 10 10 9 9 9 8 8 8 8 8 9 9 9 8 8 8 8 8 8 8 8 8 8 8 35 34 34 33 33 32 32 31 30 30 30 30 30 29 29 29 29 29 29 29 29 28 28 27 27 27 27 27 27 27 27 26 26 26 26 25 25 25 25 24 24 24 24 24 23 23 23 24 23 23 24 23 22 22 23 22 22 23 23 23 23 23 22 22 21 21 21 20 19 20 20 20 20 19 18 18 18 18 17 17 17 16 16 16 16 16 16 15 15 15 15 15 15 15 15 15 15 15 15 15 15 14 14 14 14 14 13 13 13 13 13 13 13 13 13 13 13 12 12 12 11 11 10 10 10 10 10 10 10 10 9 9 9 9 9 8 8 8 8 8 9 9 8 8 8 8 8 8 8 8 8 35 35 34 33 33 32 31 30 30 30 31 30 29 29 29 30 29 29 29 28 28 28 27 27 27 27 27 27 27 27 26 26 26 26 26 25 25 25 24 24 24 24 24 24 25 25 25 25 24 25 24 23 23 23 23 23 23 23 23 22 23 23 22 21 20 20 20 20 20 20 20 19 19 18 18 18 17 17 17 17 17 17 16 16 16 16 16 16 15 15 15 15 15 15 15 15 15 15 15 15 15 15 14 14 14 13 14 14 13 13 13 13 13 13 13 13 13 12 11 10 10 10 10 11 10 10 10 10 10 9 9 9 9 8 8 8 9 9 9 9 8 8 8 9 8 8 36 35 34 33 33 32 31 30 30 31 30 29 29 30 30 30 29 28 28 28 28 28 28 28 28 27 27 27 27 27 26 26 26 26 25 25 25 24 24 24 24 24 25 25 25 25 26 26 26 25 24 24 25 24 24 23 23 22 22 23 23 22 22 21 21 20 20 20 20 19 19 19 18 18 18 18 18 18 17 17 17 17 16 16 16 16 16 15 15 15 15 15 15 15 15 15 15 15 15 15 15 14 14 14 14 14 14 14 14 13 13 13 13 13 13 12 11 11 10 10 11 11 9 9 9 9 8 8 9 9 9 9 8 8 35 34 33 33 33 32 32 32 31 30 30 31 30 30 29 29 29 29 28 28 28 28 28 28 27 27 27 27 27 26 26 26 25 25 25 25 25 25 24 24 24 24 24 25 25 26 27 26 25 26 26 25 24 23 22 22 22 22 22 22 22 22 21 21 20 20 20 20 19 19 19 19 18 18 18 19 18 18 18 17 17 16 16 16 16 15 15 15 15 15 15 15 15 15 15 15 15 15 15 15 14 14 14 14 14 14 14 14 14 14 14 12 11 9 9 9 9 9 9 34 34 34 34 33 32 32 31 31 31 31 30 29 29 29 29 29 28 28 28 28 28 28 28 27 27 27 27 26 26 26 25 25 25 25 25 25 25 25 26 25 24 25 26 26 27 27 26 26 26 25 25 24 23 23 22 22 22 22 22 22 21 21 21 21 20 20 20 20 20 20 19 19 19 19 20 19 18 18 17 16 16 16 16 16 15 15 15 14 14 15 15 15 15 15 15 15 15 15 14 14 14 14 14 14 13 14 15 9 9 35 36 36 35 34 33 32 32 31 31 30 30 29 29 29 29 29 28 29 28 28 28 28 28 28 27 27 27 27 26 26 25 25 25 25 25 25 25 26 26 26 25 25 26 27 26 26 25 25 25 25 24 24 24 24 23 23 22 22 22 22 21 21 21 21 21 21 21 21 20 20 20 20 19 20 20 19 19 18 18 17 17 16 16 16 16 15 15 15 14 15 15 15 15 15 15 15 15 15 15 14 14 14 14 14 36 36 35 34 33 32 31 31 30 30 30 29 29 29 29 29 29 28 28 28 28 28 28 27 27 27 27 26 26 26 26 26 26 26 25 25 26 26 26 26 26 26 27 27 26 25 24 24 24 24 23 23 24 23 23 22 22 22 21 21 21 21 21 21 21 20 20 21 22 22 21 20 21 21 20 20 19 19 18 17 17 17 16 16 16 16 15 15 15 15 15 15 15 15 15 15 15 15 14 15 15 36 35 34 33 32 31 30 30 30 30 30 29 29 29 29 29 29 29 28 28 28 28 27 27 27 26 26 26 26 26 26 26 26 26 26 27 27 27 28 27 28 27 27 26 25 24 24 24 23 23 23 23 23 23 22 22 22 22 22 22 21 21 21 22 22 21 21 21 22 23 22 23 22 20 19 19 19 18 17 17 17 17 17 16 16 15 15 15 15 15 15 15 15 15 15 15 15 15 15 36 34 33 32 31 31 31 31 30 30 30 29 29 29 29 29 29 29 28 28 28 28 27 27 27 26 26 26 26 26 27 26 26 26 27 27 27 26 26 27 27 28 27 27 26 25 25 25 24 24 23 23 23 23 23 22 22 22 22 22 22 22 22 22 23 22 22 22 24 21 20 19 18 18 17 17 17 17 17 17 16 16 15 15 15 16 15 15 15 15 15 15 16 34 33 32 31 31 31 31 30 30 30 30 29 30 29 29 29 29 28 28 28 28 27 27 27 27 27 26 26 26 25 26 26 27 28 28 28 27 26 25 26 27 27 28 28 28 27 27 26 26 25 25 24 24 24 23 23 23 22 22 22 23 23 23 23 24 24 23 24 18 17 17 17 17 17 17 16 16 15 15 15 15 15 15 15 16 15 15 15 32 32 32 31 31 30 30 30 30 30 30 30 29 29 29 28 28 28 28 28 28 27 27 27 27 27 27 27 26 26 25 26 26 26 26 26 25 25 25 25 26 26 26 26 26 26 25 26 25 26 26 26 25 23 24 23 23 23 23 23 24 24 25 25 18 17 17 17 17 17 17 17 16 15 15 14 15 15 15 15 15 15 15 15 32 32 32 31 31 30 30 30 31 30 30 30 29 29 29 28 28 28 28 28 28 28 28 28 28 28 28 27 27 27 26 26 25 25 25 26 25 25 25 25 25 24 24 24 24 24 24 24 24 24 25 25 24 24 24 24 24 24 24 24 24 25 25 18 17 17 17 17 16 17 17 16 15 15 14 14 15 15 15 15 14 14 32 31 31 30 30 30 30 30 30 30 30 30 29 29 29 29 28 28 27 28 27 28 28 29 29 28 28 27 27 27 27 26 25 25 25 25 25 25 25 24 24 24 24 24 24 24 24 24 24 24 25 24 24 24 25 25 24 25 25 25 26 17 17 17 17 17 16 16 15 15 15 15 14 14 14 14 15 14 31 31 31 31 31 30 30 30 30 29 29 30 30 30 29 29 29 28 28 27 28 27 28 28 28 28 28 29 28 27 27 27 26 26 26 26 26 26 25 25 25 25 25 25 25 26 25 25 25 25 26 25 25 26 25 26 26 26 26 17 18 18 17 17 16 17 16 16 16 15 14 14 14 14 14 31 31 32 32 31 31 31 31 31 30 30 31 31 30 30 30 30 29 28 28 28 27 27 28 28 29 29 29 28 27 26 27 26 26 26 26 26 26 25 26 26 26 25 26 26 26 26 27 26 27 26 27 27 27 27 27 27 17 17 17 17 17 17 17 17 17 16 15 14 14 14 14 33 33 32 32 32 32 32 32 32 31 32 32 31 31 31 31 31 30 30 29 29 29 28 29 30 30 29 28 27 27 28 27 27 26 25 26 26 26 26 27 27 26 27 28 28 28 29 28 28 28 28 28 28 17 17 17 16 16 16 16 16 15 15 14 14 14 33 33 33 33 33 33 33 33 33 32 32 32 32 32 32 32 32 31 32 31 31 30 30 30 30 30 29 29 28 27 28 28 27 27 26 25 26 26 27 28 28 28 29 29 29 29 29 17 16 16 16 16 16 16 16 15 15 14 34 34 34 34 34 34 33 33 32 32 32 32 32 32 32 32 32 31 31 31 30 30 30 30 30 30 30 29 28 28 29 29 28 27 26 26 26 26 27 27 28 29 30 30 16 17 17 16 17 17 16 16 15 15 14 35 35 35 35 35 34 34 33 32 33 33 33 33 33 32 32 32 31 31 31 30 30 30 30 30 30 30 30 29 28 29 29 29 27 27 27 27 27 27 27 27 29 17 17 17 16 17 17 16 16 15 15 15 14 36 37 36 36 35 35 34 33 33 33 33 33 33 32 32 32 32 31 31 31 31 31 31 30 30 30 31 30 29 29 28 29 29 29 29 29 28 28 28 29 29 17 17 16 16 17 17 17 17 16 16 15 14 38 38 36 35 35 34 34 33 33 33 33 33 33 32 32 32 32 31 31 31 31 31 31 31 31 31 31 31 30 30 29 30 31 31 31 31 30 30 29 30 16 16 16 16 17 17 17 17 38 37 36 35 34 33 34 34 34 33 33 33 33 33 33 32 32 32 32 32 32 31 32 32 32 32 32 32 31 30 30 31 32 16 16 17 17 39 39 38 37 35 34 33 33 34 34 33 33 33 33 33 33 32 32 32 32 32 32 32 32 33 33 33 33 33 32 31 31 32 39 39 38 36 35 34 34 33 34 34 33 33 33 33 33 33 33 32 32 33 33 33 33 33 33 34 34 38 37 36 35 35 34 34 34 34 34 34 34 33 33 33 33 33 33 33 33 33 34 34 34 33 34 34 36 35 35 34 34 34 34 34 34 34 33 33 33 33 33 33 33 33 33 34 34 35 35 34 34 34 33 34 34 34 35 34 34 33 33 33 33 33 33 33 33 34 34 35 35 36 34 35 35 35 34 34 34 34 34 34 33 33 33 33 33 33 34 34 34 35 34 35 35 35 34 34 33 34 34 34 34 34 34 34 34 34 35 35 35 35 36 35 35 34 34 33 34 34 34 34 34 34 35 35 35 36 36 36 36 37 36 36 35 35 34 33 34 34 35 35 35 35 36 36 35 36 36 35 37 37 36 36 35 35 34 33 33 34 35 35 36 36 36 35 35 36 36 36 36 36 36 35 35 34 34 34 35 35 35 35 34 35 36 37 36 36 37 36 36 36 35 36 35 34 34 34 34 34 36 37 38 37 36 36 36 36 36 36 37 36 36 34 35 35 35 36 36 37 36 36 36 36 36 36 37 37 36 35 35 36 36 36 36 36 37 36 36 36 36 36 36 37 36 36 35 35 35 35 35 36 38 37 36 36 37 37 37 38 37 36 35 36 36 36 35 36 37 38 37 36 36 37 37 37 38 37 37 36 36 37 37 37 37 37 38 37 37 36 36 36 37 37 37 37 37 36 36 36 37 38 40 38 37 37 37 36 37 37 37 36 37 38 37 36 37 37 37 40 39 39 38 38 38 37 38 38 38 37 37 38 38 37 37 37 37 37 40 40 40 40 40 39 39 39 38 38 38 39 38 37 38 38 38 37 37 37 37 38 41 41 40 40 41 40 40 40 39 39 39 39 39 39 39 38 38 38 38 38 37 37 38 40 40 40 40 40 39 39 39 39 39 39 39 39 39 38 38 38 38 38 38 37 41 40 40 40 40 40 40 39 39 39 39 39 39 39 39 38 38 38 38 38 41 40 40 40 40 40 40 39 39 39 38 38 38 38 38 38 38 38 42 41 41 41 41 40 39 39 39 38 38 39 39 39 38 38 39 41 40 40 40 40 39 39 39 38 38 39 39 40 40 40 39 39 39 39 